$APPLICATION_ID:
IDB v.1.0
$SPEC_REM:
Material type: MOX
Material form: Unknown
Material compound: Unknown
U isotopics:
234U 1.0178
235U 93.1109
236U 0.4362
238U 5.4347
Pu isotopics:
238Pu 0.0129
239Pu 93.9146
240Pu 5.864
241Pu 0.1425
242Pu 0.0659
241Am 0.1555
Detector: HPGe (Geometry: Planar, Size: Unknown)
MCA: Unknown
$DATE_MEA:
10/28/2002 15:16:00
$MEAS_TIM:
851 900
$DATA:
0 8191
       0
       0
       0
       0
       0
       0
       0
       0
       0
       0
       0
       0
       0
       0
       0
       0
       0
       0
       0
       0
       0
       0
       0
       0
       0
       0
       0
       0
       0
       0
       0
       0
       0
       0
       0
       0
       0
       0
       0
       0
       0
       0
       0
       0
       0
       0
       0
       0
       0
       0
       0
       0
       0
       0
       0
       0
       0
       0
       0
       0
       0
       0
       0
       0
     788
    1101
    1002
    1035
    1072
     990
    1007
    1030
    1041
    1033
    1028
     982
     989
     987
     912
     993
     960
     942
     907
     909
     950
     920
     956
     966
     943
     945
     934
     942
     899
     865
     893
     847
     931
     908
     868
     912
     902
     900
     836
     890
     875
     844
     901
     865
     844
     911
     855
     924
     879
     884
     896
     828
     819
     813
     800
     782
     832
     864
     834
     851
     816
     794
     819
     803
     787
     816
     821
     770
     793
     825
     900
     840
     827
     820
     793
     795
     811
     815
     770
     805
     754
     802
     772
     807
     825
     787
     856
     826
     776
     840
     812
     800
     820
     790
     848
     809
     778
     802
     806
     847
     758
     765
     788
     830
     793
     807
     809
     863
     808
     830
     854
     800
     785
     799
     827
     780
     789
     779
     777
     769
     801
     802
     821
     704
     811
     805
     828
     783
     841
     836
     787
     806
     771
     789
     833
     774
     786
     784
     810
     735
     749
     730
     799
     692
     795
     772
     772
     821
     746
     776
     778
     786
     795
     774
     779
     753
     754
     772
     776
     758
     801
     795
     768
     770
     761
     782
     781
     849
     791
     756
     764
     775
     795
     807
     805
     719
     750
     772
     774
     753
     771
     782
     780
     743
     747
     720
     755
     755
     734
     754
     797
     758
     746
     744
     800
     712
     784
     711
     784
     759
     736
     797
     774
     807
     779
     736
     769
     758
     736
     827
     784
     736
     803
     778
     736
     729
     800
     752
     754
     785
     780
     777
     734
     713
     791
     791
     737
     788
     769
     735
     763
     785
     790
     808
     759
     791
     777
     756
     793
     814
     802
     847
     757
     810
     827
     796
     833
     834
     812
     788
     796
     841
     866
     862
     991
    1090
    1209
    1219
    1207
    1211
    1177
    1062
     944
     882
     764
     780
     808
     773
     771
     782
     749
     774
     749
     702
     709
     761
     752
     760
     761
     742
     790
     798
     808
     798
     810
     810
     743
     737
     762
     734
     801
     769
     751
     724
     769
     748
     786
     861
     808
     837
     794
     840
     773
     792
     766
     727
     768
     705
     721
     683
     672
     682
     729
     701
     681
     665
     707
     672
     663
     714
     667
     703
     683
     725
     625
     689
     717
     665
     656
     687
     637
     663
     646
     667
     691
     671
     693
     615
     643
     663
     682
     649
     664
     651
     616
     659
     663
     656
     677
     670
     641
     600
     653
     639
     589
     629
     639
     625
     656
     619
     628
     588
     636
     630
     667
     584
     671
     628
     651
     653
     574
     594
     618
     638
     601
     635
     640
     648
     630
     643
     629
     605
     599
     605
     642
     590
     628
     625
     572
     580
     571
     620
     589
     603
     566
     631
     657
     560
     572
     640
     583
     639
     630
     582
     620
     543
     595
     644
     598
     583
     635
     605
     589
     621
     620
     580
     590
     583
     566
     588
     597
     569
     585
     632
     596
     549
     572
     561
     558
     554
     631
     559
     543
     602
     588
     573
     541
     616
     559
     555
     559
     581
     567
     566
     547
     546
     574
     512
     559
     537
     534
     542
     533
     577
     528
     580
     546
     533
     547
     550
     544
     556
     541
     585
     590
     528
     556
     538
     518
     557
     545
     518
     571
     548
     488
     552
     518
     571
     531
     515
     531
     569
     562
     525
     502
     537
     543
     544
     541
     535
     532
     529
     532
     548
     526
     509
     567
     529
     547
     543
     508
     551
     556
     553
     530
     550
     504
     536
     527
     532
     512
     511
     565
     534
     534
     501
     508
     499
     531
     514
     509
     534
     512
     523
     542
     500
     480
     520
     509
     531
     479
     508
     570
     498
     520
     530
     518
     480
     526
     478
     540
     479
     505
     498
     518
     543
     523
     493
     524
     497
     492
     519
     517
     490
     499
     500
     498
     543
     459
     542
     516
     510
     497
     537
     545
     536
     523
     510
     479
     506
     530
     573
     501
     496
     507
     493
     553
     497
     501
     496
     514
     538
     538
     509
     509
     527
     546
     530
     506
     499
     523
     505
     522
     547
     527
     524
     574
     577
     605
     591
     577
     535
     553
     551
     486
     500
     507
     516
     481
     533
     524
     497
     489
     484
     532
     485
     539
     483
     525
     486
     510
     508
     557
     530
     505
     533
     461
     471
     496
     531
     500
     544
     501
     525
     507
     509
     503
     559
     490
     476
     509
     510
     508
     499
     532
     493
     468
     523
     501
     546
     531
     524
     489
     517
     505
     529
     557
     499
     506
     511
     539
     547
     525
     522
     528
     528
     573
     461
     506
     541
     530
     510
     530
     533
     515
     558
     570
     538
     548
     534
     571
     580
     530
     534
     525
     596
     599
     563
     593
     551
     550
     585
     623
     596
     574
     563
     564
     596
     619
     578
     639
     614
     599
     568
     669
     632
     632
     634
     609
     656
     656
     680
     631
     654
     638
     651
     705
     674
     765
     789
     928
    1112
    1368
    2071
    2917
    4400
    5951
    7790
    9160
   10138
   10061
    9069
    7556
    5939
    4053
    2767
    1699
    1208
     824
     686
     555
     528
     531
     494
     468
     501
     506
     478
     498
     481
     540
     477
     486
     446
     460
     480
     482
     523
     531
     482
     489
     541
     507
     508
     476
     507
     517
     495
     452
     479
     484
     456
     460
     507
     468
     522
     513
     496
     464
     533
     542
     482
     521
     479
     503
     506
     520
     486
     491
     484
     526
     479
     497
     472
     501
     494
     506
     492
     515
     523
     532
     517
     482
     508
     512
     462
     492
     503
     497
     501
     458
     502
     515
     504
     503
     535
     537
     474
     512
     498
     546
     520
     530
     512
     545
     519
     550
     504
     529
     515
     548
     505
     550
     527
     551
     495
     514
     550
     542
     533
     583
     585
     537
     554
     512
     494
     527
     520
     552
     506
     581
     554
     591
     602
     576
     568
     536
     525
     556
     571
     559
     545
     587
     538
     563
     544
     573
     531
     562
     565
     557
     548
     554
     579
     565
     557
     549
     568
     565
     565
     600
     571
     626
     597
     594
     563
     576
     593
     569
     639
     619
     597
     573
     630
     644
     625
     619
     611
     627
     584
     633
     597
     624
     693
     686
     660
     639
     639
     662
     663
     658
     589
     646
     671
     618
     607
     632
     647
     661
     647
     610
     659
     647
     630
     708
     679
     671
     676
     635
     692
     694
     698
     657
     733
     700
     673
     716
     706
     697
     722
     665
     699
     673
     663
     647
     686
     642
     690
     664
     637
     676
     702
     662
     701
     654
     613
     690
     656
     671
     660
     670
     683
     672
     710
     687
     676
     761
     757
     750
     760
     734
     716
     713
     660
     739
     714
     675
     682
     654
     724
     718
     689
     684
     696
     733
     653
     655
     626
     670
     640
     617
     659
     675
     621
     656
     639
     644
     704
     631
     661
     624
     702
     689
     630
     638
     673
     691
     617
     655
     681
     679
     680
     714
     626
     704
     691
     757
     722
     751
     739
     757
     695
     741
     704
     732
     709
     731
     732
     699
     763
     743
     712
     725
     680
     756
     690
     707
     667
     661
     671
     757
     698
     656
     707
     707
     718
     715
     698
     656
     771
     745
     818
     828
     946
    1065
    1193
    1310
    1430
    1523
    1531
    1404
    1318
    1188
    1068
     992
     933
     794
     806
     747
     742
     755
     787
     756
     784
     749
     749
     751
     734
     765
     706
     811
     771
     761
     769
     775
     752
     816
     769
     770
     828
     821
     843
     828
     790
     749
     831
     790
     807
     889
     819
     790
     853
     835
     782
     811
     895
     852
     844
     886
     875
     877
     901
     852
     840
     914
     845
     866
     872
     943
     929
     937
     890
     920
     913
     903
     925
     991
    1003
    1048
    1044
    1228
    1292
    1444
    1535
    1578
    1674
    1583
    1521
    1371
    1415
    1218
    1079
    1007
    1054
     978
    1016
     990
     978
     966
     970
     970
     951
     978
     992
    1005
     979
    1041
     984
     960
    1043
    1040
    1075
    1088
    1132
    1152
    1026
    1136
    1120
    1204
    1166
    1138
    1139
    1216
    1293
    1346
    1613
    1740
    1906
    2016
    2280
    2147
    2288
    2223
    2089
    1919
    1832
    1688
    1824
    1844
    2147
    2476
    3199
    3965
    5058
    6390
    7690
    8808
    9403
    9551
    9067
    7942
    6742
    5431
    4338
    3259
    2516
    2045
    1662
    1462
    1411
    1333
    1352
    1309
    1396
    1294
    1386
    1337
    1302
    1303
    1270
    1287
    1355
    1328
    1424
    1495
    1646
    1871
    1900
    2122
    2252
    2301
    2394
    2216
    2142
    1951
    1843
    1861
    2049
    2232
    2695
    3500
    4755
    6400
    8555
   11073
   13797
   16400
   18149
   19168
   18952
   18085
   16357
   14298
   12390
   10109
    8270
    6653
    5340
    4370
    3504
    2840
    2428
    2247
    2156
    1854
    1831
    1726
    1678
    1412
    1410
    1250
    1134
    1074
    1027
    1087
    1198
    1252
    1500
    1767
    1959
    2412
    2689
    2837
    3039
    2924
    2607
    2391
    2081
    1759
    1468
    1287
    1201
    1013
     937
     894
     883
     952
     999
    1058
    1144
    1200
    1366
    1618
    1927
    2348
    2856
    3325
    3844
    3974
    4132
    3837
    3495
    3166
    2788
    2616
    2426
    2487
    2695
    2710
    3020
    3227
    3322
    3480
    3692
    3900
    3908
    3619
    3487
    3063
    2545
    2085
    1734
    1492
    1325
    1147
    1083
     992
    1039
    1085
    1062
    1104
    1170
    1223
    1275
    1267
    1246
    1135
    1108
    1040
    1007
     864
     813
     805
     797
     780
     775
     791
     831
     775
     789
     785
     793
     850
     788
     794
     787
     851
     796
     812
     856
     807
     837
     881
     895
     902
     895
     887
    1001
     975
    1081
    1060
    1163
    1145
    1242
    1305
    1326
    1413
    1521
    1620
    1643
    1758
    1862
    1894
    1786
    1618
    1618
    1500
    1459
    1347
    1489
    1587
    1865
    2247
    2762
    3196
    3700
    4149
    4532
    4579
    4642
    4619
    4239
    4232
    4231
    4701
    5371
    6041
    7123
    7631
    7947
    8012
    7360
    6980
    5777
    4740
    3850
    2964
    2414
    1980
    1607
    1360
    1244
    1165
    1028
     981
     916
     967
     908
     976
     893
     935
    1011
    1049
    1101
    1187
    1196
    1234
    1287
    1321
    1196
    1293
    1340
    1478
    1593
    1916
    2205
    2681
    3013
    3508
    3933
    4177
    4331
    4371
    4299
    3843
    3563
    3248
    2838
    2659
    2492
    2451
    2556
    2683
    2874
    2729
    2560
    2398
    2147
    1853
    1653
    1449
    1389
    1256
    1293
    1330
    1358
    1374
    1278
    1226
    1108
    1001
     913
     863
     828
     789
     817
     868
     871
     878
     851
     846
     889
     873
     870
     803
     836
     784
     725
     754
     688
     664
     686
     699
     670
     688
     685
     693
     638
     650
     659
     696
     607
     603
     648
     619
     628
     709
     642
     626
     668
     685
     710
     658
     711
     682
     669
     645
     661
     701
     735
     760
     730
     850
     846
     864
     965
     970
     984
    1000
     980
     972
     849
     884
     765
     710
     711
     708
     664
     657
     670
     652
     670
     606
     655
     665
     689
     655
     629
     631
     632
     656
     711
     677
     701
     684
     740
     738
     724
     691
     726
     668
     684
     609
     632
     696
     607
     621
     610
     663
     644
     641
     619
     648
     656
     710
     687
     691
     753
     759
     749
     820
     851
     932
    1065
    1029
    1113
    1159
    1098
    1111
    1048
     892
     836
     760
     725
     690
     657
     680
     629
     605
     603
     597
     609
     590
     627
     607
     659
     581
     585
     574
     565
     620
     603
     658
     611
     609
     595
     566
     594
     617
     611
     594
     583
     605
     598
     595
     629
     639
     709
     756
     872
    1023
    1333
    1822
    2482
    3393
    4712
    5832
    7083
    8274
    8772
    8697
    8211
    7325
    5873
    4712
    3379
    2499
    1799
    1291
     946
     774
     625
     572
     543
     526
     490
     525
     552
     534
     510
     502
     511
     506
     539
     469
     545
     511
     507
     489
     509
     515
     483
     509
     497
     544
     494
     534
     493
     497
     543
     546
     492
     553
     484
     539
     519
     491
     529
     508
     470
     566
     517
     511
     513
     541
     518
     531
     559
     529
     557
     544
     506
     545
     556
     546
     536
     564
     500
     516
     547
     512
     547
     520
     508
     519
     501
     562
     504
     529
     528
     528
     562
     551
     548
     548
     536
     531
     570
     491
     562
     535
     542
     509
     547
     532
     554
     502
     513
     504
     494
     503
     538
     508
     496
     525
     464
     525
     568
     528
     526
     504
     473
     506
     567
     536
     512
     496
     512
     515
     525
     514
     603
     491
     533
     522
     484
     522
     516
     468
     514
     528
     530
     499
     515
     513
     535
     547
     531
     513
     553
     522
     514
     536
     518
     539
     530
     552
     532
     564
     603
     572
     617
     619
     631
     605
     631
     586
     606
     586
     570
     561
     548
     569
     550
     600
     602
     564
     568
     541
     508
     533
     538
     542
     498
     532
     548
     582
     523
     541
     584
     644
     635
     761
     908
    1119
    1536
    2097
    2763
    3507
    4306
    5127
    5788
    6151
    6355
    5947
    5347
    4575
    3817
    3055
    2399
    1843
    1514
    1067
     921
     754
     683
     616
     553
     515
     446
     493
     518
     481
     573
     476
     509
     528
     566
     554
     610
     664
     664
     659
     715
     737
     756
     704
     695
     686
     653
     646
     604
     554
     536
     532
     531
     522
     509
     513
     477
     456
     473
     515
     504
     507
     524
     523
     553
     572
     671
     698
     850
     889
    1110
    1156
    1293
    1344
    1332
    1305
    1162
    1065
     871
     843
     705
     615
     577
     525
     529
     438
     483
     482
     533
     499
     500
     504
     471
     476
     484
     493
     509
     467
     512
     541
     513
     479
     535
     507
     491
     566
     543
     530
     563
     539
     529
     515
     505
     531
     491
     445
     457
     505
     548
     508
     528
     489
     530
     517
     538
     531
     545
     536
     519
     560
     590
     536
     527
     527
     493
     527
     503
     486
     505
     513
     488
     491
     490
     505
     535
     529
     501
     499
     499
     516
     508
     484
     509
     505
     484
     494
     510
     519
     477
     479
     489
     488
     532
     500
     466
     469
     486
     516
     475
     503
     524
     476
     539
     522
     526
     481
     497
     498
     510
     487
     506
     495
     507
     436
     501
     520
     501
     469
     538
     485
     509
     479
     489
     530
     537
     538
     492
     465
     534
     512
     532
     491
     499
     528
     483
     506
     554
     511
     498
     528
     500
     476
     488
     492
     524
     489
     462
     496
     507
     521
     569
     561
     568
     629
     600
     661
     695
     703
     724
     709
     676
     726
     695
     654
     629
     602
     540
     581
     598
     598
     640
     636
     659
     709
     751
     750
     769
     770
     723
     666
     685
     615
     583
     524
     524
     534
     513
     548
     545
     591
     650
     768
     891
    1171
    1441
    1769
    2195
    2643
    2997
    3376
    3550
    3698
    3445
    3189
    2700
    2315
    1876
    1487
    1154
     937
     874
     724
     682
     651
     678
     685
     776
     731
     723
     732
     725
     649
     592
     599
     532
     509
     477
     507
     472
     482
     468
     482
     513
     473
     489
     475
     496
     471
     511
     473
     496
     469
     502
     490
     466
     487
     538
     473
     471
     503
     525
     497
     488
     508
     507
     478
     442
     480
     509
     482
     485
     493
     464
     475
     502
     519
     549
     477
     556
     469
     475
     508
     483
     469
     512
     478
     506
     489
     475
     527
     532
     498
     531
     507
     504
     510
     502
     444
     501
     506
     540
     500
     511
     497
     472
     512
     473
     493
     504
     530
     556
     565
     625
     626
     661
     673
     695
     704
     733
     665
     666
     666
     648
     601
     541
     536
     535
     499
     499
     496
     479
     483
     492
     525
     485
     513
     505
     496
     508
     478
     511
     512
     521
     536
     508
     510
     483
     493
     463
     486
     493
     552
     526
     508
     486
     543
     474
     518
     524
     490
     500
     525
     481
     538
     540
     498
     498
     511
     472
     532
     477
     506
     506
     532
     531
     543
     527
     514
     569
     529
     543
     521
     554
     529
     523
     522
     471
     508
     521
     470
     504
     489
     476
     468
     486
     482
     483
     480
     496
     500
     482
     486
     508
     469
     452
     490
     506
     496
     496
     474
     480
     481
     510
     506
     514
     516
     519
     572
     565
     594
     601
     579
     668
     631
     598
     641
     603
     556
     548
     524
     483
     498
     509
     449
     483
     516
     472
     486
     440
     442
     439
     439
     490
     509
     476
     498
     451
     521
     494
     487
     471
     511
     462
     487
     472
     492
     508
     533
     510
     505
     585
     567
     599
     654
     674
     709
     666
     723
     707
     677
     683
     653
     611
     556
     575
     534
     526
     510
     466
     558
     536
     470
     464
     493
     447
     472
     506
     497
     474
     480
     492
     542
     573
     602
     675
     796
    1104
    1633
    2351
    3575
    5517
    8101
   11963
   16281
   21636
   26782
   32061
   36062
   38458
   39462
   38041
   34657
   29714
   24241
   18713
   13714
    9650
    6700
    4159
    2686
    1621
    1002
     665
     441
     347
     286
     283
     266
     245
     224
     235
     208
     226
     258
     241
     217
     234
     247
     258
     247
     273
     242
     205
     236
     250
     249
     245
     254
     287
     253
     285
     280
     308
     362
     377
     385
     382
     422
     415
     388
     372
     315
     301
     290
     275
     257
     252
     274
     258
     247
     240
     232
     219
     263
     234
     211
     232
     251
     229
     206
     243
     231
     224
     222
     228
     237
     242
     203
     229
     230
     236
     217
     213
     237
     226
     220
     212
     217
     267
     203
     235
     221
     211
     209
     202
     229
     214
     212
     222
     231
     228
     222
     230
     227
     204
     221
     198
     212
     214
     226
     250
     244
     235
     281
     283
     334
     421
     486
     502
     609
     647
     665
     658
     694
     651
     588
     568
     554
     530
     536
     464
     488
     496
     438
     437
     386
     363
     305
     321
     265
     241
     245
     231
     223
     218
     236
     202
     202
     197
     197
     203
     208
     203
     209
     205
     202
     222
     229
     208
     204
     206
     213
     238
     210
     220
     227
     224
     192
     213
     225
     227
     232
     213
     187
     227
     239
     236
     247
     235
     247
     210
     226
     211
     202
     193
     183
     216
     185
     214
     201
     204
     238
     179
     187
     204
     213
     197
     194
     201
     207
     197
     202
     207
     198
     220
     207
     225
     251
     302
     317
     386
     434
     565
     659
     726
     803
     914
     939
     938
     936
     866
     717
     623
     541
     467
     415
     377
     365
     431
     506
     627
     790
     916
    1113
    1262
    1335
    1462
    1456
    1384
    1298
    1152
     972
     782
     643
     497
     398
     336
     354
     331
     396
     468
     616
     849
    1098
    1497
    1955
    2450
    2873
    3259
    3516
    3697
    3568
    3303
    2942
    2422
    2013
    1540
    1196
     926
     637
     483
     344
     302
     204
     202
     201
     169
     155
     175
     173
     174
     194
     180
     235
     254
     360
     463
     586
     850
    1066
    1461
    1897
    2218
    2751
    3133
    3217
    3377
    3313
    3097
    2729
    2283
    1861
    1474
    1075
     796
     596
     428
     275
     228
     196
     172
     157
     149
     131
     155
     152
     127
     150
     148
     154
     132
     149
     167
     133
     161
     140
     130
     160
     132
     156
     162
     153
     129
     144
     152
     141
     135
     150
     165
     175
     143
     127
     164
     166
     142
     169
     147
     140
     148
     135
     158
     166
     155
     141
     135
     141
     158
     142
     138
     110
     130
     144
     140
     151
     128
     143
     149
     140
     133
     131
     136
     151
     159
     135
     148
     138
     173
     138
     167
     126
     144
     128
     146
     138
     137
     134
     182
     138
     135
     135
     143
     160
     186
     157
     183
     154
     155
     158
     169
     170
     134
     126
     130
     129
     157
     148
     150
     163
     134
     154
     135
     139
     136
     152
     132
     116
     150
     131
     139
     135
     140
     162
     173
     145
     174
     151
     166
     172
     182
     180
     180
     163
     177
     167
     165
     155
     149
     139
     175
     139
     117
     134
     132
     147
     152
     133
     131
     128
     153
     131
     136
     122
     129
     137
     138
     147
     140
     110
     132
     142
     139
     129
     140
     129
     140
     138
     163
     156
     168
     152
     188
     216
     216
     220
     218
     213
     210
     207
     187
     186
     178
     147
     175
     151
     150
     147
     145
     131
     126
     125
     138
     125
     143
     133
     123
     129
     134
     136
     125
     121
     131
     120
     136
     138
     129
     148
     125
     115
     108
     111
     140
     123
     129
     137
     120
     109
     128
     120
     112
     109
     122
     124
     140
     133
     158
     155
     164
     152
     157
     135
     146
     157
     133
     140
     143
     127
     129
     140
     128
     135
     123
     139
     125
     113
     130
     112
     107
     124
     126
     124
     108
     116
     104
     115
     101
     119
     116
     132
     110
     126
     119
     104
     138
     147
     111
     127
     122
     127
     131
     121
      99
     125
     111
     124
     115
     108
     128
     102
     131
     114
     139
     115
     124
     102
     125
     108
     112
      91
     104
     108
      89
     108
      93
     110
     114
     101
      96
     101
      99
     109
     113
     126
      98
     119
      94
     102
     117
      90
     111
      98
      98
     106
     112
     131
     112
     118
     105
     122
     114
     101
     108
     104
      86
     101
      90
     115
      96
      95
     118
     116
      99
     123
     110
     121
     127
     131
     119
     113
     115
     101
     102
     114
     114
     108
     123
      96
      98
     104
     114
      81
     133
     108
     122
     118
     105
     106
     101
     107
     103
      87
     110
      83
     126
      96
     110
     113
     106
      95
     109
      98
     117
     116
     104
      93
      99
      96
     103
     127
     106
      91
      89
     116
     107
      90
     107
     111
     120
      92
     107
     107
     113
     108
     131
     124
     121
     128
     124
     150
     147
     140
     132
     145
     119
     154
     144
     161
     158
     162
     137
     127
     125
     123
      94
     126
     120
      85
      90
      94
     105
     103
      96
      80
      94
      96
      92
      96
     111
     106
      87
     132
     120
     110
     157
     151
     156
     143
     136
     132
     113
     124
      99
     109
     100
      94
      91
      91
     113
     114
     114
     120
      97
     115
     110
     108
     103
      97
      92
      84
     116
     118
     117
     107
     107
     127
     130
     142
     142
     164
     130
     146
     136
     134
     121
     111
     113
     106
      89
      96
     105
      89
      99
      84
      96
     119
      93
     109
     121
     105
     111
     100
      84
     104
      90
     112
      91
      94
      97
      66
      77
      95
      95
      99
     106
     110
      96
      97
     106
      93
      91
      94
      95
     114
      92
     108
     126
     113
     123
     120
     112
      97
      70
     101
     102
      91
      89
      89
      83
     106
      95
      89
      74
      90
      70
      99
      92
      84
      99
      89
      97
      97
      89
      95
     107
      82
      88
      86
     110
      91
      84
      78
      92
      90
     108
      93
      98
     102
      87
      84
      85
      86
      93
      92
      67
      70
      88
      72
      93
      79
      83
      87
      88
      84
     104
      85
      75
      59
     111
      77
      79
      82
      91
      79
      64
      76
      94
      78
      70
      97
      75
      81
      59
      81
      84
      71
      83
     108
      70
      61
      64
      79
      69
      77
      76
      77
      95
      73
      82
      64
      86
      81
      79
      79
      79
      91
      76
      78
      78
     102
     104
     103
     116
     134
     154
     170
     196
     195
     207
     211
     231
     219
     218
     171
     178
     145
     152
     107
     112
     121
      89
      95
      69
      75
      73
      67
      92
      70
      73
      78
      54
      68
      60
      57
      61
      72
      62
      70
      73
      82
      57
      71
      81
      68
      80
      70
      64
      78
      70
      79
      62
      61
      56
      73
      59
      67
      80
      70
      79
      63
      56
      54
      56
      70
      67
      76
      65
      65
      76
      70
      67
      60
      66
      64
      66
      60
      70
      70
      63
      64
      65
      68
      50
      64
      63
      55
      65
      53
      52
      64
      65
      66
      61
      59
      62
      64
      73
      65
      55
      60
      66
      68
      83
      66
      73
      59
      67
      55
      63
      69
      58
      44
      69
      62
      71
      68
      68
      74
      72
     101
      94
     120
     116
     117
     113
     102
     103
      96
      91
      93
      77
      64
      72
      81
      69
      60
      65
      63
      57
      51
      51
      62
      67
      67
      43
      52
      44
      56
      47
      49
      53
      62
      51
      58
      67
      63
      55
      60
      67
      63
      69
      57
      71
      76
      74
      85
      97
     113
     114
     136
     131
     136
     136
     129
     145
     132
     109
      97
      99
      77
      77
      67
      61
      56
      52
      47
      66
      58
      50
      53
      54
      71
      44
      51
      46
      58
      58
      56
      58
      57
      41
      60
      42
      54
      43
      57
      49
      56
      55
      53
      52
      47
      50
      47
      50
      42
      40
      59
      42
      48
      52
      49
      66
      53
      53
      54
      56
      50
      56
      47
      69
      48
      65
      47
      59
      48
      62
      50
      50
      32
      56
      57
      45
      61
      50
      56
      58
      51
      52
      64
      43
      61
      56
      50
      53
      40
      44
      51
      53
      46
      57
      49
      50
      56
      48
      43
      48
      43
      60
      43
      40
      63
      60
      52
      39
      62
      59
      47
      58
      61
      60
      54
      55
      46
      46
      56
      49
      35
      50
      44
      47
      48
      45
      59
      50
      62
      46
      47
      48
      62
      45
      61
      44
      55
      58
      54
      58
      57
      38
      43
      56
      48
      50
      31
      53
      39
      39
      41
      48
      54
      43
      47
      53
      51
      76
      35
      40
      47
      58
      47
      44
      46
      53
      42
      41
      45
      52
      49
      41
      48
      42
      46
      37
      51
      41
      49
      64
      45
      55
      59
      58
      54
      53
      55
      61
      58
      53
      64
      53
      43
      44
      40
      46
      45
      42
      43
      43
      37
      40
      38
      44
      47
      53
      44
      45
      44
      51
      36
      43
      44
      54
      53
      53
      58
      44
      55
      41
      68
      50
      47
      53
      59
      50
      58
      56
      55
      38
      45
      57
      48
      43
      48
      44
      52
      39
      39
      45
      42
      44
      40
      46
      54
      38
      40
      43
      42
      42
      46
      43
      36
      45
      43
      51
      37
      41
      43
      40
      46
      43
      45
      42
      41
      35
      43
      48
      41
      48
      45
      42
      43
      38
      33
      42
      35
      36
      44
      34
      42
      51
      43
      29
      39
      45
      43
      53
      40
      40
      39
      51
      36
      35
      40
      43
      40
      39
      37
      51
      37
      48
      45
      36
      44
      38
      41
      38
      33
      37
      40
      35
      36
      32
      38
      41
      36
      36
      40
      40
      44
      51
      43
      49
      56
      54
      54
      42
      36
      34
      47
      43
      47
      47
      53
      49
      53
      36
      36
      51
      42
      52
      52
      43
      44
      39
      35
      32
      41
      46
      33
      41
      43
      31
      25
      36
      37
      28
      39
      31
      31
      32
      27
      35
      34
      27
      45
      41
      27
      39
      35
      46
      41
      37
      45
      28
      52
      32
      41
      40
      36
      34
      43
      36
      43
      44
      43
      40
      33
      32
      55
      43
      41
      43
      52
      42
      72
      81
      78
      71
      92
     132
     108
     125
     130
     123
     122
     107
      98
      90
      71
      61
      64
      63
      38
      37
      41
      40
      53
      41
      37
      33
      33
      32
      42
      27
      40
      31
      43
      50
      38
      54
      50
      49
      56
      42
      52
      62
      64
      66
      67
      71
      60
      57
      54
      55
      45
      42
      37
      40
      36
      34
      37
      35
      28
      23
      34
      34
      43
      30
      40
      51
      37
      49
      36
      43
      36
      29
      42
      38
      34
      25
      41
      36
      33
      39
      41
      49
      35
      31
      51
      48
      47
      32
      36
      33
      40
      42
      38
      30
      28
      26
      24
      23
      36
      27
      31
      37
      45
      33
      26
      27
      36
      26
      30
      29
      38
      33
      32
      30
      36
      35
      28
      34
      40
      33
      27
      24
      36
      43
      28
      33
      35
      41
      37
      37
      35
      29
      41
      32
      29
      26
      34
      33
      20
      29
      35
      38
      32
      27
      33
      49
      32
      40
      35
      36
      33
      36
      40
      27
      27
      43
      28
      40
      30
      34
      37
      25
      29
      29
      25
      29
      29
      32
      37
      25
      31
      28
      30
      36
      26
      32
      28
      34
      29
      42
      38
      31
      26
      30
      38
      48
      44
      41
      36
      43
      79
      73
      91
     109
     160
     149
     166
     190
     200
     224
     231
     247
     209
     192
     185
     161
     115
     120
     104
      80
      57
      50
      39
      36
      33
      24
      39
      32
      41
      30
      23
      33
      22
      32
      26
      39
      28
      26
      32
      26
      25
      28
      26
      32
      33
      27
      34
      31
      37
      36
      29
      39
      26
      36
      33
      41
      30
      33
      34
      49
      30
      38
      45
      27
      54
      35
      38
      40
      37
      49
      46
      46
      51
      48
      45
      34
      41
      37
      38
      40
      35
      40
      28
      33
      27
      23
      36
      35
      19
      20
      36
      23
      27
      19
      20
      28
      21
      28
      29
      33
      37
      23
      18
      22
      30
      31
      23
      35
      38
      40
      26
      22
      36
      41
      40
      29
      29
      31
      41
      44
      47
      56
      69
      55
      81
      82
      81
      96
      93
     122
     102
     104
     110
      76
     100
      71
      82
      58
      56
      45
      41
      40
      40
      41
      38
      21
      38
      45
      47
      40
      41
      52
      47
      46
      55
      44
      42
      43
      36
      45
      53
      40
      57
      58
      74
      76
      95
      99
     113
     101
      99
      78
     102
      95
      78
      78
      61
      55
      57
      43
      41
      30
      41
      28
      24
      19
      26
      23
      19
      32
      21
      32
      32
      35
      32
      26
      26
      22
      26
      20
      30
      34
      30
      24
      21
      28
      27
      21
      25
      25
      19
      29
      18
      27
      14
      25
      22
      24
      32
      23
      30
      24
      20
      20
      23
      17
      21
      37
      24
      20
      20
      32
      22
      34
      19
      29
      27
      18
      21
      28
      25
      31
      19
      27
      28
      25
      24
      28
      28
      28
      30
      28
      27
      22
      35
      31
      34
      21
      23
      20
      24
      29
      27
      30
      37
      31
      20
      26
      16
      27
      32
      41
      44
      47
      65
      78
     102
     133
     143
     212
     251
     303
     410
     450
     523
     572
     650
     752
     725
     770
     811
     715
     720
     631
     573
     467
     414
     301
     247
     174
     153
     103
      67
      50
      55
      40
      29
      23
      27
      18
      38
      21
      33
      25
      38
      39
      54
      50
      64
      72
      77
      90
     104
     112
     106
     129
     147
     125
     182
     176
     174
     183
     199
     190
     196
     179
     157
     159
     114
     106
      98
      68
      61
      53
      53
      48
      33
      33
      28
      20
      18
      25
      21
      17
      24
      19
      32
      23
      21
      21
      23
      22
      23
      15
      21
      19
      17
      27
      15
      21
      20
      20
      18
      27
      17
      27
      15
      24
      17
      23
      24
      25
      20
      26
      27
      31
      27
      28
      33
      32
      29
      41
      43
      39
      35
      50
      53
      63
      64
      70
      85
      88
      86
      85
     113
     123
     111
     104
     103
      79
      78
      86
      66
      58
      39
      28
      40
      24
      27
      31
      22
      15
      24
      22
      20
      14
      24
      15
      23
      18
      14
       9
      19
      15
      21
      30
      34
      32
      62
      72
      95
     111
     162
     186
     281
     324
     393
     498
     592
     638
     713
     739
     751
     757
     733
     661
     594
     502
     434
     334
     261
     193
     162
     136
      98
      82
      58
      33
      30
      31
      29
      20
      16
      22
      21
      23
      17
      20
      17
      22
       6
      11
      22
      14
      24
      18
      19
      19
      22
      20
      15
      14
      20
      15
      16
      23
      29
      13
      14
      18
      20
      18
      17
      11
      13
      25
      14
      16
      17
      21
      19
      14
      14
      14
      17
       7
      19
      18
      18
      22
      22
      18
      20
      21
      11
      17
      15
      12
      31
      16
      16
      25
       9
      15
      17
      17
      21
      20
      18
      21
      17
      18
       7
      13
      17
      22
      16
      21
      10
      26
      21
      22
      16
      17
      19
      11
      21
      19
      21
      19
      11
      10
      17
      12
      17
      16
      18
      17
      18
      18
      20
      22
      18
      19
      22
      23
      15
      11
      15
      12
      12
      16
      11
      16
      15
      19
      15
      15
      15
      17
      11
       8
      16
      20
      17
      13
      14
      18
      14
      20
      18
      12
      18
      15
      15
      15
      18
      19
      10
      13
      22
      15
      12
      21
      18
      17
      20
      12
      20
      20
      15
      16
      13
      23
      14
      10
      16
      22
      15
      18
      13
      16
      12
      15
      18
      14
      16
      19
      17
      15
      18
      13
      16
      24
      28
      12
      25
      15
      18
      17
      18
      20
      23
      18
      21
      17
      17
      16
      23
      15
      16
      16
      18
      21
      18
      16
      19
      14
      20
      31
      20
      20
      20
      22
      31
      24
      24
      33
      30
      24
      23
      31
      23
      25
      27
      22
      25
      16
      13
      19
      13
      19
      20
      22
      16
      15
      14
      21
      20
       6
      11
      15
      13
      19
      10
      17
      17
      17
      14
      25
      13
      17
      21
      13
      21
      11
      22
      18
      24
      16
      23
      14
      15
      17
      16
      18
      16
      17
      11
      13
      25
      15
      24
      20
      24
      27
      40
      39
      45
      77
      81
      87
      91
      92
     103
     128
     122
     105
      90
     114
      80
      93
      72
      81
      86
      61
      55
      62
      74
      93
      93
     104
     111
     122
     139
     160
     162
     156
     135
     145
     119
     102
      91
      60
      63
      51
      32
      40
      31
      21
      21
      20
      20
      18
      16
      12
      13
      18
      20
      23
      15
      19
      32
      34
      31
      30
      27
      28
      28
      40
      25
      36
      35
      34
      29
      27
      28
      29
      25
      14
      13
      23
      11
      19
      14
      18
      18
      16
      18
      13
      18
      13
      28
      26
      17
      21
      11
      20
      12
      15
      18
      23
      12
      23
      24
      32
      53
      55
      90
     120
     193
     220
     324
     463
     558
     718
     903
    1099
    1306
    1484
    1651
    1746
    1772
    1889
    1800
    1645
    1519
    1247
    1180
     958
     763
     612
     473
     338
     236
     164
     139
      82
      58
      48
      42
      33
      36
      29
      29
      27
      21
      25
      18
      14
      16
      14
      12
      11
      12
      15
       9
      14
      11
       5
      18
       6
      17
       7
       5
       9
      10
      11
      10
      13
      15
      13
      14
      13
      14
      22
      20
      28
      32
      48
      62
     100
      98
     152
     202
     208
     263
     277
     297
     313
     370
     345
     360
     359
     314
     290
     237
     209
     173
     142
      90
      69
      73
      41
      33
      22
      17
      17
      15
      18
      18
      16
      35
      37
      61
      82
      89
     108
     157
     185
     183
     229
     239
     252
     313
     295
     269
     284
     269
     247
     214
     178
     169
     112
      81
      72
      59
      46
      44
      38
      22
      27
      20
      14
       9
       8
      16
      13
       6
       8
       9
       8
       5
       9
       9
      10
       9
      11
      10
       6
       6
       7
       1
       9
       8
       7
      13
       7
       7
       6
       7
       7
       5
      10
       1
       5
       5
      11
       6
       6
       9
      10
       7
      11
       7
      13
       8
      12
       9
      14
       3
      10
       8
       9
      16
      12
      14
      12
      10
       8
      14
      12
       8
      13
       9
       9
       8
      14
       6
      10
       8
       5
       1
       6
       9
       8
       7
       8
      10
       9
      10
      13
       6
      14
       5
      11
      10
       8
      10
      12
      12
       8
       8
      13
       7
      14
      13
      10
      16
      14
      19
      14
      24
      25
      39
      61
      59
      89
      92
     144
     164
     211
     253
     271
     272
     342
     391
     370
     437
     461
     450
     502
     445
     476
     444
     416
     379
     375
     305
     284
     213
     152
     127
     103
      91
      61
      48
      42
      18
      19
      24
      12
      10
      16
       8
       5
       7
       9
       4
       5
       5
       8
       8
       4
       8
       9
      10
       5
      11
       7
       6
      14
       4
       9
       9
       9
       8
       7
       7
       7
       6
       9
       8
       4
       8
       5
       8
      12
      11
      10
       5
       9
       9
       8
       8
       7
      11
       5
       5
      10
       6
       7
      10
      10
      13
      19
      10
       9
      15
      10
      14
       7
      11
      12
      17
      17
      13
      13
      14
      15
      16
       6
       8
       6
       9
       8
      12
       7
       7
       8
       7
       8
       8
       5
       8
       8
       8
       7
       4
       5
       6
       4
       6
       6
       7
      12
       7
       8
       2
      12
       5
       9
       3
      11
       5
       6
       9
       3
       6
       7
      10
       6
       7
       8
      10
       8
       1
       9
       9
       8
       6
       5
       7
       8
       6
       7
       8
       8
       2
      13
       5
       4
       7
       7
       8
       9
       7
       8
       6
       6
      10
       6
       8
       2
      11
       3
       9
       8
       4
       4
       5
       6
      10
      10
       9
       9
       8
       7
       5
       7
       5
       6
       3
       4
       8
       8
       9
       6
       7
       8
       8
       7
       7
       1
       7
       4
       7
       6
       8
      11
       8
      12
       4
       4
       7
       7
       7
       5
       4
       7
      10
       7
       7
       9
       9
       7
      11
       8
       6
       2
       5
       7
       7
       8
       3
       9
       6
       8
       5
       7
       5
       5
       8
       7
       9
       5
      13
       8
      11
      15
      15
       8
      14
       9
      11
      10
      18
       7
      12
      13
       7
      10
       7
       5
      10
       6
       9
       9
      11
      20
      24
      20
      46
      68
      97
     123
     199
     257
     359
     476
     556
     679
     831
    1057
    1191
    1289
    1373
    1437
    1531
    1429
    1343
    1282
    1214
     945
     900
     767
     585
     449
     373
     254
     180
     128
     104
      78
      63
      51
      32
      26
      24
      26
      18
      15
       9
       7
       8
      11
       7
      13
       7
       6
       2
       7
       9
       4
       6
       7
       5
       5
       0
       6
       8
       4
       4
       5
       1
       5
       4
       3
       3
       5
       3
       5
       1
       1
       3
       2
       3
       3
       0
       3
       2
       1
       6
       8
       2
       4
       7
       1
       6
       2
       3
       4
      11
       7
       5
       2
       5
       2
       7
       8
       6
       5
       4
       4
       5
       2
       3
       1
       3
       2
       4
       4
       4
       5
       2
       4
       6
       2
       4
       4
       9
      13
       8
       9
      16
      24
      26
      26
      43
      45
      68
      76
      81
     110
     133
     118
     122
     114
     113
     110
      92
     104
      79
      76
      60
      55
      45
      29
      30
       8
       9
       7
       6
       7
       4
       7
       4
       3
       4
       2
       3
       2
       4
       4
       3
       2
       3
       2
       5
       3
       4
       2
       5
       3
       6
       5
       5
       4
       4
       6
       8
       5
      13
      14
      18
      16
      21
      15
      31
      23
      23
      22
      22
      28
      27
      25
      20
      18
      18
      14
       9
       6
       9
      12
       7
       6
       3
       9
       4
       4
       1
       5
       5
       1
       3
       6
       8
       1
       4
       3
       3
       5
       3
       4
       7
       5
       3
       3
       3
       4
       8
       8
       7
       9
      11
       9
       6
       6
       9
       8
       5
       9
       3
       8
       1
       7
       7
       2
       5
       6
       6
       6
       2
       7
       1
       4
       4
       1
       4
       3
       6
       2
       3
       4
       6
       4
       4
       5
       4
       2
       6
       5
       2
       1
       1
       8
       2
       4
       3
       3
       1
       4
       2
       1
       4
       4
       0
       4
       3
       3
       6
       1
       1
       8
       0
       2
       3
       5
       4
       3
       1
       7
       1
       4
       2
       3
       4
       2
       3
       0
       1
       2
       1
       5
       2
       3
       4
       4
       4
       2
       5
       0
       2
       6
      10
       2
       3
       0
       4
       2
       1
       4
       3
       4
       2
       1
       3
       1
       0
       2
       3
       4
       2
       3
       5
       4
       5
       7
       5
       7
       2
       2
       4
       1
       3
       5
       2
       2
       0
       6
       3
       1
       7
       2
       6
       4
       4
       4
       3
       8
       6
       0
       2
       1
       1
       4
       1
       4
       0
       4
       3
       5
       4
       4
       7
       5
       1
       1
       2
       5
       2
       3
       2
       4
       0
       2
       5
       2
       2
       4
       3
       3
       4
       1
       3
       2
       4
       4
       6
       5
       3
       1
       8
       4
       4
       5
       1
       1
       6
       4
       1
       2
       5
       4
       2
       5
       2
       3
       2
       5
       3
       7
       3
       2
       9
       7
       6
       3
       7
      10
       4
      14
      10
      11
       8
      14
      13
       6
       7
       9
       8
      11
       7
       7
       4
       5
      13
       3
       4
       4
       2
       6
       0
       3
       4
       1
       5
       6
       5
       2
       2
       3
       3
       2
       5
       1
       2
       1
       4
       0
       3
       5
       2
       2
       3
       5
       3
       4
       1
       2
       4
       2
       1
       4
       2
       4
       1
       4
       1
       5
       6
       5
       5
       7
      10
       7
       9
      14
      20
      26
      31
      45
      54
      68
      54
      76
     124
     141
     141
     138
     152
     178
     162
     155
     140
     157
     126
      98
      75
      80
      74
      52
      27
      32
      29
      11
      14
       5
       8
       6
       5
       4
       0
       1
       5
       3
       4
       1
       3
       2
       3
       4
       2
       2
       4
       0
       7
       2
       2
       2
       4
       4
       4
       2
       3
       5
       0
       2
       1
       1
       4
       1
       3
       2
       5
       3
       5
       4
       1
       3
       3
       1
       2
       1
       4
       4
       5
       3
       4
       0
       3
       2
       1
       2
       1
       4
       0
       5
       8
       0
       8
       4
       2
       2
       2
       1
       3
       4
       3
       3
       3
       5
       5
       6
       5
       3
       5
       2
       1
       2
       5
       1
       2
       2
       1
       1
       3
       6
       2
       4
       3
       3
       3
       2
       1
       6
       3
       3
       2
       4
       2
       5
       2
       6
       3
       1
       0
       2
       4
       6
       3
       1
       1
       2
       4
       5
       2
       0
       2
       4
       1
       1
       0
       1
       5
       5
       4
       1
       1
       1
       3
       4
       2
       3
       2
       2
       1
       0
       2
       3
       1
       3
       6
       3
       2
       2
       3
       2
       1
       2
       0
       4
       5
       5
       3
       5
       3
       2
       3
       2
       1
       2
       1
       2
       1
       2
       4
       1
       3
       1
       3
       4
       4
       3
       0
       0
       1
       0
       3
       3
       2
       0
       5
       6
       1
       1
       0
       0
       3
       5
       0
       2
       3
       4
       3
       1
       1
       5
       0
       3
       2
       2
       4
       3
       2
       4
       1
       2
       4
       3
       2
       2
       3
       1
       2
       4
       3
       2
       2
       2
       3
       4
       3
       3
       2
       1
       1
       1
       2
       3
       3
       0
       5
       0
       2
       4
       1
       4
       4
       1
       2
       2
       0
       1
       3
       2
       5
       5
       4
       3
       1
       5
       2
       1
       3
       1
       1
       5
       5
       0
       1
       4
       1
       2
       2
       3
       3
       2
       4
       2
       3
       2
       2
       6
       2
       3
       3
       4
       5
       1
       2
       6
       5
       0
       0
       1
       4
       2
       1
       2
       1
       1
       2
       2
       2
       2
       2
       2
       3
       0
       1
       4
       4
       2
       4
       2
       4
       2
       0
       4
       3
       0
       0
       2
       3
       0
       1
       2
       4
       1
       4
       1
       4
       1
       2
       2
       1
       1
       1
       3
       1
       2
       0
       1
       3
       4
       0
       0
       2
       3
       3
       3
       1
       4
       4
       2
       1
       0
       0
       2
       2
       2
       2
       1
       0
       5
       1
       1
       1
       1
       2
       3
       1
       1
       1
       0
       5
       1
       2
       1
       4
       1
       5
       1
       0
       3
       6
       6
       5
       4
       7
       3
       6
       8
       7
       3
       7
       6
       6
       5
       5
       6
       3
       2
       2
       4
       3
       0
       3
       0
       5
       1
       1
       1
       3
       1
       1
       1
       1
       1
       3
       2
       5
       2
       1
       2
       0
       2
       2
       0
       0
       4
       2
       3
       1
       3
       2
       1
       3
       1
       4
       1
       1
       2
       3
       3
       1
       1
       2
       1
       3
       3
       4
       0
       3
       3
       4
       1
       5
       2
       0
       2
       1
       3
       2
       0
       1
       2
       0
       1
       3
       2
       5
       3
       3
       1
       1
       1
       0
       4
       0
       0
       1
       3
       2
       4
       3
       2
       1
       1
       1
       2
       2
       1
       0
       2
       0
       4
       3
       4
       0
       0
       0
       1
       2
       1
       1
       0
       2
       4
       1
       0
       1
       2
       0
       2
       0
       2
       4
       4
       3
       2
       3
       0
       0
       1
       0
       1
       2
       2
       3
       1
       3
       1
       1
       3
       6
       2
       1
       2
       2
       2
       4
       3
       2
       1
       3
       0
       3
       4
       4
       2
       3
       1
       4
       1
       3
       3
       3
       1
       2
       3
       2
       0
       1
       2
       1
       2
       2
       2
       2
       3
       3
       2
       0
       0
       3
       0
       0
       1
       2
       1
       1
       3
       1
       1
       1
       0
       2
       0
       0
       4
       1
       2
       1
       1
       0
       1
       2
       2
       3
       1
       1
       0
       3
       2
       2
       1
       3
       1
       3
       1
       0
       2
       1
       0
       4
       3
       4
       3
       0
       2
       4
       3
       2
       2
       2
       4
       2
       0
       2
       2
       3
       0
       1
       1
       4
       0
       2
       1
       3
       0
       3
       1
       5
       1
       1
       0
       0
       1
       0
       2
       1
       0
       2
       0
       1
       3
       1
       2
       1
       1
       1
       0
       2
       2
       2
       3
       3
       1
       0
       3
       2
       1
       6
       1
       1
       2
       4
       0
       2
       1
       1
       0
       2
       0
       3
       2
       1
       3
       2
       2
       1
       1
       1
       1
       1
       3
       0
       2
       1
       0
       1
       1
       1
       1
       2
       3
       1
       1
       3
       1
       2
       1
       3
       0
       2
       0
       2
       3
       5
       2
       1
       0
       5
       0
       2
       3
       2
       0
       1
       2
       2
       1
       4
       3
       2
       3
       3
       2
       1
       0
       3
       0
       1
       2
       3
       3
       3
       4
       1
       2
       7
       3
       0
       2
       3
       2
       1
       0
       1
       1
       2
       0
       1
       4
       0
       1
       3
       8
       2
       7
       6
       4
       6
       1
       4
       3
       9
       5
       5
       5
       5
       5
       3
       4
       5
       6
       4
       5
       2
       5
       0
       1
       6
       3
       3
       5
       2
       2
       2
       3
       2
       3
       0
       1
       2
       0
       5
       3
       0
       2
       1
       2
       3
       1
       1
       3
       1
       0
       1
       1
       3
       4
       3
       2
       2
       2
       1
       2
       0
       3
       1
       0
       2
       0
       4
       3
       1
       1
       2
       1
       2
       0
       5
       0
       2
       1
       2
       3
       2
       0
       2
       0
       2
       2
       4
       1
       1
       3
       3
       2
       2
       3
       3
       3
       1
       5
       1
       3
       0
       2
       1
       2
       1
       1
       3
       3
       1
       2
       2
       2
       1
       2
       2
       1
       2
       1
       2
       5
       5
       2
       1
       2
       2
       6
       1
       2
       0
       0
       2
       2
       0
       1
       1
       3
       1
       4
       3
       1
       2
       3
       2
       4
       1
       0
       2
       1
       0
       3
       1
       2
       1
       1
       1
       0
       1
       0
       4
       0
       3
       0
       0
       3
       1
       1
       2
       1
       1
       1
       1
       0
       1
       3
       2
       2
       1
       1
       1
       1
       2
       5
       2
       1
       1
       1
       2
       2
       1
       2
       1
       1
       0
       2
       1
       0
       1
       2
       0
       3
       0
       1
       1
       2
       1
       2
       1
       2
       0
       1
       1
       1
       1
       0
       1
       0
       0
       1
       3
       2
       1
       1
       3
       0
       2
       1
       0
       1
       0
       2
       0
       2
       0
       0
       2
       0
       1
       2
       2
       2
       0
       0
       2
       2
       3
       1
       0
       0
       1
       1
       2
       2
       2
       3
       1
       0
       2
       1
       3
       1
       0
       0
       2
       3
       1
       0
       1
       2
       0
       1
       0
       0
       1
       0
       0
       1
       1
       1
       0
       2
       1
       0
       4
       5
       2
       2
       1
       2
       1
       1
       1
       2
       1
       1
       2
       0
       3
       0
       3
       3
       1
       2
       1
       0
       2
       3
       3
       1
       1
       2
       1
       0
       0
       1
       2
       1
       0
       1
       1
       2
       3
       2
       1
       1
       0
       1
       1
       1
       4
       3
       1
       1
       3
       1
       2
       3
       0
       4
       1
       0
       1
       1
       2
       2
       0
       1
       1
       1
       0
       0
       1
       1
       3
       0
       0
       0
       2
       2
       1
       1
       1
       1
       0
       3
       2
       2
       1
       0
       2
       0
       1
       1
       1
       0
       1
       0
       1
       3
       2
       1
       1
       2
       1
       2
       1
       0
       2
       0
       1
       2
       1
       2
       0
       2
       0
       1
       0
       1
       0
       2
       0
       1
       1
       0
       1
       0
       1
       3
       2
       2
       0
       1
       0
       2
       2
       2
       1
       3
       0
       2
       0
       2
       1
       0
       2
       1
       0
       0
       4
       0
       0
       2
       0
       0
       0
       1
       1
       0
       0
       0
       0
       0
       1
       1
       1
       2
       2
       0
       1
       1
       0
       2
       0
       1
       0
       1
       0
       1
       0
       1
       2
       2
       1
       2
       1
       2
       0
       2
       0
       1
       1
       0
       0
       2
       0
       0
       0
       2
       1
       0
       4
       0
       1
       1
       1
       0
       0
       1
       0
       1
       1
       2
       4
       0
       2
       2
       0
       2
       1
       1
       0
       0
       0
       0
       4
       2
       0
       2
       1
       1
       3
       1
       2
       1
       3
       4
       1
       1
       0
       2
       0
       1
       2
       2
       2
       1
       0
       3
       1
       1
       2
       1
       0
       1
       1
       1
       2
       1
       2
       2
       2
       1
       0
       2
       0
       3
       0
       2
       1
       1
       2
       1
       3
       2
       3
       0
       0
       0
       0
       2
       1
       0
       0
       2
       0
       0
       2
       1
       1
       2
       1
       0
       1
       0
       0
       0
       2
       1
       0
       3
       0
       1
       1
       0
       0
       1
       1
       1
       2
       0
       1
       4
       0
       0
       0
       3
       2
       1
       2
       0
       2
       0
       3
       0
       2
       1
       1
       1
       2
       1
       1
       1
       3
       1
       1
       1
       1
       3
       2
       1
       1
       1
       1
       0
       0
       3
       2
       1
       0
       0
       0
       2
       1
       2
       2
       1
       3
       4
       1
       0
       2
       1
       0
       1
       0
       1
       2
       0
       0
       0
       2
       0
       0
       0
       1
       0
       0
       2
       1
       0
       0
       3
       0
       0
       4
       3
       0
       2
       0
       1
       0
       0
       0
       1
       0
       3
       1
       1
       0
       3
       1
       4
       3
       1
       2
       0
       0
       0
       3
       2
       1
       2
       0
       0
       4
       1
       2
       1
       0
       0
       0
       1
       1
       3
       0
       0
       1
       0
       2
       0
       0
       2
       0
       1
       1
       0
       0
       1
       1
       2
       0
       1
       0
       1
       0
       0
       0
       1
       2
       2
       2
       0
       0
       1
       0
       1
       0
       2
       0
       0
       1
       0
       2
       1
       0
       1
       0
       0
       0
       3
       1
       3
       1
       1
       2
       0
       0
       1
       0
       0
       0
       1
       2
       0
       0
       2
       0
       1
       0
       0
       1
       0
       0
       0
       0
       0
       0
       2
       0
       0
       0
       0
       0
       0
       1
       0
       0
       1
       0
       2
       0
       2
       1
       1
       0
       1
       0
       2
       0
       1
       1
       2
       0
       0
       0
       0
       0
       0
       4
       1
       0
       2
       0
       1
       1
       0
       1
       0
       1
       0
       0
       0
       1
       1
       1
       0
       2
       1
       1
       0
       0
       0
       2
       0
       3
       0
       0
       0
       1
       2
       1
       0
       1
       0
       0
       0
       0
       1
       0
       2
       3
       1
       1
       0
       1
       3
       1
       2
       0
       0
       1
       3
       0
       0
       1
       1
       1
       1
       2
       1
       2
       0
       0
       0
       1
       1
       0
       0
       0
       0
       1
       0
       0
       0
       2
       0
       1
       0
       3
       2
       0
       2
       1
       1
       0
       1
       1
       1
       1
       1
       2
       1
       0
       3
       2
       0
       2
       0
       1
       1
       1
       0
       1
       0
       0
       1
       2
       0
       1
       0
       4
       0
       4
       1
       0
       1
       1
       2
       0
       0
       1
       1
       1
       1
       0
       0
       1
       1
       1
       0
       1
       0
       0
       1
       0
       1
       0
       0
       1
       1
       0
       1
       1
       3
       0
       1
       0
       2
       1
       0
       2
       3
       2
       0
       1
       4
       2
       5
       6
       4
       4
      16
       8
       8
       6
      18
      10
      11
       8
      11
      14
       6
       6
       6
       9
       4
       3
       6
       5
       4
       1
       2
       2
       0
       2
       3
       1
       1
       0
       1
       4
       0
       0
       1
       0
       0
       2
       0
       1
       0
       0
       0
       2
       1
       0
       2
       1
       0
       1
       2
       1
       3
       1
       0
       0
       0
       0
       1
       2
       0
       1
       0
       0
       0
       0
       0
       0
       2
       0
       1
       1
       1
       1
       0
       1
       1
       0
       0
       2
       2
       1
       1
       1
       0
       0
       0
       0
       0
       0
       0
       1
       0
       1
       0
       1
       2
       0
       1
       0
       0
       1
       1
       0
       2
       0
       0
       0
       1
       0
       0
       1
       1
       0
       0
       0
       0
       0
       1
       1
       1
       2
       1
       0
       0
       0
       0
       1
       0
       0
       1
       0
       0
       0
       0
       0
       0
       3
       0
       0
       1
       1
       1
       0
       1
       0
       1
       2
       0
       0
       1
       0
       1
       1
       1
       1
       1
       2
       0
       0
       1
       0
       0
       0
       0
       1
       1
       0
       0
       0
       1
       2
       1
       0
       2
       0
       0
       1
       0
       2
       1
       1
       0
       0
       2
       1
       1
       1
       0
       2
       0
       0
       0
       0
       2
       1
       0
       1
       2
       2
       0
       0
       2
       1
       2
       1
       1
       1
       0
       1
       0
       0
       1
       0
       0
       1
       2
       1
       2
       1
       2
       0
       2
       1
       0
       0
       2
       1
       2
       1
       0
       1
       2
       0
       1
       1
       3
       0
       0
       1
       2
       0
       0
       0
       0
       1
       2
       0
       1
       0
       1
       0
       1
       0
       0
       1
       1
       0
       1
       0
       0
       0
       1
       0
       0
       0
       0
       2
       1
       0
       0
       0
       2
       1
       3
       2
       0
       0
       0
       0
       0
       0
       2
       0
       0
       0
       0
       1
       1
       0
       2
       0
       0
       0
       0
       0
       0
       0
       0
       1
       2
       0
       0
       0
       0
       2
       2
       1
       0
       0
       1
       0
       0
       0
       0
       0
       3
       0
       0
       2
       0
       0
       0
       2
       0
       1
       1
       0
       1
       2
       2
       0
       0
       1
       1
       0
       1
       0
       1
       0
       0
       0
       0
       0
       0
       0
       0
       2
       1
       0
       0
       1
       0
       2
       0
       0
       1
       0
       0
       0
       0
       0
       0
       0
       0
       0
       0
       0
       1
       0
       1
       2
       0
       1
       0
       0
       0
       0
       1
       0
       0
       1
       2
       1
       1
       0
       0
       0
       1
       1
       1
       0
       2
       2
       0
       0
       1
       1
       1
       0
       0
       0
       1
       1
       2
       0
       1
       2
       2
       1
       3
       0
       2
       0
       1
       0
       0
       1
       0
       0
       0
       1
       0
       0
$ENER_FIT:
0.000000 0.075000
$PRESETS:
Live Time (sec)
851
0
$RT:
900.000000
$DT:
49000
$ISO_DECL_U:
SMPLNAM: IDB-1
SEPDATE: 01/01/1900 00:00:00
U234: 1.0178 
DU234: 0.0983
U235: 93.1109 
DU235: 0.0055
U236: 0.4362 
DU236: 0.0688
U238: 5.4347 
DU238: 0.0478
$ISO_DECL_PU:
SMPLNAM: IDB-1
SEPDATE: 01/01/1900 00:00:00
PU238: 0.0144 
DPU238: 3.4722
PU239: 93.778 
DPU239: 0.0055
PU240: 5.8618 
DPU240: 0.0887
PU241: 0.2798 
DPU241: 0.1787
PU242: 0.0658 
DPU242: 2.4316
AM241: 0.0198 
DAM241: 1.0101
DATE: 01/01/1900 00:00:00
PU240EFF: 6.0086
DPU240EFF: 0.5076
$ADC:
8192
0
8191