$APPLICATION_ID:
IDB v.1.0
$SPEC_REM:
Material type: U
Material form: powder
Material compound: U3O8
U isotopics:
234U 0.7735
235U 90.098
236U 0.3337
238U 8.795
Detector: HPGe (Geometry: BEGe, Size: Falcon 5000)
MCA: Integrated MCA
$DATE_MEA:
02/18/2011 16:44:00
$MEAS_TIM:
1200 1276
$DATA:
0 8191
       0
       0
       0
       0
       0
       0
       0
       0
       0
       0
       0
       0
       0
       0
       0
       0
       0
       0
       0
       0
       0
       0
       0
       0
       0
       0
       0
       0
       0
       0
       1
       0
       0
       0
       0
       0
       2
       3
       1
      15
     131
     361
     491
     655
     696
     790
     805
     849
     828
     887
     907
     946
     967
     933
     942
     965
     899
     946
     882
     896
     924
     894
     835
     866
     901
     865
     873
     877
     838
     892
     847
     817
     792
     808
     769
     796
     815
     802
     788
     813
     789
     768
     768
     800
     765
     793
     753
     794
     774
     808
     718
     753
     775
     693
     747
     759
     709
     664
     739
     719
     708
     753
     686
     678
     746
     669
     671
     697
     674
     665
     713
     638
     679
     676
     697
     676
     667
     681
     667
     691
     669
     643
     666
     678
     614
     702
     642
     686
     598
     704
     657
     639
     618
     652
     655
     652
     618
     634
     618
     697
     607
     627
     595
     553
     629
     595
     623
     653
     577
     602
     628
     662
     605
     620
     525
     607
     629
     606
     612
     620
     630
     631
     592
     625
     640
     625
     607
     629
     640
     595
     600
     618
     595
     592
     615
     585
     671
     558
     622
     586
     598
     578
     560
     647
     583
     616
     606
     583
     613
     548
     552
     578
     569
     589
     586
     582
     586
     540
     600
     616
     575
     599
     594
     577
     568
     601
     605
     625
     636
     627
     646
     589
     657
     653
     719
     677
     677
     768
     715
     653
     704
     628
     639
     640
     644
     618
     655
     608
     535
     551
     587
     616
     592
     510
     545
     627
     542
     581
     509
     544
     568
     584
     592
     571
     545
     584
     562
     577
     595
     584
     643
     610
     644
     622
     694
     670
     652
     652
     613
     638
     617
     646
     652
     648
     588
     615
     630
     628
     569
     582
     559
     582
     603
     583
     560
     573
     585
     549
     554
     583
     586
     590
     610
     588
     590
     560
     574
     544
     561
     613
     652
     660
     692
     723
     655
     790
     716
     767
     722
     692
     629
     648
     599
     600
     539
     579
     530
     565
     554
     538
     528
     551
     566
     566
     523
     516
     562
     547
     514
     565
     544
     527
     566
     549
     557
     571
     529
     546
     540
     498
     569
     536
     578
     580
     571
     625
     609
     628
     711
     720
     742
     793
     762
     811
     793
     776
     707
     689
     661
     584
     606
     528
     514
     546
     471
     505
     489
     478
     512
     504
     470
     505
     494
     479
     464
     487
     482
     485
     478
     521
     494
     474
     436
     462
     430
     446
     459
     466
     433
     454
     479
     451
     423
     441
     451
     470
     467
     457
     472
     479
     452
     473
     417
     482
     455
     465
     484
     449
     471
     509
     497
     413
     467
     482
     466
     464
     469
     489
     478
     493
     479
     494
     473
     451
     529
     523
     533
     615
     631
     676
     762
     878
    1000
    1093
    1250
    1441
    1487
    1634
    1661
    1679
    1603
    1552
    1529
    1339
    1178
    1074
     913
     727
     662
     528
     482
     494
     407
     459
     400
     386
     386
     386
     409
     398
     367
     401
     394
     394
     405
     398
     401
     405
     419
     373
     418
     389
     422
     345
     393
     409
     379
     417
     389
     402
     399
     364
     380
     382
     394
     366
     392
     422
     451
     476
     526
     573
     636
     690
     749
     696
     725
     698
     710
     681
     611
     569
     557
     477
     476
     487
     452
     457
     463
     426
     411
     425
     399
     403
     416
     379
     355
     337
     347
     334
     334
     335
     365
     329
     342
     329
     341
     373
     343
     358
     322
     334
     327
     329
     308
     337
     349
     337
     309
     334
     354
     345
     313
     355
     347
     345
     409
     342
     328
     336
     356
     336
     336
     353
     315
     334
     318
     332
     347
     341
     330
     301
     334
     347
     355
     320
     332
     333
     338
     354
     361
     345
     343
     359
     341
     361
     390
     332
     338
     353
     349
     372
     343
     341
     382
     346
     346
     348
     357
     363
     335
     337
     330
     317
     339
     341
     342
     323
     341
     353
     322
     353
     361
     336
     331
     321
     345
     330
     328
     354
     298
     342
     331
     365
     331
     338
     342
     352
     370
     344
     337
     313
     348
     318
     381
     347
     329
     357
     330
     368
     340
     343
     316
     383
     314
     337
     356
     336
     370
     334
     335
     371
     350
     341
     364
     365
     362
     321
     331
     341
     344
     364
     337
     333
     321
     352
     331
     348
     368
     391
     368
     377
     359
     374
     356
     364
     347
     348
     368
     366
     388
     367
     396
     356
     372
     320
     367
     349
     343
     372
     372
     371
     358
     369
     369
     359
     383
     333
     334
     364
     339
     375
     379
     360
     341
     379
     341
     378
     313
     355
     363
     374
     387
     373
     387
     332
     368
     390
     355
     390
     420
     468
     489
     597
     696
     811
     982
    1115
    1217
    1261
    1412
    1373
    1402
    1288
    1148
    1055
     845
     774
     646
     551
     443
     434
     378
     352
     347
     354
     324
     360
     361
     364
     331
     376
     382
     341
     350
     351
     349
     343
     360
     346
     346
     367
     339
     348
     336
     347
     344
     371
     398
     379
     351
     385
     356
     337
     367
     344
     336
     357
     379
     376
     369
     353
     406
     401
     405
     384
     371
     363
     371
     370
     380
     452
     412
     465
     436
     477
     484
     505
     535
     598
     581
     576
     658
     599
     569
     523
     572
     498
     503
     470
     399
     463
     386
     420
     421
     391
     409
     430
     413
     396
     414
     427
     419
     393
     403
     397
     408
     424
     413
     386
     408
     419
     435
     465
     419
     424
     386
     402
     435
     431
     439
     395
     409
     465
     447
     448
     390
     459
     507
     455
     408
     442
     485
     458
     452
     481
     442
     522
     505
     469
     516
     479
     494
     539
     489
     540
     519
     529
     506
     498
     494
     513
     538
     516
     497
     476
     503
     486
     515
     528
     477
     505
     508
     513
     504
     487
     531
     495
     532
     519
     485
     509
     522
     549
     541
     568
     529
     573
     535
     542
     524
     538
     529
     569
     581
     548
     541
     589
     528
     562
     584
     579
     597
     604
     608
     579
     623
     621
     591
     550
     597
     606
     631
     617
     626
     636
     633
     615
     655
     687
     619
     599
     629
     695
     633
     673
     649
     666
     651
     659
     705
     684
     680
     703
     718
     650
     727
     708
     691
     671
     691
     668
     701
     686
     669
     667
     696
     762
     736
     768
     717
     733
     710
     815
     762
     745
     762
     737
     762
     853
     760
     750
     766
     772
     796
     812
     826
     865
     861
     842
     860
     872
     909
     888
     973
    1011
    1028
    1093
    1104
    1235
    1164
    1263
    1150
    1229
    1108
    1117
    1056
    1051
    1041
     981
     951
     976
     932
     948
     912
     886
     934
     946
     955
     963
     992
     984
    1013
    1039
    1066
    1074
    1173
    1212
    1236
    1268
    1307
    1262
    1277
    1245
    1197
    1144
    1121
    1021
    1026
     916
     955
     922
     945
     876
     913
     939
     926
     938
     883
     922
     914
     857
     884
     864
     915
     946
     986
     972
     977
     959
     954
    1008
     883
     948
     938
     920
     926
     902
     948
     850
     852
     845
     884
     852
     909
     878
     887
     847
     906
     900
     863
     867
     841
     823
     890
     901
     834
     816
     842
     820
     888
     877
     850
     847
     881
     890
     857
     792
     804
     887
     843
     925
     913
     916
     972
     974
     982
    1127
    1209
    1359
    1461
    1507
    1684
    1745
    1844
    1797
    1687
    1593
    1604
    1552
    1440
    1432
    1427
    1335
    1315
    1331
    1340
    1266
    1233
    1109
    1130
     979
     960
    1007
     920
     921
     864
     843
     888
     902
     928
    1019
    1184
    1278
    1534
    1895
    2427
    3064
    3911
    4811
    5798
    6585
    7382
    7616
    7948
    7955
    7420
    6710
    5827
    4942
    4306
    3281
    2535
    2049
    1584
    1404
    1178
    1033
     921
     889
     859
     746
     758
     767
     721
     751
     739
     697
     763
     736
     730
     745
     760
     745
     751
     781
     751
     755
     798
     795
     806
     815
     790
     730
     822
     845
     818
     856
     817
     819
     828
     814
     820
     836
     851
     760
     742
     806
     785
     697
     825
     823
     795
     810
     834
     843
     872
     916
    1019
    1125
    1233
    1580
    1766
    2115
    2639
    3120
    3579
    4273
    4609
    4922
    5142
    5057
    5005
    4716
    4097
    3583
    3230
    2591
    2134
    1694
    1507
    1165
    1119
    1030
     906
     810
     845
     815
     820
     833
     904
     819
     896
     895
     962
    1008
    1107
    1135
    1246
    1285
    1405
    1459
    1541
    1660
    1762
    1975
    2187
    2351
    2761
    3277
    3965
    4470
    5170
    5663
    6158
    6509
    6466
    6454
    5835
    5573
    5087
    4612
    4404
    4212
    4291
    4526
    5034
    5901
    6912
    7826
    8722
    9496
   10013
   10362
   10126
    9729
    8912
    8083
    6791
    5847
    4781
    3730
    3055
    2610
    2256
    1946
    1897
    1789
    1784
    1720
    1708
    1659
    1594
    1441
    1410
    1250
    1074
    1049
     975
     927
     839
     859
     807
     789
     827
     874
     854
     934
    1021
    1176
    1379
    1672
    2044
    2662
    3558
    4682
    5996
    7521
    9407
   11375
   13193
   14702
   15963
   16737
   16921
   16632
   15197
   13788
   12110
   10268
    8145
    6504
    5084
    3854
    3032
    2405
    1826
    1356
    1181
     985
     870
     767
     699
     674
     630
     593
     564
     536
     513
     505
     516
     521
     535
     523
     491
     489
     505
     481
     466
     540
     445
     499
     516
     571
     466
     548
     569
     646
     675
     768
     863
     975
     935
    1027
    1111
    1125
    1052
    1044
    1003
     920
     802
     759
     656
     604
     574
     525
     537
     484
     442
     495
     474
     495
     464
     501
     502
     475
     545
     530
     551
     635
     693
     684
     817
     918
     964
    1097
    1223
    1253
    1293
    1445
    1499
    1528
    1650
    1736
    1787
    1901
    2000
    2049
    2081
    2114
    1988
    1957
    1846
    1679
    1524
    1343
    1177
    1029
     915
     815
     740
     646
     644
     651
     612
     594
     617
     567
     569
     655
     598
     612
     588
     635
     658
     668
     769
     761
     811
     907
     969
     990
    1048
    1101
    1223
    1340
    1465
    1622
    1886
    1973
    2203
    2382
    2582
    2787
    3101
    3247
    3250
    3254
    3188
    3102
    2821
    2665
    2459
    2183
    2055
    1914
    1885
    2048
    2215
    2370
    2598
    2899
    3067
    3228
    3243
    3473
    3427
    3571
    3772
    4040
    4245
    4573
    4932
    5027
    5164
    5284
    5293
    5080
    4612
    4214
    3858
    3237
    2733
    2334
    1852
    1614
    1418
    1209
    1026
     960
     778
     790
     782
     735
     700
     692
     657
     629
     631
     651
     631
     648
     698
     699
     715
     755
     794
     835
     943
    1005
    1184
    1415
    1503
    1727
    1965
    2129
    2263
    2237
    2344
    2429
    2323
    2198
    2082
    1909
    1694
    1656
    1450
    1406
    1345
    1221
    1175
    1118
    1034
    1013
     923
     834
     753
     834
     656
     611
     593
     590
     598
     574
     560
     510
     490
     498
     537
     547
     521
     569
     579
     494
     507
     545
     540
     535
     478
     546
     534
     508
     507
     481
     509
     538
     515
     453
     518
     489
     514
     523
     480
     539
     485
     499
     494
     486
     492
     497
     495
     475
     534
     515
     515
     530
     507
     545
     509
     552
     552
     551
     545
     603
     625
     676
     707
     785
     829
     853
    1002
    1068
    1074
    1133
    1110
    1130
    1064
     958
     885
     796
     736
     697
     599
     595
     574
     550
     571
     536
     492
     498
     453
     502
     485
     507
     503
     489
     490
     503
     502
     508
     506
     493
     480
     507
     480
     513
     491
     489
     469
     472
     499
     463
     489
     493
     466
     498
     503
     474
     487
     511
     481
     457
     474
     479
     501
     507
     497
     529
     505
     524
     530
     475
     543
     490
     497
     480
     476
     483
     502
     438
     452
     402
     451
     460
     449
     446
     464
     463
     434
     462
     480
     457
     425
     446
     488
     430
     437
     390
     427
     434
     447
     438
     409
     452
     448
     463
     439
     428
     474
     427
     451
     400
     441
     413
     427
     467
     416
     423
     435
     404
     432
     416
     422
     459
     415
     447
     455
     431
     403
     393
     422
     379
     393
     432
     442
     430
     417
     429
     472
     407
     404
     446
     440
     404
     378
     428
     419
     412
     436
     413
     401
     368
     370
     432
     404
     413
     413
     427
     466
     403
     387
     379
     384
     419
     370
     412
     394
     408
     435
     408
     438
     397
     388
     408
     408
     389
     403
     405
     400
     411
     381
     403
     405
     400
     407
     421
     463
     415
     414
     415
     399
     420
     400
     384
     384
     391
     420
     377
     371
     423
     388
     396
     401
     409
     394
     396
     440
     422
     453
     422
     459
     449
     471
     390
     408
     401
     395
     377
     392
     371
     363
     399
     364
     371
     374
     362
     378
     371
     374
     392
     371
     370
     341
     344
     369
     400
     369
     322
     360
     363
     341
     370
     348
     349
     358
     359
     394
     380
     375
     361
     362
     366
     345
     356
     363
     343
     352
     366
     357
     355
     360
     356
     343
     352
     377
     365
     346
     382
     408
     386
     388
     433
     481
     478
     490
     513
     503
     542
     514
     497
     543
     520
     512
     480
     474
     414
     408
     445
     372
     385
     339
     362
     343
     351
     332
     367
     357
     371
     353
     342
     374
     396
     378
     421
     509
     622
     872
    1060
    1420
    1935
    2640
    3482
    4526
    5590
    6760
    7685
    8940
    9546
   10095
    9821
    9736
    8733
    8103
    6674
    5655
    4466
    3508
    2579
    1994
    1450
    1104
     803
     584
     492
     402
     333
     354
     309
     280
     302
     282
     269
     291
     326
     285
     307
     330
     316
     285
     289
     274
     302
     310
     311
     310
     298
     263
     287
     258
     292
     272
     256
     285
     274
     262
     292
     260
     301
     252
     268
     272
     274
     283
     285
     255
     288
     269
     310
     260
     276
     270
     264
     280
     245
     269
     270
     300
     272
     293
     276
     258
     272
     263
     277
     237
     286
     269
     291
     290
     266
     262
     269
     302
     314
     278
     267
     307
     286
     317
     297
     319
     349
     322
     316
     372
     347
     309
     292
     322
     300
     312
     289
     287
     291
     258
     302
     267
     306
     257
     258
     286
     270
     256
     293
     273
     269
     284
     279
     307
     241
     247
     275
     256
     305
     292
     274
     262
     273
     297
     300
     283
     262
     284
     273
     267
     273
     273
     246
     306
     281
     270
     278
     256
     270
     279
     263
     281
     273
     257
     254
     277
     281
     292
     261
     273
     265
     258
     265
     264
     262
     247
     281
     268
     267
     290
     267
     270
     283
     276
     279
     265
     301
     287
     279
     269
     278
     251
     254
     270
     260
     283
     268
     289
     264
     275
     293
     289
     268
     265
     289
     269
     241
     257
     280
     242
     266
     286
     287
     286
     258
     286
     274
     272
     291
     252
     270
     289
     282
     255
     310
     269
     262
     284
     289
     275
     251
     238
     244
     279
     285
     287
     277
     270
     263
     259
     255
     285
     303
     292
     260
     261
     265
     260
     297
     268
     239
     279
     275
     292
     295
     284
     301
     272
     312
     327
     355
     451
     521
     604
     803
    1068
    1355
    1736
    2189
    2808
    3459
    3942
    4300
    4840
    5121
    5225
    5205
    4867
    4617
    4094
    3398
    2921
    2228
    1773
    1408
    1038
     744
     629
     438
     393
     359
     288
     264
     278
     264
     263
     269
     281
     274
     256
     264
     256
     273
     272
     265
     243
     257
     279
     231
     215
     279
     258
     247
     265
     276
     254
     231
     232
     259
     243
     231
     243
     252
     266
     239
     229
     258
     262
     246
     268
     239
     253
     233
     242
     278
     234
     283
     227
     258
     222
     243
     234
     257
     236
     258
     240
     247
     235
     245
     261
     278
     274
     252
     244
     260
     291
     266
     266
     268
     243
     265
     267
     261
     281
     296
     207
     259
     241
     277
     242
     243
     262
     246
     243
     257
     248
     228
     242
     255
     243
     258
     237
     278
     268
     262
     245
     242
     284
     275
     245
     253
     267
     272
     276
     267
     250
     271
     284
     258
     270
     255
     277
     260
     262
     257
     274
     274
     280
     282
     246
     266
     269
     264
     276
     236
     261
     269
     289
     272
     293
     281
     285
     280
     272
     275
     263
     290
     256
     254
     285
     278
     278
     288
     242
     258
     288
     255
     282
     309
     290
     270
     283
     296
     309
     277
     277
     292
     276
     254
     250
     264
     256
     258
     260
     258
     250
     253
     267
     270
     277
     266
     243
     240
     258
     286
     270
     249
     277
     258
     249
     262
     262
     289
     255
     316
     254
     287
     279
     252
     274
     282
     272
     254
     248
     298
     288
     267
     292
     276
     297
     309
     269
     272
     261
     279
     278
     281
     256
     276
     257
     290
     262
     268
     253
     280
     291
     245
     259
     262
     272
     275
     259
     261
     271
     251
     284
     271
     282
     298
     280
     291
     287
     329
     392
     432
     456
     498
     582
     583
     674
     638
     669
     651
     621
     622
     583
     558
     514
     495
     468
     449
     389
     436
     363
     375
     350
     327
     336
     306
     293
     306
     313
     355
     367
     380
     442
     559
     848
    1189
    1783
    2580
    3947
    5925
    8654
   11688
   16363
   21544
   27500
   34373
   41050
   46845
   52942
   57126
   59334
   59196
   57569
   53276
   47436
   41247
   34355
   28023
   21671
   16447
   11827
    8148
    5541
    3854
    2506
    1486
     958
     593
     350
     248
     146
     119
      98
      81
      77
      83
      70
      70
      65
      71
      70
      85
      70
      77
      72
      78
      70
      67
      62
      86
      69
      67
      64
      81
      75
      56
      66
      61
      57
      55
      57
      55
      54
      50
      61
      51
      57
      37
      47
      52
      54
      45
      53
      51
      37
      50
      47
      44
      52
      60
      46
      40
      33
      48
      36
      42
      43
      62
      57
      41
      68
      60
      55
      54
      42
      56
      50
      41
      44
      54
      43
      41
      43
      62
      48
      43
      50
      54
      49
      53
      45
      48
      40
      53
      47
      38
      42
      46
      54
      64
      85
      79
     117
     142
     182
     238
     286
     330
     407
     468
     532
     615
     609
     704
     712
     665
     634
     565
     487
     435
     352
     273
     212
     163
     149
     107
      93
      77
      53
      59
      50
      36
      60
      39
      44
      45
      37
      49
      41
      43
      46
      44
      35
      39
      47
      37
      42
      40
      55
      37
      39
      45
      54
      37
      33
      33
      37
      51
      55
      62
      67
      65
      73
      70
      67
      82
      97
      96
     102
      74
      69
      71
      69
      70
      56
      52
      58
      39
      49
      43
      39
      40
      36
      50
      56
      38
      39
      52
      42
      41
      41
      40
      36
      55
      69
      78
     107
     117
     158
     217
     302
     345
     435
     614
     674
     834
     931
    1013
    1109
    1157
    1143
    1057
    1057
     957
     812
     669
     566
     424
     306
     268
     203
     139
      99
      78
      67
      49
      41
      44
      39
      40
      45
      46
      48
      58
      72
      69
      97
     128
     202
     296
     405
     596
     891
    1273
    1682
    2318
    2688
    3317
    3917
    4384
    4861
    5137
    5235
    5200
    4911
    4500
    4058
    3536
    2785
    2344
    1835
    1362
    1014
     724
     487
     279
     213
     137
      97
      51
      52
      34
      29
      22
      13
      19
      22
      14
      26
      23
      21
      18
      28
      13
      21
      19
      17
      20
      28
      14
      23
      16
      16
      19
      30
      19
      21
      25
      10
      19
      20
      31
      18
      16
      25
      11
      18
      16
      17
      21
      21
      31
      15
      21
      17
      12
      15
      25
      18
      24
      13
      16
      15
      14
      11
      16
      23
      19
      21
      13
      23
      21
      15
      18
      13
      15
      15
      13
      15
      18
      20
       9
      17
      15
      13
      16
       7
      15
      10
      23
      13
      16
      14
       9
       9
      11
      11
      18
      24
      13
      12
      16
      17
      16
       9
      10
       9
      20
      20
      13
      14
      16
      22
      22
      15
      25
      24
      23
      29
      27
      41
      50
      44
      36
      55
      35
      48
      47
      35
      22
      38
      42
      24
      23
      20
      24
      15
      21
      22
      10
      20
      15
      18
      28
      14
      16
      20
      15
      26
      21
      25
      22
      24
      29
      49
      55
      56
      50
      42
      58
      45
      52
      51
      55
      50
      38
      39
      32
      32
      31
      29
      23
      20
      21
      15
      15
      16
      12
      13
       9
      15
      11
      13
      18
      20
      16
      17
      16
      16
      17
      13
      18
      18
      16
      20
      36
      36
      34
      38
      59
      72
      75
      73
     120
     109
     114
     138
     142
     129
     111
     111
      95
      87
      83
      64
      52
      40
      35
      33
      24
      15
      17
      17
      20
      15
      15
      15
       9
      17
      12
      11
      15
      10
      13
      16
      11
      14
      17
      12
      16
       6
      17
      14
      11
      13
      15
      15
      15
      14
       5
      14
      12
      13
      13
      13
      12
      17
      19
      15
      10
      11
      13
      13
      11
      10
      14
      19
      21
       8
      10
      14
      20
       7
      13
       6
      15
      17
      13
      20
      11
      11
       9
      17
      15
      15
      13
      10
      15
      14
      14
      17
      11
      16
      12
      14
      13
      14
      16
      15
      16
      13
      17
      23
      13
      14
      23
      22
      18
      19
      17
      20
      19
      19
      21
      17
      16
      10
      12
      17
      12
      15
       7
      16
       9
       8
      10
      17
       5
       6
      11
      14
      14
       7
      12
       7
       6
      17
      13
      11
      12
      11
       8
       8
      17
      11
      11
      12
      14
      10
      12
       9
      16
      12
      15
      18
       3
      12
      15
      22
      24
      24
      19
      26
      23
      39
      37
      45
      47
      44
      49
      46
      41
      38
      35
      28
      26
      23
      19
      24
      13
      16
      14
      20
      13
       9
      11
      10
      16
      11
      11
      13
      22
      17
      21
      14
      18
      22
      19
      23
      20
      18
      32
      25
      22
      29
      25
      27
      29
      24
      25
      24
      18
      18
      17
      23
      28
      19
      20
      17
      20
      21
      27
      25
      15
      26
      26
      37
      44
      53
      52
      71
     128
     125
     118
     159
     190
     180
     174
     177
     175
     150
     135
     126
      96
      89
      71
      60
      53
      44
      34
      30
      17
      17
      23
      23
      21
      20
      21
      28
      43
      46
      50
      55
      73
      79
      75
      89
      93
      89
      97
      77
      68
      82
      60
      60
      49
      41
      32
      25
      22
      15
      29
      27
      14
      22
      15
      13
      13
      14
      11
      18
      10
      13
      10
      11
      14
      11
      11
      11
      15
      10
      19
      14
      18
       5
      10
       7
      13
      15
      17
      10
      10
       8
      11
      12
      10
       6
      12
       8
       9
       8
       6
      12
       8
       9
       7
      12
       9
      10
      13
      13
      11
      14
      16
      13
      14
      23
      20
      28
      35
      22
      44
      42
      51
      54
      46
      65
      40
      66
      64
      48
      57
      43
      36
      34
      25
      28
      24
      19
      15
      22
       9
      14
       9
      14
      11
      14
      10
       9
       6
       7
      11
       7
      11
       7
      11
       6
      15
      13
      14
      13
       5
      18
      13
      15
      21
       7
      15
      11
       9
       8
      14
      14
       7
       4
      12
      19
       9
      19
      11
      12
      10
       8
      14
      11
      13
      12
       8
      12
       8
      11
       7
       7
       8
       9
       8
      14
       7
      11
      13
      15
       6
      14
      11
      11
      12
      12
      13
      15
      12
      16
      16
      11
      16
      11
      19
      14
      16
      13
      15
      12
      14
      14
      15
      13
      14
      10
      13
      11
      11
      17
      16
      10
       6
      12
      11
       9
      11
       7
      13
      10
      10
      12
      11
       8
      10
      15
       7
      19
      17
      14
      18
      22
      15
      14
      14
      14
      14
      16
      16
      13
       9
      11
      14
      11
      11
      12
      12
      11
      12
      12
      20
       8
      10
      14
      19
      17
      13
      12
      15
      15
       9
       9
      11
       9
      10
       6
      13
      24
       9
      17
      11
      14
       9
      16
      15
       8
      12
      10
      15
       8
      16
       4
      12
      11
      11
      15
      10
      16
      11
      10
      14
      12
       7
      12
      10
      10
      21
      10
      11
      16
      10
      16
      15
       9
      10
      11
      18
      13
       6
      16
      12
      15
       7
      16
      11
      10
      15
      11
       9
      14
       7
       6
      12
      11
      10
      11
       9
      10
       8
      13
      13
      11
      11
      15
      12
      10
       8
      12
       6
      13
       8
       9
      12
      12
      15
      15
      12
       9
      13
       8
      10
      13
       7
       6
      14
       7
      15
      12
      14
      11
       9
      16
      13
      15
      14
      20
      19
      11
      16
      18
      15
      15
      16
      10
      11
      20
      12
      14
      19
      19
      14
      10
      16
      11
       8
       5
      14
      12
      14
       8
      11
      15
      16
      10
      13
      11
      10
      10
      12
      14
       7
      19
      19
      18
      27
      24
      13
      31
      23
      27
      28
      17
      14
      18
      25
      16
      18
      21
      13
      19
      13
      16
      13
      13
      18
      14
      14
      19
      14
      15
      15
      17
       7
      14
      12
      14
      14
      11
      14
      12
       8
       8
       5
      17
      19
       8
      11
      15
      12
      18
      12
       9
      13
      12
      13
      15
       6
       9
      16
      11
      14
       7
       5
       9
      10
      16
      13
      16
      10
      15
       8
      11
      10
      15
      15
       8
      20
      16
      14
      20
      31
      21
      31
      41
      34
      47
      53
      45
      41
      35
      50
      50
      36
      42
      32
      25
      27
      17
      28
      18
      13
       9
      10
      18
      17
      13
      18
      11
      14
      10
      23
      25
      20
      24
      28
      21
      18
      25
       9
      21
      20
      18
      25
      13
      23
      14
      28
      27
      25
      31
      42
      34
      35
      36
      66
      42
      37
      41
      57
      33
      45
      30
      36
      31
      25
      19
      18
      23
      16
      31
      25
      24
      16
      22
      22
      26
      23
      22
      20
      18
      21
      15
      25
      16
       6
       9
      10
      12
      14
      13
       6
      10
      13
       9
      13
      19
      14
       9
      15
       6
      15
      12
      13
      13
      14
      20
      14
      17
       9
      13
      18
      29
      19
      28
      22
      20
      25
      25
      29
      32
      25
      32
      35
      30
      35
      30
      31
      27
      29
      16
      17
      14
      13
      12
       6
      11
       8
       9
       8
      10
       8
      10
      12
       7
      17
       6
      10
      10
      12
      14
       1
       7
       6
       9
      11
      13
       5
       7
       7
      10
      11
       6
      12
       6
      13
      10
       4
      11
       8
      11
       8
      12
      10
      13
       9
      11
      10
      10
       3
       2
      13
      11
       4
       9
       8
      13
      15
       8
       7
      12
       7
      11
       6
      12
       9
       9
      11
      18
       9
       8
      10
      14
      15
      13
      18
      11
      14
      21
      22
      18
      17
      16
      12
      28
      22
      18
      33
      18
      26
      21
      40
      27
      25
      30
      15
      26
      31
      29
      26
      21
      17
      22
      19
      13
      14
      18
      10
       9
       8
       7
      15
       5
      10
       8
       6
       4
      10
       6
      16
       5
      11
      12
      14
       9
       9
      21
      14
      13
      10
      11
      17
      14
      17
      18
      18
      10
      20
      23
      19
      18
      27
      23
      21
      15
      15
      14
      13
      13
      11
      15
      22
      18
      13
      17
      13
      17
      14
      18
      20
      16
      16
      17
      17
      30
      27
      14
      16
      14
      19
      14
      10
      13
       9
      17
      15
       9
       7
       6
      10
       7
      10
       9
       6
      15
       6
      11
       3
       7
      15
       9
      10
       8
      10
       6
      16
       8
      13
      11
      17
      19
      13
      16
      21
      24
      25
      32
      26
      22
      31
      23
      24
      30
      35
      28
      30
      29
      20
      20
      13
      10
       9
      11
      14
       8
      10
      10
      14
       5
       8
       9
      10
       8
      10
       7
      17
      10
       6
       8
       4
       6
      14
       6
      10
       8
      11
      11
       9
      12
      11
       7
       9
       7
       7
      12
       5
      10
      17
      10
       7
       7
       6
       8
       8
      11
       9
       7
       5
       5
       7
       9
       9
       2
       9
       4
       2
       5
       5
       6
       4
      11
       5
       4
       4
       5
       3
       7
       7
       6
       7
       7
       5
      10
       6
       7
       9
      10
       7
       4
      15
       5
       7
       4
       5
       9
       2
       6
       5
       4
       6
       2
       9
       6
       8
       5
       7
       5
       7
       9
      10
      12
       4
       9
       7
       8
       4
       7
       5
       6
       8
       6
       7
      15
       7
      10
       7
       3
       4
       4
      10
      10
       8
       6
      10
       7
       4
      13
      10
       8
       9
       8
      15
       9
       4
       8
       3
       5
       4
       3
       5
       6
       7
       9
      10
       4
       8
       6
       4
       2
       7
       7
      13
       5
       9
       9
       5
      14
       7
      11
       2
       6
      12
       7
      10
       9
       7
       6
       9
       8
       5
       7
       5
       8
       8
       8
       9
      10
       8
       6
      10
      10
      10
       4
      10
       8
      10
       8
      10
       6
       7
       6
      10
      14
       8
      11
       3
       9
       8
       9
       6
       6
       7
       7
       5
      13
       7
      10
       4
       8
       7
       5
       6
       6
       7
       7
       4
       8
       5
       5
      13
       4
       4
       6
       6
       5
       4
       7
       7
       5
       3
       5
       5
       4
       4
       1
       7
       3
       3
       9
       5
       4
       8
       0
       6
       4
      12
       6
       8
      11
       3
      11
       9
       7
       5
       4
       2
       5
       4
       3
      12
       4
       5
       6
       7
       5
       4
       8
       9
       7
       7
       1
       6
       3
       9
       6
       6
      10
       3
       4
       2
       5
       3
       2
       7
       7
       3
       3
       6
       4
       7
       9
       6
       5
       4
      10
       7
       6
      11
       8
      11
       6
       9
       4
       8
       8
       5
       6
      13
       8
       4
      10
       5
       7
      14
       5
       7
       9
       7
       6
       8
       3
       2
       3
       9
       8
       9
      11
       8
       4
       7
       3
      12
      11
       3
       4
      11
       6
       8
       5
       9
      13
       5
       9
       8
      11
       7
       6
       7
       7
       8
       9
       4
      14
       4
       5
       9
       6
       6
      10
       4
      10
       6
       9
       7
      12
       8
      10
       8
      17
      13
       8
       8
       7
      16
      20
      18
       9
      11
      13
      19
      11
      17
      15
      12
      19
      15
      19
       9
      13
      11
       8
       4
      11
      10
       8
       4
       6
       6
       6
      11
       8
       6
       9
       4
       6
       6
       4
       7
       3
       9
       5
       5
       4
       3
       7
       4
       2
       5
       8
       8
       4
       4
       7
       7
       3
       1
       8
       1
       6
       7
       5
       9
       3
       3
       4
       8
       1
       6
       2
       6
       6
       3
       2
       6
       6
       2
       3
       2
       8
       2
       6
       4
       5
       6
       6
       8
       3
       6
       2
       5
       3
       7
      11
       4
       8
       2
       6
       8
       4
       4
       3
       1
       5
       2
       8
       5
      13
       3
       7
       3
       9
       8
       4
       8
       6
       6
       3
       8
       5
       6
       6
       0
       9
       9
      13
       8
       9
       3
       5
       7
       7
       6
      11
       5
       7
       7
       5
       4
       6
       6
       6
       3
       5
       8
       5
       7
       6
       5
       5
       6
      10
       8
       9
       3
       5
       6
       8
       2
       9
       4
       5
       7
       3
       8
       4
       1
       7
       1
       7
       4
       5
       3
       7
       2
       4
       5
       5
       8
       4
       5
       5
       3
       4
      11
       7
       8
       6
       5
       5
       3
       3
      10
       5
       2
       5
       2
       5
       4
       5
       2
       5
       4
       5
       7
       8
       5
       4
       4
       6
       7
       5
       6
       7
       6
       8
      12
       8
       4
      11
      11
      17
      23
      24
      18
      21
      22
      29
      26
      32
      33
      38
      27
      29
      34
      31
      19
      18
      17
      15
       6
       6
      11
       7
       6
      10
      11
       9
       8
       6
       1
       5
       3
       7
       7
       6
       7
       4
       9
       3
       6
      12
       7
       7
      12
       4
      10
      11
      13
      12
       7
       9
       9
      10
      10
       8
       7
      10
      12
       6
       6
      12
       6
      10
       3
       8
       7
       4
       1
       3
       6
       6
       8
       8
       5
       6
      11
      17
      12
      14
      16
      19
      13
      15
      12
      12
      15
      10
      12
       8
      20
      16
      15
      22
      11
      12
      13
       6
      10
      10
       6
       3
      10
       6
       8
       3
       8
       8
       5
       5
       3
       6
       3
       5
       6
       4
       4
       7
       6
       8
       5
       3
       6
       7
       4
       4
       9
       9
       5
       1
       6
       4
       4
       1
       2
       5
       4
       9
       7
      10
       4
       6
       5
       6
       9
       6
       4
       1
      11
       7
       1
       7
       5
       9
       2
       4
       9
       5
       2
       4
       5
       4
       4
       3
       7
       4
       6
       3
       5
       3
       8
       8
       4
       4
       4
       2
      11
       3
       3
       6
       1
       4
       9
       6
       6
       6
       7
       6
       5
       1
      10
       5
       3
       1
       2
       3
       8
      11
       5
       9
       2
       4
       5
       5
       6
       4
       6
       5
       5
       4
       2
       2
       4
       7
       6
       3
       5
       9
       3
       6
       2
       4
       2
       3
       4
       5
       4
       4
       4
       7
       8
       4
       2
       3
       5
       5
       6
       3
       6
       5
       5
       4
       7
       1
       4
       3
       3
       2
       3
       4
       7
       4
       2
       5
       3
       3
       4
       8
       5
       8
       6
       7
       3
       5
       3
       3
       8
       5
       4
       8
       6
       7
      11
       5
       8
       5
       7
       5
       2
       8
       2
       2
       4
       6
       3
      10
      10
       3
      11
       7
       7
       3
      11
       6
       8
       5
       6
       7
       7
      13
       7
       9
       5
      15
      15
      19
       8
      10
      13
      17
      12
      10
       9
       8
      11
       9
       9
       9
      10
      12
       6
       8
       9
       7
       4
      10
       5
      14
      17
      15
      11
       6
       3
      17
       8
      14
      13
      14
      11
      14
      26
      15
      19
      25
      22
      35
      32
      26
      36
      28
      29
      25
      28
      19
      31
      16
      20
      14
      11
      13
      11
      12
       6
       7
       6
       3
       4
       3
       6
       7
       2
       4
       3
       3
       3
       2
       3
       8
       4
       3
       2
       4
       8
       3
       3
       2
       6
       4
       5
       6
       4
       4
       7
       4
       4
       1
       3
       5
       4
       6
       3
       4
       1
       5
       4
       5
       2
       9
       1
       1
       4
       5
       7
       3
       7
       3
       3
       3
       1
       3
       3
       4
       2
       4
       1
       2
       3
       3
       3
       5
       4
       5
       3
       5
       4
       6
       4
       7
       2
       3
       4
       3
       3
       4
       5
       4
       3
       3
       5
       6
       2
       1
       4
       3
       5
       4
       6
       2
       3
       4
       3
       5
       2
       7
       1
       3
       4
       3
       3
       4
       7
       3
       5
       4
       3
       4
       3
       6
       4
       1
       7
       6
       6
       3
       2
       5
       1
       3
       4
       1
       0
       2
       5
       1
       2
       4
       4
       2
       6
       4
       2
       2
       7
       7
       2
       8
       3
       6
       4
       2
       2
       3
       4
       2
       5
       6
       7
       7
       6
       4
       5
       6
       7
       5
       3
       8
       4
       6
       7
       5
       4
       8
       3
       5
       2
       3
       5
       3
       3
       2
       6
       6
       4
       6
       7
       2
       5
       7
       6
       4
       4
       4
       3
       4
       7
       7
       8
       7
       9
      13
      14
      10
       4
      12
      19
      16
      24
      22
      23
      22
      24
      30
      21
      19
      17
      12
      26
      22
      14
       6
      12
       4
       7
      10
       5
       4
       5
       4
       9
       3
       4
       9
       1
       5
       6
       1
       6
       6
       5
       7
       9
       5
       6
       3
      13
      14
       8
       7
       9
      10
       6
      10
      10
       9
       4
       7
       9
       7
       6
       6
       2
       5
       8
       3
       4
       5
       2
       5
       5
       4
       2
       5
       5
       4
       2
       0
       5
       5
       2
       3
       1
       5
       5
       6
       2
       1
       4
       5
       2
       3
       1
       1
       4
       6
       3
       3
       4
       2
       3
       3
       4
       3
       5
       2
       4
       2
       3
       7
       1
       7
       4
       4
       2
       2
       5
       4
       2
       3
       2
       3
       6
       5
       5
       5
       5
       2
       2
       4
       4
       5
       3
       5
       3
       6
       4
       5
       4
       2
       4
       2
       2
       8
       4
       1
       4
       3
       5
       0
       1
       2
       3
       4
       3
       2
       3
       3
       3
       3
       5
       4
       2
       2
       1
       2
       2
       3
       7
       3
       1
       1
       3
       7
       6
       3
       1
       7
       2
       3
       3
       5
       3
       7
       3
       1
       8
       2
       3
       3
       4
       4
       2
       1
       5
      10
       8
       4
       5
       8
       5
       5
       4
       6
       6
       2
       5
       4
       2
       2
       2
       2
       1
       7
       4
       2
       2
       3
       2
       3
       2
       2
       5
       6
       6
       0
       3
       2
       3
       7
       5
       1
       4
       4
       3
       9
       3
       2
       4
       4
       7
       5
       3
       5
       6
       6
       4
       3
       6
       1
       2
       1
       3
       7
       0
       4
       4
       5
       3
       3
       4
       3
       3
       6
       2
       1
       4
       5
       0
       2
       4
       2
       6
       5
       0
       2
       4
       5
       6
       5
       3
       1
       1
       3
       2
       4
       1
       1
       4
       2
       6
       3
       5
       5
       2
       3
       1
       1
       2
       3
       1
       5
       3
       3
       5
       3
       4
       7
       6
       4
       5
       3
       2
       2
       3
       7
       9
       4
       8
       0
       4
       2
       2
       5
       3
       5
       5
       1
       0
       6
       4
       2
       1
       1
       1
       4
       3
       4
       3
       1
       4
       5
       3
       3
       4
       4
       5
       1
       4
       2
       0
       2
       3
       1
       2
       4
       0
       2
       1
       3
       1
       2
       7
       1
       7
       5
       4
       2
       4
       2
       1
       4
       3
       5
       5
       1
       4
       2
       7
       0
       2
       2
       3
       3
       1
       2
       3
       3
       3
       2
       3
       3
       4
       1
       2
       3
       0
       1
       4
       2
       5
       3
       4
       2
       1
       0
       6
       4
       2
       4
       6
       5
       3
       4
       5
       2
       2
       4
       0
       4
       2
       3
       3
       3
       3
       3
       2
       3
       1
       4
       3
       0
       2
       3
       3
       1
       2
       5
       0
       3
       1
       2
       2
       2
       3
       3
       3
       4
       1
       6
       0
       1
       3
       0
       6
       4
       1
       2
       2
       4
       5
       1
       3
       2
       0
       0
       5
       1
       1
       0
       2
       1
       3
       2
       1
       2
       2
       3
       4
       4
       2
       3
       6
       2
       2
       3
       2
       4
       5
       3
       2
       5
       1
       2
       2
       3
       6
       5
       3
       4
       5
       3
       3
       2
       4
       5
       5
       5
       3
       2
       4
       3
       3
       1
       1
       2
       2
       5
       3
       1
       1
       4
       0
       1
       3
       7
       4
       4
       6
       3
       4
       2
       3
       2
       5
       2
       2
       2
       5
       3
       2
       5
       2
       7
       3
       4
       5
       1
       1
       3
       3
       3
       4
       1
       2
       1
       2
       2
       6
       2
       2
       3
       0
       4
       3
       4
       2
       5
       1
       0
       4
       2
       1
       1
       2
       1
       1
       2
       5
       2
       2
       3
       3
       1
       4
       1
       3
       4
       3
       1
       5
       4
       5
       3
       2
       6
       0
       2
       2
       2
       3
       2
       2
       1
       4
       3
       5
       4
       7
       3
       5
       2
       4
       6
       4
       2
       5
       2
       3
       3
       3
       4
       5
       3
       2
       1
       1
       1
       2
       5
       3
       3
       0
       3
       1
       1
       1
       4
       0
       5
       5
       3
       6
       2
       6
       1
       2
       1
       3
       3
       3
       3
       6
       1
       2
       0
       3
       5
       3
       2
       3
       3
       3
       3
       3
       4
       8
       5
       1
       5
       4
       5
       0
       4
       2
       2
       2
       4
       3
       3
       5
       0
       3
       3
       2
       5
       3
       2
       3
       6
       3
       5
       2
       5
       3
       0
       3
       3
       1
       1
       2
       3
       2
       1
       3
       2
       3
       1
       2
       2
       4
       2
       4
       1
       2
       3
       3
       2
       2
       5
       3
       1
       2
       4
       2
       2
       3
       1
       2
       2
       4
       6
       3
       3
       3
       3
       3
       3
       2
       1
       1
       7
       1
       2
       0
       5
       4
       1
       0
       6
       2
       1
       1
       2
       2
       4
       2
       1
       0
       2
       1
       1
       3
       3
       4
       2
       2
       4
       2
       6
       3
       2
       3
       2
       2
       0
       5
       4
       3
       2
       2
       3
       2
       9
       1
       3
       3
       4
       1
       4
       5
       1
       3
       2
       4
       7
       0
       4
       1
       3
       4
       1
       4
       3
       3
       1
       2
       4
       0
       1
       3
       1
       1
       4
       1
       0
       1
       1
       3
       1
       4
       8
       2
       1
       2
       3
       2
       6
       2
       3
       3
       0
       0
       2
       3
       2
       3
       4
       2
       5
       2
       4
       3
       2
       3
       4
       4
       3
       3
       1
       2
       4
       0
       4
       1
       1
       2
       1
       1
       1
       2
       2
       3
       2
       0
       3
       2
       0
       3
       3
       3
       5
       1
       1
       1
       4
       3
       4
       3
       4
       2
       2
       2
       4
       4
       4
       3
       3
       6
       3
       4
       3
       3
       4
       0
       4
       1
       4
       2
       2
       0
       3
       4
       0
       3
       1
       4
       2
       2
       2
       1
       2
       1
       1
       6
       3
       1
       0
       4
       3
       1
       1
       0
       0
       1
       1
       1
       5
       4
       3
       0
       3
       3
       3
       2
       5
       3
       2
       2
       2
       2
       1
       4
       1
       3
       2
       2
       2
       2
       1
       6
       4
       4
       2
       1
       2
       3
       5
       2
       0
       5
       7
       2
       5
       0
       3
       2
       7
       0
       2
       3
       2
       3
       6
       0
       2
       1
       2
       3
       2
       5
       3
       4
       3
       2
       5
       1
       2
       2
       3
       4
       0
       3
       3
       2
       3
       1
       5
       1
       1
       1
       2
       2
       3
       2
       5
       2
       0
       4
       2
       3
       2
       1
       1
       2
       1
       0
       2
       3
       1
       5
       3
       1
       5
       3
       2
       2
       2
       3
       1
       1
       0
       3
       1
       4
       1
       2
       2
       5
       3
       3
       2
       5
       3
       0
       1
       5
       3
       4
       2
       2
       1
       4
       2
       2
       1
       1
       2
       3
       2
       3
       3
       0
       0
       1
       3
       2
       2
       1
       1
       1
       3
       2
       0
       3
       0
       2
       2
       3
       2
       3
       3
       1
       2
       1
       0
       2
       1
       2
       2
       4
       3
       3
       1
       1
       4
       6
       2
       2
       1
       3
       0
       1
       1
       0
       4
       2
       3
       2
       0
       2
       2
       2
       1
       3
       1
       2
       2
       0
       1
       1
       5
       0
       3
       2
       3
       2
       1
       3
       4
       1
       2
       3
       3
       1
       2
       1
       4
       3
       0
       0
       0
       2
       1
       2
       3
       1
       2
       7
       2
       1
       3
       6
       4
       1
       2
       3
       5
       2
       1
       3
       3
       0
       3
       2
       1
       1
       2
       1
       2
       2
       3
       1
       3
       4
       1
       1
       1
       1
       3
       4
       1
       2
       0
       4
       4
       1
       1
       0
       6
       1
       4
       3
       4
       1
       0
       2
       1
       3
       2
       2
       1
       2
       1
       0
       1
       0
       2
       5
       1
       0
       3
       3
       1
       2
       0
       2
       2
       3
       4
       1
       3
       1
       4
       2
       3
       5
       0
       2
       3
       3
       2
       1
       2
       4
       3
       3
       0
       3
       5
       3
       0
       0
       2
       2
       1
       0
       1
       1
       3
       3
       1
       1
       2
       4
       2
       3
       2
       3
       3
       2
       3
       3
       0
       1
       0
       2
       2
       2
       1
       0
       2
       4
       1
       2
       3
       2
       0
       3
       2
       1
       4
       1
       4
       2
       5
       4
       0
       1
       0
       5
       4
       5
       3
       3
       2
       1
       2
       2
       4
       3
       1
       2
       3
       6
       2
       2
       2
       0
       1
       3
       1
       2
       3
       4
       0
       0
       2
       4
       2
       6
       5
       0
       1
       3
       3
       0
       0
       4
       4
       3
       2
       0
       3
       1
       1
       1
       0
       2
       2
       1
       1
       3
       0
       4
       2
       3
       6
       1
       1
       0
       2
       3
       4
       0
       0
       4
       3
       2
       8
       4
       0
       3
       2
       3
       0
       3
       4
       1
       1
       1
       3
       2
       1
       1
       1
       1
       0
       2
       0
       1
       0
       1
       1
       0
       2
       1
       0
       4
       2
       3
       1
       1
       4
       0
       1
       2
       0
       2
       2
       1
       0
       1
       0
       1
       2
       1
       6
       2
       2
       2
       4
       0
       1
       0
       3
       0
       1
       3
       1
       1
       2
       1
       1
       3
       0
       5
       1
       1
       1
       2
       1
       0
       3
       2
       4
       3
       2
       1
       0
       2
       2
       2
       5
       3
       0
       2
       5
       1
       1
       2
       2
       3
       2
       2
       1
       4
       3
       2
       1
       5
       2
       0
       4
       4
       2
       4
       0
       3
       4
       1
       1
       1
       2
       2
       0
       1
       1
       2
       1
       2
       1
       1
       1
       3
       5
       0
       1
       2
       0
       0
       1
       1
       5
       2
       4
       5
       1
       2
       3
       1
       3
       2
       4
       2
       0
       1
       2
       1
       2
       1
       0
       4
       4
       2
       2
       1
       1
       3
       2
       2
       3
       2
       4
       1
       4
       1
       3
       1
       3
       3
       2
       4
       0
       1
       1
       1
       2
       3
       2
       2
       1
       2
       1
       4
       2
       0
       2
       2
       1
       2
       3
       1
       4
       2
       2
       2
       2
       3
       0
       1
       1
       2
       2
       3
       0
       5
       0
       4
       3
       1
       2
       0
       2
       3
       1
       1
       3
       2
       2
       4
       3
       2
       0
       2
       2
       0
       1
       2
       1
       5
       1
       2
       4
       1
       3
       0
       1
       0
       4
       5
       4
       1
       0
       3
       0
       2
       2
       1
       0
       2
       0
       0
       1
       0
       1
       2
       3
       3
       2
       5
       3
       1
       3
       2
       1
       3
       3
       1
       2
       4
       2
       0
       1
       3
       2
       1
       4
      10
       7
       4
       7
       4
       6
       7
       4
       9
      10
      13
      19
      25
      18
       8
      19
      21
      22
      15
      25
      13
      16
      15
      10
      10
      15
      10
       9
       6
       7
       5
       6
       5
       6
       2
       7
       1
       1
       5
       2
       3
       4
       2
       3
       4
       2
       3
       2
       1
       3
       4
       1
       6
       1
       2
       4
       5
       1
       3
       0
       2
       5
       3
       1
       2
       2
       5
       5
       1
       1
       2
       2
       3
       3
       3
       1
       4
       0
       0
       1
       2
       3
       0
       3
       2
       0
       0
       1
       1
       3
       1
       1
       0
       3
       1
       2
       0
       2
       2
       1
       2
       2
       2
       3
       2
       1
       1
       0
       2
       2
       2
       0
       0
       3
       4
       0
       3
       4
       1
       3
       1
       2
       4
       1
       3
       2
       1
       1
       3
       4
       2
       1
       4
       1
       2
       1
       3
       4
       0
       1
       1
       1
       0
       2
       1
       2
       3
       2
       2
       2
       2
       4
       0
       4
       1
       4
       1
       2
       2
       2
       1
       2
       0
       1
       2
       1
       1
       2
       1
       1
       0
       1
       2
       2
       3
       2
       3
       2
       3
       3
       0
       2
       1
       1
       1
       4
       1
       1
       2
       2
       1
       1
       0
       0
       3
       2
       2
       1
       5
       1
       1
       2
       1
       2
       1
       2
       5
       5
       1
       1
       1
       2
       2
       1
       1
       3
       1
       0
       3
       1
       1
       2
       0
       2
       0
       3
       2
       1
       2
       0
       2
       2
       1
       2
       4
       2
       1
       2
       4
       0
       1
       4
       3
       3
       0
       3
       0
       0
       4
       2
       4
       2
       1
       2
       2
       2
       3
       4
       2
       2
       1
       3
       5
       2
       4
       1
       2
       3
       0
       3
       2
       1
       2
       1
       1
       1
       2
       3
       2
       0
       0
       1
       5
       1
       0
       3
       1
       0
       0
       2
       0
       4
       3
       1
       1
       4
       5
       1
       0
       1
       1
       3
       3
       2
       2
       3
       0
       1
       1
       2
       5
       2
       4
       1
       3
       4
       1
       2
       3
       2
       2
       2
       1
       2
       1
       1
       0
       0
       2
       3
       2
       2
       2
       2
       3
       2
       2
       2
       0
       0
       0
       2
       2
       1
       3
       1
       2
       1
       0
       1
       0
       1
       1
       2
       1
       0
       2
       3
       1
       1
       1
       2
       1
       2
       1
       0
       1
       1
       1
       4
       1
       0
       1
       1
       3
       1
       0
       1
       2
       1
       3
       4
       2
       4
       1
       3
       1
       3
       3
       1
       4
       2
       2
       4
       1
       2
       5
       0
       1
       3
       2
       1
       4
       0
       2
       2
       3
       1
       4
       1
       1
       1
       0
       4
       4
       3
       4
       2
       1
       4
       4
       3
       1
       3
       3
       0
       4
       1
       1
       2
       2
       4
       4
       1
       4
       3
       2
       2
       1
       1
       3
       1
       2
       3
       4
       2
       1
       2
       5
       3
       3
       1
       0
       1
       0
       3
       2
       2
       3
       0
       4
       1
       2
       2
       3
       0
       1
       5
       2
       2
       2
       2
       1
       1
       1
       0
       2
       0
       0
       2
       1
       1
       1
       2
       1
       1
       0
       0
       4
       0
       2
       3
       2
       1
       3
       2
       4
       2
       4
       3
       1
       1
       2
       2
       3
       4
       0
       1
       2
       1
       4
       2
       0
       1
       2
       2
       5
       3
       2
       3
       0
       1
       4
       1
       5
       2
       1
       4
       1
       2
       0
       2
       2
       2
       1
       1
       1
       2
       5
       2
       1
       0
       1
       3
       0
       4
       1
       4
       0
       0
       2
       0
       3
       1
       5
       1
       1
       1
       1
       0
       2
       3
       0
       2
       1
       1
       0
       3
       1
       3
       1
       1
       0
       0
       1
       1
       1
       3
       2
       0
       1
       0
       2
       0
       1
       1
       1
       1
       2
       1
       1
       0
       4
       1
       2
       3
       2
       1
       2
       0
       3
       0
       2
       0
       2
       2
       1
       0
       0
       0
       2
       2
       1
       1
       2
       1
       1
       3
       5
       1
       2
       3
       2
       2
       2
       0
       1
       0
       0
       2
       0
       0
       2
       1
       0
       1
       1
       0
       3
       2
       4
       3
       3
       0
       2
       1
       2
       1
       2
       0
       2
       0
       5
       1
       1
       0
       0
       1
       1
       1
       0
       2
       1
       3
       1
       2
       1
       2
       1
       4
       1
       0
       2
       4
       1
       2
       1
       2
       1
       2
       0
       2
       3
       1
       0
       2
       3
       2
       5
       2
       2
       1
       2
       0
       4
       4
       3
       0
       0
       1
       2
       2
       4
       1
       3
       0
       1
       1
       2
       2
       1
       1
       2
       4
       5
       2
       1
       1
       3
       0
       4
       3
       0
       0
       0
       2
       1
       0
       0
       2
       2
       1
       2
       1
       0
       2
       4
       3
       3
       1
       1
       2
       2
       3
       5
       4
       1
       0
       0
       2
       0
       1
       1
       2
       0
       1
       1
       3
       3
       5
       4
       1
       4
       1
       2
       1
       2
       0
       1
       2
       0
       3
       0
       1
       3
       2
       1
       3
       1
       2
       1
       2
       1
       3
       1
       2
       0
       1
       1
       4
       4
       3
       1
       0
       0
       0
       1
       1
       1
       0
       0
       2
       1
       1
       1
       0
       2
       4
       1
       0
       0
       1
       0
       1
       0
       2
       1
       1
       2
       2
       4
       1
       2
       0
       2
       1
       2
       0
       0
       1
       0
       2
       1
       1
       0
       2
       2
       1
       0
       2
       1
       1
       1
       2
       0
       1
       0
       2
       2
       0
       0
       0
       4
       2
       1
       2
       3
       3
       2
       4
       1
       1
       3
       0
       3
       5
       0
       2
       0
       4
       0
       0
       1
       0
       2
       5
       1
       2
       0
       2
       1
       2
       2
       0
       0
       2
       2
       1
       0
       3
       1
       1
       1
       4
       1
       2
       0
       2
       0
       1
       1
       2
       1
       2
       0
       0
       1
       2
       2
       2
       1
       2
       2
       0
       0
       3
       3
       3
       0
       3
       0
       1
       0
       1
       1
       3
       1
       2
       1
       3
       1
       0
       3
       2
       1
       1
       2
       0
       0
       3
       3
       0
       1
       3
       1
       2
       1
       1
       1
       1
       1
       2
       4
       1
       2
       2
       4
       0
       3
       4
       2
       2
       0
       3
       1
       0
       1
       2
       3
       4
       5
       6
      11
       8
      22
      24
      19
      25
      34
      34
      43
      42
      40
      58
      53
      54
      48
      43
      48
      49
      35
      37
      35
      37
      26
      24
      23
      17
      11
       6
      10
       6
       4
       3
       1
       2
       3
       1
       2
       2
       1
       1
       4
       1
       1
       1
       1
       0
       2
       0
       2
       2
       1
       1
       0
       2
       2
       1
       0
       1
       2
       0
       1
       0
       2
       2
       1
       2
       2
       2
       2
       3
       1
       2
       0
       3
       3
       2
       0
       3
       2
       1
       0
       1
       1
       2
       3
       0
       3
       1
       2
       1
       1
       3
       2
       1
       1
       1
       4
       4
       3
       3
       0
       0
       2
       2
       0
       3
       0
       1
       0
       1
       1
       1
       1
       2
       1
       0
       3
       0
       1
       2
       1
       0
       1
       0
       2
       2
       2
       0
       1
       2
       0
       1
       2
       1
       2
       1
       2
       2
       1
       0
       4
       0
       2
       1
       5
       2
       3
       2
       1
       1
       1
       1
       2
       1
       0
       1
       0
       1
       1
       0
       3
       2
       0
       2
       1
       1
       1
       2
       2
       2
       0
       1
       2
       0
       2
       2
       2
       1
       4
       0
       0
       1
       2
       0
       1
       2
       1
       0
       1
       0
       0
       2
       5
       3
       3
       0
       4
       2
       0
       2
       1
       2
       2
       0
       0
       0
       1
       1
       0
       0
       0
       3
       0
       1
       1
       2
       0
       1
       1
       0
       2
       0
       2
       3
       0
       1
       1
       2
       2
       0
       2
       3
       1
       3
       0
       1
       0
       1
       1
       1
       0
       5
       2
       1
       1
       2
       2
       2
       3
       3
       1
       0
       4
       1
       1
       1
       0
       1
       0
       0
       3
       3
       3
       2
       2
       5
       1
       1
       1
       0
       0
       1
       3
       2
       4
       0
       1
       1
       2
       1
       1
       0
       4
       3
       0
       1
       1
       1
       0
       2
       1
       1
       1
       1
       1
       1
       0
       2
       2
       2
       2
       1
       0
       1
       2
       0
       2
       1
       1
       1
       2
       0
       1
       3
       3
       0
       1
       1
       0
       1
       0
       2
       0
       3
       2
       0
       1
       2
       0
       2
       0
       0
       0
       1
       0
       4
       4
       0
       1
       4
       1
       2
       1
       3
       2
       3
       3
       0
       1
       2
       1
       5
       3
       6
       5
       9
       5
       8
      13
      12
      10
      10
       8
      12
      11
       7
      14
       9
      13
      11
      10
      14
       5
       3
       9
       5
       3
       3
       2
       0
       4
       2
       3
       1
       1
       4
       3
       0
       0
       0
       3
       1
       2
       3
       0
       4
       0
       0
       0
       1
       1
       1
       0
       1
       4
       0
       3
       1
       0
       1
       2
       1
       0
       0
       1
       1
       1
$ENER_FIT:
0.000000 0.075000
$PRESETS:
Live Time (sec)
1200
0
$RT:
1276.340000
$DT:
76339
$ISO_DECL_U:
SMPLNAM: IDB-1004
SEPDATE: 01/01/1900 00:00:00
U234: 0.7735 
DU234: Unknown
U235: 90.098 
DU235: Unknown
U236: 0.3337 
DU236: Unknown
U238: 8.795 
DU238: Unknown
$ADC:
8192
0
8191