$APPLICATION_ID:
IDB v.1.0
$SPEC_REM:
Material type: U
Material form: powder
Material compound: U3O8
U isotopics:
234U 0.0123
235U 2.013
236U 0.0164
238U 97.959
Detector: HPGe (Geometry: BEGe, Size: Falcon 5000)
MCA: Integrated MCA
$DATE_MEA:
02/24/2011 17:03:00
$MEAS_TIM:
3600 3614
$DATA:
0 8191
       0
       0
       0
       0
       0
       0
       0
       0
       0
       0
       0
       0
       0
       0
       0
       0
       0
       0
       0
       0
       0
       0
       0
       0
       0
       0
       0
       0
       0
       0
       0
       0
       0
       0
       0
       0
       0
       0
       0
       0
       0
       0
       1
       8
      49
      75
      78
      97
     129
     127
     117
     129
     131
     146
     138
     175
     155
     157
     199
     156
     156
     164
     140
     160
     133
     160
     132
     144
     143
     129
     122
     157
     118
     115
     114
     125
     123
     129
     135
     135
     112
     140
     111
     123
     107
     114
     108
     124
     143
     114
     116
     123
     114
     123
     129
     104
     117
     107
      95
     117
     120
     114
     113
     106
     111
      91
     103
     118
     107
      88
     111
      97
      88
     101
      95
      94
     104
      89
      88
     118
     105
     103
     107
      97
     102
      94
     106
      95
      93
      85
     121
     105
     103
      97
     107
      86
      84
      91
      94
      84
      88
      88
      93
     100
      97
      93
     100
      88
      74
      84
      81
      87
      94
     116
     111
      99
      78
      76
      89
      87
      81
      91
      79
      66
     104
      84
      91
     100
      93
      91
      76
      97
      99
      88
      77
      85
      97
      79
      89
      83
      83
      85
      86
      86
      79
      69
      89
      86
      91
      71
      93
      90
      87
      87
      76
      85
      75
      71
      72
      81
      85
      92
     101
      76
      80
      94
      73
      83
      72
      98
      79
      93
      87
      75
      72
     107
      91
      78
     103
      98
      88
      98
     102
     104
      75
      74
      66
      84
      88
      97
      82
      69
      98
      78
      87
      92
      78
      74
      98
      88
      77
      82
      93
      71
      78
      76
      85
      68
      85
      71
      79
      85
     108
      80
      94
      90
      84
      95
     100
      82
      93
      91
      80
      94
      96
      91
     105
      80
      86
      94
      88
      86
      93
     100
      90
      96
      77
      96
      84
      88
      74
      88
     105
      93
      88
      85
      88
     103
     102
      93
      96
     102
      87
     121
     110
     127
     130
     118
     117
     133
     106
     107
      95
      94
     100
     112
      75
      76
      90
      88
      81
      75
      92
      70
      85
      98
      78
      94
      86
      92
      89
      97
      79
      87
      75
      79
      83
      83
      89
      77
      84
      87
      89
     100
      93
      84
      79
      90
      94
     104
     114
      93
      93
      95
     101
      92
      88
      86
     100
      85
      77
      77
      83
      99
      71
      72
      82
      86
      88
      75
      85
      88
      73
      78
      69
      76
      66
      67
      79
      78
      66
      90
      84
      59
      84
      93
      62
      79
      79
      97
      73
      68
      86
      95
      73
      84
      90
     107
      75
      85
      79
      94
      76
      66
      70
      80
      84
      79
      81
      64
      75
      73
      70
      84
      77
      82
      99
      83
      90
      83
      92
      84
      82
     117
      89
      84
      89
     111
     117
     144
     148
     155
     185
     193
     238
     243
     276
     261
     301
     315
     295
     290
     264
     278
     207
     181
     149
     133
     123
      91
      87
      94
      81
      84
      64
      82
      82
      58
      83
      73
      75
      79
      61
      74
      71
      68
      74
      56
      85
      65
      74
      70
      69
      52
      66
      71
      60
      77
      69
      76
      65
      74
      76
      81
      96
      80
     101
      94
      92
      85
     120
     113
     126
     129
     129
     137
     115
     159
     127
     130
     129
     111
     123
     110
      93
      88
     100
      83
      96
      88
      81
      84
      79
      91
      72
      83
      65
      75
      57
      72
      72
      59
      79
      66
      61
      66
      68
      53
      66
      71
      74
      80
      60
      76
      56
      75
      72
      66
      61
      75
      75
      70
      80
      64
      68
      77
      55
      73
      84
      72
      77
      72
      63
      78
      64
      67
      87
      71
      63
      68
      71
      79
      64
      60
      78
      52
      74
      64
      79
      70
      74
      67
      65
      84
      77
      84
      69
      82
      70
      67
      83
      64
      82
      63
      75
      72
      70
      76
      75
      70
      88
      84
      65
      71
      77
      85
      86
      81
      72
      83
      86
      63
      71
      77
      78
      75
      92
      80
      71
     100
      88
      79
      74
      78
      70
      77
      82
      77
      73
      67
      80
      85
     100
      92
      89
      89
      95
      69
      80
      73
      88
      71
      66
      71
      73
      65
      87
      81
      79
     103
      58
      96
      82
      76
      77
      85
      80
      86
      69
      76
      92
      60
      96
      78
      81
      76
      76
     102
      81
      66
      84
      87
      80
      90
      92
      72
      96
      86
     101
      84
      94
      84
     104
     103
      74
      82
      95
      89
      77
     105
      86
      83
      88
      74
      89
      82
      80
      76
      87
     105
      99
      92
      85
      98
     100
      85
      89
      84
      92
     100
     101
      84
     105
      74
      98
      82
      79
     108
     111
      90
     101
     102
      89
     106
     107
     117
     126
     130
     136
     153
     141
     154
     144
     134
     124
     121
     124
     120
     116
     102
      99
      91
     113
     102
      82
     111
     106
     115
      95
     103
      93
     121
      86
      92
     111
     109
     103
      89
      89
     100
      98
     100
      92
      85
      99
      99
      96
      98
      90
      94
     105
     108
     107
      95
      94
     101
     106
      99
     114
      99
      97
      95
     109
     118
      90
      91
      96
     109
      86
     116
     107
     119
     102
     103
     116
     106
      91
     137
     125
     106
     132
     119
     132
     130
     110
     107
     124
     101
     118
     100
     120
     112
     119
     120
     101
     107
      91
     110
      87
     103
     127
     114
     122
     119
     109
     121
     109
     103
      96
     108
     123
      92
     110
     114
     129
     123
      99
     106
     115
     119
     128
     118
     120
     112
     107
     137
     106
     122
     102
     141
     127
     145
     154
     138
     154
     188
     232
     298
     387
     466
     562
     672
     761
     890
     877
     894
     840
     791
     753
     585
     562
     422
     347
     281
     229
     190
     141
     134
     148
     121
     137
     120
     107
     116
     126
     137
     106
     128
     111
     124
     121
     110
     125
     115
     114
     117
     110
     114
     138
     133
     117
     113
     118
     118
     111
     126
     142
     115
     121
     129
     111
     138
     124
     113
     136
     120
     133
     125
     134
     128
     111
     119
     114
     131
     131
     134
     134
     114
     116
     122
     161
     120
     153
     147
     148
     142
     126
     133
     145
     134
     128
     144
     127
     128
     127
     155
     139
     141
     151
     155
     131
     147
     162
     148
     150
     135
     172
     137
     143
     151
     144
     156
     146
     159
     163
     163
     177
     157
     167
     130
     181
     172
     179
     149
     162
     159
     135
     154
     168
     165
     162
     178
     177
     170
     149
     177
     190
     169
     188
     178
     191
     182
     198
     189
     203
     188
     198
     146
     171
     172
     184
     168
     189
     156
     160
     163
     161
     180
     165
     161
     161
     153
     187
     181
     199
     187
     198
     221
     191
     187
     189
     232
     192
     204
     189
     199
     165
     189
     176
     153
     152
     166
     168
     152
     170
     181
     162
     167
     182
     149
     171
     160
     175
     175
     165
     165
     154
     208
     178
     170
     188
     163
     177
     191
     186
     186
     195
     177
     155
     161
     161
     164
     147
     167
     145
     172
     152
     157
     167
     162
     188
     166
     147
     174
     158
     166
     161
     158
     168
     174
     156
     185
     149
     165
     175
     177
     183
     153
     159
     173
     169
     173
     167
     152
     169
     166
     181
     176
     172
     189
     180
     199
     186
     224
     228
     213
     235
     206
     211
     193
     191
     202
     185
     192
     194
     178
     171
     163
     150
     188
     189
     212
     190
     200
     213
     193
     182
     200
     193
     201
     193
     203
     218
     205
     235
     261
     261
     249
     337
     365
     401
     398
     448
     480
     548
     498
     482
     456
     384
     386
     296
     270
     257
     251
     228
     194
     175
     212
     179
     178
     172
     164
     170
     147
     184
     168
     153
     157
     164
     149
     162
     164
     161
     175
     184
     158
     166
     183
     154
     188
     176
     177
     168
     151
     175
     177
     154
     168
     174
     144
     156
     167
     175
     179
     195
     148
     153
     173
     177
     181
     158
     161
     181
     182
     179
     156
     158
     180
     158
     208
     196
     212
     202
     251
     252
     245
     290
     357
     341
     381
     381
     376
     345
     355
     322
     287
     249
     267
     233
     210
     183
     201
     189
     173
     167
     192
     174
     177
     186
     209
     213
     260
     287
     329
     401
     508
     625
     791
     991
    1174
    1339
    1450
    1699
    1740
    1985
    2000
    1963
    1914
    1868
    1684
    1511
    1562
    1366
    1093
     960
     845
     711
     610
     562
     484
     414
     388
     387
     368
     454
     463
     596
     640
     704
     852
     907
    1042
    1076
    1111
    1068
    1055
     950
     865
     743
     642
     505
     427
     360
     357
     268
     283
     217
     250
     218
     213
     210
     174
     183
     186
     174
     163
     174
     169
     185
     182
     145
     159
     158
     156
     182
     150
     177
     146
     200
     195
     234
     233
     308
     364
     441
     545
     684
     804
     961
    1161
    1397
    1554
    1631
    1721
    1745
    1665
    1583
    1399
    1274
    1055
     847
     701
     536
     450
     373
     301
     250
     226
     192
     168
     154
     160
     152
     142
     131
     134
     124
     122
     138
     129
     130
     135
     105
     127
     142
     131
     124
     139
     135
     126
     120
     130
     142
     143
     126
     118
     133
     143
     112
     133
     135
     125
     158
     154
     134
     143
     162
     164
     144
     156
     114
     148
     133
     152
     134
      96
     124
     139
     119
     126
     122
     131
     109
     110
     131
     147
     109
     121
     135
     123
     126
     130
     146
     126
     136
     133
     153
     201
     155
     161
     172
     156
     176
     159
     191
     185
     168
     183
     211
     180
     184
     196
     184
     177
     168
     172
     156
     146
     150
     128
     130
     140
     134
     104
     124
     113
     122
     120
     108
     143
     142
     131
     121
     132
     135
     138
     139
     134
     142
     128
     147
     148
     150
     152
     145
     144
     157
     176
     175
     206
     201
     198
     229
     229
     223
     239
     238
     239
     226
     210
     241
     233
     227
     230
     240
     176
     226
     253
     276
     255
     341
     337
     338
     374
     392
     406
     416
     421
     439
     429
     511
     502
     500
     539
     546
     581
     605
     582
     529
     480
     413
     399
     336
     267
     306
     230
     240
     206
     207
     218
     199
     223
     246
     252
     258
     264
     246
     222
     224
     218
     202
     195
     169
     169
     167
     156
     158
     155
     175
     158
     184
     195
     227
     241
     245
     244
     270
     264
     268
     270
     314
     268
     263
     256
     234
     199
     219
     219
     188
     173
     164
     145
     167
     146
     125
     115
     126
     106
      99
      73
     101
      82
     102
      84
      79
      86
      93
      99
      85
      94
     101
     101
      85
      90
      90
      79
      85
      82
      85
      94
     101
      94
      70
      89
     105
     103
      76
      79
      76
      95
      80
      88
      85
      81
      77
      90
      98
      87
      84
      95
      82
      83
      93
     102
      74
      87
      81
      95
      74
      74
      88
      97
      98
      82
      87
      90
     107
      97
     109
     103
     118
      88
     124
     108
     101
     111
      98
      99
      96
      76
      88
      78
      94
      83
     104
      88
      90
      81
     111
      95
      69
      75
      80
      91
     104
      78
      91
      64
      85
      77
      82
      80
      76
      79
      65
      71
      71
      88
      71
      71
      95
      69
      82
      79
      97
      73
      58
      81
      83
      73
      84
      82
      74
      99
      92
      82
      90
      82
      74
      72
     100
      85
      83
     107
      83
      91
      83
      91
      88
      67
      75
      71
      94
      80
      78
      67
      77
      66
      82
      93
      66
      88
      85
      84
      78
      83
      76
      76
      84
      86
      80
      94
      83
      78
      71
      70
      77
      89
      79
      79
      76
      62
      82
      76
      76
      89
      77
      86
      84
      72
      95
      79
      77
      80
      71
      73
      76
      81
      79
      86
      85
      86
      71
      67
      80
     107
      85
      90
      76
      79
      87
      79
      89
      68
      74
      77
      76
      83
      84
      99
      74
      85
      73
      85
     107
      71
      68
      84
      79
      78
      70
      79
      81
      70
      89
      88
      65
      74
      80
      68
      90
      68
      73
      80
      65
      81
      77
      84
      74
      73
      81
      75
      77
      92
      62
      84
      96
      88
      95
      66
      72
      76
      89
      78
      75
      56
      71
      68
      90
      89
      93
      76
      80
      67
      90
      94
      76
      85
      78
      82
      71
      77
      86
      95
      84
      76
      85
      79
      81
      81
      79
      77
      63
      74
      84
      86
      73
      65
      69
      77
      76
      70
      83
      74
      74
      67
      97
      66
      60
      71
      84
      68
      82
      81
      70
      87
      78
      79
      70
      75
      61
      80
      85
      88
      73
      58
      73
      84
      70
      78
      62
      68
      98
      71
      70
      81
      95
      85
      59
      70
      69
      81
      82
      74
      64
      80
      77
      86
      80
      92
      83
      76
      80
      81
      75
      86
      85
      79
      64
      85
      81
      77
      74
      78
      80
      92
      77
      85
      84
      63
      84
      65
      76
      82
      94
      99
      86
     105
     109
     161
     176
     201
     243
     317
     348
     411
     448
     468
     536
     519
     470
     454
     428
     367
     326
     279
     202
     163
     161
     126
     102
      96
      95
      70
      66
      69
      75
      81
      62
      65
      81
      67
      86
      73
      77
      77
      60
      61
      68
      59
      73
      60
      59
      80
      57
      64
      69
      71
      56
      72
      77
      70
      60
      61
      81
      78
      61
      70
      76
      87
      73
      68
      69
      65
      67
      55
      75
      86
      72
      67
      68
      64
      63
      77
      68
      67
      60
      64
      74
      65
      72
      77
      73
      72
      58
      75
      70
      48
      50
      48
      60
      65
      66
      66
      56
      59
      64
      57
      64
      71
      67
      77
      62
      74
      73
      88
      88
      66
      72
      65
      63
      65
      63
      81
      59
      74
      64
      76
      64
      92
      75
      58
      77
      65
      73
      76
      76
      81
      69
      90
      59
      77
      75
      71
      78
      64
      73
      62
      66
      69
      59
      57
      77
      65
      54
      70
      56
      63
      72
      63
      64
      59
      62
      78
      83
      60
      65
      62
      62
      65
      56
      77
      70
      78
      62
      70
      63
      69
      64
      67
      71
      71
      51
      64
      71
      59
      81
      70
      56
      62
      66
      54
      69
      70
      86
      59
      52
      70
      63
      53
      72
      98
      67
      62
      67
      62
      57
      48
      63
      69
      65
      72
      64
      72
      80
      55
      65
      60
      61
      76
      62
      64
      65
      49
      58
      63
      54
      47
      58
      81
      75
      71
      65
      67
      72
      60
      57
      68
      59
      78
      76
      74
      58
      64
      60
      64
      82
      52
      65
      69
      59
      43
      75
      57
      56
      62
      72
      64
      62
      72
      53
      54
      72
      60
      79
      72
      65
      83
      86
      89
     102
     121
     138
     141
     162
     208
     228
     235
     250
     248
     280
     290
     310
     245
     223
     182
     198
     155
     117
     105
     101
      92
      74
      66
      61
      74
      71
      56
      61
      56
      72
      74
      53
      63
      66
      62
      60
      61
      70
      66
      69
      47
      67
      62
      45
      59
      45
      68
      61
      59
      58
      50
      63
      69
      56
      69
      62
      60
      57
      64
      56
      61
      56
      53
      51
      50
      50
      65
      61
      52
      63
      48
      54
      60
      57
      64
      70
      59
      66
      67
      61
      58
      59
      58
      50
      57
      66
      52
      58
      56
      51
      78
      63
      63
      62
      64
      61
      50
      57
      58
      61
      54
      68
      66
      61
      55
      43
      55
      72
      58
      54
      55
      61
      60
      69
      62
      65
      50
      63
      50
      51
      57
      68
      52
      55
      65
      63
      53
      55
      53
      65
      61
      59
      63
      54
      62
      59
      59
      58
      66
      59
      47
      56
      61
      65
      65
      59
      56
      63
      56
      58
      65
      58
      55
      62
      72
      62
      67
      67
      52
      55
      62
      58
      60
      52
      53
      61
      48
      53
      53
      60
      64
      62
      70
      48
      67
      64
      64
      44
      63
      58
      54
      53
      66
      59
      56
      56
      55
      56
      54
      56
      62
      63
      50
      71
      50
      61
      56
      56
      50
      58
      65
      60
      57
      53
      62
      52
      61
      48
      45
      56
      51
      67
      66
      67
      53
      56
      59
      57
      46
      57
      69
      50
      76
      68
      56
      47
      61
      63
      50
      45
      59
      62
      59
      54
      60
      51
      50
      49
      52
      47
      54
      54
      51
      44
      61
      53
      53
      46
      60
      67
      57
      47
      54
      60
      70
      62
      54
      66
      61
      70
      59
      58
      72
      70
      72
      77
      82
      86
      88
      81
      67
      73
      69
      64
      59
      53
      62
      57
      47
      58
      63
      48
      50
      54
      65
      60
      58
      67
      55
      54
      52
      92
     112
     117
     173
     246
     298
     417
     579
     814
     986
    1300
    1620
    1856
    2149
    2391
    2564
    2679
    2743
    2651
    2377
    2069
    1848
    1590
    1219
    1003
     777
     541
     414
     289
     197
     142
     129
      85
      73
      72
      46
      64
      45
      52
      41
      50
      53
      55
      37
      53
      42
      44
      40
      32
      54
      51
      51
      49
      41
      50
      48
      49
      57
      45
      50
      47
      50
      42
      37
      44
      39
      48
      47
      58
      42
      48
      35
      47
      50
      35
      49
      37
      45
      37
      51
      46
      41
      58
      46
      40
      52
      46
      49
      55
      45
      48
      37
      46
      33
      46
      46
      54
      48
      50
      42
      42
      36
      47
      39
      62
      32
      48
      40
      43
      57
      40
      52
      42
      36
      44
      49
      42
      47
      47
      53
      53
      43
      50
      50
      44
      63
      55
      40
      46
      49
      35
      46
      50
      52
      58
      64
      66
      63
      70
      73
      68
      70
      73
      68
      69
      59
      53
      60
      51
      40
      37
      43
      37
      31
      42
      53
      29
      49
      47
      45
      33
      56
      43
      35
      48
      47
      40
      43
      38
      43
      45
      37
      54
      31
      36
      46
      47
      30
      43
      46
      42
      50
      43
      48
      45
      39
      40
      35
      45
      39
      30
      48
      44
      39
      40
      48
      40
      42
      45
      47
      51
      39
      48
      40
      28
      50
      39
      48
      32
      47
      30
      34
      42
      42
      48
      26
      35
      51
      34
      35
      45
      44
      32
      51
      39
      43
      40
      68
      70
      61
      83
      59
      61
      97
      82
      69
      80
      94
      69
      79
      74
      66
      51
      62
      64
      54
      44
      38
      38
      41
      55
      37
      41
      43
      52
      39
      42
      43
      44
      42
      37
      47
      34
      41
      52
      45
      60
      63
      76
      98
     119
     121
     167
     172
     218
     239
     241
     283
     300
     269
     225
     260
     207
     204
     159
     143
     103
      86
      86
      73
      49
      55
      55
      40
      41
      33
      38
      42
      28
      32
      28
      28
      40
      40
      40
      40
      54
      33
      35
      48
      30
      49
      42
      32
      43
      34
      37
      34
      46
      41
      39
      50
      42
      46
      26
      44
      38
      40
      40
      45
      33
      40
      37
      37
      35
      40
      35
      42
      35
      49
      37
      24
      36
      37
      33
      40
      53
      35
      36
      37
      36
      30
      34
      40
      40
      53
      29
      32
      37
      32
      40
      29
      37
      40
      35
      26
      41
      41
      26
      35
      36
      29
      36
      43
      34
      38
      49
      27
      38
      42
      38
      37
      39
      45
      36
      26
      36
      39
      30
      31
      35
      41
      32
      32
      42
      40
      41
      44
      30
      36
      31
      39
      29
      46
      33
      35
      27
      31
      35
      38
      36
      40
      44
      31
      33
      31
      42
      39
      37
      28
      26
      35
      28
      42
      40
      29
      32
      34
      39
      42
      36
      23
      33
      39
      37
      40
      29
      37
      39
      30
      33
      37
      40
      43
      28
      36
      42
      36
      36
      42
      37
      46
      39
      41
      42
      42
      34
      48
      46
      42
      34
      34
      30
      31
      31
      36
      34
      35
      51
      40
      29
      29
      33
      44
      37
      35
      32
      39
      27
      36
      40
      39
      31
      39
      33
      33
      44
      49
      41
      37
      34
      34
      39
      45
      40
      37
      27
      43
      39
      36
      42
      32
      26
      45
      40
      42
      40
      36
      34
      43
      38
      28
      38
      40
      35
      31
      40
      35
      32
      32
      27
      32
      23
      31
      34
      30
      35
      31
      37
      42
      33
      30
      30
      29
      44
      32
      32
      42
      25
      25
      33
      45
      41
      27
      33
      30
      26
      32
      26
      30
      28
      34
      36
      29
      34
      35
      34
      38
      28
      35
      41
      35
      37
      36
      35
      37
      34
      40
      36
      41
      36
      20
      34
      31
      40
      40
      33
      26
      37
      41
      32
      37
      27
      36
      39
      22
      49
      30
      33
      29
      28
      30
      34
      34
      41
      29
      40
      29
      45
      34
      36
      38
      31
      37
      28
      38
      31
      25
      37
      40
      39
      35
      34
      31
      32
      30
      37
      33
      28
      29
      30
      37
      25
      29
      30
      28
      35
      24
      34
      26
      28
      28
      36
      40
      27
      38
      24
      32
      30
      28
      37
      28
      31
      25
      24
      30
      40
      29
      31
      30
      28
      29
      23
      28
      33
      29
      28
      29
      39
      23
      34
      33
      34
      37
      23
      26
      33
      34
      32
      32
      31
      26
      41
      35
      37
      19
      29
      46
      40
      24
      26
      29
      35
      35
      34
      39
      31
      36
      27
      33
      30
      34
      31
      40
      30
      23
      32
      36
      26
      33
      40
      25
      30
      40
      39
      22
      28
      23
      27
      27
      32
      26
      34
      27
      37
      31
      42
      35
      39
      51
      39
      52
      52
      48
      49
      51
      43
      54
      47
      35
      36
      36
      30
      39
      29
      28
      34
      28
      33
      29
      26
      27
      31
      40
      25
      35
      33
      32
      24
      23
      36
      42
      31
      21
      32
      36
      36
      40
      29
      29
      24
      28
      35
      31
      38
      28
      33
      24
      22
      26
      34
      35
      36
      29
      24
      23
      21
      19
      32
      28
      30
      24
      28
      23
      30
      33
      24
      24
      32
      26
      22
      23
      29
      30
      24
      26
      30
      26
      25
      31
      28
      27
      23
      24
      34
      22
      26
      17
      36
      31
      29
      31
      30
      27
      21
      35
      28
      25
      29
      33
      31
      28
      33
      23
      18
      26
      36
      27
      26
      31
      28
      28
      36
      33
      30
      31
      22
      21
      28
      27
      25
      22
      27
      26
      28
      26
      37
      30
      26
      33
      20
      24
      26
      36
      24
      28
      27
      27
      25
      32
      26
      28
      25
      34
      26
      24
      25
      21
      32
      39
      30
      27
      24
      25
      31
      34
      26
      29
      33
      31
      26
      30
      27
      28
      31
      29
      23
      25
      20
      26
      29
      17
      25
      26
      27
      25
      27
      27
      33
      21
      25
      26
      28
      26
      28
      28
      23
      26
      25
      33
      31
      23
      23
      36
      27
      24
      23
      32
      29
      22
      22
      24
      30
      17
      19
      30
      31
      22
      22
      32
      29
      22
      21
      30
      31
      27
      29
      18
      29
      25
      26
      22
      29
      20
      21
      25
      26
      31
      27
      22
      30
      21
      27
      31
      21
      37
      23
      33
      29
      32
      29
      23
      17
      28
      27
      20
      34
      22
      21
      28
      24
      22
      19
      27
      25
      22
      46
      33
      41
      27
      47
      46
      43
      40
      41
      40
      51
      40
      42
      37
      43
      31
      31
      35
      28
      31
      35
      29
      25
      31
      35
      24
      28
      20
      31
      31
      24
      32
      36
      26
      31
      26
      23
      20
      24
      23
      25
      24
      27
      18
      19
      24
      25
      23
      25
      29
      22
      24
      33
      19
      25
      23
      21
      20
      19
      24
      30
      22
      30
      19
      27
      20
      29
      22
      22
      31
      26
      27
      24
      29
      27
      21
      26
      27
      19
      27
      16
      24
      20
      28
      24
      22
      27
      21
      28
      29
      27
      33
      21
      23
      30
      26
      24
      26
      27
      22
      28
      21
      29
      16
      20
      23
      25
      21
      30
      27
      30
      28
      19
      28
      12
      26
      24
      12
      16
      27
      20
      27
      25
      28
      24
      29
      21
      26
      21
      20
      19
      28
      13
      21
      29
      27
      29
      19
      31
      18
      29
      29
      23
      24
      16
      16
      26
      22
      25
      17
      21
      17
      16
      24
      21
      23
      29
      25
      20
      22
      28
      34
      28
      20
      21
      38
      32
      29
      21
      30
      16
      23
      26
      25
      21
      25
      20
      25
      21
      22
      29
      28
       8
      25
      25
      24
      20
      16
      16
      35
      20
      29
      24
      23
      23
      26
      19
      29
      31
      24
      29
      25
      35
      27
      21
      30
      24
      21
      27
      16
      21
      25
      31
      26
      25
      26
      21
      26
      24
      19
      24
      21
      29
      23
      18
      28
      18
      29
      32
      27
      16
      25
      26
      21
      22
      22
      20
      27
      18
      24
      25
      18
      26
      19
      22
      19
      24
      22
      15
      28
      16
      27
      21
      22
      19
      23
      25
      25
      16
      19
      22
      27
      14
      28
      21
      21
      28
      17
      27
      22
      21
      18
      24
      29
      17
      23
      24
      17
      16
      13
      21
      25
      25
      17
      24
      20
      36
      25
      26
      20
      20
      23
      18
      32
      20
      15
      19
      17
      22
      28
      21
      21
      21
      25
      29
      25
      21
      17
      16
      21
      31
      16
      21
      26
      21
      28
      27
      27
      22
      21
      17
      18
      18
      18
      14
      22
      30
      20
      20
      29
      14
      20
      22
      23
      26
      17
      25
      18
      21
      23
      17
      25
      18
      21
      22
      23
      11
      14
      16
      21
      27
      14
      27
      24
      18
      16
      32
      23
      18
      25
      10
      13
      20
      20
      22
      20
      20
      19
      21
      19
      23
      29
      21
      20
      27
      18
       9
      30
      19
      15
      13
      23
      12
      16
      18
      21
      17
      18
      25
      22
      28
      19
      25
      16
      21
      15
      20
      19
      19
      18
      10
      19
      19
      21
      19
      23
      21
      17
      17
      21
      28
      26
      23
      21
      26
      14
      20
      27
      14
      23
      24
      16
      19
      22
      12
      15
      18
      15
      23
      26
      20
      20
      28
      21
      17
      20
      23
      16
      21
      16
      26
      19
      25
      18
      22
      19
      11
      20
      15
      22
      29
      13
      22
      23
      31
      22
      26
      12
      14
      21
      14
      24
      22
      22
      14
      18
      29
      20
      18
      22
      26
      13
      20
      21
      21
      18
      19
      17
      14
      25
      19
      18
      11
      25
      24
      20
      24
      23
      24
      27
      23
      30
      22
      26
      22
      29
      24
      16
      20
      17
      25
      17
      22
      29
      31
      26
      25
      21
      28
      21
      25
      18
      18
      24
      16
      19
      28
      15
      14
      18
      25
      23
      15
      24
      21
      16
      21
      15
      25
      20
      19
      23
      15
      19
      15
      24
      15
      21
      13
      20
      20
      11
      17
      19
      20
      17
      18
      17
      16
      26
      21
      27
      15
      18
      30
      28
      21
      19
      14
      14
      21
      28
      17
      12
      18
      10
      27
      21
      25
      13
      24
      20
      16
      20
      23
      24
      23
      26
      21
      23
      15
      15
      15
      18
      17
      17
      19
      20
      21
      17
      19
      20
      19
      20
      15
      15
      22
      25
      15
      18
      19
      24
      23
      17
      21
      22
      19
      19
      15
      12
      16
      21
      21
      21
      18
      14
      19
      14
      28
      12
      16
      20
      24
      20
      21
       8
      24
      25
      15
      19
      14
      10
      15
      20
      15
      16
      12
      26
      25
      16
      18
      12
      12
      15
      13
      12
      18
      18
      18
      14
      24
      22
      16
      15
      15
      16
      18
      18
      16
      23
      11
      20
      19
      18
      15
      16
      15
      15
      15
      17
      14
      18
      22
      14
      21
      13
      23
      18
      18
      17
      20
      13
      13
      15
      17
      14
      19
      15
      21
      18
      23
      13
      11
       9
      10
      14
      15
      17
      15
      14
      15
      14
      23
      20
      10
      16
      13
      16
      20
      18
      15
      17
      25
      15
      21
      18
      18
       9
      19
      19
      16
      16
      10
      17
      15
      12
      18
      23
      15
      19
      22
      14
      14
      14
      17
      14
      17
      17
      21
      14
      14
      16
      17
      19
      15
      18
      18
      28
      23
      20
      14
      19
      17
      15
      20
      19
      18
      20
      20
      18
      15
      18
      14
      14
      18
      12
      16
      23
      18
      16
      14
      15
      16
      19
      24
      19
      17
      24
      12
      17
      20
      12
      14
       8
      15
      15
      11
      19
      19
      24
      13
       9
      21
      12
      18
      17
      18
      19
      16
      12
      23
      13
      17
      26
      16
      14
      13
      12
      14
      19
      17
      17
      12
      19
      17
      24
      15
      22
      10
      20
      19
       9
      14
      18
      18
      14
      14
      15
      21
      12
      14
      18
      16
      14
      14
      12
      17
      14
      17
      17
      10
      17
      21
      12
      12
      23
      18
      16
      12
      17
      12
      18
      23
      17
      14
      12
      14
      17
      19
      11
      17
      18
      20
      15
      19
      10
      13
      19
      22
      15
      19
      15
      14
      10
      19
      27
      15
      11
       9
      17
      11
      19
      15
      14
       3
      20
      17
      19
       9
      21
      15
      19
      20
      16
      17
      13
      14
      12
      16
      23
      11
      20
      16
      10
      23
      25
      17
      17
      15
      12
      11
      13
      19
      25
      13
      16
      18
      12
      19
      11
      16
      16
      15
      15
      12
      14
      17
      10
      13
      23
      16
      15
      15
      15
      14
      14
      15
      18
      16
      18
      17
      17
      11
      15
      19
      16
      16
      13
      14
      16
      18
      12
      17
      17
      11
      14
      18
      15
      20
      14
      26
      21
      13
      13
      16
      20
      14
      15
      11
      18
      16
      15
      15
      17
      10
      16
      11
      22
      20
      18
      15
      11
      17
      16
      11
      18
      20
      23
      16
      14
      23
      12
      14
      20
      15
      16
      11
       8
      12
       5
      20
      12
      13
      19
      19
       9
      14
      16
      17
      19
       8
      12
      11
      14
       8
      15
      15
      12
      13
      23
      12
      15
      15
       7
      17
      20
      15
      13
      18
      19
       8
      14
      16
      13
      12
      22
      18
      19
      17
       6
      12
       7
      16
      17
      14
      14
      12
      13
      11
      15
      14
      12
      13
      12
      14
      18
      14
      10
      15
      13
      15
      12
      14
      22
      17
       9
      18
      18
      18
      18
      16
      10
      13
      17
      20
      12
      19
      26
      21
      22
      19
      18
      17
      19
      14
      13
      16
      14
       5
      20
      11
      10
      13
      16
      13
      15
      16
      10
      11
      14
      17
       9
      11
       9
      13
      12
      22
      24
       5
      12
      16
      13
      27
      21
       8
      14
      13
      10
      13
       7
      13
      19
      18
      22
      19
      12
      11
       6
      14
      13
      22
      15
      13
      20
      12
      17
      18
      21
      11
      13
       2
      18
      16
      11
      10
      11
      12
      21
      16
      19
      14
      11
      19
      15
       9
      13
      12
      15
      13
      15
       8
      15
      14
      13
       8
      17
      13
      13
      13
      12
      14
      13
      20
      18
      12
      13
      11
      13
      10
      18
      10
      18
      16
      11
      15
      19
      14
      10
       8
      13
      11
      10
      15
      13
      22
      15
      10
      12
      15
      14
      11
      13
      10
      18
      18
      15
      16
      16
       6
      16
      15
      16
      10
      15
      18
      12
      13
      13
      13
      18
      10
      16
       9
      12
       6
      10
      10
      11
      12
      15
      13
      15
       8
      10
      15
      15
      12
      21
      16
      10
      17
      19
      21
      18
      10
      18
      15
      14
       9
      16
      15
      15
      22
      22
      17
      33
      31
      33
      33
      32
      34
      36
      21
      24
      23
      20
      19
      23
      26
      15
      16
      21
      17
      20
      13
      17
      13
      16
      12
      11
      17
       9
      20
      14
       9
      20
      12
      16
      12
      12
      17
       9
      13
      16
      10
      13
      10
       8
      11
      15
      12
       6
      13
      14
       6
      11
       6
      14
      16
      13
      10
      16
      20
       8
      15
      15
      10
      17
       8
      15
      12
      17
      12
      12
      15
      15
      12
      11
      12
      10
      13
      11
      20
      14
      14
      16
      17
      18
      16
      20
       9
      10
      12
      14
      13
      15
       8
      10
       9
       8
      13
      11
      10
      11
      11
      14
      18
      11
      12
      16
      14
      10
       5
      11
      16
      10
      18
      13
      14
      12
      11
       9
      14
       5
      17
       7
      13
      14
      11
      10
      10
       7
      13
      14
      12
      12
       8
      12
       9
      13
      10
      13
      17
      13
      14
      12
      15
      12
      10
      13
       7
       9
      13
      13
       8
       7
      12
       8
      15
       7
      15
      23
      10
      12
       6
      13
      11
       9
      13
      18
      11
      19
       8
      14
      16
      16
      10
      21
      10
       9
      16
      20
      13
      13
      12
       9
       9
      10
       9
      14
       9
      13
      12
       8
      10
       7
      11
      25
      10
      14
      15
      11
      10
      13
      12
       9
       7
      13
       9
       8
      11
       9
      13
       6
      13
       8
      13
      12
      11
      12
      19
      13
      11
      13
      14
      15
      15
      11
      10
      16
      10
      16
      10
      16
      15
       9
      15
      15
      11
      14
      18
      16
      13
      19
      13
      15
       7
      14
       8
      14
      15
       9
       8
      14
      10
      18
      10
      13
      12
      10
      18
      15
      11
      13
      13
      10
      11
      13
       9
      17
      14
      13
      11
      19
      10
      12
      11
      18
      14
       9
       9
       9
      14
       8
       8
      11
       8
      13
      19
       9
      10
      12
      10
      16
      18
      12
      14
      14
      12
      13
      12
      11
      13
      10
      11
      18
      18
      19
      11
       9
      17
      15
      15
       9
      12
      11
      19
      13
      12
       7
      16
      13
      17
      15
       5
      16
      13
      14
      12
       9
      18
      15
      12
      13
      10
       8
       7
       9
      10
      13
       8
       6
      11
      14
      12
       6
      14
       7
       8
      11
       9
      10
       4
      11
      11
      10
      11
       6
      15
       9
      13
       7
      14
      11
       9
      11
       5
      16
       9
      11
      11
      15
      11
       8
      21
      11
      13
       8
       8
      19
       8
      13
       8
      12
      12
      13
      18
      12
      10
       7
      11
      14
      12
      11
       7
      12
      10
       9
       9
      10
      10
       9
      10
      11
      14
      16
      12
       9
       5
      11
      16
      10
      13
      11
       9
      11
       8
      17
      15
      16
      12
      12
      11
      16
      17
      13
      12
      10
       7
      15
      11
       9
      10
       9
      19
      15
      13
       9
      13
       7
      16
       8
       7
      10
      10
      11
      13
      10
       8
      11
      12
      10
      13
      10
      13
       8
      12
       9
      10
      13
      10
      11
      15
      10
      13
      10
      12
      12
      12
      10
      10
       5
      11
      16
      15
      12
      12
       8
      21
      10
      10
      18
       9
      11
      10
       5
      12
      11
      16
      10
      16
      17
       4
      14
       8
      14
      11
       9
       9
      11
       9
      12
       6
      13
      13
      15
      13
      12
      18
       8
      14
       9
       8
      11
      14
       8
       6
      16
      15
      12
      19
       8
      11
      16
      15
      10
       9
       8
       6
      15
      18
      10
      13
      11
      15
      10
       8
      15
      10
      20
      17
      12
      11
       8
      14
      15
       7
      16
      16
       8
       9
       9
      12
      14
      14
      14
       9
      13
      12
       7
       8
      13
      12
      11
       7
      16
      14
      10
      19
      15
      17
      14
      10
       9
      17
       7
       9
       9
       9
       7
       8
       8
      17
      11
      11
       4
      11
      11
       8
       8
       7
      10
      11
      11
      18
      15
      13
      10
       8
      13
      12
      10
      12
      10
       9
       9
       8
      10
       9
      13
      10
      13
       6
       8
      13
       9
      10
      13
      12
       6
      12
      14
      13
      19
       5
       8
      10
      10
       7
      10
      11
      11
      10
      12
      13
      12
      11
       8
      10
      10
       6
      18
       8
      15
       6
      12
       5
       8
       6
       5
      11
      16
      13
      10
      12
      13
       7
       9
      10
      10
      12
       8
       8
      17
       8
      13
       9
      14
       9
       7
       9
      11
       6
      13
      16
      13
       6
       5
       8
      13
       7
       6
       6
       7
      14
      11
      12
       9
      10
       6
      17
      14
      13
      11
      10
      10
       6
       9
      14
      10
      17
      11
       5
      17
      14
      10
      11
       5
      15
       6
      13
      17
      13
       7
      12
       7
       9
      13
       7
      14
      14
      10
       9
       9
       8
      11
      11
      10
      11
       8
      11
       9
       6
      18
       5
      11
       6
       8
      16
       5
      10
      17
      11
      12
      11
       8
       5
      11
       2
       5
      10
       4
       8
      14
      10
      15
      16
       4
      13
       4
       9
      14
      19
      16
      11
      13
       9
      11
      10
       7
       8
       6
      10
      15
      12
       9
      16
      13
      16
      12
       9
      12
      13
      12
       9
       8
      14
       6
      12
      12
      16
       8
       5
       7
       7
       7
      13
       5
      11
       7
       5
      16
      13
       6
       9
       9
       9
       6
       9
       6
      11
       7
       9
       9
      11
       8
      17
       8
       9
      13
      13
      12
       5
       4
      11
      17
       9
      14
       8
      11
       5
       6
       7
      11
       9
       8
       9
       4
       9
       9
      11
      12
       7
      10
      11
      17
       8
      10
      10
      13
      17
       9
      10
       9
       9
      11
       9
       5
       7
      10
      10
       8
       7
      10
       6
      11
       8
      11
       9
       9
      10
      19
      14
       7
      11
      11
      12
      10
       2
       9
       6
       7
      11
       6
       6
       7
       9
       7
      10
       2
       8
      10
       9
       6
       6
      12
       7
       3
      11
       7
      13
      14
      12
       7
       7
      14
      14
       7
       5
       9
      11
       7
      13
       7
       7
       6
      12
       5
       7
      11
       4
      10
       9
       4
       8
      10
       7
       7
      12
      14
      12
      12
      12
      11
      14
       9
       9
       9
      16
       4
      14
      12
      10
       8
       6
       6
      14
       9
       7
       6
       8
       7
       6
       6
      12
       6
       5
      11
       9
      11
      14
      10
      10
      15
       8
      17
       4
       7
      10
       8
       8
       7
      14
       6
      10
       2
       9
       8
       7
       6
      12
       6
       6
       8
       8
       6
       9
       8
      11
      14
       6
       8
       5
       2
      15
       6
       6
       6
      13
       6
       9
       5
       7
       7
       5
       7
      17
       9
      14
      12
      15
       6
      12
      14
      11
       9
       8
      10
      15
       9
      12
      10
      14
       6
       9
       9
       7
      13
       8
       8
       7
       5
      12
       9
       7
       6
      12
       5
       8
      10
       8
      10
       7
       8
      10
       8
      10
       8
      13
       8
      13
       4
      13
       7
      11
      12
       9
       7
       8
       5
       4
      12
       7
       8
       8
      11
      10
      11
      11
      12
       7
      10
       2
       7
      13
       8
       7
      15
       8
       4
       7
       3
       8
      15
       6
      11
       9
      11
       7
      11
       9
       8
       5
       6
       7
      10
       8
       4
      11
      12
      12
       7
       9
       5
       6
       9
       8
      10
      11
      12
       5
       7
      14
      18
      15
      10
       6
       4
      13
      10
       9
      13
       7
       8
       7
       8
      12
      10
      10
       9
       5
       9
       7
       8
       8
       6
      11
       7
       6
      16
      15
       8
       1
      10
       9
      12
       8
       7
       8
       6
       4
      10
       8
       7
      10
       9
      10
       5
      10
      12
       8
      12
      12
      17
       3
       9
      12
      12
      12
       4
      12
      10
       7
       7
       5
      11
      16
       8
      11
       3
       7
       7
       5
       9
       7
       8
       9
      10
       8
       6
      10
       5
       9
       7
      10
      10
      10
      11
       8
       7
       3
      11
      11
       6
       7
       8
       3
       8
       8
       9
       6
      10
      12
       9
       5
      11
       4
       6
       7
       9
       7
       5
       9
      10
      10
       7
       8
       6
       9
       8
       9
       7
       6
       4
      10
       7
      10
       5
       9
       9
       6
       2
       7
      13
       9
       8
      11
      12
      13
       4
       7
       5
       9
      12
       8
       4
       6
       8
       7
      14
       8
      12
      11
      11
       9
       5
       6
       8
      13
       9
       7
      12
       7
       8
       4
      12
      18
       8
      12
       8
       4
       7
       5
       7
       3
       6
       3
       6
       7
      10
      10
       8
       6
      10
       8
       8
       7
       8
       8
       7
      13
      11
       9
       6
       5
      10
      13
      13
       4
      10
       6
       6
      11
       6
       7
      11
      10
       3
       5
       7
       6
      12
       9
       7
      12
       6
      13
      11
       2
       5
       8
       5
       9
      10
       7
       6
      13
       9
       3
       4
      11
      12
       9
       7
       8
       5
       6
      12
       8
       7
      10
       8
       6
       8
      13
       7
       6
       8
       7
       5
       6
      10
       8
       8
       6
      13
      13
       4
       7
      12
       4
       8
       7
       8
      10
       9
       8
      11
       6
       2
       9
      11
       7
       5
       7
       6
       6
      10
       7
       7
       5
       9
       7
       8
       9
      12
       6
      10
      13
      11
       6
       9
       4
      16
       6
       5
      10
      12
      10
       3
       9
      10
       6
       8
       6
       9
       7
      14
      11
       5
       8
       7
       6
      11
       5
       9
       6
       7
      10
       7
       4
       6
       3
       9
       7
       5
       7
       8
      11
       8
       4
       9
       8
       5
       9
       4
       6
       9
       8
      13
       5
       5
      14
       7
       7
       5
       7
       6
      14
      10
       4
      11
      13
       7
       6
      12
       3
       7
       3
       5
       8
       4
       5
       8
      11
       5
      12
       7
       7
      11
      19
      14
       7
      10
       4
       7
       7
       7
       8
       7
      11
       9
       7
       8
      11
      10
      11
       4
       4
       5
       8
       6
      10
      15
       9
       7
       6
       5
       7
       4
      11
      10
      13
       8
      15
       7
       7
       9
       6
       7
       8
       3
      11
       7
       9
       9
      12
       5
       7
       6
       6
       7
      10
      10
       9
       7
       8
      13
       7
       5
      10
       2
      12
      10
       9
       6
      10
       7
       5
       7
       7
       9
       5
      11
       7
      11
      11
       6
      10
       9
       7
       3
       5
       7
       4
      10
       6
      12
      11
       6
       7
       2
       9
      14
      11
       5
       4
       6
       7
       9
       5
       7
       9
      10
       6
       9
       4
       8
       3
       6
      13
       4
       7
       5
       9
      12
       7
      10
      18
      11
       9
      10
       5
      12
       6
       6
       8
       7
       8
       9
       6
      10
      10
      10
      11
       6
      10
       7
       6
       8
      13
      11
       7
       6
       9
       7
      10
      10
       5
       8
       8
       3
       8
      14
       3
       6
      13
      13
       6
       8
      13
       8
       5
       7
       6
       5
       7
       9
       9
       6
      11
      12
       7
       9
      11
      11
       4
      11
       9
       8
       9
      10
       8
       5
       6
       4
       8
      11
       9
       5
       5
       7
       7
       6
      13
      11
       8
       8
       9
       6
      10
       4
      11
       8
      10
       6
      10
       6
      13
       8
       9
      10
       8
       7
       7
       6
       6
      12
       7
       9
      11
       9
       4
      13
       6
       8
       8
       9
       6
       9
       9
      10
       3
      13
       8
       7
       9
       7
      10
       7
       8
       6
       8
       6
       6
      11
       8
       6
      11
       7
       7
      10
       9
       6
      10
      16
       7
       7
       5
       5
       5
       8
       6
       6
      13
       4
       4
       7
       7
       5
       5
       5
       5
       3
      12
       6
       4
       9
       4
       6
       5
       5
       7
      11
       5
      11
      11
       4
       8
       5
       4
       8
       1
       7
       5
       5
       8
       7
       5
       9
      10
       8
       9
      10
       4
       4
       6
       6
      10
       8
       8
       8
       3
       6
       5
       4
       5
       7
       9
       7
       3
       6
       8
       6
       9
       5
      11
       8
       7
       3
      12
       9
      13
      10
       8
       4
       6
       8
       6
      13
       7
      11
      12
       5
      12
       5
       7
       8
       9
       8
       8
      13
       8
       5
      10
      10
      10
       6
       7
      10
       4
       6
       8
       9
      11
       7
       3
       8
       7
       7
       5
      12
       7
       8
       6
       7
       5
       6
       8
       4
       6
      11
       5
      14
       6
       7
       8
      11
       9
       6
       3
       8
       8
       5
       6
       8
      10
       5
      11
       9
      11
       7
      12
       7
       6
       7
       4
       7
       8
      10
       8
       8
       7
       9
       8
       4
       7
       6
       8
       3
       6
       4
      12
      11
       5
       9
       8
      10
       8
      10
       6
       5
       4
       8
       6
      10
      15
       6
       4
       6
       6
      11
      10
       8
       8
       6
       8
       7
       5
       7
       3
       5
       7
       5
       6
       5
       8
       6
       5
       7
       7
       6
       8
       8
       4
      10
       6
       7
       7
       5
      13
      10
       5
       8
       5
       8
       7
      10
       2
      10
       7
       6
       9
       5
       8
       6
       3
       7
      13
       5
       6
       7
       8
      11
       8
       6
       9
       3
       5
       7
       6
       4
       1
      12
       8
       5
       6
       3
       7
       5
      16
      10
       8
       5
      10
       4
       7
       4
      11
       8
       5
      11
      10
       6
       7
       3
       5
      11
       7
       7
       7
       5
       4
      10
       9
       8
       9
      11
       2
       9
       4
       6
       3
       6
       5
       8
       7
       6
       3
       8
       8
       6
       8
      14
       8
       3
       7
       7
       6
       5
       8
       7
       7
       5
       9
       7
       5
       4
       7
      12
      13
       5
      13
       7
      13
       5
       9
       7
       3
       7
       7
       8
       6
       3
       7
       8
       3
       3
       2
       7
       7
       9
      12
       4
       7
       6
      11
       1
       2
       4
      11
       4
       7
      11
       8
       7
      10
       5
       6
       6
       4
       8
      10
       6
       7
       9
       6
       8
       7
      11
       8
       7
      10
      10
       6
       4
       3
       6
      12
      15
      11
       4
       8
      14
       9
      10
      13
       4
       9
      11
      13
      10
      12
      15
      10
      15
      14
       8
       9
      14
      12
      12
      15
      14
      12
      16
      10
      17
      14
      16
      17
       8
       4
      14
      13
       9
       3
      12
      19
      13
      14
      13
      11
      12
       9
      10
       9
      15
      10
       6
      10
       8
      10
       2
       5
      12
       9
       9
       6
       9
       3
       3
       9
       8
       8
      11
       5
       3
       5
       8
       4
       7
       6
       3
       8
       7
      10
       9
       7
       6
      11
       3
       3
       5
      11
       5
       4
       4
       9
       7
       3
       5
      10
      11
       8
       5
       7
       6
       4
      11
       9
       6
      11
       6
       8
       4
       9
      13
       6
       6
       6
       7
      10
       9
       3
       6
       7
       6
       7
       6
      10
       4
       4
       4
       6
       7
       8
       8
       4
       4
       6
       6
      11
      11
       4
       4
       9
      13
       4
       7
       8
       6
       8
       9
      15
       4
       5
       5
       9
       9
       5
       1
       7
       5
      10
       4
       4
       7
       6
       5
       4
       9
       6
       7
      10
       5
       5
       4
       3
       5
       6
       4
       3
       5
       3
       6
       9
       4
       4
       8
       5
       6
       7
      10
       2
       5
       7
       7
       5
       9
       6
       5
       6
       7
       6
       8
       7
       7
       6
       4
       3
       8
      10
       6
       6
       6
       8
       6
       2
       3
       3
      10
       3
      10
       8
       8
      10
       4
       7
       9
       8
       4
       9
       9
      12
       3
       4
       3
       7
       5
       2
       3
       7
       6
       5
       5
       9
       9
       5
       3
       7
       7
       7
       7
       7
       6
       6
       8
      10
       6
      11
      10
       8
       8
       9
       5
       7
      11
       5
       7
      10
      10
       8
       7
       7
       8
       5
       8
       9
      11
       5
       7
       8
       8
       5
       6
       3
       4
       7
       7
       6
      10
       8
      11
       3
      10
       6
       2
       7
       2
       6
       8
       5
       5
       9
       8
       5
      12
       8
       5
       2
       6
       6
       7
      10
       6
       4
       5
       5
       9
       7
       5
       5
       7
       2
       3
       3
       2
       6
       5
       6
       8
      14
       3
       5
      15
       7
      12
       7
       7
       2
       4
       5
       6
       6
       9
      10
       7
       7
       6
      11
       3
       8
       6
       5
       8
       9
       5
       8
       3
      12
       5
       8
       8
       8
       7
       8
       5
       5
       6
       5
       8
       6
       6
       2
       7
       4
       6
       4
      10
       2
      11
       7
       5
       9
       5
      10
       4
       4
       6
       8
       8
       8
       2
       7
       5
       3
       7
       6
      10
       6
      10
       9
       6
       6
       3
       4
      14
       6
       8
      13
       4
       4
       7
       5
       7
       5
       4
       5
       6
       4
      10
       3
       3
       5
       5
       3
       6
       3
       6
       6
       5
       5
       6
       6
       8
       9
       7
       3
       8
       4
       9
       6
       5
       9
       5
       4
       9
       7
       6
       5
       3
       6
       8
       8
       5
       8
       3
       5
       6
       4
       9
       4
      11
       6
       8
      10
       2
       6
      10
       7
       5
      12
       2
      11
       7
       7
       8
       7
       9
      12
       8
       4
       6
       7
       8
       2
       5
       2
       7
       7
       5
       4
       6
       7
       6
       3
       5
       6
       6
       4
       9
      13
      10
       6
       4
       6
       7
      10
      11
       8
       4
       5
       5
       7
       5
       6
      10
       6
       5
       8
       7
       8
       6
       4
       4
       7
       5
       7
       4
       4
       9
       6
       5
       3
       8
       4
       6
       4
       6
       5
       7
       3
       3
       6
      12
       3
       9
       6
      11
       6
       8
      11
       8
      10
       4
       3
       6
       4
       9
       8
       4
       5
       3
       5
       2
       6
       8
       7
       7
       4
      12
       5
       7
       7
       7
       9
       6
      11
       3
       5
       2
       9
       1
       4
       7
       5
       5
       8
       8
       6
       5
       5
       4
       3
      13
       6
       4
       1
       6
       7
       6
       2
       8
       4
       8
       9
       6
       3
       2
       8
       5
       7
       5
       3
       6
       9
       8
       8
       7
       8
       8
       6
       5
       8
       9
       3
      13
       9
       5
       8
       5
       8
       9
       7
       8
       5
       7
       4
       4
       7
       5
       3
       5
       2
       5
       7
       6
       4
       5
      10
       6
      11
       9
       5
       5
      12
       4
       3
       5
       2
      11
       8
       5
       2
       5
       2
       1
       5
       6
       7
       6
       4
       4
       7
       7
       3
       6
       2
       6
       6
      11
       9
       8
       3
       4
       8
       3
       3
       7
      11
       5
       2
       9
       5
       5
       6
       4
       4
       6
       9
       7
       5
       4
       3
       6
       3
       5
       6
       7
       5
      12
       6
       8
       5
      11
       2
       3
       6
      13
      13
       9
       7
       6
       7
       5
       6
       8
       4
       9
       4
       4
       3
       4
       6
       4
       1
       3
       5
       2
       4
       6
       6
       6
       4
       4
       7
       7
       7
       5
       3
       7
      10
       7
      10
       5
       4
       3
       8
       5
       8
       5
       6
       7
       6
       6
       4
       4
       3
       8
       3
       6
       4
       3
      12
       9
       7
       6
       8
       3
       9
       6
       9
       9
       4
      15
       5
       6
       6
       3
       8
       9
       5
       5
       1
      10
       5
       4
       7
       4
       8
       5
       9
       2
       7
       8
      10
       6
       3
       6
       9
       3
      16
       8
      12
       7
       9
       6
      10
       9
      13
       5
       7
       4
       7
       7
       3
       6
       3
       9
       8
       7
       5
       3
       9
       5
       6
       8
      11
       5
       8
       6
       5
       4
       2
       8
       4
       3
       1
       5
       7
       6
      10
       8
       6
       9
       4
       4
       9
       9
       6
       6
       9
       4
       6
       5
       9
      10
       5
       5
       4
       2
       2
       2
       3
       7
       4
       6
       6
       5
       6
       3
       4
       6
       8
       7
       4
      11
       8
       2
      10
       3
       3
       6
       9
       7
       4
       8
       7
       6
       4
       6
       6
       5
       6
       4
       4
       2
       5
       4
       7
       3
       7
       3
       9
       4
       6
       0
      11
       7
       5
       5
       5
       4
       4
      11
       5
       6
       5
       7
       7
       5
       5
       4
       1
      10
       3
       7
       3
       3
       5
       4
       6
       8
       8
       7
       4
       3
       7
      11
       3
       8
       4
       3
       7
       9
       6
      14
       7
       6
       3
       6
       7
       2
       5
       3
       4
       5
       4
       6
       3
       6
       4
       6
       3
       7
       5
       7
       7
       5
       7
       6
       6
       4
       4
       7
       2
       4
       7
      10
      10
      11
      11
      10
      18
      11
       8
      16
      21
       8
      26
      15
      13
      14
      16
      15
      15
      17
      11
      10
       9
       6
       7
       6
       4
       9
       7
       5
       8
       8
       5
       7
       6
       2
       8
       4
       5
       2
       9
       3
       4
       8
       1
       4
       6
       5
       6
       3
       9
       1
       3
       7
       9
       2
       2
       8
       6
       5
       6
       5
       3
       3
       4
       3
       8
       4
       6
       0
       5
       5
       5
       6
       2
       7
       3
       6
       5
       3
       4
       4
       5
       8
       6
       7
       5
       5
       7
       6
       5
       7
       9
       5
       2
       4
       9
       3
       6
       4
       4
       3
       6
       3
       4
       3
       4
       1
       8
       3
      10
       6
       6
       3
       9
       6
       7
       2
       1
       6
       6
      10
       3
       4
       9
       6
      10
       5
       5
       6
       3
       6
       6
       2
       7
       7
       4
       5
       6
       5
       3
      13
       4
       5
       3
       8
       6
       5
       3
       1
       7
       4
       6
       4
       5
       7
       3
       6
       5
       7
       5
       5
       8
       7
       4
       5
       2
       1
       3
       3
       3
       1
       1
       4
       6
       3
       6
       5
       6
       3
       4
       5
       4
       5
       3
       7
       3
       5
       2
       6
       4
       7
       4
       8
       8
       6
       5
       7
       5
       8
       6
       2
      11
       6
       5
       6
       4
       5
       3
       1
       7
       5
       6
       5
       2
       4
       5
       2
       8
       8
       9
       6
       3
       7
       3
       5
       3
       2
       4
       5
       5
       3
       4
       3
       3
       2
       4
       6
       1
       7
       7
       6
       2
       1
       2
       5
       9
       9
       4
       3
       6
       7
       1
       3
       7
       6
       7
       7
       7
       3
       1
       4
      10
       7
       7
       4
       8
       6
       5
       0
       4
       6
       4
      11
       8
       8
       4
       5
       5
       3
       8
       8
       2
       7
       3
       4
       4
       7
       4
       3
       1
       9
       5
       4
       5
       4
       6
       5
       5
       4
       2
       5
       7
       2
       3
       2
       5
       7
       4
       2
      11
       5
       8
       1
       4
       5
       5
       3
       8
       2
       6
       3
       5
       4
       6
       2
       2
       4
       5
       3
       5
       6
       8
       5
       4
       6
       6
       5
       5
       4
       8
       5
      10
       5
       5
       4
       8
       4
       3
       6
      10
      11
      19
       6
      23
      17
      19
      18
      28
      26
      20
      24
      22
      25
      26
      18
      12
      16
      15
      14
      16
      12
      12
       9
      15
       9
      11
       7
       6
       7
       6
       4
       4
       7
       5
       9
       3
       3
       2
       8
       4
       8
       3
       4
       5
       5
       2
       2
       3
       3
       5
       5
       6
       2
       4
       4
       6
       4
       8
       4
       7
       5
       4
       4
       7
       4
$ENER_FIT:
0.000000 0.075000
$PRESETS:
Live Time (sec)
3600
0
$RT:
3614.139900
$DT:
14139
$ISO_DECL_U:
SMPLNAM: IDB-1006
SEPDATE: 01/01/1900 00:00:00
U234: 0.0123 
DU234: Unknown
U235: 2.013 
DU235: Unknown
U236: 0.0164 
DU236: Unknown
U238: 97.959 
DU238: Unknown
$ADC:
8192
0
8191