$APPLICATION_ID:
IDB v.1.0
$SPEC_REM:
Material type: U
Material form: powder
Material compound: U3O8
U isotopics:
234U 0.1229
235U 19.811
236U 0.2103
238U 79.856
Detector: HPGe (Geometry: BEGe, Size: Falcon 5000)
MCA: Integrated MCA
$DATE_MEA:
02/18/2011 14:01:00
$MEAS_TIM:
1200 1215
$DATA:
0 8191
       0
       0
       0
       0
       0
       0
       0
       0
       0
       0
       0
       0
       0
       0
       0
       0
       0
       0
       0
       0
       0
       0
       0
       0
       0
       0
       0
       0
       0
       0
       0
       0
       0
       0
       0
       2
       0
       0
       0
       0
       0
       2
       3
      63
     102
     132
     124
     179
     188
     148
     173
     188
     190
     204
     212
     199
     199
     165
     176
     166
     201
     156
     200
     173
     207
     186
     192
     156
     160
     149
     191
     151
     172
     162
     159
     175
     142
     159
     163
     159
     145
     155
     133
     144
     158
     163
     152
     140
     148
     147
     151
     177
     151
     139
     143
     142
     155
     150
     143
     133
     138
     139
     148
     140
     133
     122
     144
     153
     144
     142
     143
     161
     119
     138
     140
     138
     138
     132
     127
     120
     148
     142
     130
     133
     137
     122
     125
     135
     140
     117
     131
     118
     121
     122
     148
     127
     142
     116
     107
     127
     124
     129
      97
     130
     143
     138
     128
     126
     118
     125
     112
     116
     121
     116
     118
     113
     125
     115
     132
     135
     119
     115
     137
     117
     121
     114
     121
     127
     119
     108
     108
     111
     106
     128
     129
     121
     119
     108
     134
     122
     127
     114
     101
     114
     103
     104
     114
     115
     114
     120
     118
     105
     107
     109
     113
     101
     113
      96
     102
     101
     103
     112
     101
      92
     132
     118
     117
     113
     122
     123
     129
     125
     131
     119
     112
      92
     124
     132
     122
     116
     115
     109
     119
     112
     138
     120
      86
     115
     103
     123
     107
     111
      97
      96
     103
     128
     106
     110
     116
      93
     118
     119
     112
     113
     102
     115
     117
     118
     122
     105
     131
     135
     111
      99
     123
     108
     112
     115
     102
     121
     116
     109
     117
     148
     107
     120
      94
     117
     114
     123
      98
     103
     114
      99
     121
     107
      95
     103
     100
     115
     118
     105
     117
     104
     112
     122
     119
     123
      95
     133
     119
     129
     156
     155
     146
     160
     146
     164
     143
     138
     149
     140
     138
     110
     143
     100
     123
     103
      98
      95
      92
     118
      93
     105
     100
     107
     120
     139
     107
     102
     127
     102
      89
      92
     117
     111
     115
     110
     111
     109
     112
     107
     109
     119
     120
     115
     121
     129
     121
     124
     136
     121
     146
     145
     145
     137
     125
     121
     125
     130
     105
      92
      99
     100
     101
     107
      94
      91
      95
      77
      84
      91
     129
     109
      86
      97
      68
      91
     103
      89
      99
      92
     103
      88
     110
     104
     106
      85
     119
     104
     103
      95
      90
      89
      92
     107
      93
      96
      92
      94
     107
      95
      96
     100
      96
     103
     103
      90
     121
     100
      98
      92
      90
      90
      84
      84
      92
      97
     101
      97
     112
      76
      99
     116
      87
     102
     116
     125
     123
     183
     162
     207
     180
     275
     280
     324
     323
     338
     343
     382
     344
     313
     366
     311
     233
     235
     189
     160
     150
      98
     113
      90
     100
      86
      83
     101
      78
      92
      95
      87
     100
      91
      83
      82
      89
      64
      81
      76
      71
      85
      92
      80
      89
     109
      84
      75
      83
      88
      89
      70
      88
      80
      77
     106
      73
      75
      84
      77
      87
     117
     113
     144
     160
     157
     147
     186
     172
     147
     152
     161
     136
     141
     109
     126
     104
     117
      96
     121
     101
     108
      87
      76
      91
      81
      77
      81
      96
      86
      75
      58
      71
      70
      83
      71
      74
      93
      76
      76
      83
      75
      72
      87
      78
      79
      61
      76
      89
     104
      81
      66
      56
      73
      69
      58
      68
      75
      74
      69
      49
      79
      85
      75
      75
      72
      74
      73
      90
      66
      71
      66
      72
      82
      65
      80
      72
      86
      75
     104
      92
      72
      86
      77
      54
      68
      73
      74
      58
      79
      73
      83
      72
      76
      83
      67
      84
      93
      73
      69
      76
      78
      69
      74
      69
      85
      79
      71
      83
      61
      74
      75
      73
      72
      77
      75
      81
      81
      70
      74
      75
      72
      51
      66
      69
      73
      74
      81
      82
      66
      77
      62
      59
      76
      71
      67
      86
      69
      66
      81
      70
      63
      81
      90
      71
      92
      68
      74
      78
      76
      75
      67
      81
      70
      73
      60
      85
      72
      89
      77
      70
      75
      91
      79
      83
      98
      82
      79
      88
      69
      69
      83
      62
      59
      86
      96
      96
      66
      92
      82
      72
      59
      78
      77
      76
      75
      86
     103
      76
      99
      96
      79
      72
      73
      88
      78
      87
      89
      88
     101
      70
      92
      69
      70
      83
      85
      74
      77
      98
      76
      86
     100
      83
      93
      67
      78
      95
      92
      79
      76
      97
     103
      88
     103
     100
     100
      96
     147
     156
     178
     189
     194
     211
     200
     235
     206
     194
     141
     146
     124
     142
     101
      98
      87
      87
      84
      97
      70
      76
      82
      82
      82
      91
      78
      67
      84
      75
      76
      83
      72
      90
      95
      84
      93
      80
      96
      93
      78
      84
      67
      84
      89
      69
      86
      78
      79
     105
      84
      85
      93
      96
      85
      95
      97
      99
      94
      85
      88
      91
      86
      78
      83
      90
      96
     104
     119
     106
     105
      95
     107
     111
     118
     127
     150
     113
     129
     133
     125
     113
     107
     118
      87
     100
     111
      93
      86
      93
     116
     100
      95
     107
     109
     107
     103
      91
      97
     106
      89
     103
      95
      80
      90
      92
     103
      88
      85
      89
     120
      98
      99
     111
     108
     102
      99
      94
     113
     106
     106
     113
     108
     114
      99
     125
     109
     112
     103
     133
     140
     136
     156
     189
     185
     258
     251
     298
     341
     300
     329
     371
     325
     271
     268
     223
     223
     193
     164
     129
     123
     123
     121
     117
     118
     122
     108
     105
     129
     112
     119
     110
     115
     128
     104
     105
     118
     103
     133
     125
     122
     105
     146
     135
     128
     123
     120
     131
     114
     111
     121
     127
     120
     118
     115
     122
     153
     134
     128
     142
     129
     144
     130
     139
     131
     151
     109
     131
     131
     129
     138
     148
     147
     141
     159
     144
     144
     147
     147
     142
     131
     155
     143
     128
     152
     144
     152
     144
     142
     140
     170
     160
     143
     159
     146
     145
     174
     145
     161
     151
     138
     141
     158
     159
     144
     171
     138
     167
     165
     168
     153
     140
     156
     158
     190
     178
     165
     168
     135
     168
     168
     164
     195
     179
     168
     190
     185
     177
     184
     202
     224
     201
     207
     223
     257
     199
     249
     258
     245
     215
     227
     216
     220
     212
     206
     205
     179
     194
     224
     178
     211
     212
     224
     181
     211
     217
     181
     203
     227
     243
     201
     252
     242
     265
     221
     256
     252
     258
     236
     233
     234
     236
     220
     205
     207
     179
     197
     175
     192
     176
     204
     172
     189
     206
     167
     184
     180
     210
     213
     188
     211
     199
     185
     213
     187
     188
     182
     187
     215
     198
     182
     220
     212
     193
     180
     213
     183
     186
     182
     189
     179
     209
     178
     181
     168
     170
     179
     173
     163
     157
     177
     177
     188
     185
     190
     171
     176
     181
     193
     156
     173
     186
     165
     174
     204
     199
     164
     176
     160
     190
     184
     190
     216
     218
     252
     261
     303
     318
     328
     316
     317
     308
     337
     338
     309
     276
     265
     272
     260
     257
     235
     270
     238
     253
     239
     214
     175
     210
     214
     184
     191
     195
     203
     180
     183
     183
     230
     244
     251
     328
     376
     442
     509
     622
     817
    1036
    1080
    1278
    1328
    1329
    1379
    1222
    1146
    1074
     825
     674
     548
     457
     362
     308
     243
     238
     184
     173
     159
     171
     167
     201
     143
     167
     169
     137
     155
     154
     165
     161
     179
     167
     161
     158
     162
     167
     156
     168
     187
     155
     198
     173
     186
     177
     185
     171
     169
     189
     173
     173
     173
     178
     179
     216
     181
     150
     191
     152
     166
     168
     172
     150
     188
     174
     188
     179
     186
     210
     230
     249
     295
     276
     382
     440
     540
     583
     703
     779
     822
     844
     896
     798
     803
     715
     648
     520
     421
     416
     316
     297
     249
     224
     192
     187
     163
     159
     165
     163
     193
     162
     200
     206
     220
     256
     328
     346
     386
     433
     549
     579
     647
     694
     706
     810
     808
     861
     944
     908
     967
     952
    1077
    1132
    1109
    1181
    1193
    1150
    1106
    1033
     936
     815
     779
     677
     702
     698
     741
     790
     961
    1069
    1206
    1367
    1487
    1614
    1646
    1548
    1565
    1353
    1202
     997
     903
     773
     636
     562
     455
     386
     365
     328
     298
     312
     314
     299
     305
     275
     249
     268
     233
     228
     198
     178
     183
     171
     142
     182
     154
     168
     170
     176
     159
     179
     212
     262
     293
     329
     444
     579
     785
     952
    1191
    1529
    1785
    2064
    2268
    2422
    2595
    2568
    2609
    2306
    2080
    1857
    1486
    1309
    1037
     785
     568
     464
     412
     328
     247
     203
     193
     160
     166
     146
     151
     137
     146
     126
     111
     125
     116
     112
     114
     114
     113
     110
     120
     123
     113
     116
      99
     118
      93
     121
     123
     117
      99
     125
     130
     146
     174
     175
     160
     197
     212
     206
     211
     212
     193
     197
     162
     155
     138
     108
     125
     103
     101
     100
     110
     130
     116
      95
     104
     107
     114
     120
     107
     113
     128
     128
     119
     137
     155
     143
     178
     178
     236
     247
     240
     246
     256
     273
     272
     326
     318
     330
     330
     325
     369
     337
     390
     388
     350
     343
     259
     270
     239
     212
     200
     196
     162
     143
     133
     146
     142
     124
     141
     119
     133
     122
     142
     141
     141
     126
     150
     142
     146
     174
     147
     155
     163
     204
     175
     178
     213
     221
     295
     261
     331
     340
     344
     392
     412
     492
     445
     494
     522
     584
     502
     532
     519
     456
     447
     382
     376
     342
     323
     349
     346
     375
     364
     425
     508
     513
     517
     530
     554
     608
     588
     652
     626
     712
     730
     778
     770
     815
     850
     845
     810
     810
     678
     615
     515
     445
     389
     310
     298
     275
     236
     188
     184
     181
     193
     165
     171
     215
     188
     169
     184
     165
     179
     162
     187
     147
     154
     152
     148
     164
     166
     197
     191
     212
     259
     273
     309
     322
     376
     408
     342
     405
     407
     418
     375
     336
     352
     313
     274
     293
     244
     232
     216
     186
     223
     205
     182
     192
     134
     142
     124
     128
     129
     109
     127
     114
     109
     116
     107
     123
     115
     105
     110
     116
     123
     117
     126
     109
     107
     113
     110
     115
     116
     109
      96
     124
      96
     104
      99
     102
     107
     118
     111
      92
     115
     126
     100
     107
     106
     103
     102
     110
      98
     113
     108
     111
     107
     126
      91
     108
     117
     117
     104
     126
     121
     114
     117
     132
     131
     129
     158
     121
     175
     170
     168
     178
     163
     145
     178
     170
     146
     149
     141
     144
     121
     124
     107
     109
     114
      96
     116
     110
     119
     111
     107
     106
     101
      98
     106
     102
     101
     130
     104
     113
     101
     117
      91
     127
      99
     102
     114
      93
      83
     129
     101
     106
     108
     106
      93
     102
     103
     109
     107
     109
      91
      97
     120
     124
     104
     118
     125
      99
      98
      94
     118
     110
      79
     107
     107
      98
     114
     121
     104
     100
      99
     101
      96
      98
      88
     107
     101
     100
      94
      99
      93
     108
      89
     105
      93
      97
      99
     102
      87
     101
     119
     101
     119
      99
     104
     110
     105
      96
      96
     106
      97
      92
     102
      99
     108
      94
      94
      99
      99
      96
      87
      78
      96
      92
     103
      97
      92
      72
      99
      97
      93
      82
      81
      90
      88
      92
      99
      76
     107
      66
     114
      86
      92
      74
     115
      76
      98
      96
      77
     110
      94
      95
      91
      81
      93
      96
      92
      86
      76
      96
      99
      97
      90
      80
      83
      98
      81
     107
      95
     103
      94
     100
      90
      85
      74
      95
     113
      82
      84
      83
      77
      93
      77
      93
      78
      86
      86
      82
      88
      72
      95
      78
      95
      86
      78
      93
      95
      90
      67
      93
      86
      91
      79
      89
      80
      98
      92
      79
      95
      84
      87
      93
      88
      88
      89
      94
      82
      91
      87
      91
      90
      84
      88
      94
      79
      90
      92
      70
      87
      78
      62
      72
      68
      76
      88
      83
      88
      77
      82
      71
      65
      91
      94
      84
      61
      65
      74
      91
      93
      77
      91
      83
      88
      66
      84
      73
      86
      67
      61
      68
      87
      83
      78
      78
      66
      88
      83
      64
     103
      93
     100
      76
     100
      71
      87
     105
     111
      91
      90
      99
      92
      94
      85
      91
      86
      93
      89
      66
      69
      89
      80
      70
      72
      69
     100
      79
      76
      89
      66
      79
      81
      93
      78
      99
     113
     147
     216
     240
     357
     439
     554
     684
     953
    1073
    1238
    1392
    1511
    1678
    1606
    1538
    1500
    1278
    1055
     911
     745
     594
     462
     319
     265
     178
     152
     105
      78
      82
      89
      62
      57
      72
      63
      76
      67
      72
      66
      72
      66
      76
      69
      68
      71
      77
      68
      72
      54
      92
      65
      66
      52
      71
      74
      77
      52
      80
      75
      67
      58
      57
      69
      70
      75
      71
      59
      61
      64
      49
      67
      56
      76
      64
      63
      63
      61
      77
      71
      66
      63
      78
      57
      50
      66
      57
      55
      63
      66
      69
      66
      66
      68
      70
      67
      65
      62
      77
      47
      55
      70
      69
      64
      67
      75
      68
      89
      64
      63
      80
      96
      72
      59
      60
      49
      68
      68
      61
      59
      63
      60
      72
      62
      68
      58
      58
      45
      67
      74
      58
      76
      67
      61
      57
      61
      63
      56
      63
      60
      68
      79
      62
      59
      59
      57
      53
      57
      60
      58
      62
      64
      58
      59
      49
      57
      55
      63
      76
      59
      55
      58
      50
      60
      61
      56
      54
      75
      66
      51
      65
      56
      55
      69
      65
      60
      54
      72
      58
      57
      65
      50
      55
      51
      60
      59
      69
      63
      50
      64
      59
      62
      72
      62
      52
      58
      64
      60
      64
      60
      60
      56
      66
      74
      64
      57
      68
      55
      59
      68
      54
      56
      61
      76
      56
      74
      53
      59
      62
      70
      54
      55
      58
      55
      64
      66
      51
      59
      70
      56
      69
      59
      69
      62
      47
      65
      69
      57
      52
      56
      57
      63
      67
      51
      64
      50
      48
      85
      58
      62
      49
      49
      52
      57
      60
      63
      70
      57
      52
      75
      54
      74
      90
     100
     125
     146
     166
     230
     312
     387
     453
     571
     618
     756
     788
     821
     837
     881
     799
     725
     675
     546
     455
     389
     300
     249
     169
     156
     102
     110
      85
      73
      55
      49
      78
      57
      71
      70
      46
      48
      60
      64
      53
      64
      61
      53
      77
      58
      55
      58
      59
      63
      54
      50
      60
      49
      64
      64
      65
      54
      63
      62
      60
      46
      57
      48
      49
      61
      53
      48
      71
      65
      64
      66
      57
      46
      54
      47
      54
      56
      55
      56
      53
      61
      51
      52
      54
      53
      50
      52
      58
      52
      52
      58
      70
      51
      51
      58
      67
      64
      55
      57
      49
      59
      53
      56
      55
      54
      54
      63
      54
      74
      51
      65
      54
      52
      56
      53
      50
      63
      57
      60
      61
      61
      45
      62
      56
      55
      54
      55
      68
      53
      51
      47
      54
      57
      64
      57
      68
      46
      55
      63
      58
      53
      66
      78
      81
      51
      61
      52
      52
      69
      48
      47
      55
      62
      59
      56
      53
      56
      61
      56
      53
      59
      69
      51
      56
      50
      59
      59
      68
      49
      56
      50
      53
      59
      54
      58
      62
      48
      57
      60
      58
      56
      40
      50
      73
      55
      65
      46
      58
      58
      59
      52
      67
      50
      58
      68
      57
      73
      61
      69
      54
      59
      68
      53
      61
      53
      57
      45
      63
      48
      71
      53
      56
      56
      41
      51
      52
      52
      50
      59
      56
      46
      73
      59
      67
      58
      61
      55
      46
      44
      60
      58
      56
      55
      59
      52
      55
      76
      56
      53
      51
      53
      49
      54
      59
      61
      54
      59
      61
      53
      50
      51
      48
      53
      46
      60
      51
      49
      75
      69
      78
      72
      78
      88
      92
      83
      92
     101
      93
     118
     119
     118
     101
     129
     112
      92
      93
      95
      85
      97
      89
      63
      83
      56
      49
      64
      53
      68
      71
      68
      67
      54
      61
      68
      76
     103
     138
     200
     287
     442
     652
     956
    1358
    1930
    2689
    3585
    4504
    5492
    6571
    7712
    8430
    9261
    9461
    9463
    9113
    8578
    7561
    6478
    5531
    4458
    3469
    2569
    1851
    1309
     907
     545
     351
     230
     155
      77
      66
      43
      29
      21
      28
      20
      15
      16
      20
      13
      17
      11
      23
      21
      26
      27
      18
      19
      27
      21
      25
      25
      19
      22
      22
      15
      24
      25
      20
      20
      21
      19
      19
      17
      22
      13
      15
      28
      24
      15
      10
      29
      15
      24
      14
      20
      17
      20
      13
      18
      17
      23
      22
      25
      18
      25
      14
      19
      31
      20
      23
      17
      16
      21
      24
      19
      22
      18
      22
      21
      24
      19
      24
      18
      12
      15
      20
      13
      10
      17
      20
      16
      19
      22
      19
      13
      24
      21
      20
      21
      23
      20
      25
      25
      34
      22
      43
      48
      46
      68
      78
     108
      84
      91
     146
     113
     120
     118
     105
      93
      98
      82
      73
      46
      40
      39
      31
      33
      22
      25
      25
      25
      11
      12
      14
      13
      14
      19
      14
      11
      15
      13
      16
       9
      18
      16
       9
      16
      16
      16
      14
      15
      18
      13
      23
      16
      15
      19
      17
      12
      31
      20
      12
      19
      21
      25
      32
      18
      24
      24
      29
      30
      19
      20
      20
      16
      22
      13
      21
      13
      22
      15
      13
      26
      16
      13
      14
      29
      27
      22
      19
       9
      15
      17
      25
      24
      19
      20
      40
      22
      34
      43
      45
      81
     103
     109
     126
     154
     163
     166
     200
     206
     174
     198
     172
     178
     139
     125
     100
      67
      72
      49
      48
      38
      26
      19
      14
      21
      22
      22
      14
      18
      15
      15
      15
      30
      17
      26
      29
      24
      62
      61
      88
     116
     178
     209
     271
     377
     446
     558
     596
     729
     762
     831
     916
     795
     743
     740
     647
     550
     456
     395
     336
     213
     174
     123
      90
      54
      56
      25
      19
      17
      19
      18
      14
      13
      10
      13
      11
      11
      17
       9
      10
       8
      16
       9
      15
      13
      13
      10
      14
       8
      20
      12
      10
       7
       4
      15
       9
      10
      13
      16
      14
      13
      17
      15
      17
      14
      13
      14
      10
       9
      14
      11
       9
       9
       9
       5
       9
      15
      12
      10
      12
       9
      15
      14
       5
      10
      16
       5
      11
      12
      11
      10
      11
      11
       7
      10
       9
       7
       9
      18
      12
       9
      10
      10
       4
      13
       9
       9
      12
       8
      17
      13
       9
      11
       8
       9
       7
      14
      10
      13
      10
      14
       5
       8
       6
       5
      15
      15
      25
      15
      16
      19
      21
      12
      14
      11
       7
      10
      17
       8
      12
      13
      16
      28
      18
      11
      18
      14
      21
      16
      18
      14
      10
      14
      15
      13
      14
      20
      11
       9
      16
      10
      15
       9
      12
      13
      12
      13
      11
       8
       9
      11
      13
      13
      15
      18
      17
      16
      15
      23
      18
      16
      15
      13
      22
      20
      14
      18
      14
      13
      15
      11
      13
      11
      12
      11
      18
      15
      11
      19
      11
      10
      14
       7
       6
       5
      14
      12
      11
      11
       8
      15
      13
      11
      20
      14
      19
      16
      22
      12
      21
      20
      26
      31
      27
      34
      28
      33
      23
      35
      22
      21
      29
      20
      17
      14
      11
      14
      18
      15
      13
      10
      11
      14
       9
      10
       8
      12
       6
      10
      16
       9
       9
       9
      15
      10
      13
       9
       4
      19
       9
      13
       6
      13
       8
      14
       7
      12
      13
      16
      13
      10
      20
       9
      13
      14
       9
       8
       7
       7
      15
      17
       9
      10
      16
       8
      12
       9
       8
      16
       8
       9
       6
      12
       9
      16
      11
      14
      12
      10
      16
      13
      11
      14
      13
      10
      16
      12
      12
      15
      12
       7
       8
       6
      11
      15
      10
      14
      12
      10
      12
       9
       9
       1
      12
      13
      14
      14
      13
      13
      14
      15
       8
       5
       7
       7
      10
       5
      11
      10
       9
       4
      11
       5
      14
      12
       8
      13
      10
      10
      13
      11
      14
      11
      12
      14
       7
       4
       9
      13
       8
      13
      11
      16
      10
      16
      14
       1
       9
       7
       8
      11
       5
       9
       6
      12
       7
      17
      15
      14
       7
       8
       9
      13
      13
      10
       5
      19
      16
      20
      17
      22
      16
      23
      10
      11
       6
      11
      13
       7
      16
      12
      11
       4
       8
      13
       7
      10
      11
       7
      10
      14
       8
      11
      11
      13
      10
       8
       6
      10
      17
      10
      14
      16
      10
      15
      10
      15
      13
       6
       8
      17
      11
       9
      18
      10
       9
       9
       9
      13
      11
      13
      10
      18
      15
       7
      14
       7
      15
      11
      16
      15
      13
      23
      16
      20
      20
      24
      23
      18
      16
      25
      16
      16
      14
      16
      12
      13
       7
      12
      11
       4
       9
       9
      13
      11
      14
      16
       9
       8
      22
      13
      15
      25
      18
      16
      23
      23
      23
      21
      18
      17
      12
      14
      13
      20
      11
      14
      15
      11
       9
      15
       4
      14
      10
      11
       8
       5
       8
       4
       6
       6
       8
       8
       8
       5
      13
      13
      11
       8
       8
      11
       8
      11
      10
       7
       7
       8
       6
       5
      10
      14
       9
       8
       7
      10
       6
      10
       7
       9
      12
      10
      10
       6
      11
       7
      12
      17
       9
       6
       3
      11
      10
       7
       7
       9
       9
      12
      10
       7
       7
      23
      15
      21
      14
      17
      14
       8
      14
      14
      11
      16
      14
      12
      15
       9
      11
      14
      12
      16
       7
      15
       3
       6
      10
      12
       7
      10
       7
       9
      14
       3
       9
      13
       4
      13
       7
      13
       8
       9
      12
       9
       6
       9
      10
       9
      15
       9
      11
       9
       5
      11
       5
       8
       9
      12
      11
      12
       9
       8
      10
       9
       5
       8
      15
      15
      16
      10
       5
       7
       4
      11
       6
      10
      13
       8
       8
       6
       9
       7
       5
      10
      12
      12
      10
       9
       7
       6
      13
       6
       8
       7
       9
       7
      10
      11
       6
       9
       8
       9
       7
       6
       5
       8
       5
      10
       5
      11
      10
      10
       5
       6
       6
       8
      11
      12
       6
       8
       9
       3
       8
      12
       9
       8
      14
       9
      12
      10
      14
       9
       8
       5
      10
      11
       6
       4
       7
      11
      10
       9
      11
       9
       6
      14
      14
      10
       8
       9
      12
       7
       9
       7
      12
      12
      15
      12
      13
      14
      17
      21
      13
      23
      20
      13
      22
      11
      12
      15
      10
      10
       5
       7
       6
      11
      15
       9
      13
       3
      10
      11
      10
       8
      13
      14
      12
       4
      11
      17
       7
       6
       8
       7
      11
       6
       7
       8
       8
       8
       6
      13
      14
      10
       4
       6
       4
       4
       9
       4
       6
       9
       4
      11
       6
       8
       9
       8
       8
       9
       2
      11
       7
       8
       4
       6
      10
       6
       7
       8
      10
       5
       8
       5
       6
       8
       6
       8
       9
       9
       9
      13
       3
       6
      11
       7
       6
       8
       6
       7
       3
       9
       9
       8
       4
       5
      10
       4
       9
      11
       8
       5
       9
      10
      12
       9
       9
       6
      10
       5
       7
       7
       8
       6
       6
      10
       3
       3
       8
       4
      11
      10
       9
       9
      11
       7
      12
       7
       7
       5
       5
       7
       6
      13
      11
       6
       5
       9
       8
       5
       7
      14
       7
       7
       6
      19
       6
       5
      10
      13
      10
       7
       6
      11
       9
      10
      12
      14
       6
      12
      11
       9
      10
       8
      12
      10
       6
       6
       6
       7
       6
       9
      12
       3
      11
       9
       4
      16
       6
       8
       8
       7
       5
       2
       8
       6
       8
       7
      12
       4
       7
       6
       6
       6
      12
       4
       6
      11
       7
       9
       4
       5
       9
       4
      10
       5
       7
       8
       5
      10
      10
       8
       5
      10
       5
      11
       5
      11
       9
      10
       9
       6
       8
      10
      10
      13
      15
      14
      15
      12
       9
       6
      16
      15
      15
      14
       5
      12
      13
       9
       8
       7
      12
       8
       6
       8
       7
       8
       9
       7
       7
       4
      10
       9
       5
       6
      12
       4
       3
       6
       8
       6
       9
       5
       9
      12
       9
       7
      10
       5
      11
      13
       8
       8
      11
      13
      12
      12
      13
      13
       8
      14
      10
       8
       8
      12
       7
       9
       6
       9
      11
      11
       6
       9
       9
       7
       2
       8
       9
       2
       7
       8
       8
       6
       8
      10
       4
       4
       8
       8
       5
       5
      10
       6
       7
       8
       3
       8
       7
       8
       5
       9
       6
       4
      12
       8
      12
      13
       7
       5
      11
       5
       5
       5
       9
       7
       7
       5
      10
      11
       7
      10
      11
      11
      12
       3
      12
       8
       5
       6
       8
       6
       6
       8
       1
      10
       6
      11
      11
       6
       7
      10
      10
      10
       5
       5
       9
       5
       2
       3
       5
       9
       4
       7
      10
       4
       7
       5
       8
       8
       3
       7
       7
       7
       4
       4
       7
       3
       6
       7
       8
      14
       6
      10
       9
       8
       5
       6
       6
       7
       6
       8
       5
       5
       1
       4
       6
       8
       5
       8
       5
       8
       4
       7
       7
       7
       9
      11
       8
       0
       4
      11
       9
       5
       9
       8
       4
      13
       7
       7
       8
       8
      10
       5
       6
       5
      10
       9
       8
       6
       6
       6
      14
      10
      17
       8
      13
      11
       9
      10
      12
      10
       3
       6
      11
       5
       5
       2
       7
       5
       7
       5
       5
       6
       3
       5
       6
       9
       5
       3
       6
       6
       6
       4
      13
      13
       8
       8
       5
       4
       7
       6
      10
       4
      11
       8
       7
       5
      13
      10
      13
       6
       9
      10
      13
      11
      10
      13
      16
       7
       5
       7
       6
       5
       3
       4
      10
       4
       5
      13
       9
       5
      11
       7
       5
       8
       4
       8
       7
       4
       8
      10
       4
       4
       8
       6
       6
       7
       9
       3
       4
       9
       6
       7
       5
       7
       2
       6
       4
       6
       1
       9
       8
       5
       7
       6
       6
       6
       7
       7
       7
       6
       7
       6
       1
       7
      10
      10
       9
       7
      20
       7
       6
       4
      12
      12
       7
       9
       6
       3
       6
      11
       4
       3
      10
       4
       9
      13
       3
       5
       4
       5
       9
       8
      11
       6
       4
       5
       7
       4
       6
       9
       5
       5
       3
       9
       6
       4
       5
      10
       7
       7
       4
       4
      13
      12
       7
       4
       6
       9
       4
       4
       7
       7
       0
       6
       7
       4
      11
       4
       4
       3
       0
       7
       7
       6
       4
       6
      11
       9
       8
       3
       8
       6
       6
       6
       9
       6
       6
       3
       6
       4
       5
       9
       5
       6
       3
       4
       5
       5
       8
       6
       3
       2
       6
       6
       2
       4
       7
       7
       3
      10
       3
       8
       7
       5
       6
       7
       4
       1
       7
       5
       7
       5
       6
       1
       8
      12
       2
       4
       9
       6
       2
       2
       5
       9
       3
       4
       4
       1
      10
       4
       4
       9
       5
       5
       6
       5
       1
       9
       8
       1
       4
       9
       5
       2
       8
       6
       6
       9
       6
       2
       3
       6
       6
       7
       8
       7
       3
       8
       6
       8
       8
       5
       7
       3
       8
       9
       3
      12
       5
       7
       6
       3
       4
       4
       5
       4
       4
       5
       6
       5
       7
       9
       4
       9
      11
       4
       3
       4
       7
       4
       5
       3
       8
       4
       2
       8
       8
       6
       5
       5
       5
       9
       3
       8
       1
       4
       7
       2
       3
       5
       3
       8
       9
       6
       7
       1
       6
       5
       4
      11
       5
       3
       4
       4
       6
       4
       6
      12
       4
       4
       6
       8
       7
       4
       2
       8
       4
       6
       4
       6
       6
       4
       7
       5
       5
       1
       8
       8
       5
       2
       7
       6
       4
       3
       3
       6
       0
       6
       3
      11
       7
       7
       8
       2
       2
       4
       7
       6
       5
       3
       4
       7
       3
       2
       7
       5
       4
       8
       5
       6
       5
       2
       4
       5
       2
       7
       2
       3
       4
      11
       6
       7
       9
      10
       4
       5
       2
       2
       4
       4
       2
       2
       1
       5
       8
      10
       3
       4
      13
       2
       4
       4
       2
       7
       3
       7
       8
       5
       5
       5
       3
       3
       5
       5
       4
       4
       5
       5
       4
       4
       7
       5
       7
       4
       5
       5
       8
       7
       7
       3
       3
       7
       6
       7
       4
       3
       6
       5
       3
       6
       3
       7
       2
       3
       7
       4
       7
       7
       8
       5
       6
       4
       3
       3
       5
       5
       8
       6
       6
       5
       6
       3
       5
       7
       4
       5
       4
       1
       5
       4
       4
       5
       8
      10
       5
       6
       6
       5
       5
       4
       4
      10
       3
       4
       4
       7
      11
       4
       4
       8
       9
       8
       5
       8
       3
       4
       3
       3
       3
       2
       5
       6
       3
       4
       7
       4
       4
       3
       2
       7
       4
       4
       4
       4
       4
       8
       6
       7
       5
       3
       6
       5
       1
       6
       4
       3
       5
       5
       6
       3
       4
       4
       1
       6
       4
       7
       8
       3
       6
       6
       5
       7
       4
       3
       5
       3
       5
       3
       4
       4
       1
       5
       6
       7
       3
       4
       5
       3
       1
       4
       7
       3
       5
       6
       8
       3
       9
       5
       6
       4
       1
       5
       4
       2
       5
       5
       2
       7
       9
       5
      10
       3
       4
       7
       4
       3
       5
       5
       3
       2
       5
       8
       7
       3
       5
       7
       5
       5
       5
       5
       5
       7
       8
       5
       4
       9
       5
       4
       4
       2
       7
       4
       4
       7
       4
       2
       4
       6
       5
       7
       3
       4
       3
       3
      10
       7
       6
       5
       5
       8
       9
       6
       5
       4
       4
       7
       8
       6
       6
       2
       3
       6
       3
       4
       5
       3
       6
       1
       6
       6
       3
       8
       3
       2
       4
       7
       4
       3
       4
       4
       5
       8
       2
       9
       1
       6
       5
       5
       4
       4
       9
       1
       2
       5
       5
       7
       3
       3
       7
       4
       6
       4
       8
       9
       7
       7
       5
       3
       4
       6
       6
       2
       5
       6
       8
      12
       8
       9
       8
       7
      12
       7
      17
       8
       8
      14
       7
       3
       6
       4
       9
       3
       5
       2
       5
       2
       6
       7
       6
       3
       4
       4
       2
       7
       9
       2
       2
       4
       2
       2
       3
       3
       8
       5
       6
       7
       4
       5
       3
       4
       9
       7
       4
       1
      11
       2
       2
       3
       4
       3
       3
       2
       6
       1
       1
       4
       7
       4
       4
       2
       5
       3
       5
       5
       7
       8
       9
       3
       7
       8
       6
       6
       5
      11
       6
      14
       6
      12
       8
       7
      10
       9
      12
      10
      10
       7
       4
       8
       5
       4
       6
       4
       5
       4
       5
       4
       0
       5
       7
       6
       4
       2
       6
       3
       3
       8
       9
       3
       4
       3
       2
       5
       1
       3
       6
       7
       3
       5
       3
       4
       2
       4
       8
       4
       6
       3
       7
       8
       3
       4
       4
       5
       3
       7
       4
       5
       3
       2
       4
       3
      11
       6
       5
       3
       5
       4
       0
       5
       2
       3
       3
       8
       2
       5
       2
       1
       4
       5
       8
       4
       4
       6
       4
       2
       3
       3
       3
       5
       4
       3
       7
       5
       7
       4
       4
       3
       6
       8
       7
       5
       4
       1
       3
       4
       7
       3
       5
       5
       6
       2
       1
       6
       2
       3
       6
       3
       5
       4
       4
       4
       6
       3
       3
       2
       3
       2
       5
       0
       4
       3
       7
       4
       7
       4
       5
       9
       4
       1
       6
       6
       2
       1
       4
       2
       5
       6
       5
       4
       4
       3
       1
       2
       2
       3
       2
       3
       5
       4
       0
       4
       6
       3
       2
       2
       2
       3
       4
       5
       2
       7
       4
       5
       7
       5
       6
       2
       3
       2
       1
       5
       1
       4
       3
       4
       8
       4
       6
       3
       8
       3
       5
       4
       3
       3
       3
       5
       1
       2
       1
       2
       6
       6
       3
       4
       6
       4
       3
       5
       3
       6
       4
       3
       5
       6
       8
       1
       6
       2
       9
       4
       3
       7
       3
       4
       2
       5
       6
       3
       6
       6
       5
       2
       8
       1
       3
       7
       6
       1
       1
       6
       3
       4
       8
       8
       5
       2
       4
       5
       6
       7
       9
       0
       3
       2
      10
       1
       5
       5
       6
       1
       8
       8
       5
       5
       4
       6
       4
       5
       4
       4
       4
       4
       2
       2
       5
       5
       1
       7
       6
       4
       4
       3
       3
       4
       5
       0
       4
       1
       4
       1
       5
       4
       6
       5
       2
       1
       2
       2
       2
       2
       3
       1
       1
       4
       4
       0
       2
       1
       5
       4
       5
       6
       5
       3
       3
       4
       3
       3
       4
       6
       5
       9
       5
       5
       3
       0
       1
       4
       9
       5
       2
       3
       1
       4
       5
       4
       5
       3
       2
       4
       4
       4
       3
       2
       0
       3
       5
       4
       4
       0
       4
       2
       5
       2
       4
       5
       4
       2
       2
       4
       3
       3
       3
       6
       5
       0
       4
       3
       3
       6
       4
       1
       3
       5
       4
       4
       1
       7
       3
       3
       4
       6
       5
       4
       3
       2
       8
       3
       3
       4
       4
       4
       3
       2
       3
       3
       4
       4
       3
       2
       3
       5
       2
       7
       3
       2
       5
       3
       3
       3
       5
       2
       1
       6
       8
       4
       4
       4
       3
       4
       3
       1
       8
       4
       3
       5
       6
       3
       6
       6
       2
       3
       7
       2
       3
       3
       3
       3
       3
       4
       7
       8
       2
       4
       2
       5
       6
       3
       3
       5
       2
       5
       5
       7
       2
       5
       3
       3
       4
       6
       8
       3
       4
       2
       6
       3
       4
       3
       6
       3
       5
       5
       5
       5
       7
       6
       6
       4
       7
       5
      10
       7
       6
       7
       8
       2
       6
       7
       5
       3
       1
       8
       8
       4
       4
       1
       2
       3
       4
       4
       3
       3
       4
       2
       6
       1
       5
       4
       1
       2
       5
       4
       6
       2
       0
       5
       7
       3
       3
       4
       5
       2
       1
       6
       4
       2
       2
       5
       2
       2
       3
      10
       1
       3
       1
       3
       4
       2
       3
       4
       3
       4
       4
       3
       0
       2
       2
       4
       3
       2
       2
       3
       3
       6
       4
       4
       4
       2
       3
       1
       6
       3
       4
       1
       1
       5
       1
       6
       1
       1
       5
       6
       1
       3
       4
       3
       6
       6
       1
       4
       6
       0
       4
       3
       1
       1
       1
       7
       3
       1
       3
       5
       1
       3
       4
       1
       4
       1
       2
       0
       2
       4
       3
       6
       3
       4
       3
       1
       2
       4
       2
       1
       4
       2
       3
       3
       5
       5
       5
       3
       2
       0
       3
       4
       2
       2
       2
       2
       2
       7
       0
       6
       3
       3
       4
       3
       3
       1
       1
      10
       2
       6
       2
       4
       6
       3
       6
       7
       4
       2
       2
       5
       7
       4
       0
       1
       3
       4
       2
       5
       3
       2
       1
       3
       2
       3
       3
       3
       5
       2
       2
       4
       3
       2
       5
       4
       4
       2
       5
       1
       4
       3
       5
       3
       3
       4
       3
       4
       5
       2
       4
       3
       3
       3
       2
       6
       5
       2
       3
       5
       5
       2
       2
       6
       3
       5
       2
       4
       2
       7
       3
       3
       2
       3
       2
       5
       3
       3
       6
       4
       4
       5
       4
       1
       7
       2
       2
       5
       2
       0
       4
       4
       3
       5
       4
       3
       6
       5
       5
       2
       3
       1
       3
       0
       5
       3
       1
       4
       2
       3
       2
       5
       3
       3
       5
       5
       3
       1
       2
       5
       1
       1
       7
       3
       3
       9
       3
       2
       4
       4
       7
       2
       0
       1
       7
       7
       3
       1
       1
       2
       2
       1
       6
       6
       3
       7
       8
       2
       2
       5
       6
       1
       1
       3
       3
       4
       3
       4
       6
       3
       1
       7
       1
       2
       6
       1
       4
       2
       3
       1
       3
       1
       3
       1
       7
       4
       1
       1
       0
       3
       3
       3
       3
       3
       2
       2
       5
       4
       1
       5
       3
       3
       4
       4
       1
       1
       2
       1
       4
       2
       2
       3
       4
       6
       8
       5
       2
       5
       4
       4
       6
       3
       7
       0
       5
       2
       5
       1
       3
       4
       6
       3
       3
       2
       3
       0
       2
       4
       5
       3
       4
       5
       1
       4
       4
       2
       3
       5
       4
       1
       2
       2
       4
       5
       6
       5
       2
       3
       4
       5
       8
       2
       3
       4
       2
       2
       6
       4
       6
       7
       0
       2
       2
       4
       4
       1
       0
       5
       5
       4
       4
       4
       4
       6
       3
       1
       3
       2
       3
       4
       3
       1
       3
       3
       2
       3
       1
       5
       1
       4
       1
       3
       1
       3
       3
       4
       4
       8
       3
       4
       4
       3
       3
       4
       2
       2
       3
       2
       0
       2
       1
       1
       3
       4
       7
       1
       2
       3
       5
       3
       1
       3
       2
       4
       3
       1
       9
       4
       3
       4
       4
       4
       5
       4
       1
       1
       3
       4
       1
       1
       1
       5
       7
       4
       3
       0
       3
       3
       3
       3
       4
       4
       3
       4
       8
       1
       3
       2
       6
       3
       1
       0
       4
       2
       1
       3
       0
       3
       5
       2
       2
       3
       3
       1
       1
       4
       6
       6
       5
       2
       5
       2
       3
       3
       2
       4
       3
       1
       1
       3
       5
       2
       1
       5
       4
       2
       1
       2
       3
       3
       5
       4
       4
       6
       3
       6
       3
       3
       2
       2
       2
       3
       3
       3
       7
       1
       3
       3
       2
       4
       2
       1
       5
       4
       4
       3
       2
       2
       0
       3
       3
       1
       3
       6
       3
       4
       4
       5
       6
       3
       6
       2
       4
       5
       3
       2
       5
       4
       1
       2
       4
       3
       7
       2
       5
       4
       1
       2
       0
       1
       6
       2
       1
       7
       2
       3
       2
       4
       4
       6
       3
       6
       2
       1
       2
       6
       7
       1
       2
       2
       2
       4
       2
       7
       5
       3
       5
       5
       4
       1
       6
       4
       6
       1
       2
       2
       7
       5
       3
       5
       1
       2
       1
       4
       3
       5
       1
       4
       3
       3
       4
       3
       3
       2
       7
       3
       4
       3
       3
       1
       6
       4
       3
       5
       5
       2
       3
       4
       4
       1
       4
       5
       5
       5
       4
       3
       3
       2
       4
       1
       2
       5
       1
       3
       4
       2
       4
       0
       3
       4
       2
       2
       1
       7
       2
       3
       1
       4
       2
       2
       0
       3
       2
       3
       4
       4
       3
       1
       3
       1
       2
       1
       3
       3
       6
       2
       4
       4
       3
       3
       3
       3
       3
       4
       3
       1
       0
       2
       5
       4
       4
       1
       3
       0
       3
       4
       2
       1
       5
       1
       2
       3
       3
       2
       2
       4
       4
       4
       4
       4
       3
       3
       4
       4
       2
       3
       2
       2
       3
       3
       2
       2
       1
       0
       2
       4
       5
       6
       6
       4
       3
       1
       1
       3
       3
       1
       1
       5
       2
       0
       3
       2
       3
       2
       3
       0
       3
       2
       3
       5
       2
       3
       3
       6
       1
       3
       2
       2
       1
       2
       2
       1
       2
       3
       3
       1
       2
       1
       0
       2
       3
       1
       2
       3
       3
       2
       4
       2
       2
       3
       1
       5
       4
       4
       3
       4
       5
       1
       3
       5
       4
       1
       3
       5
       4
       3
       3
       2
       3
       2
       4
       3
       4
       2
       1
       3
       4
       4
       1
       1
       2
       5
       2
       4
       3
       0
       6
       3
       3
       2
       2
       1
       4
       4
       8
       3
       2
       3
       2
       1
       1
       3
       4
       4
       5
       3
       4
       2
       1
       5
       6
       3
       1
       0
       3
       5
       7
       3
       5
       4
       2
       0
       4
       1
       2
       8
       2
       2
       4
       1
       4
       3
       1
       2
       3
       3
       2
       4
       5
       0
       3
       4
       4
       2
       6
       6
       1
       2
       0
       1
       4
       4
       1
       5
       3
       0
       4
       4
       1
       1
       3
       2
       0
       3
       2
       2
       2
       5
       1
       3
       3
       3
       4
       3
       2
       1
       2
       0
       2
       0
       3
       1
       5
       2
       2
       4
       3
       2
       2
       2
       2
       6
       3
       1
       2
       2
       2
       4
       3
       2
       2
       1
       1
       0
       2
       6
       5
       6
       6
       1
       5
       2
       5
       4
       4
       6
       0
       4
       5
       4
       5
       1
       4
       3
       2
       6
       2
       2
       2
       3
       4
       1
       3
       2
       3
       2
       1
       1
       6
       4
       1
       3
       5
       1
       4
       6
       1
       1
       3
       4
       2
       1
       2
       1
       2
       3
       3
       3
       0
       3
       3
       2
       1
       7
       3
       1
       2
       2
       2
       3
       4
       0
       3
       0
       2
       4
       0
       2
       2
       5
       3
       4
       2
       6
       1
       2
       4
       3
       3
       3
       3
       3
       3
       3
       2
       0
       1
       3
       1
       3
       0
       4
       3
       2
       3
       3
       3
       4
       3
       0
       4
       1
       2
       6
       3
       3
       2
       1
       2
       0
       1
       2
       4
       1
       3
       3
       2
       5
       2
       3
       2
       5
       1
       1
       2
       0
       3
       1
       2
       2
       3
       0
       6
       2
       2
       0
       2
       4
       6
       0
       2
       2
       1
       1
       5
       2
       4
       1
       0
       3
       4
       2
       1
       0
       0
       0
       3
       5
       2
       1
       1
       5
       3
       3
       0
       1
       0
       3
       4
       2
       1
       6
       4
       3
       4
       2
       1
       2
       3
       3
       2
       4
       5
       6
       2
       1
       1
       2
       4
       7
       2
       2
       4
       6
       3
       4
       0
       2
       2
       2
       1
       1
       1
       1
       1
       4
       3
       6
       0
       3
       5
       1
       1
       3
       2
       2
       1
       2
       4
       2
       2
       1
       4
       1
       3
       1
       0
       1
       4
       2
       4
       1
       2
       3
       4
       2
       1
       4
       3
       4
       3
       4
       4
       3
       6
       1
       7
       4
       1
       2
       2
       1
       2
       3
       3
       4
       2
       3
       1
       1
       3
       2
       3
       2
       3
       2
       3
       4
       2
       3
       1
       4
       4
       4
       1
       2
       3
       2
       1
       0
       3
       1
       2
       3
       3
       2
       2
       2
       1
       3
       2
       1
       3
       0
       0
       1
       2
       2
       1
       4
       3
       1
       1
       0
       6
       1
       1
       1
       1
       4
       5
       3
       1
       2
       3
       3
       5
       2
       3
       4
       1
       3
       1
       0
       1
       0
       2
       1
       0
       1
       2
       2
       1
       4
       1
       2
       7
       3
       2
       3
       1
       5
       1
       2
       5
       0
       0
       5
       2
       3
       6
       1
       2
       3
       1
       4
       4
       5
       1
       4
       1
       1
       2
       2
       1
       2
       2
       0
       0
       1
       3
       3
       5
       3
       0
       2
       2
       4
       4
       0
       1
       0
       3
       4
       0
       1
       0
       2
       3
       2
       2
       0
       1
       3
       1
       2
       3
       3
       1
       3
       2
       4
       1
       3
       0
       2
       3
       3
       1
       4
       1
       3
       2
       6
       2
       3
       2
       4
       1
       2
       2
       4
       3
       4
       2
       0
       3
       2
       5
       2
       5
       2
       4
       3
       4
       1
       1
       1
       2
       2
       1
       3
       0
       2
       3
       5
       1
       3
       5
       3
       1
       3
       4
       1
       1
       0
       6
       1
       4
       0
       1
       2
       4
       1
       3
       0
       4
       4
       1
       4
       2
       3
       1
       1
       3
       2
       4
       3
       3
       2
       4
       0
       2
       4
       1
       3
       4
       3
       6
       2
       3
       1
       4
       3
       2
       0
       1
       1
       2
       2
       0
       2
       2
       0
       1
       2
       0
       1
       3
       1
       2
       5
       1
       3
       3
       2
       5
       1
       2
       3
       0
       1
       2
       2
       2
       3
       0
       3
       1
       2
       3
       4
       1
       2
       2
       2
       1
       2
       2
       2
       0
       1
       2
       2
       0
       2
       2
       1
       0
       0
       2
       6
       3
       1
       2
       2
       1
       1
       3
       1
       2
       2
       0
       3
       3
       2
       4
       1
       7
       4
       5
       2
       2
       1
       3
       2
       2
       1
       1
       5
       2
       2
       2
       3
       4
       5
       3
       4
       2
       2
       2
       4
       2
       2
       2
       1
       4
       1
       1
       4
       1
       4
       0
       3
       2
       1
       3
       3
       1
       3
       3
       4
       1
       0
       4
       1
       1
       3
       2
       1
       3
       3
       3
       0
       1
       4
       4
       3
       3
       2
       4
       2
       3
       6
       3
       5
       3
       2
      10
       6
       2
       6
       2
       2
       3
       8
       7
       3
       4
       4
       3
       3
       5
       5
       7
       4
       2
       4
       3
       1
       2
       3
       2
       4
       1
       2
       1
       3
       0
       6
       0
       2
       6
       3
       4
       3
       3
       4
       2
       4
       2
       3
       2
       4
       3
       0
       2
       0
       1
       3
       2
       3
       0
       2
       1
       0
       4
       3
       3
       3
       1
       4
       1
       4
       3
       3
       2
       1
       3
       0
       2
       1
       2
       6
       3
       1
       2
       1
       1
       4
       4
       4
       1
       5
       3
       3
       3
       0
       1
       2
       4
       3
       2
       1
       2
       3
       3
       3
       0
       0
       2
       2
       3
       0
       3
       4
       2
       2
       2
       2
       2
       0
       2
       0
       2
       2
       2
       1
       2
       5
       2
       3
       3
       4
       2
       1
       1
       0
       1
       1
       1
       2
       3
       0
       2
       2
       0
       2
       2
       1
       2
       6
       3
       2
       1
       5
       5
       1
       1
       1
       1
       1
       1
       0
       1
       0
       1
       1
       1
       1
       1
       0
       2
       2
       4
       2
       2
       1
       1
       4
       1
       8
       0
       1
       1
       1
       1
       3
       1
       2
       2
       4
       1
       3
       0
       1
       2
       0
       1
       1
       1
       1
       2
       4
       1
       1
       3
       3
       3
       1
       1
       0
       0
       2
       2
       6
       2
       2
       3
       2
       3
       0
       1
       1
       4
       2
       0
       2
       1
       0
       1
       3
       2
       1
       0
       1
       2
       4
       2
       3
       1
       2
       3
       1
       3
       3
       4
       3
       1
       3
       0
       2
       3
       1
       3
       2
       2
       2
       0
       7
       1
       3
       3
       2
       3
       0
       1
       3
       5
       0
       3
       1
       4
       1
       4
       0
       1
       2
       4
       3
       0
       2
       5
       2
       3
       5
       2
       7
       4
       1
       4
       0
       2
       3
       2
       1
       0
       1
       1
       3
       4
       3
       3
       0
       0
       4
       1
       1
       0
       3
       4
       5
       1
       3
       1
       3
       3
       1
       1
       2
       3
       0
       2
       3
       1
       0
       1
       2
       2
       4
       3
       1
       1
       0
       1
       7
       3
       2
       3
       2
       2
       1
       2
       1
       2
       1
       1
       3
       1
       0
       3
       4
       2
       1
       3
       1
       2
       0
       0
       2
       7
       3
       3
       1
       4
       2
       3
       4
       1
       3
       1
       1
       2
       4
       3
       0
       3
       0
       1
       0
       4
       3
       4
       0
       3
       0
       3
       2
       4
       2
       1
       2
       1
       1
       2
       4
       4
       1
       1
       1
       2
       0
       2
       1
       0
       0
       2
       2
       1
       5
       3
       3
       0
       2
       2
       0
       3
       1
       1
       4
       0
       0
       0
       2
       0
       2
       3
       6
       2
       2
       5
       2
       2
       1
       2
       1
       2
       0
       3
       1
       2
       0
       1
       2
       5
       6
       1
       5
       0
       2
       3
       1
       4
       1
       0
       2
       3
       1
       4
       2
       4
       1
       1
       1
       3
       3
       2
       2
       0
       3
       1
       1
       0
       1
       0
       1
       2
       2
       0
       0
       2
       1
       3
       2
       2
       4
       4
       2
       1
       1
       2
       2
       0
       1
       4
       2
       3
       2
       1
       5
       2
       5
       1
       2
       3
       2
       4
       1
       1
       5
       1
       1
       6
       1
       3
       2
       4
       3
       5
       2
       3
       0
       2
       1
       1
       3
       2
       1
       1
       0
       2
       1
       1
       3
       2
       7
       5
       1
       1
       3
       5
       1
       3
       0
       2
       1
       1
       2
       3
       2
       0
       2
       1
       2
       1
       1
       2
       1
       2
       1
       4
       1
       3
       1
       0
       1
       4
       0
       1
       1
       1
       4
       0
       0
       2
       1
       3
       0
       0
       0
       3
       2
       0
       2
       0
       5
       3
       2
       5
       3
       0
       1
       3
       2
       2
       2
       5
       0
       2
       2
       3
       1
       2
       0
       2
       3
       0
       2
       3
       4
       1
       2
       1
       2
       1
       2
       1
       2
       6
       2
       0
       1
       0
       1
       2
       1
       1
       2
       3
       2
       1
       3
       4
       1
       3
       2
       2
       0
       1
       3
       1
       2
       1
       1
       1
       3
       1
       2
       2
       3
       2
       1
       3
       0
       3
       4
       3
       3
       2
       1
       2
       1
       3
       2
       1
       2
       1
       3
       1
       4
       3
       4
       2
       5
       5
       1
       1
       2
       3
       0
       1
       1
       2
       1
       2
       5
       2
       2
       2
       1
       2
       0
       0
       0
       2
       4
       2
       2
       2
       2
       3
       3
       2
       2
       3
       5
       2
       0
       2
       2
       1
       2
       0
       0
       2
       4
       2
       3
       2
       1
       1
       1
       2
       0
       3
       1
       1
       4
       1
       2
       1
       3
       3
       1
       2
       1
       0
       3
       1
       2
       1
       2
       2
       1
       4
       0
       4
       2
       3
       4
       1
       1
       3
       2
       0
       4
       2
       5
       4
       1
       4
       2
       3
       5
       3
       1
       2
       1
       2
       2
       1
       2
       4
       3
       2
       5
       1
       3
       2
       3
       0
       0
       3
       0
       1
       2
       5
       2
       2
       2
       3
       3
       4
       1
       2
       4
       2
       3
       3
       3
       5
       4
       0
       2
       1
       1
       1
       3
       0
       2
       2
       2
       0
       1
       2
       1
       2
       1
       3
       3
       2
       2
       1
       0
       2
       1
       2
       3
       1
       1
       1
       5
       3
       1
       3
       0
       2
       1
       1
       4
       0
       1
       3
       1
       3
       2
       2
       0
       0
       1
       1
       4
       2
       1
       0
       1
       1
       3
       3
       1
       4
       3
       2
       1
       1
       3
       2
       0
       0
       2
       1
       3
       0
       3
       0
       2
       0
       0
       4
       0
       3
       2
       2
       4
       1
       3
       1
       2
       2
       0
       5
       2
       1
       3
       4
       2
       3
       4
       2
       3
       2
       5
       2
       5
       1
       2
       0
       1
       3
       6
       1
       3
       4
       0
       2
       2
       8
       1
       1
       0
       2
       0
       2
       0
       0
       3
       2
       0
       2
       2
       1
       3
       1
       5
       2
       3
       3
       1
       3
       2
       2
       4
       1
       2
       3
       0
       2
       2
       3
       1
       2
       1
       3
       2
       2
       3
       0
       1
       1
       0
       2
       3
       2
       2
       5
       1
       2
       7
       3
       4
       3
       2
       3
       7
       4
       4
       0
       5
       6
      12
       7
       3
       4
       7
       5
       5
       9
       4
       5
       2
       4
       1
       5
       2
       4
       2
       3
       3
       1
       3
       2
       1
       1
       1
       0
       1
       1
       0
       5
       3
       1
       2
       2
       4
       3
       2
       2
       1
       1
       3
       1
       4
       0
       3
       1
       1
       0
       0
       0
       1
       0
       2
       1
       1
       0
       2
       2
       0
       3
       2
       2
       1
       3
       2
       4
       3
       1
       0
       4
       2
       4
       3
       4
       1
       2
       0
       2
       0
       4
       3
       0
       2
       0
       0
       1
       0
       2
       4
       3
       1
       4
       4
       2
       0
       0
       0
       2
       4
       0
       0
       1
       0
       2
       2
       1
       1
       1
       0
       2
       2
       1
       2
       0
       2
       0
       0
       3
       2
       1
       2
       2
       3
       5
       3
       4
       1
       0
       2
       2
       2
       0
       3
       2
       3
       1
       2
       0
       0
       1
       0
       3
       0
       0
       5
       3
       1
       0
       3
       1
       3
       2
       0
       3
       2
       1
       4
       1
       0
       1
       2
       1
       0
       1
       3
       3
       0
       2
       4
       2
       2
       4
       1
       0
       2
       2
       2
       1
       4
       4
       2
       6
       1
       1
       1
       2
       5
       3
       5
       0
       4
       1
       1
       0
       1
       3
       2
       5
       0
       1
       2
       2
       0
       2
       2
       2
       3
       3
       1
       0
       2
       2
       1
       0
       3
       3
       1
       2
       3
       4
       1
       2
       2
       1
       2
       2
       2
       1
       2
       2
       2
       3
       1
       4
       2
       3
       1
       1
       1
       3
       4
       1
       1
       1
       0
       3
       2
       0
       0
       5
       0
       2
       1
       1
       1
       3
       1
       1
       0
       1
       1
       0
       1
       1
       2
       0
       1
       2
       1
       2
       0
       1
       2
       1
       2
       1
       0
       1
       1
       0
       2
       1
       1
       3
       3
       2
       0
       2
       0
       2
       3
       1
       4
       3
       0
       5
       0
       0
       4
       1
       2
       1
       4
       0
       2
       3
       0
       2
       2
       2
       1
       0
       4
       1
       2
       0
       2
       0
       1
       0
       3
       2
       0
       1
       4
       2
       2
       0
       1
       3
       1
       2
       4
       4
       3
       2
       3
       0
       4
       3
       2
       2
       5
       4
      11
       6
      10
       4
       6
       5
      10
       5
      12
       7
       6
       4
       8
       8
       4
       6
       7
       4
       2
       5
       5
       3
       0
       3
       0
       0
       2
       3
       3
       0
       2
       1
       1
       1
       2
       2
       1
       0
       1
       5
       0
       1
       0
       0
       3
       2
       0
       1
       1
       0
       3
       1
       0
       2
       1
       2
       1
       4
       1
       3
       2
$ENER_FIT:
0.000000 0.075000
$PRESETS:
Live Time (sec)
1200
0
$RT:
1215.040000
$DT:
15039
$ISO_DECL_U:
SMPLNAM: IDB-1035
SEPDATE: 01/01/1900 00:00:00
U234: 0.1229 
DU234: Unknown
U235: 19.811 
DU235: Unknown
U236: 0.2103 
DU236: Unknown
U238: 79.856 
DU238: Unknown
$ADC:
8192
0
8191