$APPLICATION_ID:
IDB v.1.0
$SPEC_REM:
Material type: U
Material form: powder
Material compound: U3O8
U isotopics:
234U Unknown
235U 0.217
236U Unknown
238U Unknown
Detector: CZT (Geometry: Quasi-hemispherical, Size: 500 mm3)
MCA: MCA-527
$DATE_MEA:
01/01/1900 00:00:00
$MEAS_TIM:
2888 2892
$DATA:
0 2047
       0
       0
       0
       0
       0
       0
       0
       0
       0
       0
       0
       0
       0
       0
       0
       0
       0
       0
       0
       0
       0
       0
       0
       0
       0
       0
       0
       0
       0
       0
       0
       0
       0
       0
       0
       0
       0
       0
       0
       0
       0
       0
       0
       0
       0
       0
       0
       0
       0
       0
     809
     785
     795
     780
     779
     794
     794
     849
     797
     774
     749
     735
     752
     711
     766
     730
     702
     729
     717
     754
     744
     717
     726
     703
     728
     743
     708
     769
     831
     820
     813
     786
     810
     858
     855
     954
     988
    1073
    1258
    1596
    2010
    2305
    2721
    2920
    2979
    2912
    2691
    2346
    2146
    2051
    2028
    1995
    2074
    1936
    1903
    1859
    1719
    1761
    1672
    1607
    1587
    1402
    1233
    1147
    1054
     998
     993
    1054
     969
     979
     938
     929
     946
     930
     898
     988
     956
     957
     980
    1043
    1046
    1078
    1173
    1120
    1139
    1157
    1206
    1264
    1233
    1331
    1329
    1425
    1758
    2010
    2447
    3180
    3780
    4518
    5173
    5683
    5712
    5438
    5176
    4797
    4321
    4202
    4475
    4405
    4363
    4172
    3592
    2942
    2182
    1710
    1338
    1199
    1117
    1122
    1096
    1154
    1170
    1258
    1297
    1555
    1661
    1958
    2176
    2391
    2588
    2593
    2491
    2363
    2093
    1773
    1613
    1374
    1154
     952
     858
     655
     627
     529
     548
     514
     562
     538
     538
     556
     531
     512
     530
     544
     532
     552
     543
     558
     541
     517
     595
     504
     545
     532
     538
     544
     528
     572
     521
     531
     548
     554
     585
     516
     541
     563
     534
     590
     579
     568
     581
     596
     615
     598
     580
     567
     553
     577
     552
     562
     546
     525
     551
     575
     545
     512
     534
     567
     566
     498
     550
     532
     561
     606
     604
     573
     526
     569
     540
     562
     612
     545
     591
     577
     576
     554
     564
     554
     531
     557
     569
     553
     571
     561
     555
     546
     548
     483
     513
     543
     531
     528
     545
     558
     537
     495
     555
     514
     509
     544
     532
     587
     574
     561
     610
     652
     685
     703
     733
     776
     791
     815
     760
     754
     679
     656
     640
     555
     516
     502
     496
     415
     585
     506
     567
     503
     533
     518
     507
     515
     489
     497
     532
     511
     468
     504
     485
     531
     514
     498
     528
     507
     532
     531
     485
     534
     464
     479
     529
     491
     473
     474
     454
     471
     483
     479
     481
     447
     456
     409
     460
     484
     468
     493
     478
     425
     433
     446
     433
     467
     469
     485
     462
     404
     432
     431
     431
     433
     458
     400
     400
     473
     432
     396
     413
     432
     427
     394
     441
     443
     420
     396
     413
     406
     466
     429
     405
     424
     403
     404
     420
     378
     398
     379
     405
     409
     402
     363
     389
     418
     392
     384
     392
     399
     401
     375
     376
     401
     377
     425
     379
     354
     364
     406
     365
     400
     407
     404
     410
     394
     403
     377
     389
     369
     359
     334
     348
     406
     414
     367
     354
     362
     333
     333
     355
     364
     355
     344
     326
     360
     383
     327
     345
     365
     328
     294
     348
     327
     327
     339
     348
     321
     330
     340
     321
     332
     312
     309
     308
     306
     309
     334
     343
     287
     352
     323
     325
     348
     304
     308
     294
     319
     302
     317
     313
     309
     312
     333
     336
     300
     304
     335
     307
     336
     300
     313
     255
     279
     320
     292
     332
     330
     296
     278
     299
     325
     302
     294
     299
     326
     280
     314
     296
     308
     284
     322
     306
     287
     282
     308
     310
     281
     288
     262
     283
     285
     280
     274
     240
     278
     270
     251
     283
     245
     301
     294
     264
     255
     271
     272
     254
     292
     264
     256
     273
     268
     289
     254
     276
     285
     262
     291
     284
     253
     245
     260
     234
     278
     277
     269
     256
     260
     278
     273
     256
     269
     259
     271
     278
     238
     248
     260
     280
     267
     273
     248
     253
     239
     236
     262
     228
     238
     222
     274
     229
     205
     247
     239
     234
     213
     241
     248
     252
     237
     241
     252
     263
     244
     229
     235
     225
     229
     234
     240
     238
     222
     215
     212
     246
     219
     220
     216
     226
     217
     220
     217
     206
     239
     202
     215
     212
     224
     246
     202
     213
     232
     233
     203
     174
     203
     228
     214
     208
     234
     201
     208
     236
     222
     233
     215
     201
     217
     210
     227
     211
     197
     221
     214
     196
     213
     191
     237
     224
     213
     202
     200
     179
     200
     181
     195
     216
     172
     207
     196
     199
     185
     167
     187
     196
     166
     201
     226
     213
     206
     173
     194
     178
     195
     182
     190
     189
     183
     205
     202
     195
     216
     185
     200
     187
     187
     191
     176
     197
     166
     183
     174
     204
     173
     182
     209
     172
     188
     196
     160
     178
     162
     176
     163
     168
     180
     202
     165
     169
     164
     174
     177
     195
     190
     151
     179
     175
     170
     165
     143
     168
     153
     155
     180
     170
     188
     166
     148
     166
     185
     188
     170
     166
     158
     163
     194
     151
     178
     136
     177
     174
     184
     171
     147
     147
     157
     125
     150
     162
     157
     168
     132
     156
     163
     161
     155
     175
     184
     146
     158
     161
     139
     159
     157
     164
     143
     157
     152
     128
     152
     142
     141
     135
     157
     159
     153
     144
     171
     149
     151
     155
     151
     152
     153
     129
     136
     137
     150
     150
     146
     147
     135
     147
     158
     137
     146
     143
     136
     133
     129
     163
     147
     137
     138
     153
     132
     142
     146
     131
     148
     114
     141
     141
     142
     134
     141
     156
     133
     139
     132
     133
     152
     158
     136
     142
     131
     154
     145
     145
     133
     137
     170
     124
     121
     158
     162
     160
     126
     117
     110
     135
     135
     114
     113
     134
     128
     144
     140
     124
     128
     120
     130
     114
     138
     122
     133
     130
     119
     116
     133
     121
     122
     107
     131
     107
     131
     109
     124
     108
     132
     121
     127
     141
     117
     110
     110
     109
     112
     106
     110
     134
     122
     119
     115
     125
     120
     125
     107
     118
      91
      79
     117
     112
     116
     122
     111
     113
     117
      90
     108
     132
     102
     113
     124
     121
     121
     131
     105
      93
     108
     110
     102
     103
     102
     115
     127
     125
      86
     102
     114
     104
     111
     106
     120
     110
     111
      96
     106
      96
      92
     111
     106
      93
     116
     104
     101
      89
     105
     114
      92
      94
      95
     108
     106
     104
      79
      96
     100
      92
      93
      90
     110
      88
      91
      85
      91
      84
      96
      85
      89
      78
      86
      91
      77
      79
      80
      96
     103
      84
      83
     100
      90
      66
      78
      80
      97
      92
      79
      94
      77
      76
      95
      87
      88
      71
      90
      96
      76
      75
      83
      79
      79
      85
      71
      83
      76
      78
      83
      83
      78
      73
      77
      73
      77
      79
      78
      65
      86
      89
      84
      77
      79
      72
      92
      83
      79
      69
      75
      78
      57
      82
      80
      80
      78
      83
      83
      74
      72
      83
      82
      78
      90
      69
      75
      90
      62
      71
      68
      79
      54
      79
      81
      85
      68
      81
      71
      73
      57
      82
      79
      62
      77
      66
      73
      82
      77
      61
      87
      80
      64
      64
      92
      76
      65
      86
      75
      68
      72
      81
      84
      55
      67
      68
      60
      63
      84
      57
      79
      67
      74
      74
      64
      69
      78
      54
      80
      59
      66
      76
      71
      69
      76
      68
      82
      70
      53
      67
      70
      72
      79
      74
      65
      62
      74
      69
      69
      67
      64
      70
      53
      68
      71
      66
      68
      68
      60
      70
      60
      76
      59
      71
      62
      70
      74
      69
      64
      64
      57
      66
      57
      69
      67
      59
      71
      56
      62
      50
      68
      51
      54
      74
      58
      71
      68
      62
      73
      74
      72
      62
      54
      64
      69
      73
      63
      55
      58
      60
      56
      60
      63
      73
      54
      60
      64
      68
      77
      81
      50
      57
      65
      68
      80
      56
      63
      75
      65
      63
      68
      58
      66
      63
      54
      74
      64
      72
      57
      68
      58
      68
      76
      77
      70
      66
      66
      90
      73
      75
      65
      63
      66
      87
      79
      76
      75
      79
      76
      75
      71
      66
      94
      99
      76
      82
      66
      65
      81
      60
      67
      82
      73
      71
      63
      75
      80
      73
      67
      70
      68
      77
      66
      70
      83
      68
      87
      88
      93
      94
      83
      85
      91
      93
      98
      99
     108
      88
      78
      96
      97
      97
      99
      83
      92
      78
      83
      75
      90
      78
      77
      77
      51
      62
      61
      62
      57
      68
      50
      47
      51
      56
      53
      45
      70
      56
      59
      65
      65
      69
      52
      48
      49
      61
      49
      46
      48
      51
      50
      46
      50
      60
      49
      52
      32
      36
      39
      34
      29
      47
      23
      33
      29
      39
      34
      38
      27
      32
      24
      20
      27
      31
      30
      33
      36
      24
      35
      25
      28
      22
      28
      16
      25
      31
      21
      21
      28
      34
      21
      23
      28
      30
      29
      32
      34
      26
      20
      25
      35
      20
      28
      19
      24
      21
      22
      24
      22
      26
      20
      21
      20
      26
      24
      24
      28
      24
      16
      25
      21
      28
      17
      26
      24
      29
      27
      29
      27
      25
      18
      34
      13
      24
      19
      15
      29
      20
      18
      18
      20
      22
      21
      23
      25
      24
      14
      28
      22
      18
      19
      18
      21
      13
      21
       9
      21
      21
      12
      15
      26
      11
      18
      24
      19
      21
      22
      13
      18
      21
      19
      18
      17
      21
      22
      15
      25
      23
      11
      23
      15
      23
      17
      24
      14
      17
      18
      15
      24
      18
      28
      21
      20
      24
      28
      14
      20
      16
      15
      32
      25
      17
      25
      22
      17
      16
      10
      22
      24
      21
      19
      29
      17
      18
      14
       8
       9
      20
      17
      23
      17
      11
      18
      24
      12
      15
      11
      16
      16
      25
      11
      16
      12
      21
      14
      15
      16
      20
      11
      22
      13
      12
      16
      16
      20
      15
      10
      15
      11
      15
      24
      19
      20
      18
      25
      16
      17
      29
      17
      21
      19
      21
      18
      17
      24
      20
      12
      17
      18
      24
      14
      16
      23
      17
      21
      21
      27
      17
      20
      10
      15
      14
      14
      16
      10
      11
      18
      13
      17
      19
      10
      10
       9
      13
      14
      17
      16
      18
      11
      12
      23
      24
      22
      18
      26
      16
      18
      17
      18
      20
      14
      16
      11
      26
       7
      10
      17
      10
      17
      12
      10
      19
      17
      14
      10
       8
      10
      20
      11
      13
      15
      12
      14
      15
       9
      21
      15
      21
      20
      15
      18
      11
      22
      25
      19
      20
      19
      23
      16
      22
      15
      21
      18
      32
      17
      25
      20
      26
      20
      31
      38
      31
      27
      41
      30
      28
      45
      39
      45
      38
      44
      52
      69
      44
      53
      56
      68
      70
      76
      63
      92
      88
      65
      91
      81
      91
      80
      90
      93
     100
      71
      78
      88
      88
      79
      86
      78
      72
      80
      74
      49
      48
      39
      49
      40
      29
      20
      21
      23
      11
       7
       5
       8
       9
       6
       7
       4
       4
       3
       5
       5
       6
       5
       3
      11
       5
       5
       6
      14
      10
       7
       3
      11
       6
       6
       7
       7
       5
       8
       2
       4
       4
       7
       2
       5
       5
       4
       1
       9
       4
       6
       4
       8
      11
       3
       9
       7
       5
       6
       3
       6
       7
       3
       4
       9
       7
       4
       3
      11
       6
       8
       5
       7
       8
       3
       5
      11
       5
       4
       5
       3
       7
       2
       3
       5
       9
       7
       3
       8
      10
       3
       3
       6
       8
       3
       3
       3
       9
       5
       7
       5
       5
       8
       8
       8
       3
      11
       3
       5
       2
       8
       3
       6
       3
       6
       6
       9
       9
       6
       6
       6
       2
       3
       8
       7
       4
       3
       5
       6
       6
       5
       9
       5
       8
       5
       5
       2
       6
       2
       5
       6
       3
       4
       9
      10
       6
       8
       4
       7
       8
       5
       7
       5
       4
       5
       3
       5
       3
      10
       6
       5
       2
       4
       5
       4
       4
       6
       5
       8
       5
       7
       5
       4
      10
       5
       7
       4
       1
       7
       3
       4
       6
       5
       2
       5
       3
       4
       3
       6
       3
       7
       4
       6
       3
       3
       4
       4
       8
       2
       6
       2
       7
       5
       2
       4
       6
       4
       3
       7
       2
       5
       6
       7
       4
       8
       1
       5
       3
       3
       4
       7
       3
       4
       8
       3
       3
       0
       7
       1
       6
       3
       1
       4
       7
       6
       3
       2
       7
       4
       6
       3
       9
       5
       9
       6
       5
       7
       2
       3
       2
      11
       5
       6
       1
       4
       5
       5
       8
       5
       5
       2
       4
       6
       5
       3
       4
       4
      10
       6
       3
       9
       5
       4
       5
       6
       6
       5
       7
       3
       6
       4
       4
       7
       3
       7
       3
       5
       7
       3
       6
       5
       5
       2
       6
      10
       3
       2
       5
       5
       5
       7
       5
       0
       6
       4
       9
       2
       1
       5
       6
       2
       6
       1
       3
       5
       5
       3
       2
       5
       1
       6
       1
       6
       4
       6
       6
       3
       2
       1
       5
       2
       1
       2
       2
       4
       1
       3
       7
       4
       5
       6
       3
       2
       3
       9
       6
       6
       4
       8
       3
       4
       5
       3
      11
       0
       6
       3
       2
       5
       2
       5
       4
       4
       8
       4
       6
       3
       4
       1
       5
       4
       4
       2
       4
       3
       5
       7
       1
       5
       1
       3
       7
       3
       4
       1
       6
       6
       0
       5
       3
       4
       2
       2
       5
       5
       2
       6
       3
       3
       4
       3
       2
       1
       4
       8
       2
       3
       4
       4
       5
       2
       4
       2
       3
       2
       1
       3
       2
       2
       3
       4
$ENER_FIT:
1.819810 0.612990
$PRESETS:
Live Time (sec)
2888
0
$RT:
2892.000000
$DT:
3619
$ISO_DECL_U:
SMPLNAM: IDB-1054
SEPDATE: 01/01/1900 00:00:00
U234: Unknown 
DU234: Unknown
U235: 0.217 
DU235: 2.3041
U236: Unknown 
DU236: Unknown
U238: Unknown 
DU238: Unknown
$ADC:
2048
0
2047