$APPLICATION_ID:
IDB v.1.0
$SPEC_REM:
Material type: U
Material form: powder
Material compound: U3O8
U isotopics:
234U Unknown
235U 3.105
236U Unknown
238U Unknown
Detector: CZT (Geometry: Quasi-hemispherical, Size: 1500 mm3)
MCA: MCA-527
$DATE_MEA:
01/01/1900 00:00:00
$MEAS_TIM:
500 504
$DATA:
0 2047
       0
       0
       0
       0
       0
       0
       0
       0
       0
       0
       0
       0
       0
       0
       0
       0
       0
       0
       0
       0
       0
       0
       0
       0
       0
       0
       0
       0
       0
       0
       0
       0
       0
       0
       0
       0
       0
       0
       0
       0
       0
       0
       0
       0
       0
       0
       0
       0
       0
       0
       0
       0
       0
       0
       0
       0
       0
       0
       0
       0
       0
       0
       0
       0
       0
       0
       0
       0
       0
       0
       0
       0
       0
       0
       0
       0
       0
       0
       0
       0
       0
       0
       0
       0
       0
       0
       0
       0
       0
       0
       0
       0
       0
       0
       0
       0
       0
       0
    1163
    1281
    1194
    1218
    1186
    1213
    1215
    1164
    1227
    1117
    1189
    1171
    1098
    1115
    1104
    1068
    1047
     947
     938
     875
     924
     911
     930
     948
     870
     940
     965
     915
    1012
     976
    1036
    1157
    1151
    1221
    1290
    1392
    1398
    1451
    1577
    1593
    1755
    1856
    1943
    2171
    2338
    2611
    2848
    3450
    3771
    3984
    4554
    4927
    5314
    5639
    5905
    6099
    6203
    6181
    6286
    6175
    5963
    5656
    5329
    5055
    4599
    4189
    3799
    3277
    2975
    2594
    2333
    2147
    2170
    2075
    2212
    2240
    2232
    2488
    2572
    2719
    2880
    2939
    2935
    2983
    2871
    2785
    2665
    2441
    2321
    2006
    1773
    1577
    1324
    1192
    1077
     859
     799
     750
     657
     592
     586
     564
     532
     503
     503
     509
     476
     498
     508
     480
     517
     487
     500
     496
     501
     522
     493
     498
     516
     543
     522
     542
     542
     609
     668
     625
     661
     682
     718
     739
     819
     830
     856
     921
     964
     920
     959
     985
     847
     923
     822
     795
     782
     682
     670
     663
     631
     587
     634
     601
     572
     561
     576
     602
     548
     565
     636
     624
     647
     652
     673
     719
     761
     765
     772
     839
     762
     838
     762
     806
     773
     820
     772
     755
     693
     679
     630
     673
     674
     646
     653
     620
     623
     680
     705
     705
     746
     772
     882
     942
    1042
    1118
    1248
    1540
    1660
    1856
    2016
    2342
    2443
    2699
    3048
    3280
    3382
    3604
    3566
    3538
    3354
    3248
    3017
    2740
    2400
    2008
    1669
    1531
    1225
    1038
     923
     772
     694
     631
     627
     546
     582
     594
     613
     639
     586
     661
     679
     707
     721
     751
     764
     810
     768
     822
     767
     770
     727
     707
     686
     666
     657
     593
     601
     547
     479
     466
     478
     423
     465
     469
     421
     446
     411
     419
     416
     409
     447
     425
     455
     459
     435
     417
     403
     417
     405
     427
     417
     440
     462
     400
     417
     401
     401
     374
     416
     397
     391
     433
     381
     399
     356
     434
     416
     381
     374
     390
     390
     401
     398
     350
     401
     444
     378
     381
     448
     386
     385
     366
     380
     371
     378
     341
     391
     385
     351
     375
     332
     375
     343
     372
     339
     342
     393
     405
     400
     361
     376
     362
     380
     369
     347
     378
     345
     360
     387
     343
     340
     354
     319
     360
     314
     339
     347
     349
     359
     363
     341
     337
     333
     340
     332
     326
     353
     329
     278
     342
     322
     324
     338
     341
     342
     315
     314
     309
     332
     322
     309
     340
     312
     337
     295
     306
     306
     306
     302
     324
     332
     301
     326
     300
     331
     316
     316
     319
     301
     273
     329
     274
     299
     302
     292
     307
     272
     305
     307
     276
     313
     287
     290
     270
     282
     293
     301
     281
     278
     289
     261
     321
     234
     268
     276
     278
     250
     248
     230
     305
     245
     247
     251
     295
     279
     268
     260
     270
     266
     265
     277
     274
     254
     258
     267
     297
     253
     287
     286
     243
     277
     264
     283
     234
     234
     252
     270
     237
     243
     247
     246
     257
     231
     236
     260
     263
     251
     242
     242
     233
     251
     256
     256
     237
     245
     266
     248
     260
     228
     228
     227
     244
     234
     206
     243
     254
     253
     254
     256
     229
     239
     251
     240
     268
     254
     263
     218
     243
     245
     247
     211
     244
     217
     244
     232
     230
     221
     240
     221
     219
     228
     231
     236
     231
     195
     208
     219
     228
     191
     230
     209
     214
     218
     223
     207
     218
     216
     210
     227
     216
     214
     180
     202
     204
     182
     227
     224
     214
     200
     196
     212
     215
     211
     217
     203
     174
     187
     214
     200
     196
     199
     203
     187
     183
     178
     169
     196
     181
     192
     188
     204
     189
     203
     191
     213
     179
     226
     183
     199
     180
     210
     183
     208
     188
     231
     203
     183
     210
     172
     174
     172
     205
     183
     207
     190
     202
     149
     168
     159
     170
     181
     168
     175
     182
     181
     172
     164
     148
     199
     152
     162
     158
     168
     185
     193
     167
     191
     162
     167
     166
     174
     182
     154
     171
     162
     174
     151
     157
     183
     179
     178
     162
     176
     180
     167
     159
     164
     164
     154
     162
     163
     162
     159
     139
     166
     155
     155
     172
     163
     146
     157
     169
     150
     158
     143
     138
     142
     155
     152
     146
     145
     153
     176
     144
     140
     146
     142
     151
     143
     140
     147
     132
     146
     164
     162
     169
     156
     133
     153
     155
     143
     133
     142
     149
     133
     150
     140
     130
     126
     152
     153
     150
     120
     151
     137
     123
     139
     135
     157
     136
     159
     154
     144
     148
     144
     146
     148
     155
     116
     124
     141
     139
     130
     135
     143
     134
     138
     147
     141
     134
     151
     137
     133
     131
     137
     127
     121
     138
     141
     131
     126
     136
     139
     142
     142
     125
     125
     141
     148
     113
     115
     130
     135
     131
     129
     127
     113
     114
     150
     115
     130
     118
     124
     143
     114
     130
     109
     124
     123
     126
     123
     131
     122
     137
     112
     133
     116
     107
     130
     122
     113
     126
     119
     124
     125
     124
     117
     122
      99
     117
     108
     106
     128
     123
     118
     114
     125
     125
      97
      97
     117
     124
     112
     103
     108
      95
     133
     112
     104
     113
     114
     105
     104
     116
      85
     109
     101
     111
     110
     123
     120
     109
     102
     116
      94
     116
     111
     112
     133
     113
     106
     114
      87
     118
      99
      86
      97
     105
     116
      96
      94
     102
     112
      94
      86
     101
     111
     123
     106
      97
     116
      94
      94
      95
     112
      90
     102
      97
      89
      99
      96
     117
      98
      94
      96
     105
      87
     113
      99
      83
      81
      94
      88
     102
      89
      91
      84
     104
      90
      93
      87
     110
     102
     118
     106
      83
      77
     102
      77
      96
     101
      75
      89
      89
      79
      89
      81
      91
      81
      94
      78
      74
      94
      72
      88
      84
      86
      85
      71
      90
      86
      86
      96
      78
      88
      72
      92
      88
      87
      81
      69
      89
      64
      77
      73
      71
      70
      81
      86
      85
      65
      85
      81
      92
      68
      88
      80
      78
      84
      76
      67
      64
      68
      76
      77
      69
      74
      70
      64
      66
      61
      67
      70
      68
      72
      72
      61
      91
      74
      65
      70
      89
      71
      69
      76
      84
      70
      78
      77
      70
      56
      76
      62
      67
      66
      64
      55
      65
      71
      71
      62
      62
      68
      70
      63
      61
      63
      76
      60
      64
      61
      72
      74
      77
      63
      61
      62
      74
      64
      77
      68
      59
      63
      70
      64
      62
      58
      63
      59
      68
      66
      59
      54
      57
      58
      61
      61
      72
      69
      64
      67
      56
      70
      62
      59
      55
      72
      61
      78
      67
      64
      71
      55
      64
      55
      63
      63
      63
      60
      69
      57
      48
      58
      84
      53
      69
      50
      62
      50
      53
      68
      66
      70
      60
      64
      50
      68
      63
      48
      69
      43
      62
      58
      72
      72
      63
      64
      59
      66
      62
      69
      67
      59
      54
      60
      54
      69
      62
      57
      76
      51
      60
      58
      53
      70
      77
      68
      59
      72
      67
      55
      65
      65
      57
      64
      63
      63
      51
      49
      54
      61
      50
      60
      46
      63
      68
      62
      57
      61
      67
      70
      58
      45
      47
      48
      48
      46
      60
      65
      48
      65
      55
      61
      56
      48
      71
      54
      64
      58
      51
      64
      57
      72
      65
      68
      58
      62
      54
      65
      63
      61
      60
      76
      63
      83
      79
      74
      60
      68
      73
      80
      79
      74
      63
      80
      83
      61
      72
      69
      60
      83
      79
      82
      78
      75
      67
      81
      58
      82
      79
      84
      72
      86
      83
      76
      76
      76
      77
      99
      91
      90
      85
      89
      93
      75
      96
      93
      79
     100
      86
      93
     112
      91
      92
     105
      82
      95
      94
      86
      89
      93
      77
      80
      75
      67
      80
      70
      59
      71
      74
      62
      62
      52
      50
      56
      66
      67
      65
      52
      59
      49
      44
      57
      53
      49
      42
      44
      52
      54
      49
      63
      50
      48
      43
      47
      53
      31
      33
      54
      44
      51
      45
      34
      37
      33
      36
      30
      24
      31
      36
      30
      25
      42
      29
      46
      23
      42
      34
      34
      22
      31
      35
      32
      27
      26
      21
      19
      32
      26
      18
      26
      33
      30
      24
      22
      23
      36
      21
      19
      27
      22
      30
      24
      25
      22
      22
      13
      24
      23
      29
      33
      20
      25
      23
      26
      23
      19
      25
      25
      28
      23
      21
      30
      29
      15
      14
      19
      25
      14
      23
      26
      18
      17
      23
      20
      25
      17
      22
      18
      21
      24
      26
      24
      20
      16
      22
      11
      14
      27
      14
      17
      12
      20
      19
      22
      23
      19
      17
      19
      16
      20
      32
      21
      17
      25
      18
      18
      17
      19
      13
      11
      20
      24
      20
      16
      21
      23
      28
      22
      12
      21
      14
      25
      14
      16
      31
      23
      18
      18
      16
      13
      17
      17
      19
      26
      20
      18
      34
      25
      17
      19
      25
      27
      18
      27
      22
      20
      22
      24
      20
      22
      22
      21
      20
      23
      24
      19
      11
      16
      17
      23
      16
      17
      18
      20
      17
      16
       8
      16
      10
      13
      15
      12
      18
      17
      13
      21
      16
      13
      18
      16
      15
      12
      10
      12
      12
      23
      12
      22
       6
      16
      20
      19
      22
      13
      19
      15
      17
      17
      10
      11
      18
      19
      16
      13
      14
      20
      20
      17
      20
      20
      19
      22
      25
      19
      26
      19
      16
      13
      15
      14
      13
      13
      13
      12
      15
      24
      18
      12
      27
      11
      22
      23
      18
       8
      19
      20
      18
      17
      17
      19
      11
      16
      13
      25
      14
      24
      22
      19
      16
      15
      24
      17
      20
      17
      17
      13
      14
      21
      19
      18
      13
      16
      15
      16
      20
      12
      19
      18
      19
       8
      10
      15
      16
      17
      12
      14
      14
      19
      11
      23
      22
      22
      23
      12
      22
      19
      18
      12
      11
      13
      14
      15
      22
      20
      21
      27
      17
      35
      31
      35
      25
      32
      22
      31
      26
      30
      30
      29
      37
      44
      39
      37
      40
      33
      55
      47
      43
      43
      47
      65
      47
      53
      70
      71
      55
      65
      75
      78
      79
      87
      79
      79
      66
      85
     102
      83
      84
      89
      98
     110
     104
     100
      90
      84
      76
      98
      88
      73
      61
      57
      63
      53
      51
      55
      60
      48
      49
      35
      30
      28
      24
      28
      26
      29
      12
       9
      13
      13
      10
      11
       5
       4
       4
       9
       8
       6
       8
       8
       5
       7
       5
       1
      10
       5
       5
       6
       7
       6
       6
       8
       9
       4
       8
       8
       4
       2
       4
       8
       4
      10
       3
       8
       7
       7
       9
       4
       4
       6
       2
       2
       3
       4
       4
       6
       4
       3
       5
       7
       5
       5
       3
       3
       2
       4
       5
       5
       3
       4
       7
       5
       6
       7
       9
       3
       3
       5
       5
       4
       3
       7
       8
       6
       4
       3
       2
       5
       6
       8
       7
       5
       5
       4
       4
       2
       7
      10
       5
       4
       3
       8
       4
       3
       6
      10
      10
       8
       2
       8
       5
       7
       4
      10
       8
       2
      11
       4
       2
       4
       2
       8
       2
       6
       8
       6
       5
       5
       7
       2
       5
       6
       4
      10
       3
       5
      10
       6
       5
       6
       4
       6
       5
      13
       4
       2
       3
       3
       2
       4
       7
       6
       8
       5
       0
       7
       4
       6
       0
       7
       4
       3
       5
       3
       4
       7
       2
       6
       5
       3
      11
       6
       2
       9
       2
       4
       5
       5
       5
       2
       5
       9
       2
       4
       6
       3
       4
       1
       6
       6
       4
       4
       2
       2
       2
       7
       5
       2
       2
       3
       4
       8
       2
       5
       4
       6
       4
       4
       6
       1
       4
       3
       4
       4
       4
       7
       3
      11
       2
       6
       6
       5
       3
       4
       4
       8
       5
       5
       1
       5
       5
       2
       7
       6
       3
       2
       5
       4
       4
       5
       4
       2
       2
       5
       5
       1
       5
       6
       1
       6
       5
       3
       2
       5
       1
       8
       3
       4
       8
       5
       4
       1
       4
       4
       4
       3
       3
       4
       1
       3
       2
       4
       2
       3
       2
       3
       4
       4
       5
       3
       6
       4
       4
       3
      12
       4
      11
       6
       4
       4
       2
       7
       8
       3
       7
       3
       3
       6
       0
       6
       6
       5
       4
      10
       5
       7
       1
       4
       4
       4
       4
       6
       2
       1
       5
       2
       2
       8
       4
       3
       3
       2
       7
       2
       5
       4
       2
       7
       4
       4
       1
       1
       5
       5
       4
       4
       6
       4
       2
       2
       6
       3
       6
       3
       3
       7
       1
       3
       3
       6
       3
       5
       3
       8
       3
       2
       0
       4
       5
       2
       7
       4
       0
       5
       1
       2
       2
       5
       2
       4
       0
       1
       2
       4
       5
       5
       2
       2
       3
       5
       4
       2
       4
       2
       6
       3
       3
       5
       4
       5
       3
       1
       4
$ENER_FIT:
0.000000 0.619070
$PRESETS:
Live Time (sec)
500
0
$RT:
503.680000
$DT:
3680
$ISO_DECL_U:
SMPLNAM: IDB-1061
SEPDATE: 01/01/1900 00:00:00
U234: Unknown 
DU234: Unknown
U235: 3.105 
DU235: 0.0966
U236: Unknown 
DU236: Unknown
U238: Unknown 
DU238: Unknown
$ADC:
2048
0
2047