$APPLICATION_ID:
IDB v.1.0
$SPEC_REM:
Material type: U
Material form: powder
Material compound: U3O8
U isotopics:
234U Unknown
235U 19.82
236U Unknown
238U Unknown
Detector: CZT (Geometry: Quasi-hemispherical, Size: 1500 mm3)
MCA: MCA-527
$DATE_MEA:
01/01/1900 00:00:00
$MEAS_TIM:
900 903
$DATA:
0 2047
       0
       0
       0
       0
       0
       0
       0
       0
       0
       0
       0
       0
       0
       0
       0
       0
       0
       0
       0
       0
       0
       0
       0
       0
       0
       0
       0
       0
       0
       0
       0
       0
       0
       0
       0
       0
       0
       0
       0
       0
     351
     359
     379
     395
     355
     374
     379
     392
     421
     384
     430
     404
     452
     432
     380
     386
     497
     401
     398
     403
     397
     381
     418
     404
     397
     357
     387
     377
     366
     349
     363
     352
     376
     380
     382
     372
     391
     369
     391
     393
     415
     451
     446
     473
     528
     516
     608
     718
     807
     881
     974
    1060
    1109
    1141
    1022
     982
     847
     795
     736
     643
     562
     563
     526
     585
     559
     590
     608
     579
     572
     542
     502
     472
     476
     435
     405
     391
     355
     351
     396
     355
     382
     328
     364
     360
     398
     351
     364
     377
     381
     393
     391
     384
     419
     462
     430
     441
     429
     467
     449
     497
     534
     534
     531
     565
     640
     622
     612
     683
     737
     733
     760
     785
     812
     848
     858
     834
     876
     887
     852
     857
     850
     801
     768
     788
     782
     789
     835
     851
     888
     885
     939
     944
     987
    1039
    1088
    1046
    1137
    1137
    1132
    1101
    1103
    1012
    1000
     929
     982
     914
     916
     830
     867
     801
     818
     781
     801
     818
     792
     803
     799
     886
     811
     817
     862
     908
     861
     891
     927
     955
     940
     979
     953
    1066
    1006
    1066
    1049
    1024
    1106
    1150
    1079
    1122
    1140
    1229
    1229
    1208
    1292
    1327
    1432
    1463
    1503
    1582
    1640
    1550
    1623
    1668
    1607
    1566
    1496
    1435
    1406
    1278
    1278
    1255
    1298
    1337
    1391
    1387
    1396
    1446
    1416
    1506
    1455
    1441
    1534
    1460
    1527
    1581
    1703
    1705
    1716
    1777
    1755
    1894
    1916
    1907
    1980
    1840
    1861
    1880
    1844
    1822
    1785
    1738
    1719
    1814
    1757
    1838
    1759
    1815
    1860
    2040
    1966
    2012
    2090
    2164
    2211
    2310
    2423
    2657
    2802
    2958
    3169
    3499
    3887
    4270
    4836
    5477
    5985
    6393
    6705
    6801
    6567
    6366
    5433
    4582
    3594
    2705
    2030
    1426
    1055
     884
     766
     619
     646
     625
     641
     668
     624
     653
     674
     692
     720
     727
     770
     784
     850
     919
    1005
    1065
    1094
    1045
    1122
    1113
     994
     944
     835
     752
     636
     521
     446
     378
     379
     366
     362
     360
     328
     364
     355
     322
     361
     319
     351
     325
     339
     308
     333
     339
     346
     321
     357
     367
     343
     288
     308
     308
     334
     279
     299
     285
     283
     264
     294
     279
     317
     292
     282
     288
     301
     302
     264
     295
     313
     292
     275
     268
     292
     265
     299
     272
     310
     265
     292
     264
     272
     296
     269
     274
     299
     271
     271
     266
     246
     245
     238
     254
     256
     261
     240
     273
     274
     263
     266
     252
     256
     274
     260
     237
     238
     276
     255
     248
     271
     255
     218
     248
     231
     223
     224
     257
     227
     255
     231
     214
     223
     235
     253
     228
     226
     222
     229
     242
     204
     209
     222
     206
     238
     234
     248
     214
     241
     209
     246
     235
     224
     211
     202
     162
     230
     200
     221
     221
     217
     218
     208
     213
     210
     197
     209
     215
     185
     193
     194
     190
     193
     210
     187
     199
     205
     204
     205
     208
     207
     181
     183
     190
     189
     208
     189
     202
     168
     205
     193
     186
     188
     173
     186
     208
     172
     203
     187
     199
     195
     177
     168
     188
     200
     179
     163
     184
     191
     185
     182
     181
     172
     162
     179
     190
     169
     171
     174
     151
     160
     189
     191
     158
     179
     158
     188
     169
     168
     173
     133
     131
     154
     179
     182
     158
     184
     173
     192
     162
     182
     175
     155
     164
     137
     149
     152
     135
     162
     155
     158
     165
     148
     152
     171
     179
     182
     165
     146
     153
     146
     175
     163
     133
     168
     167
     160
     144
     125
     133
     130
     134
     160
     141
     158
     133
     151
     122
     144
     130
     151
     162
     129
     136
     132
     116
     133
     118
     120
     125
     121
     137
     120
     135
     130
     137
     124
     131
     123
     162
     117
     137
     122
     118
     143
     107
     145
     122
     117
     120
      99
     109
     116
     109
     112
     109
     117
     121
     130
     125
     102
     119
     123
     126
     128
     130
     130
     110
     122
     106
     114
     115
     126
      86
     115
     115
      91
     123
     101
      85
     100
     114
     121
     113
     111
      90
      79
     100
     109
     114
     115
      90
     112
     106
     109
     103
     112
     120
     108
     119
     106
      90
     113
     100
     132
     111
     105
     101
      91
     107
      96
     120
     118
      93
      88
     106
      97
     108
     101
      91
      94
      93
     101
      79
      74
      90
     113
      97
      99
     108
      94
     104
      95
      95
      93
      97
     106
      87
      87
      73
     112
      89
      96
      84
      99
      88
     106
      88
     102
      97
      97
      93
      91
      87
      92
      72
      78
      72
      77
      88
      92
      92
      87
      88
      95
      85
      86
      80
      92
      74
      79
      85
      76
      90
      87
     105
      77
      98
      87
      80
      78
      80
      79
      89
      97
      98
      62
      72
     114
      84
      78
      90
      87
      87
      86
      59
      73
      69
      82
      74
      93
      64
      60
      72
      73
      76
      75
      60
      62
      81
      84
      78
      76
      86
      75
      65
      93
      73
      65
      69
      67
      67
      79
      67
      87
      59
      69
      70
      69
      74
      70
      68
      63
      78
      76
      59
      90
      61
      77
      94
      74
      52
      71
      68
      57
      84
      76
      81
      70
      75
      71
      64
      68
      75
      69
      92
      59
      53
      63
      56
      64
      67
      76
      74
      69
      63
      59
      75
      70
      67
      61
      55
      53
      59
      66
      67
      66
      67
      66
      67
      69
      67
      61
      64
      73
      55
      66
      64
      52
      81
      56
      58
      70
      49
      66
      74
      63
      59
      64
      74
      50
      50
      54
      67
      64
      55
      72
      63
      59
      52
      63
      55
      65
      44
      47
      51
      36
      63
      44
      64
      43
      56
      60
      54
      65
      46
      61
      57
      44
      56
      47
      73
      59
      59
      51
      49
      60
      47
      50
      49
      43
      49
      53
      48
      55
      53
      52
      47
      46
      38
      48
      48
      54
      65
      44
      57
      57
      49
      42
      46
      53
      63
      47
      48
      44
      50
      52
      51
      48
      48
      42
      42
      46
      44
      47
      54
      52
      35
      49
      49
      38
      50
      55
      39
      47
      46
      42
      50
      40
      45
      50
      39
      41
      47
      34
      48
      44
      46
      43
      46
      55
      46
      46
      37
      49
      52
      34
      33
      39
      33
      38
      37
      41
      40
      44
      40
      52
      47
      35
      51
      44
      40
      48
      38
      43
      42
      41
      30
      32
      44
      45
      30
      42
      45
      35
      32
      41
      43
      49
      28
      53
      39
      35
      42
      38
      40
      42
      43
      32
      34
      31
      38
      38
      33
      36
      43
      42
      37
      32
      31
      29
      29
      42
      36
      30
      41
      36
      29
      32
      40
      33
      39
      32
      36
      41
      44
      28
      35
      35
      43
      37
      26
      32
      36
      29
      32
      34
      30
      35
      32
      33
      37
      32
      30
      34
      34
      31
      40
      30
      33
      34
      33
      32
      38
      32
      26
      28
      28
      29
      38
      25
      41
      36
      28
      34
      31
      38
      32
      41
      35
      28
      18
      20
      34
      26
      41
      31
      34
      23
      34
      26
      30
      35
      27
      28
      28
      27
      37
      37
      38
      33
      27
      25
      32
      29
      32
      37
      36
      26
      30
      25
      37
      32
      43
      36
      31
      38
      24
      23
      31
      29
      39
      25
      38
      34
      37
      42
      31
      33
      29
      29
      33
      34
      28
      26
      31
      37
      30
      41
      32
      21
      31
      27
      16
      33
      28
      21
      36
      19
      32
      32
      21
      36
      26
      24
      26
      30
      36
      25
      27
      37
      28
      23
      30
      24
      31
      31
      31
      30
      18
      28
      35
      34
      33
      27
      29
      34
      25
      30
      35
      25
      27
      28
      26
      30
      28
      34
      25
      40
      39
      31
      39
      32
      46
      31
      28
      36
      25
      38
      36
      40
      41
      42
      39
      29
      24
      33
      43
      28
      29
      29
      28
      37
      29
      37
      37
      34
      31
      39
      34
      37
      30
      48
      38
      41
      51
      35
      38
      41
      43
      39
      53
      39
      42
      38
      42
      39
      43
      30
      32
      40
      26
      23
      31
      30
      25
      25
      24
      18
      18
      27
      24
      32
      27
      23
      13
      12
      24
      23
      27
      23
      21
      22
      17
      26
      17
      21
      15
      23
      19
      24
      26
      27
      14
      19
      20
      21
      15
      16
      14
      10
      26
      14
      16
      15
      16
      10
      18
      15
      13
       9
      10
      15
      11
      13
       7
      13
      15
      12
      13
      17
      16
      15
      14
      14
      10
      12
      16
      12
      14
      13
      16
      15
       8
      15
      17
       9
      13
      13
      15
      15
       9
       8
      13
      18
      17
      11
      15
      11
      13
       9
      12
      10
       6
      11
       7
       8
      11
      13
      17
      11
      11
      10
       6
      10
      17
       8
      17
      10
      11
       9
      19
      16
       9
       8
      13
       7
      16
      12
      13
       8
      14
      10
      10
      15
      12
       7
      14
      10
      10
       8
      10
      10
      10
      10
       5
      10
      13
      13
      11
       9
      16
       7
      15
      12
       2
      11
      14
      10
       7
      14
      17
      12
       8
       8
      18
       8
      12
      14
      15
      15
       9
      15
      13
      13
       7
       7
      11
      11
       7
      11
       8
       6
       8
      10
       8
      16
       8
      10
      10
      16
      12
      10
       9
      15
      11
       8
      10
      11
       9
       7
      16
       9
       6
       9
       5
       6
       8
       8
       8
       8
       6
      13
      14
       7
      10
       6
      13
       4
       7
       5
       7
      11
       8
       9
       6
       8
       5
      13
      10
       7
      14
      10
       5
       6
       5
      12
       7
       7
       6
       7
       9
      12
       9
      13
       5
      13
       3
       6
       6
      14
       9
      10
      10
       9
       4
      11
       5
       8
      10
       6
       8
       9
      11
      10
       4
      14
       6
       9
       6
       6
       8
       7
       7
      10
      10
       5
      15
      10
      10
      14
       6
       9
       6
      10
       7
      15
      14
       9
      10
       9
       7
       4
       8
       7
       7
       6
      10
      11
       7
       7
       6
       5
      12
      17
       3
      12
      10
       7
       7
       9
      10
       6
       6
       8
       6
       9
       9
       9
       8
      11
      11
      15
      16
       6
       5
      12
      10
       9
       9
      10
      13
       9
      15
      11
      11
      15
      10
      12
      16
       7
      11
      11
      12
      13
      12
      13
      22
      12
      16
      23
      17
      15
      13
      22
      22
      25
      16
      20
      23
      25
      26
      28
      21
      33
      26
      33
      37
      29
      39
      41
      41
      36
      36
      35
      46
      44
      31
      36
      38
      26
      40
      29
      28
      27
      27
      26
      16
      16
      14
       6
      12
      11
       7
       7
       9
       6
       4
       2
       3
       4
       3
       2
       3
       6
       3
       2
       5
       3
       1
       5
       3
       2
       8
       2
       3
       4
       2
       5
       5
       3
       4
       2
       3
       2
       1
       3
       7
       4
       1
       1
       4
       2
       5
       6
       2
       3
       9
       2
       2
       3
       1
       4
       1
       2
       4
       3
       0
       1
       2
       1
       3
       2
       4
       7
       0
       5
       8
       3
       5
       4
       1
       2
       2
       1
       3
       2
       3
       1
       2
       3
       3
       2
       4
       4
       3
       5
       6
       3
       1
       1
       1
       5
       3
       2
       5
       1
       1
       2
       1
       4
       1
       3
       1
       1
       4
       2
       6
       3
       3
       3
       8
       5
       1
       1
       3
       6
       4
       3
       3
       0
       6
       1
       2
       1
       4
       1
       5
       4
       4
       3
       3
       2
       1
       4
       7
       2
       4
       3
       6
       6
       4
       3
       5
       1
       5
       6
       2
       2
       4
       4
       1
       5
       2
       1
       4
       1
       2
       2
       1
       2
       0
       4
       2
       0
       1
       3
       4
       5
       1
       4
       0
       1
       4
       2
       4
       4
       6
       2
       5
       2
       3
       6
       3
       2
       3
       2
       3
       7
       0
       2
       2
       3
       4
       1
       5
       4
       1
       3
       1
       5
       1
       4
       2
       2
       2
       1
       3
       3
       1
       4
       3
       3
       0
       3
       0
       1
       0
       5
       1
       2
       2
       3
       7
       3
       2
       2
       3
       4
       3
       2
       5
       2
       2
       3
       5
       2
       1
       1
       0
       4
       0
       0
       2
       2
       1
       3
       4
       0
       3
       2
       2
       3
       1
       0
       3
       3
       1
       2
       3
       5
       1
       0
       3
       5
       1
       2
       0
       2
       1
       5
       2
       3
       2
       1
       1
       1
       1
       1
       2
       2
       2
       3
       3
       7
       7
       0
       3
       5
       3
       2
       3
       2
       2
       2
       7
       5
       2
       2
       1
       1
       2
       2
       2
       3
       1
       4
       1
       1
       3
       1
       6
       0
       1
       2
       0
       2
       3
       0
       3
       0
       2
       1
       1
       4
       1
       4
       1
       4
       0
       2
       0
       2
       1
       1
       0
       1
       3
       1
       2
       2
       1
       4
       4
       1
       3
       1
       3
       0
       2
       1
       4
       2
       0
       4
       4
       2
       3
       5
       0
       2
       2
       3
       2
       4
       2
       4
       2
       4
       2
       1
       2
       2
       3
       1
       1
       2
       0
       2
       1
       2
       2
       2
       0
       3
       0
       1
       3
       0
       3
       0
       2
       1
       2
       0
       0
       0
       2
       1
       1
       1
       2
       2
       1
       4
       2
       1
       2
       0
       1
       1
       1
       1
       2
       0
       1
       0
       3
       1
       2
       1
       2
       2
       1
       4
       1
       2
       4
       1
       1
$ENER_FIT:
0.000000 0.619060
$PRESETS:
Live Time (sec)
900
0
$RT:
903.060000
$DT:
3059
$ISO_DECL_U:
SMPLNAM: IDB-1076
SEPDATE: 01/01/1900 00:00:00
U234: Unknown 
DU234: Unknown
U235: 19.82 
DU235: 0.0505
U236: Unknown 
DU236: Unknown
U238: Unknown 
DU238: Unknown
$ADC:
2048
0
2047