$APPLICATION_ID:
IDB v.1.0
$SPEC_REM:
Material type: U
Material form: powder
Material compound: U3O8
U isotopics:
234U Unknown
235U 0.708
236U Unknown
238U Unknown
Detector: HPGe (Geometry: Planar, Size: 1000 mm2 x 15 mm)
MCA: MCA-527
$DATE_MEA:
01/01/1900 00:00:00
$MEAS_TIM:
600 612
$DATA:
0 4095
       0
       0
       0
       0
       0
       0
       0
       0
       0
       0
       0
       0
       0
       0
       0
       0
       0
       0
       0
       0
       0
       0
       0
       0
       0
       0
       0
       0
       0
       0
       0
       0
       0
       0
       0
       0
       0
       0
       0
       0
       0
       0
       2
       1
       1
       3
       3
       4
       7
      11
      15
       7
      12
      11
      11
      11
      14
      15
      17
      26
      27
      23
      29
      30
      34
      30
      32
      49
      39
      37
      41
      49
      51
      52
      64
      64
      49
      62
      58
      51
      76
      81
      66
      64
      64
      82
      74
      99
      74
      83
      83
     101
      83
      88
      94
      82
      96
     102
      92
      75
      93
      80
      78
     104
      98
     107
      95
      85
      81
      86
      80
      94
      83
      87
      87
      81
      91
      75
      93
      96
     103
      79
      91
      92
      83
     101
      90
     102
      98
      84
      81
      82
      79
      85
      89
      91
      98
      86
      89
     104
      88
      81
      88
     106
      95
      97
      99
      87
     112
      94
      91
     101
     113
      75
      90
      89
     108
      93
     102
     106
     107
      98
      88
     100
      92
      88
      83
     112
      92
      94
     107
      97
     105
      87
      78
      82
     112
      82
      85
      91
     115
      95
      86
     102
      98
     115
     105
      89
     103
     112
     106
     103
      94
     100
      91
      83
     107
     103
      96
     105
      93
     102
     106
      90
      83
     110
     103
     113
     108
     104
      83
     123
     114
      91
     100
     106
     130
      87
      85
      87
     118
      95
      97
      92
     104
      95
     100
     104
      97
      87
      92
      97
     100
      96
      94
      95
     102
     124
      86
      90
     100
     112
      97
     107
     105
     105
      90
     103
      99
     100
     108
     112
     100
     103
     108
     100
     103
     113
     109
      95
     109
     108
     103
      83
      94
     103
     114
     105
     103
     107
      99
      85
      96
      99
      83
      95
      99
      87
      78
     106
     105
     110
     115
     105
     125
      97
     110
      88
     108
     104
      90
     107
      95
     116
      97
     104
     106
     107
     116
      86
      95
     105
     110
     116
     103
     110
      96
      89
     108
      99
     115
     105
     107
     106
     126
     108
     106
     108
      97
     110
     101
     121
      84
      98
     115
     100
     124
     111
     111
      98
     143
     142
     138
     145
     208
     229
     215
     211
     199
     159
     137
     114
     102
      95
     111
     106
      95
      96
     100
     100
     100
      95
      94
     116
     110
      76
      92
      90
      99
     118
     104
     100
      97
     114
      97
      98
     111
     110
      82
     105
      94
     110
     108
     110
      97
      98
     117
     118
     146
     155
     153
     143
     113
     105
     115
     113
     100
     114
     105
     101
      99
      96
     105
     108
     103
      85
     103
     105
      94
     105
      97
      84
      96
     108
     111
      97
     101
      94
      92
      85
      93
     110
      89
      98
      88
      95
     103
      96
      93
      94
     105
      92
      98
      94
     119
      92
      89
     106
     106
      96
      88
     103
     108
      96
     101
     103
      89
      99
      97
      93
      98
      73
     104
      92
      87
     106
      97
      85
      95
      80
      98
      86
      88
      82
     103
     104
      80
      91
      83
     102
     115
     110
     101
      98
      96
      80
      87
      93
      80
      91
     102
     105
      90
      85
      89
      95
      98
      86
      94
      95
      91
      80
      83
      88
      88
      83
     100
      78
      91
      79
      90
      92
      88
      88
      92
      75
      79
     105
      86
     103
      94
      77
      88
      98
     107
      76
      94
      91
      99
      90
      78
      91
      65
      82
      95
     106
      77
      92
     104
      80
      78
      74
      98
      95
      75
      99
      86
      82
      85
      84
      71
      74
      95
     100
      85
      77
      82
      90
      80
      74
      98
     108
      73
      95
      82
      77
      74
     117
      97
     104
      90
      87
      83
      97
      82
     105
      78
      92
      81
      90
      84
      84
      93
      86
      99
      86
      90
      82
      90
     100
      84
      84
      97
      86
     100
     104
      75
      77
      73
      92
     104
      92
      97
      84
      95
      86
      82
      92
      82
      86
      80
      91
      76
      83
      95
     106
      85
      74
      83
      78
      79
      96
     102
      93
      89
      78
      80
     100
      87
     118
      74
      75
      90
      91
      85
      86
      74
      87
      78
      96
     101
      93
      85
      89
      88
      82
     108
      98
      96
      81
     101
      89
     100
      72
      69
      77
      99
      77
      88
      87
      89
      67
     100
      92
      84
      81
      78
      93
      90
      67
      77
      91
      84
     101
      76
      89
      86
     107
      73
      75
      81
      96
      87
      90
      97
      84
      92
      89
      95
     115
      79
      99
      85
      96
      95
      82
     106
      87
      90
      81
      92
      98
      82
      93
      76
      71
      98
      88
      88
      78
      86
      81
     103
      84
      81
      84
      95
      93
      76
      80
      88
      83
      99
      73
      72
      86
      85
      88
      92
      85
      87
      63
      87
      89
      70
      84
      81
      80
      67
      85
      95
      88
      87
      99
      79
      80
      66
      99
     100
      76
     100
      77
      82
      87
      94
      72
      76
      91
      82
      89
      88
      71
      78
      96
      77
      86
      59
      77
     101
      84
      83
      80
      96
      81
      71
      92
      83
      65
     100
      84
      87
      80
      79
      88
      88
      78
      92
      90
      96
      79
      80
      82
      88
      73
      75
      86
      72
      85
      81
      90
      71
      80
      78
      86
      85
      86
      95
      76
      78
      96
      91
      99
      99
      85
      89
      84
      79
      88
      93
      89
      83
      79
      78
      88
      85
      96
      78
     101
      97
      76
      95
      95
      79
      89
      91
      83
      88
      86
      84
      80
      85
      88
      94
      75
     104
      88
     103
     101
      84
      89
      98
      83
      88
      84
      84
     102
      93
      87
      93
     102
      88
     112
     137
     137
     169
     138
     138
     121
     106
      98
      86
      77
      90
      78
      83
      94
      93
      86
      73
      97
      81
      87
      77
      77
      80
     105
      79
      89
      90
      80
      83
      84
      97
      97
      93
      96
      91
      89
      79
      84
      87
      86
     112
      95
      88
      92
      84
     102
     100
      81
      86
      88
      89
      96
      89
      80
      97
      96
     100
      80
      95
      83
     101
      90
      67
      86
     102
      78
      99
      98
      83
      81
      93
      93
      94
     103
      93
     106
      97
     101
      95
      79
      85
      93
     102
      84
      82
      92
      86
      99
      94
      84
      99
      75
     105
     101
      87
      82
      98
      85
     103
      90
      94
      97
     105
      99
     114
     101
      84
     113
      77
     103
      86
      87
     112
      95
     101
      93
     111
     107
      83
     113
     100
     102
      98
     110
      78
     103
      98
     107
     134
     100
     127
     109
     102
     104
     100
     111
      91
      94
     101
      92
      86
      85
      90
      87
     103
     100
      90
      96
     109
     107
     106
     114
      95
     120
     108
     105
     118
     129
     123
     141
     133
     132
     131
     102
     107
     104
     100
     106
     107
     103
      99
      99
      94
     111
     118
      92
     109
     102
     116
     113
      99
     108
      87
     113
     116
     113
     128
     120
     127
     120
     124
     111
      99
     104
      78
     110
     116
      93
      87
     109
     112
     109
      90
     109
     105
     125
     141
     116
     102
     102
      99
     113
     130
     108
     124
     121
     107
     103
     118
     124
     119
     117
      97
     101
     129
      95
     112
      94
     114
     125
     118
      96
     124
      99
     111
     115
     116
     125
     118
     120
     131
     121
     114
     119
      93
     113
     106
     114
     117
     117
      93
     103
     103
     135
      97
     125
     126
     132
     126
     118
     116
     136
     125
     116
     117
     132
     142
     108
     120
     122
     133
     132
     111
     134
     126
     138
     155
     133
     150
     144
     189
     195
     181
     189
     170
     148
     198
     157
     147
     161
     141
     148
     153
     151
     165
     149
     142
     130
     130
     118
     129
     135
     114
     118
     144
     130
     120
     139
     139
     135
     168
     157
     144
     136
     149
     159
     141
     127
     153
     154
     160
     145
     150
     126
     169
     141
     172
     164
     139
     152
     136
     158
     161
     149
     158
     148
     147
     165
     158
     150
     155
     142
     148
     170
     157
     179
     140
     130
     159
     150
     128
     143
     151
     154
     174
     192
     176
     193
     188
     219
     187
     216
     168
     172
     172
     171
     148
     171
     174
     163
     167
     166
     170
     151
     172
     191
     167
     187
     170
     162
     157
     176
     180
     170
     224
     229
     310
     416
     556
     651
     809
     899
     937
     859
     914
     880
     930
     889
     730
     666
     483
     399
     303
     292
     269
     228
     218
     218
     195
     211
     207
     189
     202
     185
     237
     291
     356
     489
     628
     812
     888
    1021
     934
     942
     793
     601
     547
     372
     278
     233
     195
     193
     164
     192
     176
     162
     175
     154
     152
     196
     169
     178
     190
     166
     152
     175
     150
     170
     144
     146
     154
     165
     158
     155
     162
     174
     165
     163
     183
     197
     173
     209
     260
     242
     298
     367
     426
     659
     890
    1202
    1488
    1656
    1753
    1710
    1497
    1196
     893
     663
     462
     347
     276
     237
     179
     177
     160
     158
     151
     158
     145
     131
     154
     129
     151
     125
     126
     150
     139
     123
     126
     122
     118
     138
     155
     149
     131
     138
     140
     126
     132
     130
     132
     118
     139
     126
     141
     132
     121
     147
     126
     133
     149
     123
     141
     122
     149
     135
     150
     127
     145
     154
     121
     152
     133
     148
     143
     138
     132
     130
     127
     127
     159
     161
     150
     155
     156
     142
     145
     144
     121
     137
     116
     131
     140
     153
     136
     138
     142
     150
     115
     168
     146
     130
     137
     158
     157
     132
     154
     153
     176
     144
     160
     152
     141
     146
     146
     156
     156
     153
     152
     163
     145
     128
     152
     135
     150
     152
     140
     129
     127
     155
     147
     162
     128
     144
     124
     137
     146
     147
     113
     144
     166
     159
     154
     158
     170
     138
     171
     141
     194
     169
     174
     173
     169
     177
     180
     171
     180
     183
     160
     174
     172
     158
     185
     153
     169
     177
     210
     236
     305
     307
     376
     464
     466
     433
     410
     358
     383
     346
     344
     400
     489
     606
     646
     700
     706
     745
     642
     559
     422
     369
     328
     245
     205
     189
     160
     157
     158
     177
     157
     180
     230
     239
     231
     298
     238
     232
     235
     234
     207
     177
     166
     168
     169
     163
     127
     152
     139
     161
     150
     178
     186
     202
     235
     268
     321
     346
     373
     352
     308
     324
     256
     202
     206
     192
     186
     169
     188
     200
     177
     173
     190
     167
     144
     112
     111
     112
     102
      99
     101
      91
      88
      92
      99
      90
      99
      82
     114
      89
      95
      96
      99
     114
     103
     118
      83
     100
      77
     100
      91
      90
     102
     102
      97
      76
     111
     101
     101
      88
     105
      85
     103
     112
      84
      99
     101
     108
      93
      94
     111
      80
      96
      82
     101
     104
      81
      97
      80
     104
      96
      91
      83
      90
     107
     105
      90
      94
     107
     109
     111
      95
      87
     104
      85
      84
      95
      98
      92
      93
      96
      94
      99
      91
      93
      98
      77
     110
      99
      86
      97
      95
      88
     106
     103
      83
      83
      98
      89
      76
     107
      93
      74
     101
      98
      98
      99
      89
      86
      78
      87
      94
     100
      94
     103
      88
      71
      89
      89
      99
      91
     106
      79
      82
     101
      87
      91
      95
      78
     100
      92
      91
      87
     105
     103
      79
      96
      89
     101
     103
     118
     104
      90
     104
      86
      88
      94
     104
     103
      87
      99
      95
      81
      86
      83
      93
     103
     100
      88
      80
      90
     100
     107
     101
     105
     107
     105
      88
      90
      85
     104
      89
      76
      93
     100
     105
      86
      91
     101
      96
      98
     101
      97
      98
      93
      95
      93
     100
      92
      98
     115
      96
      93
      76
      98
      95
     108
      67
     106
     120
      92
     105
      73
      89
      92
     100
      71
     109
      97
      88
     101
     103
      89
      94
      91
     100
     110
     108
      89
      96
     103
      94
      94
      87
      91
      84
     109
      86
      87
      97
      92
     100
      88
     111
      95
      99
      95
      86
     114
      97
     116
     122
      88
      88
      90
      97
     103
     111
      98
      91
      95
      97
      87
      88
      93
      80
      86
      90
     110
      88
      87
      90
      99
      97
     104
     105
     106
      84
      99
      88
      99
     111
     109
      88
      90
     121
      87
      85
     104
      84
      95
      99
      87
      76
     107
     102
      96
      85
      97
      81
      83
     108
      98
     123
     106
      95
     110
      99
      81
     102
     120
      81
      97
     106
     109
      97
      96
     110
      94
     104
      90
      90
      95
      81
      90
     104
      82
      99
      86
      99
      90
      91
      86
     105
     100
      71
     110
     105
      95
     103
     113
     100
      98
      81
      95
      99
      94
     100
      97
      95
      96
      98
      85
      89
     109
      79
      95
      87
     104
      94
     110
      97
     114
      98
      87
      99
      92
      81
      87
      81
     105
      98
      92
     100
     117
     101
     106
      94
     109
      94
     111
     108
     110
     111
     143
     160
     166
     203
     221
     222
     197
     230
     176
     145
     156
     121
     118
     103
      96
      88
      82
      76
      91
      98
      94
     100
      90
      87
      77
      85
      76
     117
      92
      95
      82
     105
      98
      71
     102
      98
     101
      99
     101
      96
      93
      96
     100
      79
     102
     104
      87
      96
      96
      93
      90
      89
      76
      90
      98
      92
      86
     104
     104
      98
     104
     100
      94
      88
      75
      78
      94
      92
     115
     100
     101
      89
      90
      83
      97
      89
      99
     108
      87
     100
     101
     105
      95
     106
      82
      97
      87
      91
     100
      89
      92
      98
      85
      90
      88
     102
      70
     102
      96
     106
      96
      86
      92
     107
     103
      95
     106
      82
      83
      91
      87
      98
      80
      93
      89
     109
      95
      90
      78
     102
     102
      98
      83
     104
     101
      92
      93
      97
      94
      78
     116
      86
     103
      95
     100
      80
      84
      83
      87
     105
      91
     115
      90
      91
      92
      87
     107
      82
     105
      91
      95
      89
      96
      87
      87
     114
      81
     107
      93
      72
      89
      87
      85
     117
      97
      96
     101
      87
      78
      90
      84
     100
      81
      93
      91
      79
      91
      92
      90
     109
     102
      95
     102
      87
      83
      98
      95
      91
      90
      99
      87
      91
      89
      99
      89
      65
      99
      76
     100
      94
      78
     101
      84
      80
      86
      95
      82
      90
      90
     108
      83
      89
      96
      82
      79
     102
      94
      96
     109
     110
      98
     107
      81
      96
      92
     104
      98
      95
      69
      97
     100
      79
      94
      83
      88
      90
      94
      90
      73
      80
      88
      90
      81
      87
      86
      90
      86
      88
     111
      87
      95
      91
      88
      80
      89
      91
      82
      93
      84
      88
     104
     111
     136
     124
     138
     148
     167
     145
     167
     155
     145
     116
     104
     102
     120
      87
      98
      78
      81
      70
      97
      97
      91
      99
      97
      86
      98
     100
      95
      92
      87
      80
      96
      84
      94
      94
      87
      98
      88
      93
      92
      95
     101
     103
      88
      90
      82
      82
      94
      95
      97
      84
      92
     103
      97
      97
      94
      81
      94
     111
      97
      76
      90
      83
      86
      95
     103
      62
      85
      95
      82
      89
      92
     106
     107
      87
     105
      93
      87
     130
      79
      92
      79
      86
      79
      93
      74
      95
     106
      93
      91
      93
      83
      83
      85
     115
      88
      93
      87
      77
      73
      79
      76
      86
      96
      84
      82
     104
      91
      73
      97
      85
      97
      92
      98
      91
      96
      90
      70
      85
      92
      87
      78
      82
     100
      88
      78
      92
      81
      80
      78
      86
     108
      82
      89
      82
      72
      96
     105
      76
      83
      78
     101
      79
      81
      82
      74
      80
      91
     100
      81
      91
      80
     101
      81
      86
      82
      78
      86
      89
      79
      84
      70
      84
      92
      90
      95
      98
      94
      87
      89
      90
      71
      75
      99
      83
      75
      93
      99
      88
      77
      75
      77
      94
      83
      85
      99
      76
     100
      93
      90
      81
      88
     102
      87
      76
     103
      90
      79
      83
      90
      95
      80
      91
      81
      75
      75
      98
      92
      75
      93
      97
      77
      81
      94
      90
      66
      72
      64
     102
      81
      88
      86
     107
      86
      90
      87
     106
      76
      85
      84
      83
      69
      84
      82
      87
      70
      94
      75
      80
      68
      71
      79
      79
      96
      89
      98
      78
      73
      90
      91
      78
      91
      73
      85
      89
      78
     103
      89
      83
      91
      81
      88
      96
      83
      91
      94
      90
     105
      67
     103
      81
      96
      82
      85
     101
      87
      89
      85
      65
      82
      86
      77
      85
      92
     102
      74
      97
      80
      98
      92
      70
      89
      94
      95
     114
     121
     195
     243
     330
     484
     600
     778
     903
     995
    1063
     975
     940
     803
     580
     489
     325
     246
     190
     133
     124
      94
      89
      77
      84
      84
      85
      97
      83
      63
      74
      91
      92
      68
      69
      92
      65
      96
      71
      74
      83
      78
      78
      80
      63
      72
      91
      99
      95
      83
      79
      67
      67
      78
      75
      82
      96
      55
      92
      78
      70
      68
      88
      78
      80
      70
      92
      75
      87
      68
      78
      67
      65
      90
      75
      68
      69
      93
      92
      84
      80
      72
      90
      95
      59
      73
      84
      75
      70
      71
      88
      82
      75
      79
      72
      73
      68
      82
      84
      58
      79
      81
      73
      80
      77
      80
      84
      75
      65
      67
      63
      82
      82
      68
      74
      68
      82
      90
      97
      80
      69
      68
      67
      71
      74
      82
      70
      77
      90
      72
      73
      89
      79
      90
      88
      92
      92
      98
      83
      80
      63
      67
      85
      61
      83
      62
      73
      57
      77
      84
      74
      88
      89
      69
      63
      64
      80
      75
      60
      77
      64
      73
      78
      72
      78
      75
      83
      72
      78
      77
      76
     101
      77
      72
      72
      73
      64
      57
      64
      75
      73
      60
      84
      91
      59
      68
      66
      60
      97
      79
      60
      82
      77
      67
      66
      70
      69
      79
      61
      88
      67
      68
      78
      73
      81
      73
      73
      74
      71
      82
      74
      75
      86
      76
      69
      56
      77
      70
      63
      70
      65
      76
      65
      75
      74
      74
      87
      78
      77
     100
      86
      80
      91
     101
      78
      64
      68
      57
      93
      83
      88
      88
      63
      81
      62
      64
      71
      74
      54
      76
      72
      77
      81
      58
      69
      79
      82
      57
      75
      73
      70
      91
      76
      78
      86
     107
     120
     118
     119
     154
     157
     154
     185
     144
     162
     131
     116
     105
      93
      83
      79
      84
      54
      71
      65
      88
      75
      70
      79
      62
      70
      61
      68
      89
      81
      56
      55
      65
      74
      61
      70
      77
      84
      74
      54
      76
      92
      58
      66
      72
      67
      75
      83
      67
      80
      64
      82
      71
      70
      55
      62
      67
      74
      85
      62
      65
      72
      75
      60
      69
      67
      83
      65
      70
      74
      62
      75
      79
      55
      78
      83
      60
      55
      71
      78
      74
      66
      71
      79
      74
      57
      83
      78
      68
      63
      54
      63
      72
      65
      61
      72
      78
      66
      63
      56
      65
      57
      59
      68
      63
      67
      77
      65
      76
      62
      71
      63
      64
      76
      54
      79
      64
      68
      75
      71
      68
      62
      64
      76
      66
      86
      83
      58
      63
      64
      65
      64
      64
      63
      61
      74
     102
      58
      90
      56
      65
      72
      63
      70
      61
      70
      73
      69
      68
      48
      68
      61
      69
      63
      71
      69
      81
      72
      77
      65
      55
      59
      60
      51
      65
      65
      61
      87
      73
      82
      71
      67
      62
      68
      51
      75
      61
      71
      60
      73
      78
      67
      64
      58
      68
      66
      73
      70
      58
      76
      74
      72
      57
      66
      55
      58
      74
      70
      63
      61
      81
      69
      65
      72
      67
      78
      61
      79
      64
      70
      52
      61
      69
      64
      58
      70
      70
      65
      50
      64
      58
      68
      67
      72
      78
      74
      72
      60
      46
      79
      71
      62
      63
      67
      81
      60
      68
      66
      67
      57
      87
      76
      55
      73
      60
      61
      73
      69
      71
      77
      65
      74
      56
      67
      62
      60
      55
      63
      61
      57
      67
      63
      65
      68
      67
      63
      80
      65
      70
      72
      58
      74
      54
      57
      62
      81
      51
      57
      73
      68
      61
      72
      63
      61
      73
      58
      66
      82
      67
      64
      63
      70
      71
      56
      67
      59
      76
      70
      62
      60
      74
      70
      63
      70
      74
      73
      55
      62
      57
      69
      59
      66
      66
      78
      65
      67
      61
      76
      76
      68
      67
      64
      75
      51
      75
      56
      64
      57
      78
      81
      50
      63
      82
      64
      57
      71
      53
      70
      62
      65
      72
      61
      52
      65
      65
      61
      51
      74
      56
      63
      67
      62
      71
      82
      63
      63
      67
      56
      65
      70
      68
      59
      66
      70
      72
      44
      71
      62
      59
      54
      63
      58
      48
      45
      82
      70
      73
      63
      69
      54
      69
      69
      57
      76
      50
      48
      70
      62
      64
      54
      79
      51
      53
      57
      55
      67
      65
      82
      54
      61
      59
      59
      71
      78
      47
      59
      68
      55
      63
      58
      48
      61
      60
      55
      63
      53
      68
      60
      58
      50
      56
      58
      59
      51
      78
      72
      68
      68
      60
      62
      57
      50
      58
      60
      72
      54
      58
      64
      76
      57
      45
      83
      59
      57
      57
      42
      45
      58
      70
      50
      65
      74
      45
      60
      81
      48
      63
      60
      61
      51
      44
      53
      63
      61
      76
      64
      58
      52
      62
      61
      46
      56
      61
      52
      56
      63
      59
      55
      56
      66
      65
      61
      63
      64
      51
      58
      79
      73
      63
      61
      49
      72
      56
      62
      58
      45
      62
      44
      64
      49
      60
      60
      72
      64
      65
      57
      70
      46
      56
      69
      61
      62
      50
      51
      67
      59
      52
      48
      53
      60
      53
      57
      50
      40
      63
      55
      66
      57
      64
      43
      53
      64
      46
      52
      70
      51
      58
      51
      57
      44
      58
      56
      58
      68
      44
      69
      63
      51
      68
      59
      49
      59
      49
      46
      46
      54
      63
      63
      54
      57
      61
      59
      51
      58
      63
      49
      74
      65
      64
      55
      60
      68
      58
      53
      68
      64
      47
      51
      63
      64
      57
      50
      70
      47
      56
      56
      48
      57
      53
      69
      75
      59
      52
      64
      64
      64
      52
      68
      69
      54
      49
      54
      65
      53
      67
      56
      43
      56
      47
      64
      67
      57
      71
      45
      37
      48
      56
      56
      67
      57
      60
      58
      56
      55
      57
      48
      41
      58
      64
      51
      54
      59
      60
      55
      64
      61
      50
      55
      61
      55
      58
      55
      64
      45
      46
      47
      52
      49
      49
      51
      55
      60
      51
      53
      60
      65
      44
      55
      54
      54
      59
      38
      38
      47
      59
      56
      55
      56
      45
      62
      45
      49
      49
      65
      56
      66
      62
      45
      49
      51
      56
      45
      68
      47
      57
      52
      52
      57
      55
      67
      52
      42
      48
      52
      53
      53
      42
      44
      43
      42
      53
      46
      45
      51
      70
      55
      73
      56
      71
      80
      74
      80
      86
      85
      75
      79
      86
      77
      63
      62
      59
      69
      58
      47
      63
      50
      49
      53
      49
      50
      59
      59
      48
      57
      54
      46
      53
      49
      54
      41
      55
      49
      58
      46
      55
      60
      49
      46
      55
      52
      56
      60
      57
      45
      41
      46
      49
      43
      60
      60
      49
      52
      50
      53
      62
      56
      51
      60
      55
      55
      55
      56
      53
      55
      57
      53
      44
      45
      54
      57
      46
      43
      50
      54
      58
      52
      44
      66
      52
      47
      61
      53
      50
      66
      39
      50
      56
      51
      58
      53
      62
      57
      48
      49
      52
      50
      46
      52
      51
      38
      51
      52
      44
      50
      59
      47
      48
      44
      59
      49
      61
      50
      62
      57
      43
      63
      56
      45
      47
      56
      44
      49
      65
      50
      50
      51
      46
      55
      54
      38
      55
      48
      59
      61
      50
      49
      43
      56
      43
      59
      51
      47
      59
      46
      42
      59
      51
      53
      51
      44
      49
      50
      51
      42
      47
      40
      58
      37
      52
      54
      52
      37
      53
      49
      41
      56
      60
      46
      57
      39
      50
      49
      45
      39
      48
      66
      48
      55
      57
      48
      50
      56
      45
      62
      54
      59
      48
      37
      57
      56
      50
      58
      54
      48
      73
      43
      53
      59
      49
      58
      39
      59
      47
      54
      47
      50
      52
      47
      47
      38
      48
      50
      53
      51
      50
      41
      45
      49
      50
      34
      49
      50
      39
      50
      37
      64
      45
      46
      43
      53
      38
      53
      50
      59
      56
      50
      51
      48
      41
      48
      46
      47
      39
      43
      49
      49
      55
      33
      57
      40
      48
      38
      50
      43
      55
      52
      41
      49
      61
      48
      56
      43
      53
      57
      44
      48
      62
      52
      50
      50
      56
      38
      44
      45
      43
      52
      43
      39
      58
      57
      61
      46
      55
      38
      45
      42
      48
      67
      55
      44
      51
      62
      38
      35
      49
      55
      50
      40
      47
      47
      50
      47
      52
      42
      53
      42
      38
      58
      52
      47
      48
      53
      44
      64
      48
      50
      52
      45
      45
      49
      45
      49
      44
      44
      49
      51
      52
      39
      57
      48
      49
      55
      47
      51
      55
      36
      43
      54
      39
      39
      46
      50
      39
      49
      47
      47
      52
      53
      42
      56
      43
      46
      52
      52
      41
      54
      54
      34
      40
      41
      49
      41
      32
      55
      41
      43
      43
      40
      49
      48
      54
      55
      38
      46
      44
      43
      48
      46
      40
      37
      56
      47
      54
      33
      60
      38
      61
      30
      45
      54
      33
      37
      48
      44
      50
      43
      55
      55
      46
      34
      34
      39
      40
      42
      38
      46
      46
      41
      36
      40
      49
      44
      45
      44
      53
      64
      46
      49
      38
      30
      39
      45
      55
      52
      47
      37
      39
      54
      47
      49
      47
      50
      35
      53
      41
      50
      37
      34
      62
      45
      36
      52
      45
      32
      40
      39
      35
      41
      40
      49
      51
      36
      43
      39
      52
      57
      44
      49
      29
      54
      46
      27
      34
      43
      43
      48
      59
      50
      38
      44
      60
      29
      36
      36
      35
      41
      36
      47
      48
      35
      46
      44
      49
      45
      50
      33
      52
      40
      35
      32
      43
      40
      43
      51
      41
      34
      56
      46
      42
      41
      44
      40
      36
      40
      45
      45
      39
      51
      30
      48
      46
      52
      33
      38
      32
      30
      39
      32
      42
      49
      51
      64
      37
      48
      44
      45
      46
      36
      28
      46
      47
      34
      46
      49
      46
      33
      44
      64
      55
      45
      40
      52
      35
      36
      34
      45
      41
      42
      52
      56
      45
      39
      50
      29
      44
      36
      46
      51
      60
      46
      38
      37
      45
      30
      55
      36
      41
      38
      60
      45
      35
      48
      40
      51
      39
      43
      45
      38
      43
      49
      48
      37
      45
      35
      49
      42
      47
      39
      43
      45
      47
      41
      53
      55
      47
      46
      38
      42
      50
      47
      48
      44
      46
      54
      32
      48
      42
      45
      50
      44
      50
      49
      35
      35
      56
      45
      42
      35
      44
      42
      32
      36
      40
      46
      34
      50
      40
      51
      40
      31
      37
      39
      40
      52
      43
      37
      48
      35
      34
      38
      39
      48
      41
      54
      35
      34
      41
      39
      46
      60
      48
      38
$ENER_FIT:
0.000000 0.074860
$PRESETS:
Live Time (sec)
600
0
$RT:
612.000000
$DT:
12000
$ISO_DECL_U:
SMPLNAM: IDB-1104
SEPDATE: 01/01/1900 00:00:00
U234: Unknown 
DU234: Unknown
U235: 0.708 
DU235: 0.1412
U236: Unknown 
DU236: Unknown
U238: Unknown 
DU238: Unknown
$ADC:
4096
0
4095