$APPLICATION_ID:
IDB v.1.0
$SPEC_REM:
Material type: U
Material form: Pellet
Material compound: UO2
U isotopics:
234U Unknown
235U 3.179
236U Unknown
238U Unknown
Detector: LaBr3 (Geometry: Cylindrical, Size: 2 in (diam) x 0.5 in (len))
MCA: MCA-527
$DATE_MEA:
01/01/1900 00:00:00
$MEAS_TIM:
600 603
$DATA:
0 2047
       0
       0
       0
       0
       0
       0
       0
       0
       0
       0
       0
       0
       0
       0
       0
       0
       0
       0
       0
       0
     963
    1157
    1168
    1152
    1175
    1133
    1092
     993
     945
     942
     933
     910
     928
     867
     908
     940
     916
     913
     975
    1003
     912
     865
     889
     866
     937
     919
     925
     949
     961
     950
    1026
    1133
    1262
    1437
    1647
    1893
    2015
    1992
    1930
    1850
    1615
    1418
    1360
    1294
    1149
    1106
    1114
    1079
    1087
    1084
    1109
    1056
    1167
    1175
    1192
    1233
    1311
    1392
    1377
    1565
    1493
    1521
    1616
    1666
    1647
    1784
    1786
    1862
    1896
    1991
    1996
    2144
    2360
    2503
    2613
    2776
    2874
    3000
    3059
    3091
    2915
    2952
    2838
    2635
    2689
    2709
    2707
    2852
    2878
    3151
    3177
    3480
    3660
    3827
    4093
    4079
    4239
    4379
    4461
    4285
    4427
    4266
    4200
    4182
    4122
    4195
    4193
    4270
    4354
    4358
    4408
    4545
    4741
    4817
    4697
    4787
    4961
    5048
    5080
    5393
    5762
    6285
    7040
    7578
    8270
    8762
    9214
   10135
   10517
   10642
   10708
   10812
   10670
   10547
   10156
    9909
    9432
    8679
    7916
    7299
    6545
    5775
    5268
    4607
    4137
    3931
    3698
    3673
    3568
    3770
    3979
    4152
    4447
    4676
    4824
    5175
    5344
    5282
    5243
    5126
    4923
    4656
    4294
    3911
    3659
    3312
    2969
    2700
    2388
    2154
    1842
    1866
    1750
    1637
    1597
    1564
    1535
    1443
    1442
    1447
    1379
    1404
    1475
    1350
    1386
    1373
    1352
    1350
    1409
    1403
    1491
    1426
    1418
    1386
    1422
    1534
    1459
    1465
    1472
    1539
    1540
    1475
    1628
    1726
    1769
    1841
    1892
    1945
    1938
    2009
    1968
    1952
    1954
    1919
    1799
    1822
    1785
    1687
    1545
    1540
    1484
    1406
    1367
    1290
    1238
    1226
    1191
    1226
    1224
    1235
    1166
    1238
    1172
    1244
    1310
    1322
    1354
    1296
    1413
    1383
    1427
    1449
    1359
    1466
    1441
    1456
    1387
    1285
    1364
    1299
    1207
    1207
    1120
    1200
    1185
    1150
    1127
    1233
    1191
    1205
    1242
    1334
    1450
    1563
    1753
    1889
    2110
    2335
    2743
    2990
    3389
    3721
    4108
    4534
    4991
    5051
    5396
    5615
    5725
    5767
    5819
    5537
    5249
    4944
    4365
    4021
    3584
    3236
    2773
    2340
    2069
    1763
    1614
    1390
    1152
    1163
    1056
    1104
    1025
     989
    1001
    1050
    1048
    1169
    1137
    1169
    1185
    1233
    1137
    1278
    1278
    1234
    1161
    1169
    1134
    1143
    1067
     996
     966
     914
     836
     828
     774
     836
     705
     693
     735
     670
     709
     700
     634
     661
     648
     616
     706
     634
     647
     618
     591
     615
     635
     640
     682
     601
     633
     583
     608
     645
     609
     537
     620
     601
     567
     627
     605
     610
     558
     586
     564
     606
     515
     571
     548
     574
     549
     547
     543
     559
     501
     551
     583
     541
     575
     534
     574
     525
     554
     586
     505
     530
     551
     499
     555
     537
     537
     498
     503
     509
     519
     497
     506
     516
     515
     536
     519
     479
     479
     468
     483
     515
     467
     557
     465
     496
     462
     473
     464
     527
     485
     479
     471
     475
     430
     454
     440
     418
     444
     424
     415
     441
     436
     454
     474
     416
     424
     443
     435
     436
     417
     424
     428
     394
     390
     445
     421
     415
     348
     376
     415
     387
     425
     400
     412
     401
     391
     431
     391
     403
     398
     365
     401
     385
     373
     380
     397
     365
     386
     375
     374
     382
     357
     383
     346
     348
     384
     345
     365
     373
     368
     357
     323
     323
     350
     349
     347
     361
     372
     361
     329
     329
     346
     303
     301
     300
     318
     319
     330
     339
     308
     328
     359
     327
     316
     313
     296
     325
     315
     289
     310
     304
     285
     294
     274
     293
     307
     297
     301
     321
     317
     313
     296
     298
     308
     312
     289
     315
     320
     287
     274
     246
     299
     304
     279
     290
     281
     281
     257
     289
     278
     273
     290
     279
     257
     247
     282
     291
     261
     260
     251
     263
     256
     268
     259
     249
     268
     282
     229
     246
     267
     235
     249
     267
     281
     256
     243
     244
     261
     253
     249
     282
     251
     253
     223
     260
     256
     226
     253
     233
     226
     270
     239
     236
     244
     216
     228
     233
     227
     204
     225
     226
     235
     239
     229
     235
     215
     221
     191
     243
     243
     212
     229
     218
     201
     226
     215
     220
     211
     226
     209
     212
     216
     221
     205
     214
     195
     201
     215
     234
     225
     237
     202
     212
     174
     215
     190
     211
     200
     209
     208
     197
     196
     197
     206
     215
     215
     200
     207
     210
     221
     211
     186
     185
     193
     199
     195
     220
     167
     213
     192
     208
     192
     210
     196
     171
     173
     208
     184
     167
     164
     183
     161
     173
     201
     173
     175
     201
     181
     199
     165
     179
     194
     183
     168
     159
     202
     170
     185
     168
     172
     147
     180
     170
     182
     177
     141
     178
     165
     170
     192
     161
     163
     183
     167
     166
     176
     166
     160
     149
     177
     145
     166
     158
     160
     161
     163
     160
     149
     168
     168
     180
     196
     162
     137
     149
     170
     157
     183
     155
     147
     151
     161
     145
     166
     154
     130
     164
     147
     151
     146
     159
     172
     161
     153
     145
     146
     148
     150
     157
     149
     150
     160
     147
     150
     147
     131
     169
     147
     145
     136
     145
     129
     146
     176
     127
     150
     147
     159
     142
     141
     136
     141
     141
     127
     149
     126
     150
     118
     153
     116
     137
     156
     136
     141
     126
     138
     116
     118
     135
     132
     141
     120
     118
     124
     117
     113
     125
     128
     136
     117
     132
     117
     146
     135
     116
     134
     121
     123
     132
     120
     129
     153
     134
     122
     127
     151
     117
     112
     107
     131
     111
     141
     120
     130
     143
     132
     141
     118
     111
     109
     125
     114
     112
     130
     146
     111
     135
     121
     136
     127
     125
     118
     126
      94
     114
     135
     130
     109
     131
     114
     121
     113
     113
     121
     107
      94
     120
     126
     115
     100
     120
     136
     122
     100
     105
     116
     115
     122
     128
      91
      94
     102
     105
     107
     111
     102
      98
     100
     114
     124
     109
     100
     113
     106
     118
      92
     127
     106
     112
     108
     106
     114
     107
     103
     106
     120
     109
      99
     107
     112
      93
      89
     115
      96
     102
     117
     112
     115
     110
     104
     120
      99
      96
      98
     116
      87
     118
      97
     112
     103
     101
      95
      82
     109
     119
     112
     105
      95
      96
     106
      98
      98
      98
      99
      96
     100
      76
      99
     105
      92
      91
      91
     109
      94
      91
      79
      87
      95
      97
      88
      96
      91
      83
     105
      83
      74
      92
     106
      85
      85
      92
     100
      90
      88
      96
      85
      90
      98
      90
      80
      94
      87
      90
      91
      98
      69
      78
      82
      78
      97
      83
      83
      84
      75
      66
      82
      73
      89
      65
      84
      76
      93
      80
      86
      85
      64
      79
      79
      69
      71
      81
      67
      81
      85
      81
      74
      71
      70
      75
      81
      83
      65
      63
      72
      77
      75
      68
      68
      92
      72
      80
      63
      65
      77
      75
      74
      64
      58
      79
      71
      75
      72
      68
      68
      68
      59
      81
      58
      65
      71
      83
      67
      67
      71
      67
      61
      73
      63
      60
      75
      76
      75
      65
      70
      86
      81
      65
      65
      77
      68
      60
      62
      70
      70
      77
      63
      79
      63
      73
      64
      80
      80
      77
      65
      71
      60
      62
      68
      68
      74
      79
      70
      50
      60
      76
      74
      68
      64
      75
      56
      71
      55
      73
      82
      71
      49
      86
      68
      60
      76
      59
      47
      78
      60
      66
      60
      67
      66
      74
      68
      73
      67
      64
      65
      74
      72
      83
      79
      63
      59
      71
      66
      67
      66
      65
      67
      70
      65
      53
      57
      58
      53
      56
      81
      53
      57
      66
      54
      68
      54
      65
      64
      56
      46
      64
      57
      68
      68
      64
      49
      71
      55
      74
      55
      50
      72
      65
      58
      49
      66
      52
      68
      66
      69
      63
      64
      63
      63
      77
      58
      64
      69
      72
      54
      68
      70
      85
      68
      64
      94
      76
      64
      72
      70
      71
      85
      68
      77
      78
      87
      77
      68
      75
      63
      89
      98
      99
      84
      90
      90
      69
      87
      85
      82
      95
      72
      97
      90
      72
      73
      86
      89
      95
      98
     114
     114
      80
      89
      87
     100
     112
      87
     118
     106
     114
     120
     111
     125
     121
     113
     110
     126
     115
     129
     109
      95
     123
     116
     121
     109
      95
     114
     105
     104
      99
      90
      99
      75
      75
      81
      67
      72
     100
      78
      69
      68
      57
      88
      75
      68
      77
      64
      59
      66
      60
      71
      66
      68
      58
      58
      60
      64
      66
      47
      66
      57
      55
      51
      56
      47
      56
      49
      48
      49
      53
      48
      50
      60
      38
      45
      43
      40
      53
      49
      45
      41
      41
      32
      31
      42
      44
      40
      48
      39
      47
      53
      44
      35
      30
      32
      29
      44
      32
      36
      43
      47
      36
      31
      37
      37
      52
      34
      46
      33
      39
      43
      37
      36
      32
      39
      29
      36
      37
      36
      38
      32
      27
      37
      36
      35
      28
      39
      38
      37
      29
      37
      35
      32
      32
      29
      34
      38
      32
      31
      25
      32
      35
      37
      27
      38
      31
      45
      38
      24
      18
      23
      28
      33
      27
      26
      39
      30
      29
      26
      26
      23
      31
      28
      28
      35
      29
      21
      33
      33
      25
      30
      27
      31
      22
      27
      31
      29
      25
      32
      21
      36
      32
      30
      37
      24
      29
      29
      27
      33
      25
      29
      34
      25
      38
      25
      33
      28
      38
      24
      40
      28
      24
      27
      32
      32
      26
      34
      27
      27
      26
      25
      32
      22
      26
      20
      27
      22
      30
      25
      32
      25
      32
      21
      18
      35
      28
      27
      32
      25
      19
      28
      22
      26
      22
      31
      30
      25
      28
      21
      20
      19
      30
      20
      22
      25
      21
      21
      20
      13
      29
      19
      20
      29
      23
      29
      21
      34
      24
      19
      26
      18
      28
      18
      25
      27
      28
      30
      24
      25
      29
      29
      24
      24
      22
      36
      26
      30
      23
      27
      22
      25
      32
      18
      25
      28
      16
      35
      18
      22
      30
      35
      17
      20
      19
      29
      29
      22
      29
      31
      20
      17
      20
      29
      29
      24
      29
      26
      29
      30
      33
      26
      22
      21
      27
      20
      21
      21
      16
      19
      13
      20
      29
      19
      24
      24
      25
      23
      27
      10
      17
      20
      16
      33
      21
      31
      20
      28
      16
      27
      23
      24
      25
      19
      30
      26
      26
      29
      34
      21
      36
      32
      42
      30
      33
      30
      37
      35
      43
      52
      33
      40
      47
      46
      75
      59
      59
      70
      73
      87
      93
      91
      84
      79
      87
      99
      98
     113
      79
     139
     118
     102
      96
     113
     108
     134
      97
     103
     122
     124
     122
     117
     122
     107
     103
     106
     103
      95
     105
     104
      91
      82
      98
      76
      77
      69
      64
      68
      60
      58
      43
      48
      61
      45
      37
      41
      36
      35
      31
      29
      17
      26
      25
      14
      16
      23
      15
      26
      19
      13
      13
       8
      13
       8
      11
      13
      12
      10
      13
      14
      18
      15
       9
      18
      10
       7
      11
      14
      11
      10
       9
       8
      10
      13
       9
      13
      11
      17
      18
      14
       7
      11
       6
       4
      10
       9
       8
      11
      10
       7
       7
      10
       8
       8
       9
       7
      10
       6
       7
       7
       7
      15
       9
       7
       9
       6
       9
       6
      11
      11
      12
      10
       6
       9
       9
      12
      12
      12
       1
      10
       9
       7
      10
       2
       7
      16
      10
       5
       8
       8
      13
       8
      14
       8
       8
       7
       8
       7
       7
      14
       8
      12
      11
       5
      12
       8
      13
      13
      11
      14
      12
       9
       6
       7
      10
       8
       9
       9
       8
       6
      10
       6
       9
       7
       6
      10
       4
       6
      11
       7
      15
      10
       7
      11
      11
      11
       9
      10
       9
       9
       8
      11
       5
       9
       9
       9
       7
       9
       8
       8
       9
       9
      17
       9
      17
       7
      11
       6
       8
       8
       8
      10
      11
      13
      12
       7
       9
      10
       9
      12
      10
       7
       4
      14
      12
       6
       8
       6
       6
       4
       6
       9
       8
      11
       8
       9
      13
      10
       5
       7
       7
      15
       8
       7
       7
       8
      10
       4
      10
       6
      11
       7
       5
      13
      11
       6
       7
       6
      11
      12
       7
      15
       9
       7
       5
      13
       6
       2
       8
       3
       9
       4
      14
       7
       5
       9
       7
      13
       8
       8
       9
       5
      12
       8
       6
      10
       8
      11
       5
       6
       7
       7
       4
       6
      12
      15
       5
       6
       7
       5
       6
       7
       8
       6
       8
       9
       8
      10
       8
      11
       9
       4
       8
       8
      10
       6
       8
      10
       5
      14
       8
      10
       7
       7
      13
       6
       8
       3
       8
      10
       3
      11
       5
       5
      13
      18
       7
       6
       7
       5
      11
       6
      10
       5
       6
       8
       2
      10
       3
       4
       7
       5
       4
       9
       7
       6
       7
       4
       2
       5
       2
       4
       5
       7
       9
       4
       5
       8
       3
       9
       9
       5
       4
       7
       7
       8
       6
       3
      11
       2
       2
       6
       9
       6
       6
       3
       4
       2
       5
       5
       5
       8
       3
       9
       8
       5
       5
       2
       3
       7
       4
       2
       8
       8
       9
       5
       4
       9
       3
       1
       4
       3
       1
       3
       8
       6
       3
       9
       2
       1
       3
       4
       3
       6
       6
       7
       6
       3
       2
       5
       0
       3
       2
       5
       2
       4
       4
       7
       0
       6
       2
       5
       3
       4
       3
       2
       4
       3
       6
       3
       5
       7
       7
       2
       2
       5
       5
       8
       3
       4
       4
       3
       2
       4
       3
$ENER_FIT:
0.000000 0.619060
$PRESETS:
Live Time (sec)
600
0
$RT:
602.700000
$DT:
2700
$ISO_DECL_U:
SMPLNAM: IDB-1115
SEPDATE: 01/01/1900 00:00:00
U234: Unknown 
DU234: Unknown
U235: 3.179 
DU235: 0.1258
U236: Unknown 
DU236: Unknown
U238: Unknown 
DU238: Unknown
$ADC:
2048
0
2047