$APPLICATION_ID:
IDB v.1.0
$SPEC_REM:
Material type: U
Material form: powder
Material compound: U3O8
U isotopics:
234U Unknown
235U 3.105
236U Unknown
238U Unknown
Detector: CZT (Geometry: 4 rectangular crystals,  pixelated, Size: 4 crystals, each 20x20x10 mm3)
MCA: H3D
$DATE_MEA:
01/01/1900 00:00:00
$MEAS_TIM:
500 517
$DATA:
0 4095
       0
       0
       0
       0
       0
       0
       0
       0
       0
       0
       0
       0
       0
       0
       0
       0
       0
       0
       0
       0
       0
       0
       0
       0
       0
       0
       0
       0
       0
       0
       0
       0
       0
       0
       0
       0
       0
       0
       0
       0
       0
       0
       0
       0
       0
       0
       0
       0
       0
       0
       0
       0
       0
       0
       0
       0
       0
       0
       0
       0
       0
       0
       0
       0
       0
       0
       0
       0
       0
       0
       0
       0
       0
       0
       0
       0
       0
       0
       0
       0
       0
       0
       0
       0
       0
       0
       0
       0
       0
       0
       0
       0
       0
       0
       0
       0
       0
       0
       0
       0
       0
       0
       0
       1
       0
       0
       0
       1
       2
       0
       2
       5
       5
       9
      20
      39
      69
     115
     185
     266
     399
     523
     665
     852
    1016
    1178
    1418
    1610
    1701
    1776
    1866
    1843
    1931
    1928
    1880
    1833
    1823
    1786
    1872
    1782
    1780
    1857
    1891
    1917
    1879
    1865
    1846
    1883
    1853
    1876
    1878
    1843
    1811
    1781
    1835
    1797
    1759
    1778
    1801
    1832
    1789
    1840
    1846
    1871
    1822
    1817
    1826
    1769
    1811
    1777
    1788
    1766
    1810
    1842
    1821
    1787
    1767
    1826
    1820
    1810
    1753
    1753
    1820
    1779
    1848
    1777
    1793
    1830
    1772
    1795
    1792
    1752
    1758
    1784
    1830
    1846
    1796
    1743
    1762
    1755
    1766
    1780
    1750
    1734
    1865
    1787
    1778
    1733
    1741
    1813
    1784
    1799
    1887
    1791
    1901
    1911
    1859
    1864
    1843
    1881
    1888
    1841
    1900
    1972
    2057
    2076
    2151
    2288
    2425
    2572
    2818
    3076
    3227
    3478
    3618
    3711
    3825
    3841
    3650
    3510
    3326
    2996
    2719
    2439
    2190
    2064
    1989
    1907
    1826
    1899
    1871
    1866
    1918
    1931
    1955
    1966
    1972
    1947
    1903
    2074
    2025
    2039
    2051
    2152
    2184
    2307
    2437
    2537
    2669
    2737
    2718
    2581
    2630
    2521
    2484
    2480
    2426
    2305
    2318
    2269
    2221
    2208
    2256
    2201
    2210
    2175
    2162
    2208
    2119
    2153
    2174
    2173
    2105
    2081
    2066
    2145
    2114
    2133
    2183
    2183
    2186
    2201
    2207
    2251
    2230
    2282
    2255
    2207
    2209
    2256
    2235
    2256
    2262
    2329
    2298
    2345
    2411
    2439
    2359
    2389
    2421
    2417
    2484
    2510
    2547
    2590
    2586
    2624
    2697
    2748
    2794
    2814
    2903
    2936
    3022
    3082
    3255
    3216
    3248
    3175
    3115
    3183
    3143
    3103
    3029
    3100
    3097
    3045
    3049
    3116
    3112
    3168
    3352
    3315
    3411
    3543
    3612
    3693
    3839
    3977
    4046
    3962
    4149
    4300
    4431
    4626
    5017
    5323
    5825
    6199
    6600
    6876
    7038
    7289
    7409
    7508
    7496
    7568
    7684
    7580
    7266
    6758
    6424
    6028
    5553
    5286
    5163
    5291
    5518
    6103
    6851
    7791
    8767
    9385
    9735
    9658
    9350
    8536
    7574
    6306
    5370
    4517
    3745
    3444
    3149
    2922
    2810
    2739
    2757
    2691
    2636
    2756
    2845
    2719
    2737
    2815
    2886
    2825
    2931
    2903
    3026
    3133
    3087
    3174
    3127
    3044
    3094
    3111
    3081
    3036
    3172
    3116
    3251
    3392
    3642
    3821
    4011
    4291
    4561
    4887
    5374
    5851
    6280
    6569
    6824
    6797
    6712
    6552
    5967
    5521
    4984
    4664
    4318
    3977
    3909
    3793
    3762
    3863
    3966
    3873
    3820
    3623
    3372
    3067
    2836
    2582
    2338
    2231
    2133
    2064
    1963
    1982
    1979
    1984
    1936
    1925
    1966
    1965
    1936
    2003
    2003
    2023
    2075
    2044
    2062
    2027
    2019
    2023
    2016
    1993
    1981
    2031
    2043
    2016
    1965
    2048
    2026
    2063
    2100
    1981
    2059
    2051
    2063
    1961
    1985
    2092
    2163
    2144
    2063
    2117
    2070
    2099
    2140
    2110
    2135
    2161
    2087
    2030
    2101
    2083
    2113
    2128
    2127
    2151
    2239
    2146
    2205
    2184
    2163
    2255
    2232
    2307
    2247
    2265
    2258
    2320
    2304
    2276
    2248
    2207
    2254
    2282
    2274
    2314
    2271
    2279
    2365
    2292
    2324
    2348
    2313
    2358
    2259
    2322
    2352
    2353
    2439
    2417
    2401
    2429
    2442
    2470
    2562
    2578
    2539
    2658
    2634
    2718
    2792
    2999
    3137
    3278
    3604
    3988
    4081
    4183
    4173
    3982
    3824
    3556
    3328
    3104
    2884
    2699
    2491
    2462
    2524
    2509
    2470
    2495
    2357
    2408
    2355
    2406
    2365
    2374
    2327
    2359
    2437
    2439
    2426
    2492
    2465
    2450
    2478
    2501
    2447
    2508
    2544
    2506
    2582
    2640
    2587
    2567
    2576
    2607
    2633
    2579
    2651
    2633
    2614
    2579
    2625
    2730
    2676
    2644
    2775
    2762
    2724
    2665
    2775
    2763
    2786
    2819
    2798
    2808
    2793
    2839
    2772
    2808
    2821
    2863
    2795
    2919
    2886
    2985
    3095
    3154
    3318
    3558
    3592
    3742
    3858
    3895
    3932
    3784
    3700
    3476
    3392
    3100
    3014
    3021
    2924
    2698
    2793
    2839
    2846
    2867
    2778
    2798
    2714
    2756
    2799
    2753
    2725
    2705
    2750
    2862
    2731
    2805
    2826
    2804
    2815
    2862
    2800
    2829
    2809
    2817
    2877
    2821
    2803
    2778
    2843
    2776
    2852
    2865
    2840
    2845
    2871
    2866
    2831
    2952
    2945
    2923
    2909
    2948
    2956
    2900
    2954
    3103
    3048
    3033
    3028
    3076
    3095
    3033
    3036
    3118
    3136
    3144
    3227
    3251
    3277
    3281
    3414
    3334
    3441
    3595
    3642
    3809
    4084
    4328
    4617
    5235
    5935
    6974
    8150
    9857
   11773
   13791
   15745
   17260
   18065
   17946
   17004
   15299
   13208
   10932
    8949
    7127
    5846
    4797
    3962
    3429
    3023
    2729
    2559
    2450
    2317
    2316
    2240
    2186
    2149
    2060
    1997
    1954
    2018
    2007
    1940
    1923
    1954
    1933
    1997
    2048
    1981
    1995
    1975
    2081
    2080
    2042
    2098
    1910
    1903
    1957
    1949
    1838
    1858
    1833
    1789
    1815
    1842
    1775
    1759
    1775
    1847
    1833
    1835
    1792
    1824
    1838
    1842
    1896
    1903
    2000
    1998
    2052
    2056
    2138
    2128
    2108
    2130
    2155
    2146
    2183
    2308
    2475
    2596
    2743
    2913
    3045
    3171
    3143
    2998
    2992
    2784
    2520
    2307
    2170
    2029
    1849
    1767
    1714
    1592
    1586
    1563
    1549
    1518
    1610
    1583
    1549
    1585
    1559
    1483
    1504
    1619
    1588
    1517
    1486
    1509
    1522
    1492
    1477
    1436
    1515
    1538
    1497
    1496
    1515
    1490
    1476
    1488
    1490
    1462
    1492
    1544
    1494
    1489
    1465
    1421
    1449
    1425
    1465
    1457
    1443
    1445
    1420
    1481
    1544
    1428
    1391
    1447
    1480
    1482
    1436
    1422
    1482
    1480
    1500
    1408
    1446
    1449
    1430
    1390
    1369
    1383
    1353
    1393
    1378
    1357
    1365
    1322
    1367
    1426
    1423
    1368
    1375
    1437
    1380
    1334
    1358
    1419
    1355
    1375
    1358
    1349
    1300
    1327
    1363
    1294
    1283
    1286
    1363
    1307
    1289
    1297
    1328
    1324
    1349
    1363
    1293
    1273
    1313
    1357
    1284
    1304
    1296
    1254
    1289
    1270
    1323
    1320
    1303
    1359
    1298
    1319
    1289
    1270
    1261
    1274
    1302
    1269
    1280
    1311
    1277
    1293
    1226
    1235
    1257
    1255
    1216
    1248
    1276
    1266
    1262
    1269
    1267
    1289
    1284
    1268
    1245
    1250
    1272
    1208
    1174
    1202
    1188
    1208
    1225
    1191
    1193
    1186
    1258
    1291
    1215
    1172
    1167
    1180
    1257
    1183
    1186
    1202
    1194
    1200
    1216
    1204
    1160
    1175
    1147
    1155
    1128
    1146
    1169
    1125
    1172
    1180
    1159
    1200
    1154
    1140
    1165
    1112
    1135
    1136
    1179
    1207
    1137
    1138
    1092
    1069
    1124
    1150
    1115
    1135
    1190
    1166
    1201
    1204
    1175
    1151
    1201
    1197
    1200
    1170
    1212
    1258
    1178
    1176
    1151
    1106
    1124
    1095
    1069
    1090
    1110
    1074
    1000
    1102
    1064
    1090
    1046
    1082
    1076
    1029
    1085
    1058
    1013
    1036
    1076
    1056
    1062
     991
    1015
    1067
    1078
    1011
    1017
    1052
    1045
    1045
    1026
    1011
    1013
     974
    1071
    1032
    1009
    1045
    1035
    1025
    1046
    1059
    1013
     959
    1018
    1003
     970
    1006
     972
    1015
     996
    1008
     993
    1038
    1025
    1009
    1007
     963
     982
    1010
     950
     977
    1008
     976
     966
     976
     976
    1023
    1008
     962
     964
     979
     938
     952
     992
     956
     937
     995
     962
     948
     941
     910
     967
     912
     899
     926
     914
     902
     883
     917
     961
     946
     940
     863
     891
     931
     900
     922
     930
     964
     904
     862
     889
     905
     866
     905
     963
     932
     875
     908
     967
     942
     945
     914
     946
     904
     862
     933
     891
     919
     871
     883
     946
     897
     903
     851
     896
     890
     891
     894
     898
     889
     906
     879
     848
     843
     862
     883
     863
     874
     861
     823
     843
     846
     840
     835
     858
     839
     830
     842
     828
     833
     855
     843
     853
     846
     835
     827
     832
     836
     847
     852
     834
     823
     833
     818
     781
     797
     812
     838
     786
     766
     824
     816
     766
     806
     802
     827
     825
     814
     765
     783
     780
     802
     804
     826
     804
     834
     743
     810
     803
     792
     801
     782
     767
     766
     805
     751
     782
     795
     755
     733
     796
     803
     765
     760
     787
     766
     756
     750
     776
     755
     756
     739
     777
     748
     727
     744
     697
     731
     783
     794
     745
     766
     761
     739
     731
     698
     750
     770
     745
     738
     736
     733
     726
     714
     713
     697
     703
     728
     765
     758
     761
     693
     697
     722
     695
     733
     736
     712
     733
     755
     775
     783
     729
     684
     727
     712
     700
     713
     680
     672
     681
     675
     698
     709
     655
     709
     708
     699
     689
     663
     667
     688
     730
     714
     686
     650
     660
     705
     667
     694
     702
     677
     659
     642
     650
     681
     681
     664
     639
     699
     709
     709
     686
     648
     671
     654
     648
     648
     621
     653
     611
     654
     652
     659
     648
     606
     643
     674
     651
     630
     660
     640
     678
     624
     674
     596
     613
     605
     608
     649
     592
     635
     570
     609
     652
     639
     642
     609
     670
     627
     634
     642
     621
     610
     627
     623
     624
     679
     633
     668
     627
     649
     660
     602
     628
     640
     611
     616
     624
     586
     580
     589
     634
     616
     608
     592
     614
     577
     630
     628
     583
     585
     595
     593
     596
     569
     608
     571
     589
     619
     598
     576
     582
     561
     621
     590
     576
     586
     619
     614
     579
     582
     573
     588
     569
     583
     577
     532
     584
     593
     581
     614
     559
     564
     576
     584
     599
     577
     569
     569
     558
     576
     558
     518
     518
     604
     554
     564
     562
     565
     518
     519
     554
     538
     532
     546
     542
     542
     522
     564
     563
     576
     555
     568
     566
     534
     552
     536
     519
     547
     537
     524
     561
     576
     578
     565
     550
     527
     507
     541
     522
     524
     514
     514
     549
     523
     524
     523
     535
     560
     533
     531
     527
     544
     512
     537
     515
     498
     485
     509
     511
     503
     518
     503
     506
     496
     487
     520
     508
     511
     514
     510
     485
     513
     478
     500
     477
     493
     491
     526
     483
     473
     499
     507
     518
     534
     523
     505
     465
     490
     489
     496
     501
     480
     470
     460
     521
     475
     511
     500
     475
     490
     497
     494
     506
     512
     475
     488
     470
     476
     430
     458
     485
     498
     472
     432
     431
     472
     452
     467
     448
     459
     485
     460
     484
     461
     443
     461
     459
     451
     430
     445
     472
     437
     477
     472
     451
     451
     457
     458
     449
     435
     469
     470
     450
     466
     445
     432
     450
     422
     450
     466
     479
     456
     460
     442
     449
     443
     442
     472
     461
     427
     425
     448
     455
     426
     434
     453
     444
     471
     427
     443
     448
     447
     451
     397
     435
     435
     441
     425
     421
     426
     485
     436
     422
     414
     408
     404
     397
     440
     421
     434
     456
     435
     419
     410
     458
     434
     457
     442
     419
     432
     405
     426
     433
     444
     419
     419
     409
     418
     417
     416
     395
     391
     405
     415
     435
     395
     412
     401
     409
     429
     446
     427
     406
     393
     407
     395
     394
     445
     400
     398
     412
     406
     380
     405
     423
     412
     411
     401
     399
     394
     401
     392
     403
     373
     422
     422
     391
     401
     416
     378
     391
     370
     389
     394
     384
     382
     364
     373
     372
     393
     377
     381
     400
     405
     406
     383
     365
     408
     382
     384
     393
     376
     390
     369
     342
     372
     379
     377
     395
     388
     365
     385
     407
     391
     376
     386
     425
     398
     360
     339
     372
     392
     392
     407
     367
     359
     361
     358
     351
     377
     344
     364
     356
     356
     348
     355
     367
     373
     377
     357
     340
     375
     327
     330
     379
     358
     353
     346
     332
     345
     357
     336
     335
     367
     376
     367
     385
     354
     364
     323
     358
     356
     361
     373
     357
     340
     313
     355
     351
     362
     352
     356
     353
     346
     342
     321
     353
     347
     348
     338
     320
     347
     332
     343
     358
     336
     330
     354
     360
     367
     348
     325
     346
     348
     335
     333
     338
     359
     349
     353
     346
     339
     353
     355
     332
     342
     302
     316
     323
     344
     363
     335
     334
     336
     316
     357
     374
     357
     337
     313
     296
     329
     352
     341
     335
     323
     332
     314
     307
     313
     322
     365
     340
     330
     344
     341
     335
     347
     340
     303
     302
     295
     310
     337
     331
     328
     319
     327
     319
     332
     327
     334
     312
     313
     314
     318
     302
     311
     318
     316
     320
     319
     307
     302
     312
     326
     343
     323
     328
     328
     301
     301
     305
     299
     280
     285
     322
     321
     294
     284
     315
     304
     340
     327
     311
     308
     292
     314
     304
     329
     291
     305
     323
     314
     287
     299
     301
     278
     310
     326
     312
     306
     314
     311
     303
     314
     293
     286
     276
     282
     293
     287
     285
     297
     284
     276
     272
     293
     286
     312
     283
     305
     297
     276
     293
     277
     273
     268
     290
     295
     288
     293
     298
     318
     322
     324
     284
     286
     298
     275
     284
     290
     300
     297
     291
     297
     287
     266
     253
     264
     275
     271
     308
     289
     314
     286
     294
     292
     281
     285
     271
     269
     288
     280
     276
     275
     272
     272
     255
     256
     284
     283
     276
     279
     267
     262
     305
     271
     274
     283
     292
     267
     250
     267
     271
     261
     253
     282
     264
     264
     279
     277
     288
     271
     285
     292
     258
     274
     258
     276
     291
     270
     279
     284
     267
     268
     248
     247
     279
     260
     300
     265
     287
     266
     272
     292
     283
     289
     293
     292
     270
     247
     262
     263
     244
     291
     295
     288
     281
     306
     293
     273
     280
     278
     275
     245
     264
     275
     263
     279
     298
     251
     237
     270
     261
     242
     254
     250
     276
     237
     239
     257
     247
     246
     266
     263
     255
     249
     244
     243
     272
     256
     235
     246
     239
     256
     241
     246
     239
     256
     252
     237
     234
     236
     222
     253
     263
     260
     242
     242
     244
     248
     249
     250
     242
     248
     247
     255
     260
     229
     221
     246
     249
     244
     239
     238
     245
     240
     250
     244
     253
     258
     260
     228
     219
     220
     251
     251
     234
     223
     246
     258
     239
     237
     254
     221
     227
     264
     249
     233
     237
     258
     250
     233
     249
     220
     231
     231
     243
     239
     233
     237
     229
     234
     238
     238
     239
     226
     245
     242
     247
     215
     224
     249
     255
     241
     224
     216
     240
     248
     241
     229
     232
     227
     218
     247
     245
     265
     242
     249
     234
     236
     217
     226
     209
     224
     213
     230
     230
     220
     215
     235
     226
     221
     197
     235
     253
     199
     220
     231
     230
     193
     215
     248
     233
     224
     226
     234
     225
     224
     229
     235
     217
     230
     208
     212
     244
     217
     236
     250
     209
     226
     211
     213
     192
     208
     185
     202
     193
     219
     205
     218
     223
     223
     200
     223
     202
     200
     208
     199
     226
     216
     190
     212
     217
     207
     215
     202
     193
     192
     200
     226
     223
     207
     211
     205
     212
     220
     205
     209
     202
     205
     204
     193
     193
     201
     204
     209
     213
     191
     211
     217
     205
     221
     210
     208
     212
     231
     226
     217
     198
     215
     204
     212
     221
     213
     207
     219
     209
     218
     210
     225
     219
     222
     201
     198
     195
     214
     193
     192
     174
     181
     196
     185
     178
     165
     194
     200
     193
     174
     187
     178
     189
     181
     193
     187
     182
     173
     191
     182
     175
     191
     170
     163
     178
     174
     177
     190
     193
     174
     182
     190
     181
     169
     186
     176
     176
     173
     176
     168
     186
     195
     180
     171
     187
     182
     180
     176
     177
     175
     189
     186
     181
     162
     166
     155
     151
     176
     166
     172
     177
     167
     172
     181
     163
     185
     159
     148
     173
     174
     157
     157
     159
     153
     165
     167
     175
     167
     169
     167
     175
     178
     184
     173
     161
     168
     159
     157
     147
     161
     154
     176
     164
     184
     176
     160
     157
     161
     167
     157
     161
     141
     136
     159
     160
     165
     173
     181
     173
     163
     176
     155
     165
     143
     156
     151
     150
     154
     158
     173
     147
     150
     146
     150
     161
     155
     159
     157
     133
     140
     136
     139
     155
     157
     161
     146
     133
     165
     171
     149
     151
     167
     162
     147
     158
     146
     158
     155
     155
     155
     154
     159
     149
     157
     156
     157
     138
     147
     167
     150
     149
     159
     149
     138
     144
     160
     158
     161
     163
     160
     136
     146
     143
     138
     145
     156
     160
     169
     146
     142
     154
     144
     142
     151
     161
     165
     132
     138
     154
     143
     138
     156
     168
     147
     154
     156
     137
     164
     148
     130
     135
     148
     155
     150
     146
     145
     144
     157
     145
     153
     135
     140
     145
     159
     147
     141
     135
     152
     145
     147
     131
     149
     142
     135
     138
     144
     152
     140
     148
     135
     139
     148
     152
     132
     141
     147
     152
     146
     141
     156
     155
     139
     139
     147
     125
     118
     129
     152
     141
     141
     136
     146
     132
     125
     123
     123
     136
     128
     137
     149
     147
     125
     138
     141
     131
     137
     128
     131
     151
     143
     147
     156
     141
     143
     145
     139
     154
     138
     136
     140
     153
     155
     141
     133
     133
     140
     133
     132
     130
     140
     135
     132
     123
     139
     150
     143
     131
     122
     144
     144
     124
     137
     129
     125
     136
     128
     137
     128
     128
     134
     122
     136
     129
     139
     143
     143
     132
     145
     140
     148
     144
     151
     148
     141
     128
     142
     157
     147
     137
     123
     120
     140
     137
     131
     136
     136
     113
     126
     144
     125
     142
     153
     143
     129
     128
     133
     129
     135
     129
     126
     123
     143
     126
     132
     133
     125
     126
     137
     132
     137
     131
     119
     136
     137
     130
     129
     125
     130
     132
     145
     136
     136
     126
     122
     127
     145
     128
     123
     124
     119
     122
     126
     132
     119
     116
     132
     133
     121
     115
     111
     145
     139
     138
     141
     133
     120
     122
     138
     128
     132
     135
     133
     129
     115
     115
     133
     133
     125
     120
     119
     113
     125
     124
     119
     115
     137
     123
     129
     123
     123
     123
     120
     125
      98
     126
     127
     136
     127
     144
     123
     121
     131
     119
     134
     122
     137
     123
     109
     133
     121
     119
     131
     130
     114
     111
     117
     124
     121
     121
     121
     136
     130
     119
     109
     102
     128
     129
     140
     122
     128
     120
     108
     135
     131
     117
     146
     144
     135
     127
     137
     118
     114
     117
     117
     113
     139
     121
     132
     111
     124
     113
     129
     129
     125
     109
     118
     123
     124
     130
     106
     134
     126
     127
     125
     122
     120
     131
     147
     122
     132
     122
     121
     115
     130
     134
     123
     119
     124
     131
     129
     129
     117
     132
     129
     122
     122
     122
     124
     125
     128
     124
     109
     108
     132
     127
     112
     127
     129
     123
     130
     122
     130
     123
     115
     115
     134
     117
     122
     111
     132
     133
     126
     110
     109
     128
     114
     114
     125
     127
     133
     129
     139
     119
     130
     119
     117
     125
     118
     135
     102
     103
     113
     123
     115
     110
     131
     120
     118
     106
     111
     119
     112
     114
     111
     117
     116
      99
      96
     105
     114
     120
     121
     111
     112
     108
     111
     138
     114
     107
     104
      96
     115
     125
     125
     120
     131
     118
     126
     117
     109
     113
     128
     118
     120
     129
     120
     104
     122
     119
     121
     135
     120
     110
     133
     120
     108
     116
     128
     122
     121
     121
     129
     138
     135
     127
     118
     123
     116
     111
     126
     110
     125
     128
     130
     117
     129
     119
     125
     125
     118
     121
     114
     125
     130
     133
     119
     125
     128
     119
     108
     105
     111
     113
     122
     139
     145
     141
     145
     149
     153
     131
     125
     126
     128
     148
     155
     130
     152
     142
     160
     163
     160
     157
     169
     160
     185
     164
     153
     164
     174
     158
     157
     159
     152
     150
     134
     138
     136
     138
     123
     139
     144
     136
     137
     130
     125
     115
     119
     121
     111
     111
     117
     119
     100
     102
     114
     121
     123
     134
     119
     129
     123
     120
     116
     120
     118
     114
     106
     116
     113
     124
     118
     125
     132
     112
     113
     133
     131
     113
     132
     128
     122
     119
     116
     111
     123
     128
     129
     128
     121
     119
     116
     123
     130
     137
     138
     135
     134
     127
     127
     138
     148
     138
     135
     157
     151
     152
     150
     169
     164
     171
     175
     201
     216
     197
     233
     243
     246
     252
     281
     261
     265
     274
     268
     265
     219
     229
     178
     195
     177
     163
     171
     145
     136
     134
     132
     152
     141
     128
     129
     123
     123
     139
     119
     135
     129
     103
     110
     114
     104
     110
     118
     110
     115
     118
     108
     107
     109
     113
     111
     114
      96
     103
     106
     106
      99
     101
      86
      84
      85
      98
     107
     104
     102
     111
     105
      98
     107
     106
      93
      95
      90
     108
     111
     106
     112
     112
     101
     103
     107
     121
     115
     117
     121
     107
     116
     109
     115
     103
     100
     118
     127
     125
     108
     109
     104
     113
      99
      91
      92
      91
      74
      90
      89
      90
      99
      78
      89
      89
      74
      90
      89
      83
      74
      80
      81
      74
      74
      73
      76
      81
      83
      73
      76
      77
      78
      72
      73
      65
      78
      74
      66
      73
      70
      72
      52
      55
      69
      67
      68
      74
      57
      71
      65
      66
      72
      65
      66
      64
      57
      60
      53
      54
      50
      53
      61
      62
      56
      63
      49
      54
      45
      45
      56
      49
      60
      62
      45
      51
      62
      64
      59
      55
      56
      53
      56
      63
      54
      51
      60
      53
      54
      49
      51
      61
      51
      45
      59
      54
      54
      50
      53
      53
      48
      46
      48
      42
      49
      47
      43
      48
      58
      52
      48
      41
      51
      47
      59
      44
      48
      41
      44
      46
      52
      52
      49
      44
      39
      47
      49
      55
      51
      50
      40
      42
      50
      49
      46
      58
      44
      45
      51
      47
      47
      46
      45
      56
      43
      42
      60
      57
      49
      45
      53
      49
      47
      49
      38
      42
      48
      42
      48
      44
      48
      41
      34
      43
      42
      43
      45
      39
      40
      33
      40
      45
      45
      40
      57
      38
      44
      42
      40
      34
      43
      46
      46
      48
      53
      42
      31
      34
      47
      35
      41
      43
      46
      45
      30
      33
      37
      39
      38
      47
      44
      46
      50
      41
      30
      36
      43
      37
      35
      41
      30
      45
      46
      37
      37
      38
      33
      30
      35
      32
      39
      34
      40
      32
      35
      40
      44
      43
      39
      32
      31
      51
      41
      51
      48
      43
      35
      35
      48
      37
      34
      35
      33
      44
      50
      43
      39
      29
      38
      37
      35
      42
      33
      40
      35
      39
      45
      42
      39
      41
      47
      39
      43
      36
      47
      37
      36
      37
      41
      51
      34
      33
      39
      36
      35
      43
      36
      32
      42
      37
      27
      42
      31
      36
      32
      33
      31
      34
      30
      33
      33
      29
      30
      36
      31
      38
      41
      46
      35
      29
      31
      27
      34
      38
      39
      39
      32
      33
      31
      33
      36
      39
      27
      34
      46
      33
      33
      38
      38
      31
      22
      19
      39
      34
      27
      34
      36
      33
      37
      41
      30
      32
      27
      27
      27
      30
      28
      34
      39
      35
      38
      34
      30
      29
      33
      34
      35
      33
      33
      34
      44
      40
      46
      38
      41
      41
      41
      36
      32
      37
      36
      32
      48
      43
      40
      33
      39
      44
      42
      43
      39
      51
      44
      44
      47
      49
      45
      46
      42
      44
      52
      45
      37
      42
      43
      41
      29
      37
      41
      39
      33
      35
      40
      36
      40
      39
      33
      34
      31
      30
      31
      32
      39
      41
      44
      29
      34
      37
      30
      26
      25
      44
      31
      37
      35
      36
      31
      28
      32
      34
      32
      32
      41
      31
      30
      43
      31
      25
      32
      25
      33
      33
      38
      42
      31
      28
      32
      29
      27
      31
      26
      22
      26
      34
      30
      38
      40
      39
      28
      33
      37
      32
      32
      32
      31
      29
      28
      34
      33
      31
      26
      25
      22
      24
      27
      22
      21
      26
      26
      30
      35
      26
      33
      30
      25
      28
      29
      29
      31
      28
      26
      33
      34
      30
      21
      31
      30
      34
      29
      31
      32
      30
      29
      35
      31
      29
      25
      30
      31
      25
      27
      31
      36
      34
      24
      26
      25
      34
      37
      30
      36
      34
      32
      29
      30
      28
      29
      35
      28
      30
      22
      32
      34
      30
      23
      27
      32
      34
      39
      29
      30
      39
      35
      27
      31
      33
      32
      31
      38
      30
      33
      42
      34
      39
      36
      31
      36
      43
      35
      37
      38
      31
      30
      40
      54
      37
      27
      41
      35
      37
      29
      37
      36
      34
      33
      26
      24
      29
      31
      32
      35
      31
      26
      34
      31
      31
      32
      27
      26
      39
      32
      34
      26
      29
      40
      30
      26
      30
      35
      31
      29
      26
      29
      28
      27
      26
      34
      34
      24
      25
      28
      28
      30
      29
      23
      30
      28
      32
      27
      27
      35
      29
      30
      27
      31
      27
      31
      34
      33
      45
      34
      32
      39
      31
      38
      34
      41
      39
      38
      40
      49
      36
      38
      38
      45
      46
      31
      37
      43
      34
      31
      38
      38
      36
      37
      35
      31
      34
      32
      28
      36
      24
      30
      30
      27
      34
      27
      27
      37
      36
      29
      30
      32
      34
      29
      22
      26
      24
      30
      27
      26
      30
      36
      31
      27
      25
      31
      36
      34
      34
      29
      25
      34
      24
      26
      42
      32
      30
      34
      22
      30
      25
      23
      17
      32
      35
      29
      32
      25
      25
      30
      24
      25
      39
      35
      27
      35
      30
      27
      28
      28
      21
      24
      32
      30
      28
      27
      28
      30
      19
      26
      32
      28
      32
      21
      31
      39
      40
      34
      25
      27
      29
      30
      35
      35
      31
      29
      29
      27
      29
      22
      23
      35
      29
      30
      40
      30
      32
      41
      28
      30
      32
      29
      25
      34
      40
      35
      35
      41
      32
      24
      32
      32
      48
      37
      30
      37
      35
      37
      31
      32
      37
      36
      47
      46
      42
      33
      40
      43
      40
      45
      38
      42
      49
      44
      44
      49
      36
      42
      47
      45
      42
      35
      37
      43
      50
      45
      40
      47
      46
      45
      51
      52
      51
      51
      39
      40
      46
      51
      61
      53
      63
      61
      57
      54
      56
      58
      67
      63
      65
      75
      61
      66
      73
      68
      78
      81
      85
      86
      72
      99
      88
     100
     112
     104
     115
     121
     115
     129
     136
     152
     153
     163
     177
     193
     215
     214
     227
     246
     241
     252
     265
     278
     279
     255
     262
     247
     226
     224
     193
     166
     176
     150
     150
     142
     130
     118
     116
     104
      93
      94
      98
      95
      83
      73
      70
      72
      81
      68
      61
      58
      46
      50
      57
      57
      49
      49
      50
      46
      39
      43
      44
      44
      50
      34
      41
      46
      49
      42
      33
      26
      30
      37
      25
      34
      28
      25
      27
      29
      25
      32
      32
      33
      32
      26
      26
      29
      31
      20
      23
      20
      31
      23
      33
      28
      24
      25
      28
      25
      19
      22
      22
      19
      21
      28
      24
      21
      16
      13
      17
      23
      26
      23
      20
      18
      23
      16
      15
      19
      18
$ENER_FIT:
0.000000 0.250000
$PRESETS:
Live Time (sec)
500
0
$RT:
516.900000
$DT:
17039
$ISO_DECL_U:
SMPLNAM: IDB-1163
SEPDATE: 01/01/1900 00:00:00
U234: Unknown 
DU234: Unknown
U235: 3.105 
DU235: 0.0966
U236: Unknown 
DU236: Unknown
U238: Unknown 
DU238: Unknown
$ADC:
4096
0
4095