$APPLICATION_ID:
IDB v.1.0
$SPEC_REM:
Material type: U
Material form: powder
Material compound: U3O8
U isotopics:
234U Unknown
235U 3.105
236U Unknown
238U Unknown
Detector: CZT (Geometry: 4 rectangular crystals,  pixelated, Size: 4 crystals, each 20x20x10 mm3)
MCA: H3D
$DATE_MEA:
01/01/1900 00:00:00
$MEAS_TIM:
1501 1523
$DATA:
0 4095
       0
       0
       0
       0
       0
       0
       0
       0
       0
       0
       0
       0
       0
       0
       0
       0
       0
       0
       0
       0
       0
       0
       0
       0
       0
       0
       0
       0
       0
       0
       0
       0
       0
       0
       0
       0
       0
       0
       0
       0
       0
       0
       0
       0
       0
       0
       0
       0
       0
       0
       0
       0
       0
       0
       0
       0
       0
       0
       0
       0
       0
       0
       0
       0
       0
       0
       0
       0
       0
       0
       0
       0
       0
       0
       0
       0
       0
       0
       0
       0
       0
       0
       0
       0
       0
       0
       0
       0
       0
       0
       0
       0
       0
       0
       0
       0
       0
       0
       0
       0
       0
       0
       0
       1
       1
       2
       3
       0
       3
       7
      12
      17
      30
      47
      68
     111
     159
     252
     346
     464
     621
     841
    1037
    1316
    1508
    1781
    2000
    2140
    2206
    2380
    2387
    2382
    2446
    2442
    2426
    2417
    2413
    2476
    2419
    2370
    2441
    2546
    2556
    2481
    2435
    2488
    2549
    2444
    2439
    2484
    2475
    2484
    2498
    2457
    2494
    2509
    2481
    2508
    2583
    2578
    2636
    2530
    2530
    2480
    2529
    2476
    2459
    2484
    2403
    2450
    2468
    2469
    2430
    2400
    2444
    2471
    2481
    2434
    2516
    2392
    2412
    2446
    2424
    2479
    2431
    2404
    2363
    2343
    2417
    2356
    2442
    2391
    2343
    2261
    2382
    2360
    2368
    2353
    2396
    2327
    2406
    2431
    2361
    2317
    2313
    2320
    2358
    2381
    2351
    2382
    2340
    2386
    2366
    2367
    2301
    2373
    2374
    2447
    2428
    2337
    2413
    2463
    2436
    2378
    2472
    2552
    2628
    2779
    2860
    2967
    3101
    3392
    3597
    3693
    3889
    3936
    3920
    3987
    3902
    3724
    3562
    3357
    2978
    2693
    2599
    2416
    2311
    2240
    2192
    2217
    2189
    2205
    2196
    2187
    2131
    2131
    2177
    2261
    2242
    2264
    2227
    2165
    2238
    2263
    2388
    2483
    2603
    2641
    2737
    2789
    2821
    2763
    2716
    2668
    2571
    2486
    2462
    2436
    2321
    2225
    2187
    2207
    2241
    2160
    2116
    2108
    2079
    1991
    2017
    2065
    2093
    2083
    2142
    2198
    2090
    2067
    2084
    2001
    2027
    2071
    2060
    2089
    2125
    2142
    2141
    2087
    2017
    2051
    2064
    2135
    2143
    2139
    2138
    2044
    2107
    2159
    2078
    2126
    2019
    2024
    2106
    2099
    2087
    2098
    2102
    2139
    2093
    2175
    2126
    2173
    2170
    2109
    2159
    2222
    2249
    2171
    2198
    2178
    2209
    2269
    2265
    2222
    2199
    2144
    2190
    2215
    2279
    2210
    2284
    2324
    2317
    2296
    2245
    2301
    2248
    2303
    2334
    2406
    2384
    2497
    2375
    2356
    2371
    2385
    2471
    2510
    2489
    2494
    2534
    2537
    2583
    2623
    2676
    2622
    2653
    2658
    2725
    2694
    2663
    2728
    2789
    2783
    2818
    2739
    2690
    2637
    2568
    2677
    2760
    2852
    2757
    2861
    2898
    3028
    3060
    3095
    3042
    3030
    3011
    2974
    2876
    2790
    2711
    2675
    2769
    2718
    2679
    2625
    2696
    2712
    2699
    2698
    2730
    2714
    2733
    2760
    2746
    2756
    2719
    2757
    2786
    2862
    2865
    2762
    2820
    2900
    2905
    2850
    2917
    3003
    2981
    3015
    2953
    3016
    2986
    2976
    3065
    3130
    3129
    3203
    3303
    3326
    3476
    3496
    3553
    3649
    3593
    3601
    3706
    3394
    3525
    3430
    3368
    3334
    3211
    3216
    3281
    3264
    3314
    3282
    3322
    3278
    3268
    3246
    3137
    3181
    3133
    3096
    3085
    3115
    2970
    2995
    3056
    3091
    3047
    3052
    3094
    3073
    3016
    3022
    3100
    3033
    3090
    3149
    3154
    3109
    3092
    3133
    3157
    3174
    3217
    3151
    3201
    3195
    3189
    3186
    3234
    3181
    3267
    3236
    3235
    3221
    3363
    3251
    3242
    3244
    3291
    3288
    3257
    3184
    3285
    3321
    3352
    3309
    3345
    3399
    3441
    3347
    3396
    3400
    3418
    3366
    3395
    3426
    3438
    3379
    3469
    3555
    3531
    3470
    3570
    3536
    3461
    3517
    3569
    3498
    3549
    3539
    3556
    3576
    3581
    3558
    3580
    3557
    3566
    3565
    3524
    3527
    3549
    3604
    3604
    3648
    3670
    3578
    3695
    3669
    3719
    3704
    3769
    3752
    3715
    3761
    3707
    3735
    3788
    3814
    3792
    3828
    3903
    3826
    3945
    4009
    4165
    4176
    4300
    4485
    4469
    4482
    4444
    4291
    4282
    4257
    4087
    4002
    3854
    3932
    3802
    3865
    3885
    3815
    3859
    3863
    3880
    3881
    3838
    3880
    3885
    3885
    3833
    3875
    3815
    3869
    3871
    3938
    3941
    3861
    3938
    4000
    3996
    4039
    3936
    3960
    3924
    4060
    4044
    3982
    3959
    4019
    4113
    4092
    4025
    4106
    4184
    4171
    4163
    4138
    4048
    4112
    4186
    4177
    4117
    4158
    4107
    4123
    4241
    4092
    4109
    4106
    4207
    4293
    4256
    4347
    4293
    4303
    4240
    4331
    4320
    4334
    4403
    4465
    4587
    4681
    4726
    4722
    4728
    4809
    4826
    4706
    4608
    4553
    4551
    4413
    4283
    4201
    4273
    4285
    4149
    4123
    4211
    4264
    4341
    4241
    4263
    4272
    4281
    4187
    4237
    4173
    4248
    4191
    4297
    4228
    4203
    4235
    4135
    4167
    4252
    4331
    4312
    4240
    4312
    4342
    4343
    4144
    4352
    4250
    4321
    4207
    4322
    4370
    4268
    4277
    4385
    4321
    4285
    4477
    4434
    4338
    4356
    4445
    4355
    4373
    4500
    4337
    4316
    4408
    4333
    4313
    4283
    4317
    4431
    4439
    4426
    4468
    4469
    4546
    4570
    4535
    4557
    4641
    4722
    4916
    4894
    5029
    5258
    5615
    6112
    6837
    7522
    8496
    9802
   10857
   12051
   12857
   13182
   12986
   12364
   11240
   10069
    8633
    7423
    6299
    5357
    4648
    4255
    3974
    3720
    3583
    3510
    3395
    3406
    3268
    3205
    3135
    3227
    3221
    3092
    3110
    3088
    3019
    3096
    3176
    3064
    3107
    3066
    3052
    3038
    3139
    3118
    3129
    3129
    3090
    3095
    3072
    3034
    3027
    2915
    2973
    2951
    2948
    2987
    2978
    2942
    3039
    2927
    2874
    2941
    2943
    2883
    2957
    2954
    2905
    2960
    3082
    2971
    3052
    3010
    3051
    3113
    3158
    3164
    3114
    3073
    3116
    3187
    3193
    3209
    3312
    3464
    3566
    3653
    3701
    3815
    3717
    3589
    3677
    3447
    3333
    3071
    2999
    2925
    2842
    2746
    2683
    2720
    2751
    2693
    2750
    2620
    2629
    2698
    2664
    2580
    2585
    2585
    2613
    2541
    2546
    2563
    2483
    2495
    2508
    2490
    2490
    2492
    2519
    2507
    2493
    2525
    2519
    2508
    2534
    2536
    2410
    2488
    2539
    2492
    2441
    2465
    2462
    2472
    2455
    2469
    2539
    2449
    2382
    2459
    2412
    2468
    2488
    2349
    2437
    2511
    2469
    2463
    2423
    2423
    2429
    2424
    2332
    2358
    2425
    2441
    2365
    2388
    2360
    2366
    2372
    2332
    2303
    2228
    2285
    2258
    2310
    2328
    2342
    2347
    2302
    2299
    2304
    2311
    2309
    2276
    2219
    2245
    2257
    2249
    2295
    2251
    2247
    2232
    2198
    2265
    2271
    2278
    2242
    2169
    2196
    2233
    2224
    2193
    2197
    2219
    2232
    2260
    2226
    2209
    2194
    2247
    2218
    2204
    2250
    2118
    2136
    2183
    2117
    2137
    2122
    2214
    2124
    2158
    2098
    2208
    2179
    2195
    2108
    2122
    2120
    2145
    2117
    2125
    2070
    2121
    2150
    2054
    2054
    2104
    2082
    2103
    2082
    2041
    2061
    2089
    2081
    2050
    2057
    2054
    2040
    2112
    2004
    1954
    2021
    2049
    1972
    2019
    2019
    1965
    2042
    2009
    1992
    1997
    1996
    1992
    1960
    2090
    1991
    2014
    1969
    1994
    1992
    1880
    1921
    1901
    1897
    2014
    1984
    1889
    1940
    1955
    1986
    1952
    1928
    1889
    1898
    1954
    1906
    1884
    1906
    1851
    1916
    1868
    1890
    1867
    1896
    1942
    1924
    1958
    1891
    1882
    1899
    1933
    1941
    1965
    1936
    1963
    1929
    1928
    1901
    1887
    1833
    1871
    1921
    1878
    1786
    1743
    1849
    1825
    1804
    1815
    1775
    1790
    1788
    1829
    1750
    1790
    1789
    1838
    1793
    1767
    1800
    1809
    1754
    1791
    1794
    1734
    1720
    1732
    1751
    1695
    1709
    1759
    1757
    1789
    1790
    1781
    1710
    1726
    1693
    1671
    1759
    1766
    1744
    1704
    1647
    1620
    1680
    1719
    1709
    1628
    1743
    1694
    1633
    1686
    1645
    1708
    1659
    1663
    1667
    1636
    1655
    1655
    1570
    1593
    1576
    1632
    1629
    1626
    1626
    1632
    1691
    1631
    1659
    1639
    1607
    1564
    1610
    1650
    1605
    1577
    1590
    1556
    1543
    1585
    1583
    1589
    1541
    1539
    1566
    1620
    1595
    1536
    1584
    1608
    1554
    1542
    1491
    1499
    1517
    1536
    1491
    1524
    1511
    1502
    1564
    1569
    1506
    1503
    1480
    1465
    1510
    1485
    1514
    1443
    1485
    1481
    1502
    1479
    1479
    1513
    1485
    1456
    1467
    1527
    1503
    1534
    1449
    1503
    1526
    1500
    1504
    1439
    1440
    1445
    1445
    1444
    1466
    1470
    1459
    1485
    1505
    1473
    1429
    1466
    1426
    1415
    1452
    1455
    1383
    1416
    1408
    1406
    1359
    1346
    1347
    1342
    1398
    1375
    1394
    1391
    1398
    1380
    1335
    1332
    1341
    1328
    1319
    1348
    1369
    1418
    1363
    1341
    1376
    1398
    1403
    1327
    1348
    1356
    1379
    1296
    1345
    1341
    1366
    1389
    1326
    1344
    1346
    1319
    1325
    1297
    1310
    1319
    1280
    1341
    1312
    1306
    1325
    1285
    1292
    1281
    1238
    1267
    1326
    1314
    1308
    1241
    1255
    1230
    1241
    1268
    1239
    1203
    1240
    1223
    1236
    1264
    1285
    1282
    1220
    1207
    1242
    1240
    1240
    1240
    1204
    1166
    1198
    1201
    1211
    1207
    1214
    1269
    1210
    1222
    1303
    1243
    1204
    1191
    1212
    1251
    1222
    1189
    1132
    1183
    1183
    1193
    1207
    1166
    1144
    1171
    1244
    1198
    1108
    1169
    1169
    1145
    1179
    1190
    1167
    1192
    1157
    1147
    1140
    1150
    1155
    1166
    1129
    1130
    1148
    1145
    1178
    1114
    1157
    1128
    1138
    1139
    1117
    1140
    1162
    1125
    1096
    1144
    1134
    1114
    1113
    1115
    1085
    1134
    1157
    1147
    1118
    1135
    1127
    1078
    1060
    1083
    1083
    1134
    1101
    1098
    1097
    1132
    1055
    1052
    1122
    1104
    1101
    1096
    1105
    1056
    1095
    1076
    1109
    1095
    1086
    1039
    1085
    1058
    1048
    1031
    1030
    1078
    1073
    1069
    1013
    1043
    1023
    1015
    1033
    1036
    1102
    1053
    1024
    1034
    1074
    1034
    1004
    1028
    1005
    1027
    1017
    1020
    1024
    1031
    1045
    1043
    1033
    1080
    1018
    1015
    1004
     988
     947
     998
    1015
    1009
     982
     992
     956
     973
     963
    1014
     989
     986
    1001
    1011
     983
     994
    1019
    1023
    1008
     958
     961
     972
     951
     979
     982
     956
     944
     982
     979
     898
     964
     986
     961
     944
     963
     942
     921
     944
     962
     934
     955
     948
     930
     942
     966
     938
     903
     943
     920
     922
     946
     943
     927
     910
     927
     891
     892
     949
     968
     922
     897
     913
     884
     906
     928
     909
     918
     890
     881
     902
     896
     894
     904
     896
     900
     905
     911
     861
     866
     865
     873
     859
     877
     895
     898
     856
     923
     882
     872
     888
     893
     899
     872
     867
     875
     858
     854
     871
     861
     866
     857
     813
     847
     877
     858
     865
     859
     855
     841
     863
     819
     816
     850
     824
     812
     829
     791
     820
     831
     809
     792
     823
     841
     790
     816
     798
     844
     841
     826
     822
     806
     794
     811
     820
     815
     823
     801
     779
     803
     802
     799
     814
     799
     781
     784
     775
     790
     817
     773
     760
     794
     800
     734
     782
     822
     791
     785
     767
     787
     779
     745
     779
     790
     769
     749
     793
     790
     799
     757
     765
     702
     714
     765
     719
     737
     742
     735
     757
     720
     728
     747
     767
     752
     739
     769
     733
     779
     763
     756
     753
     735
     749
     726
     706
     717
     695
     715
     741
     767
     729
     728
     709
     782
     755
     697
     739
     747
     723
     683
     758
     735
     688
     718
     709
     703
     717
     714
     705
     721
     754
     728
     718
     699
     701
     657
     688
     725
     706
     687
     679
     710
     677
     690
     715
     721
     723
     685
     695
     686
     691
     678
     695
     696
     693
     666
     704
     689
     665
     714
     684
     686
     688
     659
     657
     664
     703
     669
     693
     666
     673
     650
     692
     638
     632
     663
     667
     641
     635
     616
     616
     667
     657
     676
     657
     711
     686
     642
     657
     640
     649
     651
     677
     636
     641
     655
     634
     656
     663
     640
     638
     658
     638
     628
     620
     634
     626
     646
     661
     646
     707
     692
     637
     651
     636
     621
     634
     638
     595
     628
     639
     638
     631
     615
     586
     613
     601
     583
     599
     575
     602
     613
     620
     608
     603
     607
     595
     587
     612
     617
     620
     580
     590
     637
     640
     633
     606
     609
     621
     638
     614
     577
     588
     604
     582
     560
     600
     576
     583
     597
     608
     583
     613
     586
     587
     570
     586
     613
     583
     557
     563
     554
     548
     549
     576
     597
     610
     583
     588
     549
     590
     593
     557
     547
     567
     579
     586
     583
     550
     558
     589
     555
     584
     546
     554
     558
     571
     596
     562
     573
     541
     566
     551
     574
     558
     535
     592
     550
     543
     585
     570
     535
     570
     535
     562
     534
     558
     550
     566
     567
     525
     543
     532
     521
     554
     533
     549
     529
     548
     507
     534
     524
     562
     525
     527
     532
     527
     542
     542
     504
     522
     526
     556
     547
     543
     543
     552
     541
     544
     511
     506
     524
     542
     526
     496
     530
     542
     528
     515
     510
     550
     541
     512
     492
     518
     536
     523
     535
     532
     495
     530
     522
     501
     534
     538
     510
     483
     482
     496
     510
     530
     494
     512
     499
     522
     490
     491
     493
     505
     487
     507
     516
     500
     486
     499
     502
     497
     513
     488
     472
     486
     508
     509
     483
     484
     457
     468
     492
     482
     479
     470
     509
     498
     514
     510
     500
     494
     488
     477
     475
     453
     458
     487
     470
     509
     517
     497
     472
     485
     516
     501
     493
     484
     451
     476
     471
     470
     484
     469
     464
     432
     450
     448
     443
     442
     443
     452
     457
     447
     453
     471
     489
     503
     466
     463
     469
     486
     459
     448
     467
     460
     462
     477
     464
     445
     465
     472
     437
     486
     457
     433
     486
     448
     458
     439
     474
     478
     446
     447
     435
     425
     438
     464
     461
     446
     451
     434
     442
     456
     455
     424
     413
     454
     425
     433
     438
     468
     449
     439
     435
     427
     475
     447
     440
     443
     454
     471
     455
     426
     421
     411
     428
     439
     431
     447
     445
     414
     428
     432
     431
     467
     425
     424
     426
     429
     421
     416
     421
     439
     436
     455
     414
     429
     421
     425
     425
     415
     400
     447
     401
     423
     424
     439
     459
     419
     411
     430
     453
     420
     424
     435
     437
     440
     435
     429
     453
     417
     426
     413
     423
     442
     436
     462
     425
     437
     450
     415
     428
     412
     405
     428
     450
     456
     423
     391
     459
     425
     412
     437
     423
     409
     420
     404
     375
     404
     388
     388
     373
     374
     393
     409
     390
     399
     388
     361
     393
     396
     396
     378
     399
     383
     391
     399
     384
     351
     384
     386
     396
     389
     386
     389
     353
     412
     409
     388
     397
     424
     391
     374
     384
     380
     374
     383
     366
     361
     372
     374
     391
     384
     370
     397
     407
     402
     379
     368
     381
     409
     405
     395
     367
     394
     370
     367
     366
     381
     388
     372
     370
     353
     369
     365
     368
     345
     351
     361
     374
     361
     364
     342
     368
     364
     391
     388
     366
     387
     373
     359
     365
     364
     340
     349
     356
     371
     365
     350
     354
     339
     351
     358
     328
     362
     345
     362
     363
     381
     379
     348
     327
     345
     368
     366
     385
     370
     359
     346
     361
     361
     345
     368
     330
     317
     335
     331
     349
     361
     315
     348
     369
     372
     337
     337
     334
     347
     337
     338
     341
     333
     342
     364
     348
     327
     337
     346
     333
     325
     341
     322
     329
     331
     337
     335
     344
     346
     321
     297
     331
     325
     316
     345
     352
     334
     308
     313
     305
     315
     306
     302
     308
     306
     342
     358
     319
     299
     311
     315
     321
     326
     304
     322
     318
     341
     314
     324
     318
     336
     328
     309
     319
     316
     310
     315
     311
     353
     331
     302
     284
     288
     307
     310
     317
     328
     317
     309
     332
     303
     315
     316
     315
     293
     308
     298
     317
     315
     345
     325
     339
     341
     316
     333
     318
     322
     321
     310
     301
     318
     318
     312
     294
     297
     309
     279
     265
     317
     292
     278
     282
     311
     310
     301
     287
     315
     280
     286
     278
     278
     299
     282
     272
     280
     268
     291
     294
     295
     280
     314
     314
     279
     266
     276
     292
     292
     290
     268
     273
     292
     283
     292
     258
     275
     280
     302
     282
     276
     295
     276
     281
     256
     281
     271
     275
     299
     275
     256
     277
     264
     262
     265
     273
     285
     255
     262
     284
     293
     270
     277
     263
     263
     246
     250
     254
     263
     253
     279
     262
     259
     253
     268
     255
     260
     278
     288
     264
     253
     248
     245
     233
     235
     258
     258
     252
     245
     250
     262
     252
     259
     243
     245
     265
     260
     254
     252
     267
     251
     257
     250
     256
     253
     258
     254
     275
     235
     244
     232
     249
     259
     232
     245
     236
     252
     256
     261
     232
     252
     265
     262
     249
     256
     249
     219
     248
     276
     250
     253
     255
     242
     218
     260
     230
     231
     239
     242
     232
     242
     233
     244
     249
     241
     240
     231
     233
     256
     265
     265
     231
     226
     234
     255
     243
     260
     246
     237
     240
     229
     224
     238
     244
     218
     229
     248
     229
     228
     233
     217
     241
     247
     233
     232
     238
     229
     211
     222
     240
     227
     230
     212
     222
     243
     224
     222
     247
     248
     251
     245
     231
     238
     202
     210
     244
     232
     237
     212
     207
     220
     248
     232
     237
     247
     202
     217
     219
     228
     235
     225
     211
     204
     233
     224
     226
     232
     211
     186
     194
     208
     235
     221
     220
     243
     241
     228
     211
     210
     204
     216
     221
     221
     240
     215
     211
     224
     218
     194
     220
     226
     207
     214
     233
     229
     222
     223
     217
     229
     216
     215
     220
     211
     237
     223
     221
     218
     223
     228
     215
     199
     227
     230
     213
     214
     201
     199
     190
     189
     205
     205
     239
     229
     220
     228
     198
     206
     215
     198
     210
     222
     219
     201
     213
     201
     207
     214
     210
     214
     214
     195
     186
     188
     206
     215
     214
     219
     221
     214
     235
     216
     185
     192
     202
     215
     203
     200
     201
     221
     197
     213
     222
     209
     200
     197
     198
     201
     210
     214
     204
     218
     224
     212
     194
     209
     216
     217
     189
     219
     206
     208
     199
     186
     218
     199
     215
     204
     195
     197
     204
     203
     204
     189
     181
     175
     188
     205
     179
     191
     198
     204
     198
     198
     207
     216
     204
     192
     180
     185
     179
     198
     212
     202
     208
     195
     208
     191
     201
     191
     195
     207
     192
     206
     198
     203
     195
     204
     186
     190
     189
     186
     179
     196
     195
     181
     198
     187
     194
     213
     206
     207
     178
     196
     191
     203
     187
     186
     204
     192
     194
     213
     196
     176
     176
     193
     207
     203
     201
     191
     185
     172
     178
     202
     198
     185
     177
     165
     189
     204
     198
     185
     180
     190
     187
     183
     210
     206
     201
     192
     181
     151
     183
     178
     175
     192
     201
     199
     203
     190
     203
     194
     181
     203
     192
     183
     190
     190
     188
     187
     190
     192
     202
     172
     187
     207
     196
     190
     173
     195
     191
     174
     182
     179
     200
     188
     178
     190
     196
     202
     181
     210
     187
     177
     194
     185
     198
     165
     179
     224
     197
     181
     180
     174
     189
     169
     177
     196
     181
     181
     183
     179
     185
     175
     195
     185
     182
     174
     191
     198
     176
     189
     211
     200
     178
     175
     179
     190
     181
     186
     192
     213
     217
     185
     175
     173
     185
     175
     180
     201
     194
     179
     181
     187
     209
     190
     182
     186
     187
     194
     179
     179
     176
     159
     180
     169
     180
     188
     174
     176
     170
     182
     193
     194
     182
     169
     191
     191
     177
     178
     185
     179
     176
     169
     189
     187
     180
     183
     175
     184
     173
     170
     194
     174
     179
     189
     189
     193
     194
     186
     184
     182
     186
     172
     174
     185
     177
     177
     184
     203
     177
     183
     170
     159
     167
     176
     167
     182
     170
     160
     177
     172
     170
     155
     156
     162
     171
     166
     175
     184
     185
     183
     180
     181
     161
     167
     159
     164
     167
     195
     196
     165
     184
     175
     181
     182
     152
     144
     168
     181
     169
     164
     174
     160
     173
     192
     182
     171
     173
     159
     185
     180
     191
     182
     156
     178
     163
     162
     171
     190
     195
     178
     183
     188
     173
     183
     176
     191
     191
     177
     181
     175
     182
     182
     183
     175
     168
     179
     194
     183
     180
     178
     156
     200
     203
     172
     190
     181
     193
     191
     188
     184
     205
     192
     191
     220
     211
     224
     229
     222
     233
     238
     236
     245
     228
     246
     238
     202
     215
     211
     202
     194
     195
     184
     170
     179
     184
     181
     176
     168
     166
     177
     173
     160
     194
     177
     183
     173
     163
     167
     181
     174
     183
     155
     169
     163
     159
     176
     172
     167
     168
     183
     169
     157
     175
     141
     139
     159
     164
     169
     176
     155
     160
     161
     179
     169
     166
     165
     168
     170
     166
     179
     165
     156
     167
     173
     186
     190
     187
     176
     172
     186
     183
     184
     168
     179
     206
     210
     212
     195
     200
     215
     217
     196
     204
     207
     209
     237
     248
     276
     296
     292
     300
     291
     325
     365
     360
     340
     360
     367
     337
     334
     286
     279
     265
     260
     238
     227
     219
     205
     191
     197
     188
     173
     191
     173
     159
     171
     169
     161
     159
     173
     150
     155
     170
     159
     161
     160
     159
     153
     171
     154
     152
     139
     146
     156
     151
     129
     135
     145
     150
     148
     142
     134
     146
     141
     146
     141
     151
     143
     140
     156
     139
     140
     146
     175
     154
     162
     119
     147
     140
     143
     141
     152
     143
     144
     147
     142
     136
     136
     147
     159
     149
     153
     162
     154
     172
     150
     149
     159
     155
     150
     142
     150
     131
     122
     146
     145
     120
     115
     147
     148
     122
     117
     121
     119
     116
     106
     109
     113
     114
     115
     117
     114
     138
     116
     103
     118
     115
      99
     112
     115
     110
     104
     106
     107
     107
     114
     114
     109
     102
     109
     117
     110
      94
      94
      92
      93
     113
      89
      87
      99
     100
      96
      95
      95
      98
      96
      85
      81
      82
      83
      82
      98
      94
      76
      88
      90
      82
      71
      89
      83
      93
      94
      86
      90
      88
      92
      96
      84
      83
      93
      77
      75
      83
      81
      79
      88
      89
      85
      80
      82
      83
      72
      80
      73
      84
      84
      82
      79
      87
      67
      76
      81
      80
      74
      77
      75
      79
      58
      86
      69
      55
      77
      73
      73
      68
      66
      73
      74
      67
      64
      67
      81
      79
      69
      68
      70
      71
      72
      84
      85
      80
      62
      75
      63
      66
      71
      68
      60
      54
      57
      68
      60
      75
      74
      69
      78
      79
      68
      67
      79
      70
      69
      59
      65
      73
      71
      72
      76
      66
      82
      77
      69
      60
      67
      58
      61
      62
      73
      67
      63
      60
      66
      74
      59
      65
      64
      53
      57
      69
      70
      69
      55
      68
      64
      73
      71
      62
      53
      58
      68
      59
      62
      76
      61
      54
      60
      63
      61
      54
      55
      64
      59
      54
      70
      69
      60
      59
      57
      66
      68
      65
      59
      51
      62
      69
      59
      57
      52
      63
      60
      59
      68
      64
      49
      60
      61
      54
      58
      64
      52
      61
      55
      65
      70
      53
      63
      57
      55
      55
      54
      59
      58
      66
      64
      60
      67
      60
      72
      69
      62
      57
      56
      60
      70
      72
      64
      67
      52
      54
      68
      62
      52
      58
      50
      59
      57
      53
      50
      64
      53
      62
      65
      55
      59
      62
      50
      50
      52
      58
      61
      66
      52
      64
      57
      63
      51
      51
      51
      53
      55
      62
      57
      54
      47
      53
      60
      47
      55
      56
      51
      60
      50
      55
      57
      62
      51
      54
      55
      55
      44
      49
      54
      62
      54
      54
      53
      51
      53
      58
      59
      53
      53
      66
      57
      49
      42
      52
      59
      54
      56
      57
      54
      63
      51
      56
      50
      54
      45
      48
      52
      55
      54
      50
      57
      61
      60
      52
      53
      51
      64
      53
      59
      56
      50
      67
      57
      54
      67
      66
      55
      47
      56
      66
      65
      61
      61
      61
      54
      57
      66
      60
      64
      65
      72
      66
      67
      69
      68
      57
      73
      67
      66
      69
      64
      58
      69
      66
      63
      60
      59
      56
      69
      66
      62
      55
      61
      59
      60
      62
      62
      57
      59
      60
      58
      58
      60
      56
      59
      57
      53
      43
      51
      50
      49
      46
      66
      62
      58
      56
      54
      47
      46
      43
      45
      57
      66
      51
      51
      58
      48
      53
      55
      48
      43
      54
      49
      42
      49
      54
      45
      46
      39
      44
      49
      39
      48
      52
      43
      46
      53
      46
      42
      45
      39
      44
      52
      55
      44
      41
      37
      36
      47
      38
      39
      43
      50
      45
      50
      43
      45
      43
      42
      35
      45
      38
      48
      55
      51
      61
      60
      36
      38
      44
      51
      51
      40
      38
      49
      55
      46
      50
      38
      40
      50
      48
      51
      44
      46
      45
      44
      53
      44
      51
      49
      43
      42
      47
      50
      44
      46
      45
      47
      52
      44
      49
      37
      46
      48
      47
      46
      54
      43
      38
      35
      37
      51
      47
      55
      62
      49
      48
      52
      55
      54
      45
      58
      52
      54
      62
      60
      55
      52
      48
      48
      55
      58
      52
      47
      55
      52
      57
      62
      65
      58
      54
      58
      55
      50
      47
      58
      64
      54
      53
      58
      45
      38
      47
      64
      49
      44
      43
      36
      42
      47
      52
      42
      42
      46
      47
      32
      42
      47
      43
      34
      52
      49
      41
      36
      42
      38
      40
      46
      44
      46
      43
      48
      53
      47
      42
      38
      37
      46
      50
      48
      50
      44
      45
      38
      40
      52
      47
      55
      43
      52
      42
      43
      51
      53
      47
      39
      46
      43
      48
      54
      53
      54
      57
      57
      44
      45
      65
      53
      55
      54
      59
      66
      64
      60
      59
      56
      59
      64
      61
      46
      38
      49
      48
      43
      55
      54
      45
      52
      52
      54
      42
      50
      52
      51
      51
      48
      45
      45
      50
      39
      46
      41
      54
      50
      46
      42
      49
      48
      39
      39
      43
      50
      47
      44
      49
      42
      44
      48
      54
      49
      47
      42
      43
      48
      46
      53
      46
      47
      43
      46
      48
      51
      48
      46
      45
      40
      44
      42
      43
      41
      42
      51
      47
      35
      40
      45
      47
      54
      52
      55
      51
      46
      43
      51
      43
      52
      55
      44
      41
      42
      44
      40
      49
      45
      44
      51
      55
      57
      46
      50
      52
      46
      53
      51
      51
      59
      48
      44
      47
      49
      59
      49
      39
      48
      43
      38
      43
      53
      44
      45
      47
      52
      43
      52
      56
      60
      45
      42
      47
      52
      51
      63
      59
      50
      59
      61
      48
      53
      52
      61
      63
      62
      60
      59
      56
      56
      53
      62
      64
      58
      69
      66
      58
      52
      58
      68
      60
      63
      49
      45
      64
      60
      63
      59
      62
      76
      54
      56
      64
      53
      54
      74
      72
      68
      71
      70
      72
      70
      71
      67
      72
      71
      75
      88
      87
      91
      85
      97
      86
      89
      94
     104
      98
      97
     115
      99
     105
     114
     118
     128
     121
     126
     113
     135
     153
     150
     153
     169
     185
     192
     216
     228
     211
     248
     274
     249
     306
     326
     337
     346
     350
     387
     372
     323
     345
     349
     331
     315
     290
     286
     240
     214
     210
     167
     158
     153
     134
     116
     135
     102
      93
     114
      98
      96
      89
      87
      85
      81
      87
      91
      78
      66
      72
      79
      69
      57
      59
      58
      65
      56
      56
      54
      52
      45
      40
      52
      51
      40
      36
      44
      46
      37
      44
      42
      45
      51
      36
      47
      46
      46
      36
      38
      39
      37
      38
      39
      37
      41
      30
      36
      35
      35
      33
      37
      34
      35
      27
      22
      24
      31
      28
      24
      27
      29
      26
      26
      27
      30
      32
$ENER_FIT:
0.000000 0.250000
$PRESETS:
Live Time (sec)
1501
0
$RT:
1523.320000
$DT:
22779
$ISO_DECL_U:
SMPLNAM: IDB-1181
SEPDATE: 01/01/1900 00:00:00
U234: Unknown 
DU234: Unknown
U235: 3.105 
DU235: 0.0966
U236: Unknown 
DU236: Unknown
U238: Unknown 
DU238: Unknown
$ADC:
4096
0
4095