$APPLICATION_ID:
IDB v.1.0
$SPEC_REM:
Material type: U
Material form: powder
Material compound: U3O8
U isotopics:
234U Unknown
235U 3.105
236U Unknown
238U Unknown
Detector: CZT (Geometry: 4 rectangular crystals,  pixelated, Size: 4 crystals, each 20x20x10 mm3)
MCA: H3D
$DATE_MEA:
01/01/1900 00:00:00
$MEAS_TIM:
501 517
$DATA:
0 4095
       0
       0
       0
       0
       0
       0
       0
       0
       0
       0
       0
       0
       0
       0
       0
       0
       0
       0
       0
       0
       0
       0
       0
       0
       0
       0
       0
       0
       0
       0
       0
       0
       0
       0
       0
       0
       0
       0
       0
       0
       0
       0
       0
       0
       0
       0
       0
       0
       0
       0
       0
       0
       0
       0
       0
       0
       0
       0
       0
       0
       0
       0
       0
       0
       0
       0
       0
       0
       0
       0
       0
       1
       0
       1
       0
       0
       0
       0
       0
       0
       0
       0
       1
       1
       0
       0
       0
       0
       0
       0
       0
       3
       0
       0
       1
       0
       0
       1
       1
       0
       0
       0
       0
       1
       2
       4
       4
       5
       8
      11
      18
      25
      35
      61
      95
     153
     203
     295
     422
     555
     705
     833
    1051
    1275
    1413
    1536
    1696
    1804
    1876
    1915
    1869
    1907
    1932
    1869
    1815
    1796
    1736
    1740
    1767
    1784
    1849
    1918
    1871
    1837
    1878
    1877
    1944
    1902
    1897
    1862
    1799
    1761
    1795
    1791
    1818
    1776
    1833
    1788
    1803
    1793
    1797
    1770
    1788
    1794
    1743
    1738
    1761
    1711
    1748
    1735
    1746
    1729
    1765
    1729
    1775
    1780
    1725
    1764
    1782
    1739
    1758
    1740
    1749
    1725
    1684
    1712
    1718
    1721
    1720
    1804
    1768
    1803
    1785
    1704
    1709
    1711
    1665
    1665
    1759
    1757
    1797
    1810
    1720
    1752
    1773
    1814
    1845
    1815
    1775
    1828
    1790
    1808
    1765
    1754
    1796
    1835
    1808
    1847
    1862
    1838
    1899
    1851
    1924
    1939
    1902
    2012
    2060
    2182
    2286
    2380
    2617
    2873
    3096
    3240
    3325
    3556
    3612
    3576
    3686
    3530
    3323
    3070
    2807
    2604
    2259
    2088
    2056
    1886
    1895
    1868
    1879
    1836
    1814
    1882
    1904
    1918
    1955
    1921
    1899
    1884
    1971
    1960
    1976
    2078
    2108
    2202
    2406
    2391
    2493
    2566
    2668
    2572
    2563
    2581
    2525
    2422
    2373
    2363
    2288
    2320
    2224
    2241
    2165
    2166
    2118
    2004
    2123
    2107
    2115
    2066
    2061
    2104
    2130
    2035
    2102
    2057
    2044
    2082
    2127
    2136
    2122
    2116
    2274
    2216
    2258
    2164
    2182
    2160
    2197
    2093
    2197
    2171
    2203
    2145
    2179
    2234
    2249
    2232
    2342
    2314
    2365
    2362
    2435
    2413
    2445
    2484
    2537
    2568
    2549
    2603
    2682
    2685
    2728
    2852
    2833
    2902
    3036
    3103
    3128
    3144
    3089
    3198
    3202
    3118
    3089
    3054
    3047
    3034
    3003
    3088
    3110
    3079
    3194
    3269
    3339
    3269
    3403
    3447
    3577
    3676
    3764
    3850
    3892
    4037
    4179
    4370
    4584
    4831
    5312
    5674
    6028
    6368
    6686
    6948
    7067
    7188
    7149
    7202
    7442
    7305
    7162
    7021
    6797
    6319
    5777
    5396
    5218
    5026
    5158
    5481
    6099
    6719
    7608
    8367
    8948
    9222
    9238
    8684
    7947
    7074
    6059
    5214
    4432
    3747
    3336
    3092
    2809
    2783
    2694
    2758
    2693
    2685
    2636
    2625
    2641
    2689
    2706
    2730
    2814
    2820
    2818
    2947
    2921
    2993
    3024
    3012
    3020
    2991
    2974
    3046
    3044
    3119
    3234
    3277
    3280
    3552
    3647
    3859
    4086
    4445
    4851
    5325
    5587
    5944
    6195
    6479
    6500
    6452
    6175
    5782
    5262
    4829
    4466
    4158
    3945
    3953
    3831
    3830
    3834
    3686
    3703
    3629
    3524
    3315
    3031
    2790
    2530
    2374
    2281
    2133
    2064
    1990
    1969
    1924
    1928
    1935
    1918
    1929
    1880
    1868
    1915
    1993
    1947
    1945
    1989
    2093
    2088
    2044
    2021
    1911
    1950
    1980
    1983
    2013
    1944
    1990
    2000
    2010
    1989
    1916
    1947
    2037
    2056
    2055
    1938
    2010
    2010
    2031
    2062
    2079
    2058
    2051
    1994
    2047
    2088
    2113
    2101
    2130
    2123
    2092
    2003
    2055
    2131
    2037
    2074
    2189
    2159
    2160
    2093
    2164
    2180
    2186
    2209
    2178
    2169
    2189
    2242
    2220
    2086
    2180
    2125
    2197
    2274
    2227
    2274
    2269
    2226
    2225
    2286
    2304
    2295
    2326
    2328
    2301
    2340
    2362
    2308
    2345
    2367
    2404
    2419
    2406
    2437
    2459
    2445
    2472
    2507
    2605
    2634
    2746
    2909
    3099
    3364
    3630
    3774
    3941
    4002
    4040
    3868
    3649
    3460
    3273
    3030
    2817
    2674
    2528
    2417
    2442
    2414
    2373
    2251
    2296
    2354
    2401
    2326
    2342
    2357
    2355
    2403
    2425
    2407
    2365
    2380
    2371
    2356
    2407
    2409
    2465
    2435
    2444
    2485
    2553
    2469
    2495
    2449
    2477
    2557
    2550
    2607
    2582
    2649
    2573
    2632
    2589
    2559
    2677
    2626
    2556
    2576
    2690
    2707
    2709
    2702
    2725
    2682
    2668
    2762
    2794
    2791
    2803
    2732
    2798
    2846
    2825
    2819
    2851
    2908
    3057
    3121
    3288
    3416
    3558
    3662
    3721
    3753
    3738
    3637
    3573
    3443
    3274
    3100
    2952
    2940
    2892
    2813
    2836
    2774
    2763
    2746
    2773
    2789
    2732
    2750
    2698
    2715
    2723
    2685
    2714
    2632
    2675
    2738
    2752
    2780
    2680
    2748
    2794
    2731
    2773
    2740
    2738
    2826
    2734
    2835
    2833
    2840
    2857
    2912
    2786
    2814
    2730
    2846
    2844
    2857
    2819
    2833
    2839
    2855
    2876
    2974
    2851
    2877
    2981
    2993
    2946
    2916
    2908
    2982
    3020
    3063
    3083
    3076
    3147
    3149
    3163
    3207
    3268
    3293
    3414
    3445
    3647
    3763
    3846
    4180
    4527
    4894
    5623
    6622
    7758
    9298
   11095
   12903
   14452
   15964
   16326
   16570
   15927
   14593
   12781
   10707
    8935
    7363
    5968
    4902
    4158
    3617
    3196
    2929
    2700
    2590
    2436
    2369
    2286
    2144
    2144
    2110
    2087
    2058
    2025
    2033
    2021
    2003
    1917
    2017
    2016
    1962
    1991
    2030
    1933
    2034
    2027
    1992
    1991
    2008
    1982
    1914
    1919
    1902
    1873
    1878
    1854
    1839
    1785
    1806
    1822
    1796
    1790
    1778
    1789
    1808
    1776
    1818
    1827
    1879
    1864
    1988
    1995
    2012
    2012
    2049
    2047
    2075
    2035
    2070
    2117
    2134
    2217
    2425
    2492
    2676
    2798
    2897
    2973
    3027
    2926
    2855
    2714
    2521
    2261
    2171
    1960
    1829
    1789
    1737
    1705
    1672
    1662
    1588
    1597
    1566
    1535
    1526
    1462
    1439
    1494
    1536
    1556
    1515
    1514
    1539
    1533
    1528
    1488
    1541
    1544
    1509
    1471
    1435
    1464
    1544
    1476
    1514
    1468
    1496
    1474
    1458
    1450
    1419
    1395
    1389
    1410
    1416
    1481
    1489
    1450
    1442
    1445
    1379
    1426
    1369
    1332
    1384
    1441
    1434
    1455
    1398
    1321
    1373
    1417
    1440
    1409
    1375
    1432
    1442
    1388
    1335
    1311
    1380
    1340
    1378
    1362
    1389
    1321
    1356
    1357
    1309
    1354
    1362
    1371
    1366
    1346
    1356
    1365
    1369
    1413
    1379
    1334
    1315
    1313
    1317
    1283
    1313
    1335
    1324
    1248
    1273
    1303
    1324
    1321
    1267
    1312
    1286
    1283
    1310
    1347
    1259
    1243
    1247
    1296
    1329
    1328
    1263
    1298
    1255
    1250
    1250
    1268
    1237
    1243
    1229
    1234
    1203
    1245
    1225
    1238
    1237
    1246
    1254
    1248
    1216
    1216
    1263
    1246
    1212
    1218
    1206
    1212
    1272
    1181
    1228
    1164
    1187
    1177
    1202
    1163
    1209
    1183
    1197
    1192
    1222
    1241
    1184
    1182
    1239
    1193
    1194
    1184
    1161
    1195
    1151
    1211
    1216
    1175
    1196
    1201
    1159
    1152
    1221
    1163
    1144
    1158
    1173
    1121
    1140
    1131
    1144
    1142
    1102
    1118
    1092
    1102
    1109
    1141
    1159
    1157
    1094
    1060
    1082
    1105
    1141
    1080
    1115
    1132
    1126
    1147
    1155
    1153
    1140
    1174
    1169
    1170
    1197
    1194
    1179
    1200
    1186
    1220
    1182
    1125
    1083
    1055
    1101
    1072
    1063
    1070
    1111
    1085
    1096
    1062
    1034
    1017
    1076
    1070
    1018
    1013
    1055
    1041
    1039
    1073
    1012
    1017
    1040
    1084
    1024
    1025
    1004
     976
     981
     992
    1078
    1070
    1057
    1085
    1007
     985
     972
     969
    1000
    1036
    1030
    1025
    1005
     998
    1013
    1011
     988
     977
     992
    1004
     997
     980
    1003
     976
    1001
     985
     947
     951
     972
     935
     947
     981
     976
     957
     975
     946
     915
     975
     997
     915
     913
     959
     930
     950
     932
     915
     943
     949
     933
     930
     923
     902
     921
     907
     910
     947
     953
     924
     913
     919
     910
     940
     904
     948
     939
     980
     872
     894
     905
     913
     918
     948
     915
     882
     871
     907
     919
     912
     903
     929
     869
     864
     856
     911
     889
     906
     884
     856
     875
     867
     868
     923
     918
     889
     853
     849
     861
     838
     850
     859
     864
     864
     827
     858
     861
     866
     855
     856
     826
     835
     883
     844
     800
     839
     863
     828
     844
     797
     802
     823
     843
     858
     848
     831
     898
     820
     822
     828
     807
     797
     805
     813
     842
     850
     873
     824
     788
     819
     797
     744
     785
     779
     761
     783
     793
     800
     774
     800
     780
     768
     757
     796
     799
     782
     761
     807
     789
     776
     786
     770
     779
     791
     734
     750
     782
     752
     766
     774
     786
     803
     781
     790
     810
     767
     768
     775
     719
     773
     754
     764
     779
     745
     771
     788
     743
     758
     745
     696
     709
     707
     748
     701
     730
     732
     759
     795
     719
     708
     741
     688
     714
     745
     729
     709
     757
     686
     715
     729
     700
     699
     741
     700
     701
     707
     703
     729
     715
     697
     698
     718
     748
     685
     726
     709
     704
     728
     697
     657
     691
     691
     676
     691
     737
     683
     688
     666
     682
     717
     693
     699
     651
     662
     666
     691
     671
     646
     696
     671
     668
     689
     670
     663
     673
     689
     699
     635
     699
     697
     668
     679
     673
     609
     662
     680
     656
     664
     657
     628
     643
     687
     646
     636
     655
     637
     633
     643
     647
     661
     645
     668
     639
     611
     656
     672
     663
     635
     652
     656
     644
     610
     640
     637
     656
     639
     659
     646
     597
     613
     622
     630
     656
     654
     618
     565
     614
     612
     629
     576
     602
     596
     608
     582
     598
     628
     617
     597
     629
     593
     580
     622
     630
     585
     600
     608
     635
     607
     608
     584
     588
     564
     569
     595
     607
     581
     559
     600
     603
     607
     583
     590
     571
     594
     570
     568
     572
     574
     581
     572
     585
     601
     599
     573
     552
     553
     601
     584
     599
     604
     571
     538
     566
     567
     545
     584
     565
     555
     539
     571
     586
     585
     542
     532
     553
     575
     542
     537
     533
     540
     563
     569
     558
     544
     525
     535
     534
     564
     567
     566
     555
     541
     535
     526
     543
     523
     517
     533
     534
     515
     531
     541
     545
     497
     508
     548
     533
     548
     537
     532
     528
     525
     531
     572
     589
     556
     520
     528
     531
     516
     523
     543
     521
     519
     515
     516
     507
     526
     511
     496
     488
     516
     492
     503
     491
     521
     526
     527
     481
     515
     493
     520
     502
     500
     511
     493
     491
     502
     514
     522
     505
     477
     451
     456
     498
     510
     480
     490
     480
     461
     487
     474
     487
     488
     504
     491
     497
     491
     494
     487
     479
     474
     491
     472
     468
     468
     469
     491
     484
     463
     467
     452
     463
     447
     462
     456
     466
     489
     469
     478
     487
     476
     481
     498
     499
     489
     472
     474
     450
     467
     446
     433
     433
     445
     468
     480
     435
     460
     441
     453
     452
     448
     435
     460
     426
     408
     406
     453
     435
     465
     473
     447
     400
     436
     455
     445
     448
     450
     445
     425
     430
     432
     420
     428
     454
     417
     417
     428
     436
     445
     426
     425
     431
     424
     401
     425
     437
     411
     417
     432
     413
     435
     435
     418
     445
     428
     426
     404
     427
     415
     409
     414
     413
     434
     417
     430
     426
     421
     418
     434
     424
     407
     408
     419
     412
     414
     408
     405
     380
     374
     395
     421
     423
     435
     406
     410
     414
     420
     375
     396
     418
     396
     409
     401
     382
     397
     384
     403
     404
     410
     400
     408
     377
     395
     416
     359
     366
     400
     408
     398
     410
     421
     394
     396
     403
     402
     372
     404
     374
     383
     417
     393
     402
     401
     409
     379
     398
     358
     403
     402
     407
     376
     377
     396
     400
     383
     388
     381
     371
     406
     376
     361
     379
     405
     374
     348
     354
     359
     384
     353
     355
     395
     382
     378
     399
     369
     389
     366
     382
     393
     364
     361
     377
     345
     356
     369
     368
     382
     359
     335
     356
     349
     364
     335
     385
     369
     372
     385
     383
     377
     361
     361
     377
     334
     309
     352
     358
     348
     330
     338
     345
     369
     379
     340
     339
     350
     336
     319
     351
     371
     337
     338
     331
     347
     342
     361
     365
     323
     336
     327
     374
     375
     369
     366
     320
     362
     376
     326
     341
     338
     310
     337
     357
     331
     343
     336
     354
     355
     331
     344
     349
     357
     323
     353
     355
     333
     344
     321
     339
     347
     360
     361
     331
     344
     332
     350
     322
     336
     318
     358
     352
     346
     348
     344
     328
     308
     305
     328
     338
     331
     329
     323
     338
     313
     314
     322
     329
     328
     324
     321
     313
     320
     319
     311
     314
     309
     312
     308
     325
     331
     324
     312
     328
     334
     314
     317
     330
     333
     326
     320
     306
     314
     317
     316
     282
     316
     336
     321
     287
     297
     301
     285
     313
     323
     337
     311
     316
     306
     300
     314
     297
     318
     302
     293
     295
     314
     333
     301
     298
     304
     319
     305
     310
     316
     320
     323
     303
     322
     321
     328
     315
     318
     320
     287
     299
     300
     309
     310
     320
     325
     309
     299
     284
     307
     306
     298
     282
     281
     276
     266
     265
     298
     303
     294
     278
     304
     283
     273
     296
     266
     263
     277
     279
     276
     286
     288
     279
     286
     285
     287
     274
     297
     291
     277
     287
     298
     300
     275
     289
     297
     270
     257
     295
     255
     305
     302
     285
     303
     309
     293
     286
     284
     305
     286
     256
     294
     298
     271
     275
     283
     283
     281
     293
     271
     253
     270
     293
     275
     275
     266
     285
     277
     266
     277
     274
     274
     302
     284
     287
     281
     291
     270
     281
     255
     281
     258
     263
     263
     265
     269
     278
     261
     256
     276
     257
     256
     274
     284
     246
     263
     286
     279
     279
     282
     256
     270
     254
     247
     268
     294
     277
     259
     278
     271
     256
     271
     284
     287
     271
     252
     261
     281
     289
     283
     259
     276
     256
     263
     287
     277
     243
     279
     276
     277
     269
     269
     248
     244
     257
     258
     255
     246
     281
     295
     272
     266
     245
     261
     266
     277
     276
     249
     266
     272
     247
     238
     261
     264
     253
     267
     263
     264
     256
     246
     263
     243
     235
     230
     233
     246
     249
     260
     240
     254
     232
     224
     257
     273
     255
     248
     250
     246
     222
     266
     247
     252
     238
     240
     245
     261
     245
     230
     248
     244
     218
     225
     252
     251
     249
     254
     243
     231
     244
     250
     252
     246
     212
     247
     216
     223
     241
     223
     235
     245
     244
     237
     228
     207
     216
     254
     239
     244
     245
     215
     226
     254
     246
     225
     236
     246
     254
     236
     236
     227
     250
     230
     219
     231
     214
     232
     253
     248
     230
     231
     229
     221
     227
     218
     252
     236
     250
     236
     244
     218
     219
     211
     216
     233
     237
     220
     236
     234
     240
     239
     223
     240
     225
     215
     225
     237
     235
     195
     214
     220
     231
     232
     243
     248
     226
     240
     221
     227
     222
     208
     225
     209
     222
     209
     215
     228
     209
     218
     220
     204
     238
     230
     213
     200
     214
     215
     211
     223
     231
     213
     206
     213
     210
     200
     208
     212
     215
     228
     201
     218
     224
     212
     188
     224
     214
     207
     229
     224
     218
     218
     214
     219
     212
     225
     204
     210
     203
     193
     196
     213
     182
     207
     223
     212
     207
     210
     200
     209
     207
     196
     209
     210
     196
     209
     183
     196
     216
     189
     200
     200
     216
     204
     206
     193
     184
     221
     247
     219
     215
     197
     203
     209
     184
     197
     215
     202
     190
     218
     220
     193
     226
     192
     206
     235
     204
     193
     204
     191
     190
     183
     178
     181
     177
     188
     197
     175
     178
     190
     192
     175
     184
     193
     186
     193
     179
     180
     220
     204
     195
     183
     184
     182
     201
     182
     187
     168
     163
     174
     165
     176
     180
     187
     205
     177
     182
     195
     206
     177
     173
     162
     179
     182
     169
     194
     181
     170
     157
     179
     175
     169
     188
     183
     168
     167
     180
     203
     171
     190
     163
     162
     162
     166
     166
     170
     175
     174
     169
     167
     179
     181
     151
     160
     164
     167
     184
     170
     166
     152
     152
     151
     167
     183
     169
     155
     164
     181
     157
     149
     161
     172
     175
     165
     166
     168
     168
     162
     171
     170
     174
     165
     158
     148
     155
     167
     147
     158
     147
     144
     157
     151
     175
     183
     166
     160
     155
     164
     174
     156
     160
     166
     154
     146
     139
     162
     163
     170
     158
     157
     155
     157
     160
     168
     177
     156
     141
     158
     141
     165
     160
     169
     174
     155
     153
     152
     155
     162
     149
     135
     132
     167
     163
     175
     132
     118
     134
     142
     149
     158
     168
     147
     143
     149
     151
     147
     137
     143
     167
     149
     155
     148
     144
     145
     140
     143
     148
     156
     148
     156
     146
     133
     152
     145
     149
     150
     147
     154
     159
     145
     143
     156
     140
     143
     164
     150
     143
     160
     162
     155
     135
     142
     137
     143
     142
     147
     132
     121
     150
     155
     152
     145
     157
     153
     139
     127
     149
     146
     150
     145
     142
     156
     134
     131
     123
     158
     141
     134
     137
     134
     147
     145
     133
     134
     141
     154
     142
     146
     136
     115
     141
     158
     161
     143
     135
     133
     137
     151
     142
     133
     143
     145
     124
     140
     145
     139
     119
     127
     135
     148
     134
     135
     140
     135
     141
     153
     139
     143
     127
     141
     163
     145
     131
     127
     117
     115
     134
     136
     131
     139
     128
     128
     146
     144
     133
     130
     127
     130
     130
     138
     112
     144
     147
     128
     124
     134
     130
     110
     124
     136
     132
     127
     129
     128
     121
     130
     136
     135
     141
     136
     135
     142
     124
     133
     132
     124
     129
     123
     130
     135
     129
     129
     127
     124
     141
     144
     122
     133
     141
     122
     125
     133
     132
     129
     133
     132
     122
     125
     147
     130
     144
     123
     132
     108
     125
     137
     127
     126
     132
     122
     108
     104
     131
     135
     145
     140
     124
     123
     113
     137
     131
     117
     118
     132
     131
     126
     131
     124
     141
     128
     120
     133
     141
     125
     123
     141
     123
     120
     132
     129
     134
     125
     117
     136
     133
     124
     128
     130
     133
     125
     127
     125
     120
     135
     144
     133
     120
     121
     132
     129
     128
     134
     135
     123
     121
     133
     115
     118
     131
     131
     136
     119
     120
     121
     112
     123
     127
     130
     124
     137
     134
     123
     119
     119
     125
     132
     122
     127
     120
     118
     137
     128
     128
     116
     131
     118
     111
     122
     119
     137
     121
     118
     126
     118
     105
     123
     115
     118
     113
     113
     124
     120
     119
     116
     113
     125
     116
     110
     131
     136
     131
     120
     115
     130
     131
     134
     122
     126
     106
     121
     144
     119
     123
     118
     122
     113
     121
     115
     118
     111
     118
     126
     127
     122
     114
     120
     125
     108
     116
     115
     120
     119
     123
     134
     112
     111
     126
     105
     117
     118
     115
     126
     119
     138
     106
     117
     117
     104
     119
     131
     137
     121
     122
     131
     147
     122
     122
     144
     120
     118
     118
     119
     131
     115
     101
     127
     136
     121
     112
     117
     124
     122
     131
     130
     120
     128
     120
     107
     140
     131
     124
     124
     122
     130
     132
     115
     106
     108
     114
     108
     111
     116
     122
     103
     121
     132
     111
     110
     111
     115
     114
     116
     114
     118
     129
     108
     127
     114
     116
     134
     117
     105
     111
     121
     116
     118
     112
     119
     125
     123
     105
     111
     105
     122
     124
     117
     135
     123
     122
     109
      97
     107
     106
     122
     128
     135
     119
     103
     105
     106
     110
     123
     107
     131
     125
     118
     120
     107
     104
     112
     117
     113
     131
     130
     119
     114
     114
     104
     121
     111
     101
     116
     107
     109
     115
     128
     115
     107
     113
     123
     137
     118
     123
     112
     104
     111
     109
     104
     105
     103
     105
     125
     112
     123
     128
     122
     124
     133
     124
     118
     129
     121
     128
     133
     110
     119
     115
     123
     128
     118
     129
     122
     128
     126
     122
     128
     134
     132
     132
     140
     130
     139
     149
     147
     147
     152
     147
     151
     152
     152
     148
     160
     156
     163
     169
     161
     150
     140
     155
     152
     170
     157
     162
     141
     128
     131
     126
     129
     141
     117
     119
     120
     109
     112
     133
     130
     116
      95
     107
     107
     112
     117
      97
     118
     131
     121
     109
     117
     121
     102
     111
     112
     107
     137
     121
     107
     105
     114
     122
     124
     125
     111
     132
     127
     113
     114
     125
     121
     127
     102
     130
     122
     121
     106
     110
     116
     131
     129
     125
     119
     116
     116
     124
     133
     140
     145
     135
     128
     135
     134
     139
     151
     132
     134
     160
     152
     149
     170
     153
     169
     195
     171
     207
     225
     227
     245
     246
     240
     266
     252
     246
     238
     249
     219
     222
     216
     208
     188
     178
     162
     155
     144
     146
     157
     139
     135
     121
     113
     122
     130
     136
     126
     125
     115
     120
     100
     108
     117
     119
     105
     109
     114
     112
     120
     108
      94
      89
     105
     100
     104
      94
     103
     102
     104
     102
      99
      96
     104
      93
      99
     105
     117
     114
     106
      91
     107
     103
      93
     103
      96
     112
     109
     106
     102
     103
     110
     104
     104
     104
     111
     108
     113
     108
     104
     109
     113
     112
     107
     114
     122
     118
     102
     114
     120
     110
      90
      95
      95
      89
      86
      96
      87
      92
      88
      89
      83
      86
      82
      78
      94
      82
     101
      93
      85
      78
      91
      96
      76
      74
      79
      82
      76
      73
      76
      57
      62
      68
      77
      77
      66
      63
      71
      62
      67
      69
      63
      70
      71
      70
      73
      69
      63
      57
      49
      57
      53
      57
      61
      64
      59
      62
      54
      60
      58
      62
      68
      47
      49
      44
      48
      64
      63
      52
      59
      44
      58
      50
      54
      60
      58
      47
      64
      59
      50
      60
      61
      54
      54
      55
      52
      55
      51
      58
      52
      52
      53
      58
      55
      54
      48
      44
      64
      44
      44
      53
      47
      44
      43
      44
      50
      49
      47
      46
      43
      45
      47
      48
      55
      46
      38
      41
      38
      47
      50
      52
      44
      50
      43
      39
      30
      37
      49
      55
      48
      49
      48
      42
      35
      38
      38
      41
      45
      44
      45
      48
      42
      42
      48
      41
      46
      46
      53
      55
      44
      41
      35
      45
      50
      65
      52
      46
      39
      43
      43
      42
      35
      34
      42
      45
      35
      42
      51
      40
      51
      47
      41
      41
      39
      40
      45
      43
      39
      43
      48
      58
      40
      28
      35
      41
      40
      46
      44
      52
      44
      44
      37
      44
      45
      32
      32
      40
      37
      43
      46
      36
      29
      35
      39
      38
      38
      38
      38
      42
      33
      38
      39
      40
      42
      35
      33
      44
      43
      38
      29
      46
      38
      37
      40
      45
      30
      36
      39
      34
      36
      47
      36
      40
      30
      31
      35
      34
      34
      42
      49
      38
      36
      38
      34
      28
      34
      46
      48
      37
      34
      43
      47
      46
      39
      39
      41
      46
      46
      40
      38
      33
      34
      40
      44
      33
      35
      46
      39
      40
      35
      35
      30
      34
      40
      39
      34
      37
      29
      35
      42
      45
      44
      36
      28
      40
      35
      35
      35
      34
      33
      36
      32
      35
      45
      40
      33
      32
      29
      35
      42
      43
      30
      40
      41
      36
      32
      33
      34
      35
      40
      35
      38
      27
      35
      35
      38
      32
      26
      32
      39
      29
      32
      26
      33
      41
      38
      47
      40
      35
      37
      40
      28
      32
      29
      34
      43
      37
      33
      39
      37
      37
      27
      28
      37
      41
      43
      37
      42
      38
      35
      38
      37
      42
      34
      38
      38
      39
      34
      36
      37
      50
      28
      32
      47
      31
      31
      39
      44
      48
      43
      42
      43
      31
      42
      41
      47
      37
      48
      38
      38
      48
      47
      39
      43
      35
      39
      44
      35
      39
      36
      41
      42
      49
      37
      28
      38
      35
      30
      30
      32
      25
      36
      39
      41
      36
      39
      38
      27
      37
      37
      36
      35
      29
      31
      34
      30
      37
      29
      26
      27
      42
      39
      31
      27
      24
      26
      23
      28
      33
      32
      38
      33
      34
      30
      33
      33
      27
      21
      23
      18
      24
      29
      29
      29
      30
      25
      33
      37
      28
      18
      25
      27
      29
      29
      36
      27
      25
      32
      34
      26
      31
      29
      23
      23
      26
      24
      28
      32
      24
      32
      31
      27
      26
      24
      37
      25
      33
      26
      28
      30
      22
      26
      40
      31
      33
      26
      24
      26
      20
      24
      24
      29
      23
      23
      25
      26
      30
      25
      27
      37
      25
      26
      32
      29
      35
      35
      30
      33
      30
      30
      30
      26
      27
      28
      24
      23
      29
      30
      29
      30
      25
      27
      32
      17
      19
      32
      33
      36
      30
      34
      40
      43
      38
      40
      37
      37
      35
      34
      40
      37
      31
      33
      42
      40
      38
      50
      27
      32
      39
      38
      40
      39
      33
      41
      41
      38
      35
      41
      33
      34
      31
      32
      30
      34
      32
      33
      39
      37
      34
      42
      31
      31
      30
      26
      25
      24
      32
      29
      31
      32
      29
      31
      29
      31
      28
      29
      23
      22
      28
      22
      24
      29
      30
      28
      36
      34
      35
      31
      25
      24
      31
      34
      33
      26
      24
      24
      41
      38
      36
      38
      33
      37
      40
      33
      34
      31
      38
      33
      38
      35
      30
      37
      36
      40
      35
      31
      33
      31
      47
      36
      33
      35
      33
      39
      30
      38
      34
      29
      38
      38
      35
      32
      25
      28
      34
      31
      32
      32
      33
      30
      33
      33
      37
      23
      38
      39
      39
      23
      30
      33
      38
      31
      32
      33
      39
      32
      23
      23
      26
      21
      24
      27
      29
      33
      30
      28
      32
      33
      44
      27
      21
      31
      19
      21
      28
      27
      20
      25
      27
      32
      32
      23
      27
      28
      21
      25
      33
      30
      32
      31
      32
      29
      36
      26
      35
      35
      33
      38
      33
      26
      26
      28
      25
      29
      26
      29
      36
      33
      28
      32
      29
      31
      33
      32
      35
      25
      38
      30
      37
      33
      28
      30
      38
      36
      39
      28
      31
      30
      24
      24
      34
      34
      32
      30
      29
      27
      21
      32
      39
      32
      35
      35
      33
      39
      38
      41
      39
      48
      43
      39
      31
      32
      31
      36
      40
      33
      38
      38
      41
      40
      36
      34
      29
      29
      41
      38
      35
      42
      34
      43
      42
      43
      37
      35
      35
      38
      33
      41
      38
      39
      47
      41
      49
      46
      48
      45
      47
      36
      36
      45
      55
      50
      48
      52
      45
      43
      50
      45
      53
      52
      49
      50
      44
      56
      48
      41
      54
      63
      58
      72
      62
      78
      70
      62
      58
      77
      75
      84
      80
      83
      70
      94
      89
     105
      90
     113
     111
     129
     129
     141
     157
     161
     152
     199
     201
     205
     232
     247
     242
     223
     221
     254
     255
     243
     241
     225
     209
     186
     168
     177
     167
     156
     157
     135
     125
     128
     111
     101
     108
      94
      99
      73
      79
      92
      80
      72
      57
      58
      66
      66
      68
      78
      65
      54
      63
      60
      59
      52
      48
      35
      41
      50
      54
      38
      34
      35
      52
      37
      39
      39
      40
      37
      32
      32
      33
      27
      25
      33
      21
      21
      25
      34
      32
      25
      24
      31
      31
      25
      26
      17
      26
      30
      25
      23
      26
      32
      23
      25
      24
      21
      24
      21
      25
      21
      19
      21
      24
      18
      18
      15
      18
      11
      16
      22
$ENER_FIT:
0.000000 0.250000
$PRESETS:
Live Time (sec)
501
0
$RT:
517.280000
$DT:
16719
$ISO_DECL_U:
SMPLNAM: IDB-1193
SEPDATE: 01/01/1900 00:00:00
U234: Unknown 
DU234: Unknown
U235: 3.105 
DU235: 0.0966
U236: Unknown 
DU236: Unknown
U238: Unknown 
DU238: Unknown
$ADC:
4096
0
4095