$APPLICATION_ID:
IDB v.1.0
$SPEC_REM:
Material type: U
Material form: powder
Material compound: U3O8
U isotopics:
234U 0.0171
235U 1.942
236U 0.0003
238U 98.0406
Detector: CZT (Geometry: Quasi-hemispherical, Size: 500 mm3)
MCA: InSpector-2000
$DATE_MEA:
06/12/2014 12:38:17
$MEAS_TIM:
100000 100754
$DATA:
0 4095
       0
       0
       0
       0
       0
       0
       0
       0
       0
       0
       0
       0
       0
       0
       0
       0
       0
       0
       0
       0
       0
       0
       1
       2
      37
     181
     600
    1384
    2516
    3735
    5014
    6121
    7021
    8134
    8949
    9916
   10821
   11769
   12712
   13749
   14418
   14929
   16020
   16433
   17129
   19037
   21059
   22525
   23774
   25282
   26844
   26755
   27212
   27129
   27579
   27883
   28295
   28354
   28637
   29184
   29429
   29370
   29310
   29376
   29127
   29283
   29377
   28801
   29428
   29136
   29106
   29185
   28974
   29281
   29078
   29025
   28777
   29195
   28898
   28558
   28586
   28624
   28484
   28675
   28823
   29139
   28980
   29113
   29284
   29565
   30056
   29803
   30012
   30123
   30227
   30500
   30516
   30907
   31605
   31407
   31731
   32273
   32270
   32640
   33043
   33823
   33592
   33518
   34217
   34055
   34449
   34796
   35101
   35737
   35911
   36433
   36490
   36645
   36904
   36855
   36826
   36887
   36933
   36964
   37225
   37328
   37944
   38104
   38623
   39263
   39715
   40087
   40557
   41489
   41730
   42073
   42898
   43393
   43999
   44575
   45963
   46434
   47308
   48115
   48990
   50220
   51129
   51874
   53103
   54101
   55338
   56708
   57648
   58759
   60147
   61633
   62095
   62841
   62989
   64438
   64779
   65796
   66579
   67818
   69349
   70579
   71995
   73368
   75488
   77140
   79471
   81748
   85036
   88457
   91664
   96021
  101143
  106853
  112997
  119287
  126109
  130959
  136426
  140644
  141852
  141880
  139828
  136047
  131302
  125757
  120423
  115535
  110916
  107509
  106225
  105270
  105023
  105108
  105889
  107035
  107401
  109631
  110576
  112258
  112664
  113754
  114034
  115208
  115023
  115636
  116492
  116248
  116612
  116970
  117638
  116985
  117314
  117352
  118028
  118109
  118660
  118614
  118736
  119292
  119314
  119784
  121901
  122732
  124275
  124563
  127322
  129897
  132920
  135278
  138858
  141829
  145121
  148671
  153486
  157334
  161498
  165449
  169342
  173173
  177422
  179568
  181878
  184292
  184782
  186393
  185424
  186654
  186719
  188924
  192126
  196713
  203326
  210907
  220605
  232466
  245753
  260618
  278244
  298433
  320719
  343649
  369472
  393555
  420126
  443983
  465542
  481060
  493313
  497901
  498336
  493027
  483930
  471798
  457752
  444360
  431680
  422525
  415853
  413803
  413286
  416459
  416540
  417228
  409394
  397256
  375816
  347381
  315207
  278726
  243542
  210057
  181838
  158861
  140600
  128722
  120601
  116041
  113807
  112950
  113825
  115613
  117690
  119850
  122671
  125404
  128739
  132506
  137525
  142162
  148158
  155068
  163080
  172417
  181713
  191916
  201496
  211392
  221290
  227806
  232425
  233556
  232102
  226988
  218633
  206874
  193400
  179303
  166039
  152786
  140236
  128682
  118726
  108534
   98747
   89517
   80835
   72867
   64540
   58012
   52550
   47511
   44452
   41516
   40062
   38761
   37882
   37825
   37736
   37347
   37604
   37250
   37252
   36702
   36801
   36422
   36174
   36161
   35765
   35946
   35486
   35499
   35328
   35352
   35119
   35303
   35171
   35731
   35590
   35439
   35591
   35455
   35372
   35602
   35413
   35647
   36083
   35865
   35870
   36100
   36211
   36668
   36171
   36347
   36495
   36284
   36416
   36496
   36283
   36489
   36653
   36802
   37195
   37337
   37316
   37824
   38159
   38060
   38077
   38693
   39262
   40156
   40180
   40888
   41153
   42007
   42992
   44591
   45969
   47549
   48397
   50588
   53114
   54767
   56714
   58642
   59860
   59859
   60718
   59589
   57896
   55319
   52175
   49394
   45932
   42768
   40092
   37885
   36614
   35006
   34107
   33117
   33126
   33019
   32716
   32553
   32615
   33038
   32821
   32619
   33141
   33036
   32950
   33602
   33743
   33450
   33401
   33784
   33502
   34120
   34148
   34398
   34304
   34636
   34700
   34835
   35347
   35625
   35851
   35925
   36913
   37097
   37543
   38204
   38698
   39356
   40110
   40748
   42107
   42224
   43744
   44660
   45991
   46949
   47245
   47813
   48315
   47612
   46695
   45920
   44382
   42709
   41584
   40021
   39352
   38163
   37567
   36981
   36527
   36228
   36728
   36549
   36756
   37700
   37629
   38495
   38431
   38687
   39384
   39855
   40179
   40561
   41142
   41674
   42114
   42628
   43100
   44004
   44727
   45457
   46525
   47234
   48037
   49252
   49893
   51250
   52057
   53285
   54809
   56146
   58044
   59913
   62027
   64067
   67380
   70497
   73725
   77388
   81646
   87581
   93123
   98454
  105884
  113685
  123027
  132319
  141815
  152336
  161791
  171070
  177965
  181507
  181245
  175958
  167046
  153978
  137122
  119323
  101276
   83495
   68220
   54687
   43849
   35917
   30569
   26585
   24142
   22450
   21874
   21410
   21074
   20942
   21228
   21291
   21353
   21644
   21808
   22013
   21919
   21984
   22203
   22443
   22064
   22115
   22085
   21646
   21653
   21986
   21734
   22143
   22445
   22586
   22945
   23466
   23789
   24262
   24427
   25062
   25950
   26181
   26896
   27430
   27699
   28468
   28769
   29463
   29946
   29832
   30554
   30377
   30121
   29583
   28193
   26714
   25368
   24063
   22291
   20977
   19189
   17995
   17168
   16543
   16065
   15541
   15216
   14996
   15030
   15006
   14992
   14756
   14694
   14616
   14586
   14628
   14483
   14462
   14411
   14445
   14402
   14400
   14242
   14384
   14129
   14201
   13998
   14133
   14042
   14077
   14139
   14085
   13829
   13904
   13879
   13702
   13870
   13667
   13743
   13754
   13743
   13887
   13763
   13613
   13303
   13436
   13334
   13448
   13248
   13226
   13100
   13109
   13232
   13187
   13094
   12991
   12897
   12807
   12839
   12683
   12716
   12684
   12792
   12644
   12441
   12318
   12248
   12311
   12250
   12379
   12153
   12250
   12021
   12024
   12225
   11852
   11862
   11639
   11986
   11864
   11885
   11989
   11788
   11772
   11435
   11704
   11665
   11692
   11527
   11449
   11547
   11471
   11590
   11472
   11357
   11392
   11442
   11474
   11367
   11375
   11156
   11190
   11096
   11029
   11134
   10928
   11078
   10938
   11028
   10897
   10867
   11020
   10703
   10738
   10800
   10638
   10859
   10764
   10746
   10598
   10675
   10572
   10669
   10328
   10509
   10495
   10290
   10417
   10613
   10412
   10262
   10293
   10255
   10316
   10426
   10331
   10410
   10449
   10385
   10380
   10488
   10497
   10604
   10619
   10640
   10657
   10684
   10686
   10759
   10607
   10694
   10301
   10362
   10188
   10057
    9892
    9583
    9382
    9248
    9071
    9025
    9060
    9001
    9086
    8864
    9066
    8876
    8970
    8673
    8869
    8742
    8642
    8753
    8744
    8633
    8607
    8610
    8606
    8592
    8471
    8510
    8486
    8535
    8536
    8560
    8500
    8369
    8354
    8226
    8123
    8292
    8208
    8247
    8220
    8186
    8197
    8098
    7971
    8051
    8196
    8019
    8084
    7867
    7845
    7868
    7894
    7845
    7862
    7614
    7703
    7633
    7553
    7721
    7697
    7569
    7573
    7614
    7446
    7599
    7662
    7593
    7383
    7491
    7532
    7553
    7259
    7350
    7279
    7289
    7189
    7335
    7361
    7238
    7282
    7141
    7200
    7167
    7261
    7270
    7098
    7101
    7164
    7070
    7055
    7047
    6935
    7043
    6893
    6940
    6868
    6740
    6809
    6742
    6912
    6805
    6787
    6643
    6729
    6684
    6725
    6564
    6519
    6558
    6475
    6460
    6593
    6555
    6503
    6447
    6350
    6533
    6455
    6433
    6362
    6156
    6368
    6105
    6204
    6266
    6137
    6168
    6067
    6280
    6107
    6080
    6152
    6109
    6164
    6084
    5908
    6025
    6176
    5884
    5925
    5938
    5883
    5990
    5911
    5898
    5766
    5838
    6001
    5899
    5745
    5821
    5743
    5815
    5697
    5703
    5673
    5732
    5667
    5767
    5730
    5727
    5465
    5574
    5449
    5451
    5398
    5520
    5513
    5515
    5454
    5556
    5516
    5415
    5459
    5392
    5389
    5337
    5363
    5296
    5318
    5217
    5391
    5374
    5280
    5120
    5315
    5154
    5119
    5169
    5164
    5068
    5100
    5169
    5006
    5089
    5180
    5084
    4989
    4969
    4863
    5038
    4985
    4879
    4993
    4939
    5044
    5021
    4987
    4951
    4887
    4872
    4797
    4892
    4951
    4747
    4869
    4759
    4662
    4782
    4698
    4810
    4809
    4751
    4692
    4742
    4598
    4690
    4682
    4667
    4585
    4582
    4554
    4710
    4611
    4583
    4589
    4576
    4551
    4520
    4589
    4486
    4539
    4497
    4524
    4409
    4547
    4339
    4415
    4456
    4314
    4385
    4376
    4342
    4515
    4270
    4402
    4312
    4356
    4319
    4281
    4296
    4305
    4309
    4248
    4297
    4189
    4366
    4100
    4202
    4224
    4214
    4032
    4181
    4151
    4134
    4103
    4007
    3932
    4092
    4076
    4076
    4027
    4032
    4090
    4011
    3993
    3988
    3971
    3931
    3917
    3858
    3932
    3917
    3904
    3885
    3883
    3751
    3782
    3864
    3777
    3683
    3872
    3851
    3888
    3805
    3918
    3832
    3721
    3635
    3742
    3751
    3730
    3731
    3628
    3630
    3777
    3641
    3674
    3722
    3587
    3747
    3727
    3670
    3682
    3713
    3571
    3522
    3591
    3592
    3552
    3653
    3543
    3530
    3545
    3559
    3398
    3487
    3419
    3440
    3484
    3494
    3389
    3430
    3431
    3314
    3380
    3401
    3344
    3284
    3300
    3378
    3450
    3287
    3401
    3257
    3242
    3336
    3231
    3340
    3282
    3191
    3214
    3202
    3238
    3263
    3149
    3231
    3200
    3238
    3330
    3271
    3139
    3251
    3302
    3134
    3081
    3232
    3099
    3078
    3079
    3155
    3175
    3124
    3087
    3059
    2987
    3044
    3160
    3113
    3083
    3070
    3047
    3072
    3092
    2977
    3064
    2959
    2879
    2906
    2960
    2926
    2877
    3007
    2931
    2934
    2885
    3050
    2995
    2870
    2898
    2889
    2957
    2959
    2904
    2838
    2876
    2870
    2856
    2876
    2906
    2844
    2693
    2796
    2800
    2717
    2796
    2868
    2755
    2793
    2820
    2742
    2847
    2711
    2831
    2871
    2796
    2661
    2730
    2800
    2658
    2685
    2783
    2655
    2703
    2712
    2754
    2651
    2648
    2706
    2747
    2586
    2766
    2618
    2617
    2628
    2602
    2556
    2536
    2654
    2669
    2507
    2537
    2596
    2547
    2600
    2572
    2651
    2439
    2561
    2459
    2561
    2529
    2574
    2534
    2519
    2563
    2492
    2514
    2475
    2504
    2450
    2427
    2484
    2398
    2587
    2414
    2436
    2517
    2449
    2439
    2421
    2397
    2495
    2423
    2480
    2425
    2408
    2447
    2347
    2349
    2470
    2373
    2381
    2449
    2400
    2453
    2319
    2398
    2328
    2383
    2364
    2391
    2317
    2237
    2379
    2351
    2324
    2362
    2243
    2284
    2347
    2233
    2302
    2322
    2258
    2247
    2351
    2332
    2308
    2283
    2234
    2169
    2218
    2255
    2233
    2204
    2132
    2241
    2290
    2227
    2165
    2226
    2223
    2231
    2200
    2208
    2193
    2169
    2228
    2100
    2304
    2146
    2111
    2222
    2101
    2173
    2116
    2129
    2153
    2123
    2160
    2137
    2167
    2080
    2217
    2164
    2192
    2144
    2157
    2196
    2095
    2116
    2121
    2096
    2127
    2049
    2129
    2094
    2059
    2108
    2050
    2138
    2061
    2069
    2092
    2109
    2025
    2044
    2093
    2015
    2014
    2024
    2027
    1957
    1980
    2043
    1905
    2014
    2010
    1999
    2013
    2025
    1963
    1946
    1980
    1921
    1945
    1958
    1955
    1971
    1973
    1937
    1952
    1887
    1959
    1892
    1893
    1971
    1910
    1930
    1937
    2027
    1898
    1875
    1885
    1896
    1980
    1958
    1893
    1935
    1902
    1845
    1888
    1933
    1817
    1827
    1884
    1931
    1824
    1857
    1959
    1880
    1832
    1798
    1890
    1907
    1712
    1727
    1757
    1757
    1809
    1889
    1802
    1759
    1836
    1814
    1766
    1715
    1802
    1778
    1740
    1758
    1750
    1769
    1777
    1735
    1720
    1807
    1662
    1760
    1716
    1704
    1781
    1727
    1811
    1762
    1759
    1733
    1743
    1632
    1675
    1738
    1729
    1698
    1782
    1697
    1760
    1764
    1709
    1701
    1719
    1679
    1731
    1687
    1676
    1712
    1695
    1630
    1636
    1725
    1726
    1744
    1655
    1672
    1694
    1638
    1660
    1665
    1643
    1689
    1742
    1586
    1684
    1711
    1625
    1582
    1617
    1704
    1625
    1714
    1635
    1666
    1625
    1685
    1630
    1657
    1575
    1707
    1705
    1602
    1575
    1676
    1579
    1712
    1712
    1683
    1685
    1650
    1561
    1657
    1614
    1675
    1550
    1616
    1632
    1564
    1568
    1571
    1537
    1529
    1582
    1501
    1528
    1546
    1520
    1504
    1556
    1508
    1510
    1498
    1562
    1565
    1517
    1568
    1490
    1500
    1594
    1536
    1536
    1528
    1476
    1532
    1543
    1487
    1490
    1467
    1423
    1567
    1487
    1452
    1450
    1502
    1547
    1487
    1501
    1419
    1446
    1455
    1455
    1409
    1451
    1455
    1542
    1466
    1340
    1483
    1439
    1379
    1435
    1506
    1424
    1388
    1464
    1533
    1423
    1426
    1418
    1367
    1486
    1393
    1534
    1415
    1430
    1421
    1363
    1411
    1405
    1438
    1426
    1374
    1330
    1463
    1400
    1444
    1404
    1334
    1391
    1364
    1358
    1324
    1376
    1327
    1393
    1414
    1418
    1427
    1320
    1398
    1376
    1379
    1358
    1404
    1347
    1384
    1330
    1345
    1404
    1427
    1346
    1351
    1287
    1339
    1316
    1252
    1363
    1295
    1324
    1301
    1260
    1302
    1315
    1228
    1303
    1297
    1314
    1258
    1278
    1316
    1267
    1279
    1303
    1310
    1298
    1303
    1284
    1262
    1264
    1338
    1288
    1189
    1301
    1260
    1265
    1213
    1245
    1254
    1261
    1239
    1216
    1304
    1252
    1223
    1187
    1209
    1255
    1268
    1277
    1258
    1243
    1245
    1293
    1242
    1273
    1257
    1222
    1241
    1245
    1246
    1272
    1229
    1232
    1211
    1217
    1155
    1148
    1245
    1168
    1197
    1133
    1137
    1132
    1146
    1213
    1198
    1123
    1148
    1091
    1118
    1097
    1089
    1109
    1095
    1047
    1062
    1131
    1021
    1053
    1049
     988
    1072
    1062
    1084
    1048
    1031
    1022
     929
    1039
     963
    1059
    1035
     962
     995
    1027
    1003
    1011
     995
    1012
    1022
    1025
    1005
     996
     968
    1030
     920
     919
     991
     986
    1024
     999
     942
     982
    1004
     960
     938
     993
     950
     970
     933
     901
     967
     981
     911
     944
     951
     943
    1007
     955
    1001
     982
     950
     953
     960
     920
     954
     915
     940
     908
     926
     958
     928
     899
     870
     903
     926
     929
     918
     938
     937
     898
     925
     932
     863
     901
     887
     871
     911
     925
     857
     844
     874
     965
     868
     876
     833
     854
     915
     935
     838
     911
     846
     910
     908
     870
     896
     882
     885
     891
     864
     824
     839
     879
     857
     915
     885
     872
     866
     826
     805
     844
     881
     911
     830
     829
     839
     894
     805
     854
     822
     859
     834
     877
     844
     834
     784
     842
     834
     802
     852
     809
     881
     860
     790
     882
     827
     798
     837
     854
     846
     828
     818
     842
     841
     838
     859
     848
     825
     815
     777
     833
     840
     835
     792
     794
     840
     813
     791
     792
     819
     796
     815
     834
     807
     903
     844
     827
     774
     771
     792
     779
     753
     823
     827
     821
     808
     786
     829
     760
     828
     819
     802
     780
     782
     813
     756
     731
     832
     767
     787
     773
     752
     803
     760
     769
     737
     788
     773
     746
     767
     767
     799
     781
     771
     767
     798
     764
     762
     774
     764
     757
     774
     725
     785
     726
     789
     775
     738
     754
     759
     797
     749
     755
     758
     757
     732
     789
     771
     741
     781
     757
     780
     741
     807
     777
     759
     750
     734
     775
     729
     743
     782
     746
     777
     729
     781
     754
     764
     723
     754
     755
     727
     743
     740
     739
     706
     786
     786
     748
     750
     716
     755
     716
     725
     732
     756
     707
     726
     766
     740
     762
     738
     708
     790
     734
     739
     695
     708
     758
     734
     738
     783
     687
     731
     758
     718
     721
     728
     754
     736
     774
     774
     754
     730
     773
     776
     738
     716
     710
     747
     737
     752
     742
     747
     787
     731
     718
     758
     741
     745
     753
     739
     719
     698
     723
     694
     725
     700
     749
     736
     715
     787
     703
     711
     743
     714
     740
     771
     776
     756
     731
     739
     756
     751
     752
     726
     768
     730
     748
     768
     749
     716
     749
     664
     726
     745
     767
     744
     686
     743
     762
     726
     754
     706
     726
     805
     696
     762
     710
     788
     762
     719
     779
     717
     750
     768
     720
     753
     743
     732
     763
     727
     761
     820
     734
     776
     765
     740
     740
     736
     735
     741
     722
     775
     705
     723
     751
     731
     723
     726
     696
     716
     717
     735
     736
     768
     725
     707
     721
     745
     756
     699
     742
     742
     747
     735
     732
     749
     753
     728
     735
     740
     739
     763
     741
     720
     773
     777
     709
     733
     770
     743
     717
     719
     717
     762
     757
     759
     782
     732
     778
     774
     767
     735
     828
     800
     765
     786
     778
     779
     754
     738
     775
     783
     805
     810
     767
     798
     810
     807
     757
     783
     827
     882
     829
     780
     828
     809
     766
     812
     879
     845
     843
     905
     888
     891
     806
     824
     877
     820
     888
     830
     893
     922
     869
     982
     916
     931
     934
     922
     988
    1012
     934
    1043
     992
     955
    1034
    1042
    1039
     997
    1005
     947
     929
     904
     883
     953
     906
     845
     846
     823
     833
     820
     829
     804
     851
     797
     824
     812
     777
     841
     843
     802
     830
     838
     758
     851
     836
     872
     847
     867
     796
     780
     789
     818
     858
     879
     908
     857
     868
     885
     873
     922
     913
     961
     914
     928
     941
     966
     948
     949
    1053
    1070
     997
    1105
    1069
    1138
    1095
    1089
    1153
    1178
    1185
    1126
    1294
    1229
    1288
    1266
    1259
    1223
    1220
    1187
    1227
    1171
    1127
    1065
    1050
    1005
     920
     890
     791
     774
     733
     730
     680
     661
     654
     665
     557
     617
     552
     553
     590
     580
     632
     526
     604
     580
     570
     566
     542
     573
     569
     566
     550
     538
     610
     555
     563
     534
     548
     575
     537
     563
     594
     589
     561
     594
     578
     532
     631
     584
     603
     553
     576
     607
     569
     625
     520
     625
     536
     561
     537
     546
     500
     512
     480
     493
     512
     461
     492
     407
     450
     399
     441
     420
     402
     390
     428
     394
     402
     389
     385
     376
     395
     356
     353
     383
     378
     369
     378
     376
     353
     335
     337
     311
     297
     311
     350
     319
     296
     318
     314
     339
     301
     293
     284
     283
     294
     299
     256
     304
     294
     328
     277
     289
     270
     293
     264
     270
     268
     300
     283
     278
     250
     294
     271
     273
     279
     258
     253
     257
     238
     231
     247
     254
     244
     272
     230
     228
     270
     220
     245
     216
     244
     265
     230
     226
     243
     226
     250
     224
     236
     239
     248
     233
     256
     210
     219
     264
     242
     232
     261
     246
     245
     242
     232
     235
     226
     219
     223
     219
     215
     243
     219
     258
     241
     264
     251
     223
     216
     216
     198
     238
     213
     249
     236
     199
     226
     218
     229
     216
     208
     214
     229
     239
     232
     200
     215
     237
     212
     218
     221
     214
     195
     195
     176
     192
     188
     192
     166
     222
     200
     200
     209
     173
     190
     207
     206
     198
     198
     218
     201
     168
     208
     209
     181
     194
     168
     204
     212
     210
     205
     210
     184
     195
     200
     193
     176
     197
     184
     191
     201
     201
     206
     188
     226
     201
     191
     195
     199
     239
     223
     199
     188
     202
     229
     199
     185
     184
     182
     201
     186
     155
     202
     204
     193
     213
     211
     198
     190
     172
     179
     208
     197
     174
     189
     190
     188
     168
     187
     172
     167
     189
     192
     175
     187
     221
     176
     207
     179
     188
     188
     203
     185
     175
     218
     195
     174
     176
     197
     186
     208
     183
     204
     177
     200
     178
     205
     199
     193
     196
     187
     181
     232
     215
     198
     210
     206
     203
     226
     202
     243
     209
     210
     186
     197
     209
     236
     216
     201
     231
     204
     235
     224
     206
     223
     212
     251
     240
     227
     217
     224
     216
     216
     235
     190
     201
     206
     188
     206
     201
     192
     194
     201
     178
     156
     155
     195
     185
     167
     156
     167
     169
     154
     175
     162
     163
     163
     170
     161
     153
     158
     160
     169
     153
     147
     128
     174
     194
     169
     165
     164
     159
     167
     154
     169
     186
     169
     156
     193
     169
     153
     141
     164
     142
     158
     168
     189
     166
     157
     157
     192
     180
     154
     161
     185
     180
     172
     147
     137
     150
     181
     160
     181
     160
     186
     168
     172
     176
     171
     153
     189
     159
     176
     158
     167
     165
     188
     199
     163
     158
     144
     175
     183
     189
     179
     166
     172
     163
     174
     177
     194
     186
     161
     206
     205
     192
     188
     226
     195
     207
     214
     178
     220
     190
     214
     208
     208
     216
     207
     200
     205
     230
     219
     211
     214
     226
     221
     223
     248
     225
     203
     235
     205
     200
     210
     181
     230
     212
     191
     183
     193
     211
     191
     209
     207
     173
     178
     177
     188
     197
     176
     195
     168
     178
     189
     186
     170
     189
     200
     192
     188
     181
     174
     172
     176
     179
     192
     181
     190
     200
     200
     168
     215
     201
     185
     194
     218
     207
     215
     210
     202
     218
     213
     231
     229
     217
     225
     195
     225
     239
     222
     197
     225
     223
     228
     234
     206
     198
     201
     184
     223
     204
     219
     172
     179
     207
     210
     175
     222
     172
     192
     191
     206
     197
     194
     204
     198
     210
     221
     202
     219
     217
     185
     214
     223
     224
     203
     221
     179
     206
     232
     214
     216
     231
     244
     232
     205
     208
     213
     251
     239
     241
     227
     240
     254
     257
     263
     253
     238
     238
     243
     251
     271
     300
     230
     272
     290
     273
     276
     281
     293
     284
     287
     278
     292
     305
     309
     319
     324
     303
     298
     306
     327
     326
     324
     349
     322
     338
     384
     338
     362
     382
     344
     359
     347
     377
     372
     433
     408
     391
     369
     382
     403
     409
     404
     444
     436
     398
     415
     415
     433
     400
     443
     477
     447
     413
     445
     436
     448
     492
     436
     448
     494
     461
     492
     486
     524
     534
     489
     513
     534
     578
     549
     591
     583
     564
     564
     593
     633
     599
     658
     631
     706
     741
     730
     769
     809
     802
     834
     878
     891
     941
     943
     954
    1019
     979
    1028
    1055
    1023
    1071
    1039
    1006
    1027
    1018
     947
     928
     846
     759
     735
     655
     607
     577
     489
     452
     405
     359
     349
     294
     243
     223
     236
     194
     163
     148
     137
      94
      96
      98
      78
      91
      83
      56
      56
      59
      66
      53
      57
      69
      45
      65
      70
      69
      58
      68
      53
      57
      58
      68
      69
      65
      48
      77
      62
      58
      71
      59
      57
      60
      60
      57
      74
      66
      65
      51
      57
      58
      58
      65
      62
      57
      65
      46
      48
      59
      47
      55
      71
      49
      67
      69
      55
      60
      60
      52
      73
      50
      61
      53
      61
      62
      57
      61
      50
      63
      66
      59
      57
      67
      62
      57
      53
      68
      45
      47
      53
      63
      62
      52
      66
      63
      62
      58
      46
      59
      61
      56
      70
      52
      51
      61
      44
      71
      62
      56
      68
      62
      64
      64
      56
      61
      58
      50
      42
      65
      68
      50
      59
      53
      69
      63
      52
      55
      55
      60
      54
      55
      72
      62
      52
      52
      66
      58
      58
      51
      56
      62
      57
      69
      67
      61
      59
      65
      45
      61
      51
      60
      44
      44
      49
      50
      52
      47
      38
      61
      52
      51
      69
      59
      54
      54
      53
      56
      47
      50
      57
      42
      42
      59
      50
      55
      53
      60
      47
      48
      51
      55
      51
      49
      59
      64
      62
      62
      49
      56
      56
      45
      45
      40
      49
      47
      45
      58
      62
      46
      44
      48
      62
      54
      48
      44
      59
      49
      63
      63
      44
      45
      47
      54
      59
      46
      57
      52
      57
      51
      55
      49
      42
      56
      51
      38
      49
      58
      39
      46
      56
      59
      46
      45
      50
      46
      63
      65
      36
      48
      48
      57
      53
      54
      49
      47
      44
      52
      58
      45
      46
      48
      52
      46
      44
      57
      42
      55
      54
      55
      48
      49
      51
      36
      52
      44
      56
      42
      60
      46
      53
      44
      42
      40
      53
      39
      49
      56
      45
      49
      54
      53
      57
      37
      49
      49
      42
      42
      50
      52
      32
      58
      36
      37
      42
      52
      34
      55
      50
      47
      50
      58
      40
      56
      58
      39
      57
      46
      58
      45
      47
      46
      40
      41
      46
      54
      46
      41
      55
      43
      50
      42
      49
      43
      45
      46
      54
      44
      42
      52
      47
      53
      65
      34
      44
      52
      60
      46
      54
      42
      42
      46
      52
      46
      40
      49
      53
      38
      61
      49
      35
      56
      47
      54
      40
      48
      48
      50
      65
      44
      46
      45
      46
      52
      39
      46
      42
      43
      47
      42
      48
      44
      46
      41
      54
      44
      43
      32
      43
      39
      42
      42
      50
      44
      48
      41
      40
      38
      44
      41
      33
      54
      41
      39
      55
      47
      51
      38
      41
      38
      51
      58
      43
      42
      49
      45
      43
      48
      38
      49
      30
      44
      42
      34
      41
      38
      42
      57
      42
      55
      43
      41
      38
      46
      46
      36
      45
      37
      42
      37
      42
      37
      34
      53
      49
      35
      36
      47
      40
      50
      39
      39
      43
      51
      46
      46
      43
      40
      53
      39
      30
      51
      35
      47
      43
      54
      43
      36
      44
      45
      43
      45
      46
      52
      35
      51
      39
      40
      34
      44
      40
      46
      49
      50
      49
      46
      55
      40
      31
      55
      47
      38
      51
      44
      41
      43
      34
      53
      41
      47
      37
      37
      34
      49
      38
      31
      27
      36
      40
      38
      35
      47
      49
      29
      35
      42
      43
      42
      40
      38
      37
      37
      38
      30
      32
      37
      45
      35
      35
      44
      35
      39
      42
      38
      44
      41
      39
      50
      42
      40
      41
      44
      41
      40
      34
      50
      35
      39
      39
      36
      38
      51
      58
      47
      49
      35
      43
      42
      38
      48
      57
      48
      41
      57
      34
      54
      47
      53
      43
      46
      46
      48
      43
      42
      60
      40
      41
      40
      39
      39
      30
      57
      39
      51
      39
      41
      38
      45
      36
      37
      39
      44
      29
      39
      31
      34
      36
      43
      36
      33
      28
      30
      33
      41
      35
      32
      23
      31
      40
      45
      29
      40
      30
      35
      38
      34
      34
      51
      29
      32
      38
      26
      32
      33
      38
      31
      38
      37
      38
      39
      37
      37
      44
      38
      39
      42
      25
      39
      48
      41
      40
      28
      33
      37
      36
      37
      27
      29
      34
      35
      31
      31
      33
      36
      36
      32
      34
      30
      33
      32
      32
      42
      25
      29
      29
      35
      33
      37
      35
      41
      36
      36
      30
      36
      37
      36
      39
      47
      32
      31
      42
      32
      39
      34
      35
      38
      32
      30
      36
      33
      42
      28
      38
      42
      34
      38
      35
      42
      33
      36
      38
      28
      25
      25
      30
      41
      23
      29
      31
      30
      36
      26
      31
      26
      33
      39
      22
      39
      36
      26
      44
      33
      32
      25
      38
      24
      29
      37
      32
      37
      30
      27
      32
      25
      38
      39
      30
      24
      32
      30
      29
      32
      28
      33
      26
      26
      21
      30
      31
      28
      32
      36
      20
      32
      30
      20
      38
      25
      18
      31
      21
      33
      21
      18
      32
      20
      32
      20
      29
      12
      29
      35
      34
      34
      30
      27
      32
      21
      30
      26
      32
      27
      36
      23
      27
      22
      24
      33
      24
      24
      37
      26
      35
      29
      34
      27
      34
      30
      28
      29
      33
      30
      23
      26
      33
      27
      26
      17
      24
      22
      45
      24
      36
      24
      33
      29
      38
      21
      22
      34
      31
      20
      23
      30
      30
      33
      40
      40
      23
      14
      31
      38
      26
      25
      24
      39
      24
      29
      27
      25
      32
      37
      28
      41
      21
      21
      26
      29
      21
      24
      43
      20
      25
      32
      22
      19
      24
      31
      27
      24
      26
      32
      25
      26
      29
      24
      28
      20
      24
      27
      28
      20
      35
      33
      26
      34
      21
      31
      36
      20
      22
      30
      23
      18
      30
      26
      23
      25
      30
      21
      34
      27
      21
      17
      14
      23
      31
      26
      26
      29
      28
      22
      22
      27
      27
      30
      31
      38
      24
      21
      28
      28
      20
      22
      22
      19
      29
      23
      24
      22
      16
      26
      19
      27
      25
      17
      29
      26
      29
      28
      24
      17
      26
      27
      27
      21
      20
      32
      30
      26
      27
      24
      22
      31
      27
      34
      33
      27
      27
      22
      27
      35
      28
      23
      25
      21
      15
      27
      17
      20
      21
      30
      22
      16
      14
      29
      32
      22
      22
      27
      26
      28
      21
      29
      27
      16
      18
      25
      21
      23
      22
      19
      21
      20
      24
      23
      30
      20
      19
      21
      28
      30
      28
      28
      24
      20
      32
      28
      33
      22
      27
      25
      33
      23
      19
      18
      24
      24
      29
      20
      25
      19
      21
      19
      13
      20
      23
      22
      23
      29
      26
      20
      17
      28
      23
      20
      21
      27
      24
      20
      25
      19
      22
      14
      16
      19
      22
      28
      28
      18
      17
      22
      21
      28
      30
      30
      22
      14
      23
      19
      24
      27
      23
      25
      28
      16
      19
      23
      15
      28
      22
      29
      17
      28
      16
      19
      35
      14
      22
      22
      21
      20
      18
      17
      29
      19
      23
      17
      29
      26
      27
      10
      29
      23
      19
      25
      20
      23
      25
      15
      18
      32
      20
      20
      28
      17
      16
      25
      23
      28
      15
      18
      16
      23
      28
      18
      22
      20
      20
      17
      13
      23
      26
      21
      22
      20
      18
      22
      15
      19
      25
      29
      26
      27
      16
      28
      26
      34
      18
      29
      17
      19
      25
      30
      33
      22
      24
      29
$ENER_FIT:
0.000000 0.339870
$PRESETS:
Live Time (sec)
100000
0
$RT:
100753.580000
$DT:
753580
$ISO_DECL_U:
SMPLNAM: IDB-1213
SEPDATE: 01/01/1900 00:00:00
U234: 0.0171 
DU234: 1.1696
U235: 1.942 
DU235: 0.0721
U236: 0.0003 
DU236: 33.3333
U238: 98.0406 
DU238: 0.0018
$ADC:
4096
0
4095