$APPLICATION_ID:
IDB v.1.0
$SPEC_REM:
Material type: U
Material form: powder
Material compound: U3O8
U isotopics:
234U 0.002
235U 0.3166
236U 0.0146
238U 99.6669
Detector: LaBr3 (Geometry: Cylindrical, Size: 2 in (diam) x 0.5 in (len))
MCA: InSpector-2000
$DATE_MEA:
04/17/2014 08:24:37
$MEAS_TIM:
100000 100273
$DATA:
0 4095
       0
       0
       0
       0
       0
       0
       0
       0
       0
       0
       0
       0
       0
       0
       0
       0
       0
       0
       0
       0
       0
       0
       1
       2
       6
      11
      20
      23
      59
      89
     149
     234
     331
     399
     539
     748
     907
    2104
   11706
   49980
  105112
  141952
  157011
  165833
  172313
  181234
  190874
  200784
  213918
  228700
  242640
  256460
  265102
  268736
  262811
  252182
  234727
  217321
  200986
  187454
  178054
  172754
  170424
  170203
  171339
  174570
  177905
  182982
  187458
  192091
  197795
  205051
  210964
  218772
  228124
  237953
  248312
  259374
  273317
  286812
  303902
  320101
  335657
  353576
  372316
  390740
  408347
  426929
  441276
  453246
  459824
  462154
  457485
  447936
  436356
  424693
  412667
  402787
  396250
  393575
  395706
  401214
  408565
  416560
  428012
  435297
  446878
  455072
  462890
  470102
  475561
  482160
  490081
  499399
  507950
  517974
  532451
  550349
  568819
  592683
  620256
  651151
  686178
  723029
  767995
  816078
  867096
  927557
  989486
 1059980
 1128666
 1200157
 1267374
 1327018
 1372685
 1407509
 1421649
 1418298
 1397629
 1362157
 1311168
 1254287
 1186034
 1112826
 1036294
  960150
  881522
  808292
  744209
  685590
  637871
  600626
  577238
  562735
  558835
  564499
  573695
  588138
  600732
  614352
  623797
  626843
  622637
  612433
  592793
  567536
  535420
  497851
  458835
  418712
  379026
  342902
  310694
  281973
  259009
  239534
  224812
  214630
  206732
  201650
  197723
  195934
  194372
  193645
  194475
  194575
  193686
  193390
  195382
  194863
  196032
  196209
  196227
  197137
  196948
  197915
  198230
  198640
  198839
  200253
  201865
  203215
  204911
  205745
  206924
  207363
  208439
  209106
  209884
  210561
  211207
  210126
  209625
  209091
  207765
  206614
  205440
  203918
  202894
  202502
  200061
  199298
  199344
  197987
  197853
  198226
  198092
  198292
  197754
  197326
  198208
  196915
  197286
  197798
  197165
  196616
  196836
  195884
  195568
  194870
  194420
  193835
  193149
  191899
  190832
  189334
  188345
  187663
  187149
  186575
  186482
  186374
  186491
  187246
  188443
  190044
  192121
  194662
  198046
  202696
  208414
  212799
  219015
  225352
  232184
  238909
  245845
  252568
  258209
  262835
  266269
  267658
  267419
  265412
  261067
  254567
  246514
  238377
  228813
  219921
  209716
  200820
  192834
  184843
  178851
  173739
  169373
  165515
  164064
  162992
  161962
  161018
  160732
  160193
  160182
  160033
  160470
  160004
  160240
  160060
  158723
  158603
  157490
  155602
  154537
  153616
  151677
  150110
  148956
  146839
  145194
  144645
  142172
  140575
  140216
  138970
  138309
  137182
  136778
  135955
  135102
  134057
  133425
  132949
  132583
  131615
  131511
  131173
  129963
  129175
  128983
  128178
  127319
  126854
  126439
  125388
  125053
  124156
  123728
  122642
  121925
  121603
  120808
  120174
  118492
  118198
  117810
  117591
  116699
  115510
  114986
  114153
  113652
  113470
  112966
  111898
  112498
  111308
  110771
  109959
  109723
  109219
  108491
  107803
  107824
  107331
  107053
  107019
  106826
  106489
  106454
  106730
  106308
  105833
  105407
  105399
  105112
  105389
  104841
  103471
  102735
  101964
  101972
  100063
  100164
   98983
   96953
   96781
   94927
   94185
   93387
   92262
   90778
   90537
   90025
   88855
   87717
   87699
   87007
   86030
   85719
   85169
   84915
   84573
   83293
   83096
   83226
   81915
   81580
   81318
   80405
   80569
   79598
   79615
   78697
   77911
   77820
   77615
   76702
   76138
   76065
   75654
   75421
   74874
   74125
   74518
   73378
   73494
   72726
   72773
   72106
   71991
   72310
   71311
   71512
   70648
   70008
   70207
   69574
   69264
   68362
   68720
   67845
   67938
   67222
   67318
   66516
   66877
   66253
   65527
   65594
   64938
   65192
   64254
   64932
   63952
   63605
   63067
   63445
   62691
   62806
   61895
   61586
   61003
   61116
   60923
   60919
   60695
   59860
   59659
   58961
   58498
   59155
   58349
   58141
   58063
   58025
   57021
   57017
   56985
   56376
   56466
   56139
   55452
   55837
   55359
   54901
   55040
   54346
   54280
   54076
   53513
   53558
   53044
   52545
   52449
   52363
   52370
   51727
   51021
   51199
   51420
   50582
   50644
   50342
   50014
   49733
   49650
   49558
   49242
   48932
   48730
   49071
   48655
   48225
   48126
   47718
   47207
   47486
   47194
   47097
   46872
   46744
   46163
   45655
   45972
   45700
   45589
   45064
   45463
   44852
   44524
   44240
   44001
   44283
   43847
   43950
   43560
   43550
   43145
   43337
   43099
   42767
   42316
   42390
   42206
   41833
   41945
   41604
   41613
   41385
   41067
   40794
   40748
   40447
   40305
   39750
   39906
   39699
   39043
   39393
   39155
   38658
   38613
   38135
   38116
   37984
   37710
   37649
   37542
   37324
   37084
   37175
   36679
   36530
   36497
   36443
   36419
   36297
   35891
   35945
   35363
   35063
   35592
   34962
   35137
   34667
   34845
   34475
   34269
   34046
   34002
   33786
   33329
   33614
   33261
   33172
   32740
   32725
   32406
   32554
   32321
   32151
   32298
   32165
   31809
   31821
   31392
   31733
   30930
   31315
   31260
   31002
   30680
   30859
   30291
   30446
   30647
   30359
   30358
   30380
   29812
   30102
   29925
   29924
   29506
   29930
   29043
   29066
   28847
   29073
   28631
   28908
   28432
   28558
   28198
   28137
   28268
   27919
   28017
   27824
   27686
   27333
   27466
   27259
   27308
   27208
   26990
   27045
   26680
   27129
   26771
   26847
   26817
   26383
   26319
   26128
   26131
   25975
   26207
   25831
   25941
   25846
   25802
   25765
   25775
   25733
   25292
   25339
   25170
   25083
   24949
   25354
   25069
   24768
   24926
   24646
   24715
   24705
   24369
   24460
   24373
   24322
   24313
   24052
   23916
   23808
   23678
   23672
   23692
   23568
   23239
   23633
   23208
   23387
   23282
   23198
   23165
   22930
   23051
   22891
   22969
   22708
   22498
   22675
   22409
   22235
   22230
   22096
   22049
   21883
   21805
   21930
   21562
   21578
   21236
   21278
   21537
   21395
   21254
   21050
   21037
   21239
   20728
   20992
   21085
   20690
   20582
   20444
   20519
   20396
   20472
   20194
   20293
   20258
   20183
   20525
   20401
   19881
   20074
   20232
   20251
   20145
   20023
   20533
   19983
   20288
   19841
   20047
   20078
   20016
   20204
   19769
   19694
   19581
   19987
   19869
   19559
   19496
   19428
   19460
   19282
   18833
   19261
   19375
   18656
   18776
   18944
   18572
   18777
   18345
   18422
   18427
   18403
   17960
   18023
   18211
   18178
   17882
   17679
   18001
   17616
   17721
   17750
   17292
   17577
   17439
   17671
   17218
   17163
   17421
   17298
   17112
   17004
   17087
   17069
   16819
   17019
   16975
   16884
   16840
   16725
   16685
   16689
   16730
   16728
   16383
   16305
   16426
   16370
   16383
   16169
   16197
   16337
   16121
   16321
   15995
   16092
   16198
   16363
   15989
   16142
   16282
   15742
   16040
   15822
   15996
   15952
   15893
   16118
   15968
   15690
   15860
   15936
   15888
   15731
   15703
   15728
   15605
   15648
   15601
   15464
   15289
   15340
   14962
   14889
   15069
   14772
   14692
   14601
   14495
   14571
   14226
   13998
   14114
   14133
   13644
   13722
   13630
   13416
   13574
   13325
   13298
   13154
   13196
   12976
   13064
   12761
   12875
   12680
   12649
   12596
   12546
   12344
   12592
   12299
   12338
   12357
   12225
   12156
   12038
   12051
   11864
   12106
   11928
   11681
   11890
   11913
   11803
   11588
   11713
   11561
   11588
   11500
   11693
   11438
   11411
   11433
   11415
   11467
   11204
   11124
   11281
   11104
   11088
   11002
   11029
   11021
   10981
   10829
   11173
   11062
   10861
   10899
   10725
   10857
   10636
   10811
   10473
   10530
   10388
   10732
   10474
   10591
   10491
   10425
   10304
   10458
   10400
   10270
   10191
   10065
   10109
   10144
   10098
   10022
   10003
    9928
    9945
    9924
    9810
    9971
    9796
   10009
    9894
    9744
    9828
    9802
    9746
    9619
    9601
    9604
    9585
    9514
    9734
    9656
    9514
    9759
    9598
    9533
    9495
    9437
    9567
    9634
    9358
    9441
    9562
    9514
    9519
    9549
    9428
    9618
    9326
    9479
    9580
    9380
    9281
    9099
    9397
    9466
    9356
    9431
    9262
    9185
    9258
    9239
    9216
    9119
    9084
    9031
    9208
    9014
    9076
    9045
    9023
    8850
    8847
    8785
    8687
    8904
    8923
    8955
    8720
    8761
    8633
    8778
    8635
    8786
    8750
    8770
    8974
    8925
    8723
    8740
    8805
    8811
    8763
    8868
    8874
    8703
    9020
    9035
    8870
    8937
    9080
    8941
    8913
    8946
    9142
    9097
    8788
    8997
    9013
    8926
    8812
    8938
    8721
    8866
    8800
    8733
    8756
    8519
    8805
    8616
    8716
    8515
    8627
    8525
    8439
    8513
    8286
    8287
    8255
    8300
    8340
    8168
    8243
    8448
    8273
    8206
    8295
    8196
    8371
    8317
    8313
    8247
    8401
    8513
    8491
    8596
    8650
    8621
    8865
    8958
    8969
    9324
    9392
    9615
    9596
    9874
   10002
    9971
   10238
   10318
   10469
   10605
   10773
   10953
   10955
   11276
   11420
   11423
   11309
   11600
   11583
   11744
   11569
   11856
   11800
   11630
   11679
   11690
   11928
   12099
   12017
   11965
   12128
   12182
   12423
   12569
   12546
   12990
   12870
   13144
   13637
   13541
   13959
   14226
   14642
   14836
   15281
   15333
   15907
   15888
   16236
   16545
   16650
   17152
   17183
   17068
   17285
   17117
   17066
   17174
   16947
   16987
   16627
   16461
   16240
   15801
   15512
   15021
   14708
   14498
   14309
   13562
   13225
   12969
   12339
   12193
   11862
   11606
   11217
   10912
   10543
   10643
   10282
   10007
    9739
    9595
    9685
    9412
    9409
    9207
    8971
    8675
    8476
    8411
    8292
    8213
    7974
    7888
    7668
    7673
    7512
    7429
    7199
    7079
    6844
    6690
    6713
    6602
    6506
    6457
    6246
    6167
    6052
    5999
    5981
    5862
    5790
    5814
    5599
    5608
    5550
    5395
    5400
    5342
    5344
    5267
    5309
    5243
    5225
    5191
    4926
    4987
    5145
    4980
    5033
    4967
    4957
    4831
    4919
    4746
    4885
    4734
    4827
    4795
    4704
    4717
    4690
    4592
    4608
    4671
    4675
    4561
    4453
    4477
    4369
    4523
    4412
    4390
    4337
    4373
    4289
    4166
    4337
    4168
    4129
    4172
    4110
    4214
    4049
    3964
    4039
    4056
    3936
    3956
    3984
    3969
    3827
    3958
    3909
    3930
    3855
    3923
    3709
    3841
    3845
    3792
    3787
    3735
    3730
    3699
    3670
    3676
    3795
    3737
    3687
    3615
    3639
    3610
    3751
    3751
    3722
    3674
    3742
    3734
    3799
    3915
    3801
    3813
    3895
    4015
    3853
    4036
    3993
    4011
    4025
    4110
    4174
    4024
    4149
    4240
    4185
    4283
    4283
    4279
    4199
    4345
    4361
    4314
    4351
    4305
    4136
    4374
    4161
    4129
    4100
    4107
    4034
    3944
    3947
    3892
    3850
    3764
    3787
    3714
    3641
    3668
    3431
    3406
    3422
    3360
    3344
    3335
    3228
    3151
    3246
    3116
    3103
    3135
    3119
    2996
    3141
    3177
    3097
    3148
    3039
    3090
    3073
    3103
    3104
    3100
    3077
    3138
    3151
    3236
    3298
    3275
    3196
    3328
    3261
    3325
    3514
    3411
    3453
    3577
    3494
    3527
    3493
    3547
    3562
    3533
    3512
    3711
    3585
    3520
    3556
    3601
    3566
    3596
    3492
    3703
    3587
    3532
    3539
    3545
    3559
    3480
    3516
    3462
    3545
    3506
    3503
    3389
    3419
    3412
    3294
    3339
    3411
    3325
    3224
    3238
    3215
    3290
    3159
    3214
    3148
    3169
    3076
    3109
    3033
    2944
    2951
    3012
    2855
    2855
    2776
    2820
    2656
    2705
    2636
    2582
    2610
    2578
    2535
    2611
    2572
    2554
    2540
    2448
    2518
    2523
    2450
    2431
    2430
    2460
    2520
    2555
    2607
    2655
    2829
    2740
    2891
    2942
    3050
    3348
    3233
    3431
    3658
    3847
    4026
    4119
    4551
    4745
    5182
    5327
    5822
    6078
    6746
    7011
    7219
    7954
    8396
    8991
    9454
    9929
   10549
   11228
   11844
   12398
   13105
   13565
   14182
   14605
   15322
   15782
   16241
   16821
   17057
   17288
   17555
   18040
   17881
   18195
   18198
   18140
   17813
   17803
   17523
   17258
   17144
   16474
   16097
   15855
   15079
   14379
   14022
   13339
   12618
   12036
   11420
   10727
   10029
    9476
    9015
    8142
    7602
    7020
    6501
    5969
    5590
    5070
    4626
    4293
    3815
    3556
    3356
    3005
    2861
    2568
    2427
    2277
    2135
    1988
    1825
    1853
    1666
    1575
    1655
    1541
    1444
    1421
    1439
    1389
    1328
    1381
    1380
    1276
    1336
    1206
    1288
    1260
    1309
    1253
    1262
    1229
    1294
    1229
    1242
    1285
    1237
    1287
    1224
    1260
    1224
    1276
    1257
    1218
    1223
    1210
    1176
    1225
    1273
    1231
    1201
    1248
    1227
    1237
    1279
    1200
    1210
    1202
    1235
    1249
    1201
    1236
    1203
    1207
    1219
    1185
    1223
    1181
    1147
    1186
    1275
    1182
    1168
    1192
    1211
    1163
    1213
    1111
    1202
    1140
    1163
    1206
    1142
    1121
    1225
    1177
    1183
    1130
    1172
    1184
    1180
    1167
    1174
    1134
    1096
    1154
    1105
    1148
    1183
    1162
    1155
    1153
    1161
    1101
    1148
    1137
    1123
    1053
    1133
    1109
    1120
    1135
    1136
    1157
    1175
    1157
    1145
    1144
    1098
    1107
    1136
    1084
    1063
    1118
    1056
    1081
    1123
    1169
    1048
    1118
    1177
    1134
    1163
    1127
    1103
    1170
    1164
    1113
    1136
    1121
    1044
    1159
    1089
    1101
    1183
    1139
    1183
    1106
    1164
    1175
    1181
    1142
    1121
    1182
    1102
    1112
    1142
    1141
    1099
    1167
    1156
    1112
    1116
    1095
    1082
    1062
    1087
    1166
    1074
    1076
    1009
    1135
    1090
    1062
    1054
    1023
    1083
    1039
    1065
    1073
    1081
    1025
    1098
    1044
    1058
    1019
    1088
    1030
    1026
    1128
    1004
    1040
    1006
    1090
    1080
     994
    1042
    1026
    1045
     991
    1005
    1019
    1031
    1016
    1041
    1095
    1019
    1038
    1018
    1059
    1079
    1017
     983
    1007
    1024
    1028
    1053
    1054
    1107
    1044
    1062
    1005
    1087
    1093
    1130
    1066
    1085
    1073
    1143
    1051
    1073
    1089
    1071
    1177
    1121
    1034
    1119
    1141
    1118
    1133
    1195
    1214
    1175
    1167
    1178
    1212
    1224
    1133
    1157
    1176
    1193
    1145
    1152
    1132
    1152
    1164
    1196
    1188
    1130
    1207
    1134
    1142
    1140
    1064
    1080
    1137
    1131
    1152
    1150
    1079
    1094
    1056
    1047
    1087
    1056
    1049
    1032
    1077
     981
    1018
     970
    1036
     993
    1002
     995
    1018
     944
     982
     874
     918
     946
     970
     910
     952
     936
     919
     932
     942
     908
     909
     949
     928
     923
     955
     930
     911
     903
     951
     909
     896
     891
     916
     877
     884
     961
     912
     844
     891
     921
     875
     846
     839
     832
     863
     807
     799
     794
     815
     866
     792
     807
     848
     831
     765
     764
     756
     705
     786
     738
     725
     719
     718
     747
     718
     707
     666
     696
     658
     642
     659
     659
     684
     639
     628
     658
     683
     638
     618
     639
     609
     609
     588
     615
     640
     625
     591
     583
     648
     609
     621
     573
     575
     600
     624
     581
     526
     557
     587
     612
     548
     521
     554
     546
     534
     565
     509
     608
     541
     542
     521
     546
     555
     554
     542
     552
     568
     534
     527
     513
     526
     493
     540
     510
     543
     536
     520
     534
     501
     512
     517
     516
     496
     502
     494
     469
     456
     497
     484
     481
     502
     436
     532
     470
     472
     487
     455
     471
     474
     449
     483
     478
     482
     464
     443
     452
     456
     433
     440
     433
     404
     434
     457
     411
     426
     408
     468
     404
     460
     436
     450
     459
     446
     456
     414
     420
     442
     436
     425
     393
     400
     422
     439
     384
     436
     368
     411
     405
     419
     407
     458
     391
     401
     380
     400
     375
     411
     407
     385
     358
     431
     381
     402
     384
     404
     392
     403
     389
     377
     384
     429
     374
     378
     413
     375
     398
     344
     384
     355
     349
     406
     392
     350
     365
     368
     360
     393
     373
     358
     376
     360
     406
     357
     359
     366
     355
     361
     369
     383
     343
     374
     372
     367
     354
     364
     359
     335
     357
     387
     357
     337
     404
     373
     352
     370
     339
     363
     350
     365
     333
     370
     374
     381
     380
     349
     387
     364
     365
     358
     352
     374
     393
     346
     410
     380
     403
     404
     361
     381
     377
     387
     361
     404
     410
     430
     406
     454
     433
     399
     434
     433
     467
     461
     462
     482
     478
     507
     532
     515
     572
     561
     591
     602
     658
     598
     638
     658
     702
     728
     740
     749
     768
     835
     840
     857
     897
     837
     922
     947
     957
     983
     984
    1085
    1030
    1116
    1117
    1116
    1202
    1149
    1189
    1207
    1244
    1213
    1199
    1298
    1301
    1272
    1367
    1330
    1318
    1319
    1376
    1354
    1476
    1425
    1416
    1431
    1506
    1536
    1457
    1632
    1527
    1569
    1515
    1634
    1651
    1535
    1702
    1719
    1693
    1655
    1696
    1781
    1718
    1767
    1798
    1759
    1796
    1789
    1832
    1904
    1896
    1827
    1845
    1863
    1827
    1945
    1816
    1843
    1858
    1781
    1858
    1728
    1785
    1698
    1659
    1629
    1567
    1606
    1485
    1443
    1399
    1379
    1388
    1255
    1209
    1206
    1127
    1138
    1041
     992
     940
     925
     907
     886
     797
     810
     710
     677
     685
     664
     610
     603
     550
     531
     561
     508
     524
     450
     449
     468
     472
     465
     410
     439
     403
     423
     388
     381
     403
     403
     444
     375
     398
     362
     356
     392
     357
     357
     353
     359
     382
     327
     397
     375
     367
     354
     328
     374
     349
     356
     327
     334
     330
     345
     315
     311
     348
     300
     310
     304
     290
     276
     285
     297
     297
     274
     282
     305
     297
     286
     303
     271
     300
     313
     265
     304
     298
     324
     297
     287
     291
     288
     289
     286
     287
     305
     307
     308
     300
     288
     301
     289
     323
     343
     317
     315
     303
     292
     341
     321
     282
     301
     293
     248
     292
     307
     294
     282
     262
     266
     305
     278
     277
     303
     277
     251
     259
     259
     247
     268
     257
     271
     279
     241
     248
     244
     226
     255
     279
     253
     239
     261
     270
     211
     238
     203
     237
     235
     281
     231
     245
     247
     245
     244
     248
     229
     248
     244
     265
     244
     252
     221
     209
     207
     234
     242
     232
     252
     213
     236
     241
     229
     199
     203
     255
     213
     190
     223
     206
     220
     222
     202
     211
     204
     190
     205
     181
     178
     218
     202
     185
     193
     159
     202
     188
     167
     166
     163
     151
     157
     195
     140
     155
     175
     186
     172
     171
     157
     168
     159
     162
     160
     134
     127
     160
     168
     162
     147
     138
     145
     150
     159
     146
     155
     153
     130
     155
     151
     142
     153
     157
     153
     129
     152
     139
     130
     138
     151
     133
     112
     130
     131
     142
     150
     120
     139
     120
     129
     147
     127
     128
     138
     133
     127
     132
     141
     142
     143
     105
     122
     128
     125
     107
     126
     139
     142
     130
     124
     123
     127
     128
     135
     130
     125
     139
     134
     113
     114
     146
     119
     110
     137
     144
     113
     129
     129
     142
     130
     139
     125
     103
     122
     118
     120
     121
     121
     134
     107
     132
     125
     131
     118
     134
     101
     119
     123
     124
     124
     116
     117
      99
     125
     122
     110
     103
     108
     105
     108
     134
     116
     119
     124
     116
     115
     113
     114
     110
     155
     127
     128
     121
     142
     122
     151
     128
     146
     128
     162
     158
     155
     143
     151
     183
     158
     172
     160
     192
     192
     171
     170
     198
     157
     197
     173
     212
     197
     197
     228
     224
     232
     234
     266
     227
     238
     233
     276
     253
     246
     271
     274
     247
     264
     258
     289
     265
     250
     286
     256
     284
     262
     261
     256
     249
     268
     275
     266
     277
     280
     267
     231
     247
     218
     230
     228
     265
     250
     219
     226
     204
     196
     211
     212
     210
     217
     212
     214
     180
     215
     178
     196
     173
     196
     190
     186
     212
     163
     158
     164
     157
     175
     157
     161
     189
     170
     160
     161
     164
     150
     152
     141
     148
     146
     142
     149
     132
     151
     151
     145
     123
     127
     148
     134
     138
     149
     150
     150
     154
     151
     138
     160
     136
     142
     144
     137
     159
     146
     164
     145
     153
     148
     154
     142
     161
     164
     167
     171
     150
     166
     180
     168
     180
     183
     185
     187
     177
     223
     210
     188
     229
     199
     178
     223
     186
     211
     216
     226
     223
     197
     221
     241
     258
     271
     245
     264
     227
     274
     272
     288
     259
     261
     262
     265
     250
     298
     250
     252
     269
     262
     284
     279
     283
     282
     263
     276
     237
     292
     261
     265
     294
     254
     275
     311
     294
     242
     255
     265
     243
     233
     281
     259
     285
     297
     266
     269
     262
     247
     287
     255
     269
     285
     262
     279
     281
     281
     282
     271
     278
     296
     279
     304
     307
     306
     321
     281
     292
     325
     262
     320
     316
     316
     311
     317
     318
     287
     345
     344
     336
     313
     279
     340
     307
     295
     335
     296
     318
     327
     318
     326
     310
     284
     289
     312
     311
     304
     278
     278
     320
     296
     314
     312
     292
     299
     301
     273
     284
     301
     276
     301
     256
     287
     269
     254
     289
     264
     284
     299
     274
     282
     277
     272
     270
     259
     222
     267
     284
     253
     276
     279
     282
     290
     295
     273
     277
     301
     294
     262
     248
     262
     254
     254
     276
     254
     262
     255
     258
     271
     258
     266
     251
     275
     245
     291
     252
     277
     267
     261
     273
     269
     233
     287
     279
     287
     262
     241
     260
     272
     249
     235
     257
     271
     241
     245
     253
     270
     236
     260
     263
     294
     261
     265
     289
     280
     278
     249
     264
     257
     274
     261
     239
     265
     298
     265
     301
     291
     263
     267
     273
     288
     292
     270
     277
     289
     308
     311
     292
     295
     268
     286
     300
     323
     314
     332
     327
     316
     318
     362
     329
     339
     341
     337
     314
     340
     359
     327
     313
     343
     413
     374
     395
     373
     380
     371
     371
     411
     374
     384
     361
     386
     392
     370
     387
     371
     408
     421
     369
     418
     412
     433
     422
     391
     418
     415
     426
     419
     372
     339
     394
     415
     410
     368
     369
     356
     405
     370
     364
     405
     377
     348
     389
     376
     373
     354
     369
     359
     343
     354
     365
     374
     329
     315
     329
     337
     315
     323
     304
     334
     311
     300
     310
     303
     290
     299
     278
     296
     295
     277
     280
     244
     254
     272
     236
     247
     240
     221
     257
     233
     252
     236
     214
     242
     210
     218
     194
     207
     199
     201
     203
     182
     191
     222
     186
     182
     200
     206
     195
     209
     198
     194
     168
     191
     186
     185
     191
     184
     207
     208
     218
     192
     222
     183
     173
     193
     191
     178
     183
     214
     207
     179
     192
     188
     207
     200
     195
     167
     212
     201
     181
     212
     160
     204
     187
     211
     202
     221
     196
     169
     208
     200
     211
     217
     219
     212
     202
     178
     203
     204
     188
     178
     199
     201
     228
     228
     203
     177
     201
     171
     220
     217
     236
     202
     214
     197
     200
     194
     205
     189
     179
     189
     200
     197
     191
     197
     207
     192
     200
     191
     201
     182
     203
     202
     194
     177
     226
     178
     185
     196
     238
     204
     214
     181
     189
     216
     191
     206
     187
     215
     209
     173
     196
     201
     207
     208
     219
     201
     202
     217
     219
     192
     208
     214
     210
     226
     219
     229
     205
     212
     228
     209
     235
     214
     200
     211
     219
     192
     226
     219
     217
     218
     248
     222
     205
     184
     213
     231
     219
     247
     213
     234
     230
     244
     226
     235
     235
     240
     238
     217
     253
     234
     236
     263
     219
     235
     260
     237
     239
     234
     235
     238
     235
     237
     238
     248
     229
     218
     235
     234
     280
     253
     239
     258
     228
     235
     272
     235
     224
     227
     234
     245
     241
     268
     257
     247
     259
     233
     273
     264
     229
     250
     250
     234
     272
     241
     245
     249
     244
     244
     262
     303
     282
     250
     247
     244
     248
     261
     260
     289
     265
     270
     270
     285
     280
     252
     243
     268
     255
     266
     270
     287
     273
     230
     284
     242
     288
     275
     291
     291
     302
     306
     275
     283
     278
     315
     298
     290
     284
     296
     311
     325
     310
     313
     324
     330
     322
     328
     363
     317
     338
     301
     354
     355
     348
     345
     361
     349
     342
     324
     371
     351
     322
     385
     385
     367
     350
     392
     336
     362
     381
     381
     399
     359
     353
     378
     375
     358
     380
     371
     336
     365
     370
     346
     366
     363
     331
     339
     358
     380
     346
     347
     342
     307
     313
     308
     306
     295
     303
     315
     317
     281
     314
     311
     308
     301
     282
     290
     276
     296
     291
     258
     280
     262
     267
     256
     275
     241
     243
     245
     247
     237
     236
     265
     251
     254
     225
     246
     204
     210
     192
     207
     197
     210
     194
     206
     213
     201
     208
     212
     194
     208
     232
     209
     188
     224
     215
     206
     212
     185
     226
     204
     217
     245
     225
     201
     229
     218
     236
     248
     225
     221
     213
     213
     219
     212
     186
     242
     254
     219
     213
     253
     222
     236
     234
     238
     231
     226
     236
     270
     257
     249
     259
     243
     277
     262
     267
     244
     272
     288
     262
     287
     263
     291
     261
     256
     295
     246
     241
     231
     271
     254
     252
     255
     267
     247
     284
     264
     276
     247
     252
     282
     283
     250
     235
     233
     283
     206
     228
     203
     235
     248
     216
     222
     213
     258
     202
     211
     222
     201
     188
     210
     177
     172
     180
     141
     180
     179
     173
     148
     145
     175
     130
     148
     127
     137
     132
     128
     133
     136
     132
     135
     125
     125
     111
     105
     118
     112
     122
     119
      99
     112
      93
      95
     103
     105
      85
      88
      96
     101
      82
      98
      96
      87
      96
     108
      79
      85
      86
      88
      84
      85
      91
      92
      87
      83
     103
      77
      79
      89
      95
      92
      82
      93
     101
      97
      94
      88
      92
      91
      69
      96
      72
      97
     101
     116
      95
     104
      78
      95
      89
      93
      92
     100
     108
      84
      92
     106
      92
     109
      96
     103
     101
      99
     110
     101
     104
      98
     114
     103
      95
     120
     116
     108
     113
     113
     117
     101
     125
     123
     119
     118
     116
     109
     102
     131
     131
     114
     124
     119
     113
     132
     124
     100
     111
     115
     126
     108
     122
     120
     129
     138
     131
     113
     125
     134
     122
     136
     132
     132
     126
     128
     138
     122
     137
     135
     142
     125
     127
     137
     137
     115
     128
     135
     133
     137
     118
     133
     142
     143
     129
     134
     136
     126
     144
     120
     125
     134
     126
     127
     142
     130
     137
     128
     114
     131
     118
     146
     135
     132
     146
     120
     136
     123
     132
     147
     155
     125
     145
     124
     123
     124
     146
     135
     117
     128
     133
     141
     124
     128
      99
     133
     126
     110
     124
     133
     108
     146
     143
     152
     136
     115
     130
     115
     135
     147
     144
     122
     137
     131
     134
     134
     146
     137
     130
     164
     129
     131
     132
     109
     144
     143
     165
     138
     142
     142
     130
     138
     161
     154
     135
     158
     174
     144
     163
     129
     161
     156
     136
     154
     160
     167
     172
     165
     166
     155
     143
     169
     177
     154
     163
     157
     198
     152
     200
     163
     168
     201
     182
     179
     192
     202
     177
     207
     186
     226
     211
     222
     215
     210
     223
     215
     231
     218
     200
     225
     232
     200
     204
     255
     238
     222
     248
     247
     226
     227
     227
     264
     246
     275
     266
     264
     264
     259
     291
     236
     283
     275
     269
     269
     277
     263
     307
     300
     288
     262
     272
     296
     307
     266
     313
     306
     315
     307
     310
     274
     292
     269
     304
     280
     291
     299
     264
     312
     290
     277
     306
     268
     270
     258
     254
     278
     291
     278
     274
     255
     279
     281
     257
     235
     247
     227
     216
     210
     214
     218
     211
     206
     205
     190
     187
     198
     189
     181
     172
     189
     176
     146
     170
     149
     171
     151
     140
     132
     115
     118
     114
     124
     107
     103
     104
     103
      89
      77
      92
      79
      73
      70
      63
      71
      80
      45
      73
      56
      54
      58
      43
      39
      62
      49
      34
      33
      42
      34
      31
      32
      34
      26
      33
      19
      23
      22
      17
      19
      23
      15
      20
      17
      17
      17
      18
      17
       9
       9
      19
      16
      17
      10
      13
      15
      14
      12
       8
       9
       9
      11
      14
      10
       9
      15
       8
       7
      16
       5
      14
       5
       7
       9
       6
       8
      12
      12
       8
       6
      12
      15
      13
       8
      12
       9
      15
       7
       6
      14
       8
      14
       7
       6
      13
       5
       5
       8
      10
      11
      12
      11
       7
      11
      11
      10
       8
       9
       9
       8
       6
       5
       8
      10
      12
      10
      12
       6
       5
      10
       6
       9
       6
      13
       6
       4
       3
       5
      13
      11
       9
       6
       7
       6
       4
       4
      12
       9
       0
       4
       7
      11
       7
      10
       4
       7
       2
       9
       9
       4
       7
       7
       2
       6
       9
       4
       4
       4
       2
       6
       3
       7
       7
       4
       2
       7
       3
       4
       7
       8
       4
       7
       8
       3
       5
       6
       7
      11
       7
       5
       7
       7
       4
       2
       4
      11
       7
       7
       8
       3
       7
      12
       7
       6
       5
       6
       6
       5
       8
      14
      10
       8
       5
       4
       3
       2
       9
       2
       2
       3
       3
       6
      10
       8
       8
       7
       7
       8
      13
       5
       4
       6
       3
       4
       7
       9
       7
       6
       6
       3
       5
       8
       4
       7
       5
       5
       2
      10
       6
       4
       5
       8
       8
       5
       6
       7
       7
       6
       6
       6
       9
       8
      12
       3
       6
      10
       3
       7
       8
       3
       2
       2
       3
       4
       5
       8
       7
       7
       4
       5
       8
       2
       5
       4
       4
       5
       4
       2
       4
       4
       5
       3
       4
       8
       6
       7
       3
       6
      10
       9
       8
       2
       2
       5
       4
       9
       7
       6
       2
       6
$ENER_FIT:
5.109740 0.664390
$PRESETS:
Live Time (sec)
100000
0
$RT:
100272.820000
$DT:
272820
$ISO_DECL_U:
SMPLNAM: IDB-1236
SEPDATE: 01/01/1900 00:00:00
U234: 0.002 
DU234: 10.0000
U235: 0.3166 
DU235: 0.0632
U236: 0.0146 
DU236: 2.0548
U238: 99.6669 
DU238: 0.0004
$ADC:
4096
0
4095