$APPLICATION_ID:
IDB v.1.0
$SPEC_REM:
Material type: U
Material form: powder
Material compound: U3O8
U isotopics:
234U 0.0171
235U 1.942
236U 0.0003
238U 98.0406
Detector: LaBr3 (Geometry: Cylindrical, Size: 2 in (diam) x 0.5 in (len))
MCA: InSpector-2000
$DATE_MEA:
08/27/2014 11:15:39
$MEAS_TIM:
100000 100371
$DATA:
0 4095
       0
       0
       0
       0
       0
       0
       0
       0
       0
       0
       0
       0
       0
       0
       0
       0
       0
       0
       0
       0
      10
      16
      18
      36
      38
      49
     300
   35221
  116355
  140830
  142971
  144385
  146948
  148411
  151549
  152595
  153520
  153884
  153898
  154630
  155173
  157519
  160922
  165064
  173021
  184649
  203450
  230834
  262982
  295463
  321952
  335789
  331699
  313291
  284065
  251596
  224594
  203068
  188993
  180709
  177504
  177303
  179068
  181800
  186354
  191887
  198034
  204546
  211321
  219910
  228581
  237696
  247110
  257214
  265063
  274700
  283827
  295333
  307109
  320013
  336522
  355352
  378373
  403820
  433337
  463954
  496704
  524889
  543818
  553855
  554693
  544837
  528899
  507608
  486630
  470229
  459674
  454273
  458829
  466675
  481852
  497599
  514640
  532730
  551727
  567455
  580615
  590339
  595443
  601069
  608845
  615872
  626189
  640861
  658535
  680292
  705308
  733581
  763217
  789837
  817197
  843686
  874216
  903805
  942256
  992731
 1058850
 1140240
 1241367
 1358464
 1486174
 1617913
 1746721
 1858621
 1951053
 2015638
 2051519
 2061712
 2048218
 2016186
 1955830
 1873025
 1770288
 1651941
 1515127
 1372986
 1227901
 1088760
  966281
  867054
  791732
  745299
  721244
  721441
  741836
  777320
  820569
  864447
  909049
  946743
  970027
  980812
  970571
  945116
  901335
  846190
  779475
  709390
  636494
  567687
  502711
  446524
  397212
  358867
  327171
  304137
  285877
  273909
  265185
  258838
  254808
  251033
  248659
  248094
  247565
  245460
  245506
  245698
  245738
  244886
  246370
  246490
  245339
  247209
  248644
  250920
  253313
  257234
  260326
  266127
  272501
  279798
  288264
  298726
  309770
  319135
  330753
  339237
  345974
  350661
  351243
  349734
  344706
  339154
  328117
  318428
  307299
  297453
  289328
  282481
  275802
  271006
  268117
  265373
  264515
  261772
  262350
  263382
  263631
  266195
  268858
  272567
  276319
  281830
  287069
  291229
  296648
  298149
  301379
  300414
  298720
  295525
  290388
  285820
  279637
  272160
  267212
  260896
  255608
  251050
  247516
  245650
  245317
  245602
  249230
  254542
  263380
  275671
  293601
  315854
  344854
  380265
  423084
  473779
  528257
  590015
  652353
  715337
  774151
  823222
  861736
  887819
  895709
  887770
  857082
  817257
  761603
  698162
  627222
  553485
  486909
  422315
  367388
  320538
  280564
  251416
  230529
  213837
  204837
  199497
  197096
  197866
  200664
  203270
  207715
  212063
  216690
  221761
  224682
  225447
  226874
  225270
  223880
  219103
  212613
  207197
  199109
  190941
  183878
  176058
  168117
  161897
  156315
  151152
  147029
  143186
  140976
  139124
  137304
  136299
  135704
  135385
  133776
  133382
  133096
  132803
  132143
  131664
  130949
  129850
  129462
  128425
  127547
  127697
  126523
  125009
  124080
  123280
  123045
  121872
  121014
  119885
  119574
  119282
  118941
  117765
  116343
  116457
  116451
  115895
  114973
  114293
  113812
  113035
  112668
  111801
  111621
  111149
  110259
  109785
  109143
  108848
  108103
  107676
  107220
  106253
  106117
  106333
  105859
  105160
  105802
  105021
  105179
  105840
  105470
  104838
  105250
  105508
  104374
  103886
  102795
  102905
  101401
  100533
  100094
   98941
   97881
   96460
   95497
   94454
   93641
   91680
   90522
   90254
   89646
   88276
   87822
   87133
   86630
   86253
   85329
   85058
   84827
   83683
   83439
   82962
   82229
   81594
   81223
   80221
   80130
   79731
   78693
   78315
   77782
   77572
   76527
   76456
   75724
   76365
   75433
   75222
   74975
   74798
   74124
   73758
   73716
   74057
   73318
   73202
   72559
   72630
   71764
   71559
   71090
   70713
   70541
   70200
   69844
   69332
   69447
   68352
   67433
   67810
   67309
   66732
   66641
   66339
   66698
   65099
   64612
   65354
   64512
   63564
   63677
   63264
   63006
   62181
   62296
   62024
   61629
   61399
   60775
   60746
   60712
   60150
   60069
   59802
   59329
   59285
   58814
   58406
   58354
   57718
   57779
   56682
   57585
   56494
   56315
   56127
   56054
   55301
   55646
   54974
   55052
   54893
   54409
   53940
   54195
   54121
   53495
   53579
   53153
   52707
   52539
   52144
   51896
   51484
   51499
   50997
   50879
   50911
   50381
   50506
   50504
   50106
   49892
   49305
   49291
   48546
   48686
   48405
   48507
   48565
   48199
   47845
   47367
   47166
   46457
   46979
   46652
   46378
   46186
   46106
   45406
   45567
   45587
   45071
   44903
   44431
   44592
   44283
   43990
   44072
   43474
   43791
   43335
   43187
   43053
   43133
   42421
   42384
   42284
   42348
   42192
   41896
   41616
   41628
   41425
   41136
   41106
   40310
   40664
   40560
   40209
   39326
   39562
   39251
   39193
   39179
   38951
   38829
   38032
   38033
   38011
   37765
   37404
   37684
   37500
   37164
   37062
   36570
   36695
   36383
   36285
   36052
   35805
   35750
   35640
   35653
   35087
   35227
   35145
   34674
   34945
   34145
   34262
   34054
   33483
   33829
   33186
   33423
   33333
   32782
   32745
   32925
   32513
   32591
   32437
   32354
   32171
   32494
   31784
   31699
   32106
   31660
   31568
   31424
   31264
   30928
   30936
   30910
   30634
   30728
   30883
   30378
   30593
   30118
   30513
   29827
   29776
   29513
   29292
   29301
   29104
   29198
   29313
   29010
   28705
   28635
   28604
   28885
   28492
   28397
   27812
   27608
   27856
   27950
   27655
   27463
   27715
   27429
   27209
   27209
   26996
   27287
   26871
   26731
   26489
   26417
   26338
   26672
   26399
   26217
   26216
   25985
   26244
   25934
   25947
   26001
   25441
   25752
   25613
   25428
   25359
   25531
   25095
   25318
   24749
   25209
   25084
   25016
   24744
   24932
   24395
   24415
   24343
   24201
   24249
   23959
   23967
   23863
   23901
   23911
   23922
   23665
   23403
   23236
   23304
   23335
   23032
   23260
   23252
   23235
   22831
   22732
   22956
   22626
   22521
   22509
   22860
   22337
   22450
   22345
   22515
   22179
   21828
   21899
   21933
   22036
   21878
   21587
   21768
   21548
   21670
   21117
   21184
   20942
   21057
   20589
   20966
   20712
   20494
   20491
   20296
   20481
   20049
   20192
   20142
   20197
   20208
   20066
   19929
   20228
   19778
   19857
   19989
   19821
   20000
   19531
   19646
   19925
   19640
   19693
   19514
   19629
   19775
   19682
   19524
   19798
   19703
   19756
   19675
   19582
   19438
   19526
   19476
   18998
   19140
   19369
   18902
   19122
   18889
   19045
   18566
   18537
   18752
   18234
   18370
   18350
   18194
   18301
   17876
   18132
   17942
   17871
   17634
   17618
   17505
   17637
   17403
   17520
   17301
   17421
   17335
   17420
   17237
   16852
   17228
   17171
   17020
   17120
   17108
   16841
   17010
   16694
   16786
   16839
   16928
   16643
   16476
   16644
   16477
   16515
   16405
   16406
   16414
   16295
   16188
   16164
   16234
   15935
   16148
   16307
   15997
   16062
   15989
   15801
   16127
   15696
   15729
   15796
   15673
   15759
   15748
   15811
   15408
   15562
   15604
   15641
   15464
   15420
   15875
   15451
   15607
   15427
   15472
   15501
   15521
   15506
   15292
   15145
   15201
   15318
   15149
   15075
   14913
   14631
   14806
   14775
   14572
   14325
   14292
   13983
   14085
   13495
   13540
   13541
   13488
   13267
   13178
   12967
   12988
   13168
   12747
   13103
   12813
   12737
   12390
   12553
   12729
   12517
   12444
   12474
   12174
   12174
   12204
   12288
   11846
   12060
   11932
   11930
   11694
   12040
   11755
   11912
   11649
   11720
   11690
   11532
   11613
   11604
   11473
   11413
   11512
   11226
   11470
   11442
   11323
   11298
   11109
   11070
   11181
   11103
   11154
   11037
   10713
   10726
   10790
   10744
   10802
   10815
   10891
   10982
   10772
   10694
   10578
   10535
   10592
   10613
   10428
   10430
   10297
   10306
   10179
   10249
   10168
   10292
   10148
   10222
   10054
    9997
   10063
   10015
    9987
    9899
    9942
   10093
    9938
    9823
    9789
    9784
    9683
    9731
    9480
    9539
    9744
    9571
    9417
    9511
    9538
    9501
    9494
    9617
    9483
    9558
    9574
    9382
    9493
    9529
    9396
    9512
    9440
    9393
    9479
    9617
    9546
    9232
    9309
    9350
    9382
    9341
    9403
    9393
    9366
    9226
    9341
    9297
    9254
    9322
    9229
    9168
    9287
    9273
    9260
    9273
    9115
    9007
    9185
    8946
    8991
    8915
    8978
    9010
    8889
    8861
    8883
    8761
    8833
    8807
    8731
    8638
    8682
    8667
    8673
    8611
    8562
    8587
    8548
    8367
    8437
    8526
    8767
    8542
    8590
    8769
    8685
    8466
    8619
    8580
    8736
    8731
    8800
    8804
    8751
    8901
    8657
    8780
    8816
    8770
    8736
    8918
    8832
    8774
    8806
    8886
    8609
    8716
    8566
    8639
    8532
    8749
    8755
    8568
    8667
    8556
    8690
    8505
    8464
    8503
    8347
    8284
    8389
    8150
    8265
    8069
    8238
    8139
    8106
    8082
    7999
    7959
    7825
    7947
    7886
    8016
    7976
    8051
    8123
    8074
    8147
    8262
    8210
    8515
    8472
    8463
    8574
    8696
    8787
    8812
    9110
    9172
    9394
    9412
    9475
    9742
    9913
   10217
   10230
   10412
   10583
   10649
   10897
   10964
   11178
   11310
   11150
   11135
   11247
   11347
   11603
   11561
   11655
   11325
   11553
   11545
   11453
   11586
   11532
   11641
   11685
   11633
   11733
   12015
   12183
   12341
   12245
   12763
   12974
   13124
   13595
   13884
   14124
   14272
   14894
   15196
   15317
   15831
   16153
   16161
   16615
   16899
   16833
   17101
   17340
   17007
   17067
   17031
   16752
   16604
   16312
   16153
   16107
   15689
   15266
   15024
   14761
   14205
   13781
   13467
   13064
   12858
   12418
   12037
   11731
   11521
   11207
   10827
   10715
   10409
   10201
    9891
    9913
    9641
    9564
    9438
    9117
    8978
    8767
    8693
    8522
    8534
    8286
    8071
    8148
    7821
    7686
    7590
    7330
    7293
    7033
    7129
    6890
    6776
    6535
    6680
    6485
    6422
    6132
    6238
    6024
    5972
    5823
    5772
    5692
    5735
    5702
    5579
    5542
    5485
    5448
    5336
    5270
    5113
    5226
    5103
    5251
    5030
    5039
    4961
    4963
    4893
    4914
    4867
    4912
    4929
    4930
    4911
    4681
    4799
    4599
    4710
    4617
    4791
    4632
    4689
    4493
    4557
    4635
    4592
    4476
    4478
    4368
    4417
    4310
    4313
    4228
    4241
    4155
    4223
    4247
    4139
    4202
    4139
    4121
    4086
    4113
    4121
    3963
    3997
    3907
    4015
    3929
    3943
    3772
    3897
    3902
    3831
    3824
    3747
    3925
    3737
    3751
    3690
    3735
    3508
    3660
    3700
    3694
    3627
    3655
    3740
    3662
    3687
    3668
    3602
    3545
    3543
    3606
    3546
    3657
    3547
    3694
    3612
    3639
    3646
    3751
    3682
    3760
    3908
    3753
    3829
    3826
    3915
    4012
    4042
    4043
    4157
    4149
    4297
    4222
    4109
    4162
    4252
    4196
    4175
    4294
    4178
    4207
    4282
    4185
    4123
    4032
    4169
    4008
    3905
    3931
    3889
    3758
    3791
    3755
    3685
    3638
    3606
    3601
    3499
    3457
    3244
    3305
    3375
    3195
    3250
    3107
    3154
    3203
    3163
    2973
    3035
    2965
    2968
    3060
    3061
    3063
    2975
    2985
    2966
    3023
    2962
    3087
    3073
    3124
    3128
    3153
    3154
    3182
    3288
    3142
    3241
    3253
    3326
    3315
    3409
    3346
    3417
    3386
    3481
    3527
    3458
    3495
    3552
    3589
    3525
    3596
    3648
    3513
    3498
    3526
    3489
    3471
    3628
    3452
    3395
    3452
    3404
    3384
    3445
    3430
    3371
    3362
    3417
    3427
    3300
    3302
    3251
    3323
    3315
    3264
    3199
    3277
    3208
    3192
    3154
    3055
    3134
    3130
    3136
    3107
    3024
    2986
    3002
    3021
    2849
    2879
    2741
    2742
    2722
    2623
    2636
    2489
    2597
    2580
    2494
    2479
    2403
    2444
    2506
    2536
    2352
    2469
    2353
    2347
    2398
    2401
    2367
    2483
    2447
    2479
    2549
    2599
    2648
    2792
    2813
    2856
    2968
    3121
    3215
    3424
    3581
    3812
    3905
    4098
    4352
    4729
    4956
    5365
    5796
    6100
    6393
    6985
    7322
    7932
    8531
    9004
    9820
   10045
   10718
   11500
   12087
   12608
   13376
   13907
   14547
   14824
   15562
   16238
   16417
   17045
   17365
   17553
   17709
   18249
   18170
   18362
   18294
   18093
   17783
   17746
   17613
   17144
   16692
   16321
   15878
   15240
   14589
   14033
   13244
   12500
   12075
   11549
   10615
    9879
    9304
    8628
    8093
    7515
    6910
    6374
    5961
    5319
    4947
    4559
    4143
    3837
    3535
    3211
    2967
    2757
    2584
    2359
    2091
    2043
    2044
    1781
    1755
    1742
    1536
    1505
    1466
    1432
    1401
    1414
    1395
    1371
    1299
    1337
    1256
    1228
    1266
    1325
    1240
    1329
    1274
    1266
    1242
    1241
    1178
    1266
    1255
    1218
    1224
    1232
    1162
    1231
    1219
    1219
    1284
    1249
    1200
    1198
    1216
    1252
    1274
    1192
    1199
    1170
    1239
    1183
    1171
    1176
    1170
    1161
    1226
    1230
    1175
    1159
    1182
    1156
    1231
    1206
    1190
    1141
    1205
    1174
    1166
    1161
    1121
    1195
    1127
    1126
    1185
    1147
    1189
    1152
    1174
    1144
    1109
    1142
    1144
    1122
    1122
    1185
    1152
    1083
    1123
    1088
    1101
    1166
    1123
    1145
    1071
    1135
    1171
    1110
    1089
    1110
    1165
    1118
    1100
    1127
    1061
    1060
    1142
    1092
    1092
    1097
    1094
    1150
    1072
    1088
    1114
    1059
    1098
    1046
    1078
    1061
    1050
    1102
    1099
    1035
    1061
    1074
    1071
    1098
    1014
    1141
    1057
    1079
    1090
    1147
    1060
    1104
    1125
    1106
    1137
    1135
    1178
    1089
    1135
    1122
    1162
    1055
    1128
    1177
    1181
    1100
    1104
    1074
    1109
    1143
    1115
    1082
    1185
    1072
    1115
    1062
    1130
    1105
    1112
    1078
    1055
    1061
    1071
    1156
    1063
    1088
    1128
    1034
    1080
    1068
    1038
    1115
    1074
     997
    1045
    1015
    1006
    1024
    1036
    1036
    1088
    1031
    1019
    1045
    1084
    1039
    1004
     995
    1030
    1021
     973
     971
    1081
    1006
    1021
     996
    1045
    1036
     996
    1012
    1031
    1076
    1047
    1034
    1032
    1014
    1033
    1024
    1023
    1024
    1009
    1029
    1049
    1033
    1111
    1058
    1051
    1065
    1082
    1042
    1006
    1066
    1083
    1041
    1041
    1117
    1044
    1114
    1072
    1028
    1073
    1123
    1127
    1080
    1128
    1159
    1148
    1135
    1128
    1127
    1155
    1175
    1177
    1198
    1184
    1194
    1140
    1120
    1134
    1146
    1178
    1122
    1161
    1144
    1101
    1155
    1104
    1074
    1110
    1131
    1089
    1120
    1069
    1063
    1063
    1064
    1033
    1086
    1065
    1041
    1003
    1031
    1000
    1079
     944
     983
    1002
     979
    1005
     943
     954
     994
     970
     947
     925
     949
     928
     949
     963
     948
     932
     922
     915
     915
     971
     948
     909
     923
     992
     934
     926
     901
     865
     866
     879
     907
     901
     873
     869
     870
     911
     846
     887
     890
     895
     841
     812
     876
     829
     819
     843
     829
     831
     778
     790
     792
     796
     732
     728
     728
     769
     764
     712
     783
     712
     755
     733
     713
     718
     693
     656
     677
     653
     662
     647
     667
     659
     639
     618
     628
     595
     627
     622
     602
     644
     636
     579
     625
     575
     556
     563
     621
     543
     579
     623
     528
     546
     538
     589
     557
     583
     600
     547
     587
     601
     584
     558
     576
     561
     547
     561
     550
     531
     572
     531
     572
     598
     532
     546
     562
     492
     584
     526
     525
     547
     463
     496
     486
     505
     536
     498
     528
     518
     532
     484
     485
     504
     499
     489
     453
     498
     505
     490
     503
     509
     449
     473
     493
     470
     457
     439
     442
     471
     458
     489
     451
     442
     446
     458
     432
     446
     451
     450
     452
     437
     404
     452
     406
     442
     424
     423
     467
     390
     417
     449
     435
     432
     411
     414
     420
     373
     359
     404
     411
     388
     434
     413
     399
     418
     422
     397
     372
     395
     421
     366
     371
     413
     399
     355
     372
     384
     389
     381
     388
     393
     384
     393
     372
     385
     394
     414
     367
     380
     386
     352
     377
     379
     354
     378
     368
     390
     362
     352
     340
     398
     326
     346
     375
     345
     371
     361
     325
     346
     380
     352
     325
     353
     360
     351
     369
     331
     345
     326
     352
     341
     301
     337
     313
     332
     353
     349
     351
     336
     355
     336
     305
     342
     353
     341
     339
     338
     338
     361
     360
     352
     326
     373
     359
     356
     382
     397
     352
     342
     345
     366
     349
     365
     375
     390
     345
     331
     378
     382
     369
     398
     386
     363
     404
     387
     422
     378
     391
     387
     423
     406
     454
     458
     417
     438
     476
     439
     494
     475
     472
     528
     491
     484
     556
     552
     597
     615
     648
     645
     659
     705
     689
     724
     846
     808
     823
     851
     844
     845
     840
     930
    1007
    1015
    1022
    1013
    1079
    1129
    1106
    1074
    1113
    1236
    1192
    1255
    1182
    1225
    1306
    1272
    1245
    1289
    1338
    1368
    1322
    1338
    1372
    1317
    1393
    1386
    1384
    1438
    1426
    1461
    1496
    1529
    1515
    1468
    1483
    1543
    1573
    1570
    1595
    1673
    1564
    1702
    1687
    1676
    1704
    1735
    1816
    1872
    1772
    1837
    1868
    1841
    1929
    1851
    1865
    1911
    1944
    1894
    1881
    1861
    1793
    1821
    1859
    1857
    1726
    1729
    1631
    1592
    1599
    1587
    1538
    1469
    1510
    1405
    1370
    1264
    1268
    1274
    1155
    1113
    1049
    1019
    1001
     964
     924
     822
     824
     772
     770
     770
     702
     651
     616
     572
     579
     592
     539
     503
     486
     503
     465
     473
     447
     408
     396
     463
     420
     433
     373
     392
     403
     391
     375
     377
     368
     380
     383
     360
     360
     410
     382
     375
     377
     357
     340
     370
     341
     343
     320
     313
     369
     354
     351
     331
     332
     313
     334
     318
     327
     334
     329
     303
     294
     311
     304
     309
     330
     316
     296
     286
     307
     274
     284
     318
     288
     289
     272
     278
     251
     277
     282
     263
     286
     282
     299
     322
     252
     289
     301
     266
     262
     292
     289
     277
     312
     327
     290
     278
     278
     289
     306
     298
     316
     293
     309
     274
     260
     293
     296
     292
     281
     259
     301
     267
     269
     274
     265
     254
     261
     253
     252
     277
     264
     245
     248
     228
     262
     243
     269
     256
     237
     258
     215
     237
     224
     240
     247
     219
     257
     241
     234
     242
     245
     222
     218
     237
     227
     241
     230
     230
     246
     209
     197
     192
     218
     228
     232
     216
     206
     219
     223
     219
     210
     222
     235
     212
     213
     205
     206
     188
     189
     160
     203
     184
     212
     190
     187
     186
     197
     184
     175
     170
     179
     175
     167
     183
     179
     159
     151
     163
     179
     163
     167
     174
     168
     164
     152
     168
     161
     158
     140
     160
     140
     140
     149
     170
     145
     141
     169
     142
     153
     136
     155
     156
     124
     128
     137
     146
     147
     168
     128
     140
     135
     128
     131
     138
     131
     125
     135
     145
     150
     125
     124
     158
     148
     135
     120
     137
     151
     144
     120
     110
     125
     116
     137
     113
     121
     116
     118
     121
     111
     147
     133
     118
     121
     118
     118
     116
     123
     107
     108
     119
     142
     116
      99
     120
     113
     123
     130
     111
     115
     121
     136
     129
     111
     122
     119
     122
     110
     116
     126
     114
     139
     136
     116
     104
     109
     104
     109
     110
     115
     117
     116
      86
     121
     114
     103
     110
     115
     124
     111
     114
     103
     129
     108
     116
     128
      94
     107
     109
     114
     101
     106
     120
     110
     107
     112
     114
     119
     117
     112
     105
     127
     122
     133
     111
     132
     118
     129
     126
     150
     155
     130
     142
     121
     148
     140
     160
     150
     162
     149
     172
     153
     176
     160
     181
     162
     171
     201
     211
     191
     219
     204
     230
     212
     214
     239
     232
     246
     225
     241
     248
     230
     238
     234
     260
     263
     251
     261
     232
     279
     268
     257
     232
     248
     265
     261
     286
     252
     246
     246
     274
     226
     249
     256
     210
     229
     233
     251
     241
     226
     214
     210
     211
     232
     207
     217
     210
     186
     213
     230
     192
     186
     180
     213
     185
     177
     209
     166
     189
     180
     187
     144
     147
     161
     149
     149
     167
     159
     163
     163
     152
     156
     179
     132
     142
     133
     141
     139
     144
     143
     124
     130
     140
     134
     146
     127
     130
     129
     123
     124
     148
     114
     112
     152
     132
     153
     140
     127
     122
     125
     129
     129
     153
     130
     135
     144
     147
     150
     147
     156
     155
     148
     167
     163
     174
     162
     161
     162
     166
     171
     182
     170
     177
     192
     210
     197
     178
     203
     203
     185
     206
     212
     209
     240
     230
     218
     242
     235
     250
     214
     272
     269
     233
     250
     254
     245
     237
     239
     238
     255
     268
     244
     253
     269
     244
     268
     285
     289
     255
     261
     295
     254
     272
     284
     272
     259
     247
     275
     239
     238
     272
     253
     229
     277
     304
     238
     240
     258
     263
     251
     257
     277
     251
     225
     258
     299
     249
     278
     246
     265
     291
     293
     265
     286
     275
     293
     254
     278
     269
     304
     284
     270
     288
     296
     282
     297
     319
     291
     300
     281
     271
     293
     294
     309
     325
     315
     300
     300
     319
     286
     281
     305
     284
     273
     299
     288
     276
     303
     316
     274
     270
     327
     298
     268
     266
     296
     271
     279
     300
     279
     260
     256
     280
     255
     278
     252
     266
     281
     262
     278
     243
     250
     248
     265
     237
     263
     303
     259
     251
     240
     264
     233
     274
     277
     267
     261
     263
     284
     258
     228
     288
     294
     275
     251
     235
     258
     287
     259
     256
     257
     244
     282
     256
     246
     263
     275
     233
     252
     244
     245
     280
     249
     276
     256
     277
     250
     233
     242
     235
     263
     242
     293
     261
     258
     228
     276
     247
     231
     258
     237
     233
     249
     258
     244
     259
     252
     272
     270
     240
     272
     251
     253
     273
     238
     252
     232
     257
     259
     249
     278
     273
     274
     267
     259
     257
     255
     265
     275
     257
     283
     290
     252
     266
     289
     295
     279
     311
     315
     315
     311
     311
     321
     290
     312
     319
     315
     299
     286
     339
     326
     321
     325
     339
     338
     353
     331
     329
     363
     344
     356
     365
     377
     329
     364
     380
     383
     418
     329
     350
     395
     383
     347
     368
     388
     370
     385
     382
     386
     347
     395
     391
     369
     390
     393
     386
     378
     383
     376
     408
     398
     392
     399
     391
     387
     373
     385
     374
     393
     401
     352
     386
     360
     386
     339
     371
     340
     326
     331
     344
     353
     339
     316
     319
     318
     317
     334
     301
     311
     293
     314
     269
     310
     267
     273
     256
     263
     258
     236
     261
     262
     242
     241
     200
     223
     238
     214
     207
     217
     239
     222
     210
     182
     230
     215
     200
     219
     189
     214
     206
     184
     208
     193
     190
     182
     201
     174
     193
     192
     188
     222
     183
     183
     177
     162
     169
     186
     164
     180
     173
     162
     182
     170
     164
     187
     170
     170
     205
     154
     165
     190
     197
     173
     203
     169
     171
     209
     222
     185
     224
     201
     192
     193
     196
     188
     176
     178
     204
     207
     195
     192
     187
     209
     188
     175
     213
     172
     211
     183
     190
     165
     234
     210
     200
     195
     203
     182
     194
     186
     199
     180
     166
     191
     165
     194
     188
     190
     185
     186
     181
     180
     201
     192
     160
     196
     206
     196
     166
     195
     210
     162
     184
     174
     183
     200
     201
     193
     196
     179
     186
     191
     200
     173
     194
     190
     170
     189
     191
     183
     183
     190
     193
     174
     200
     203
     189
     207
     192
     202
     172
     200
     194
     215
     212
     192
     226
     206
     205
     201
     206
     217
     203
     180
     184
     226
     213
     205
     205
     205
     208
     213
     234
     215
     208
     237
     220
     194
     230
     211
     236
     242
     219
     203
     213
     229
     226
     224
     230
     229
     235
     224
     245
     242
     218
     230
     235
     250
     206
     255
     229
     222
     239
     243
     238
     227
     262
     242
     229
     235
     230
     212
     261
     232
     231
     259
     261
     197
     237
     226
     222
     210
     248
     268
     224
     227
     249
     238
     242
     204
     235
     249
     249
     217
     208
     274
     232
     214
     257
     221
     228
     243
     222
     244
     263
     235
     248
     246
     277
     248
     244
     260
     223
     252
     282
     241
     240
     259
     285
     284
     281
     267
     286
     297
     295
     270
     260
     285
     285
     280
     261
     278
     267
     283
     277
     286
     287
     296
     309
     257
     291
     297
     289
     312
     309
     295
     317
     325
     316
     332
     325
     358
     343
     320
     312
     313
     332
     338
     346
     324
     335
     344
     348
     340
     349
     361
     371
     333
     351
     364
     378
     360
     344
     381
     360
     344
     359
     337
     367
     342
     361
     331
     343
     355
     352
     366
     385
     386
     361
     354
     323
     315
     343
     317
     344
     327
     344
     334
     351
     322
     310
     251
     312
     266
     285
     305
     286
     298
     265
     270
     250
     275
     261
     270
     247
     228
     274
     238
     232
     241
     231
     229
     226
     229
     251
     222
     219
     232
     199
     218
     208
     226
     217
     199
     190
     203
     204
     184
     185
     202
     172
     198
     189
     198
     195
     220
     180
     183
     172
     197
     207
     184
     211
     208
     225
     184
     203
     201
     196
     182
     168
     182
     194
     227
     229
     205
     196
     195
     200
     238
     214
     190
     228
     221
     215
     198
     230
     236
     249
     259
     224
     222
     246
     244
     244
     237
     263
     237
     258
     255
     263
     250
     281
     264
     249
     249
     254
     254
     273
     278
     247
     261
     256
     245
     268
     250
     232
     238
     262
     246
     264
     246
     240
     240
     218
     225
     233
     243
     203
     229
     212
     241
     209
     208
     234
     207
     208
     229
     181
     194
     214
     194
     206
     162
     168
     183
     155
     185
     159
     161
     132
     142
     150
     172
     144
     136
     140
     148
     132
     137
     103
     126
     122
     123
     113
     117
     108
     126
     110
     111
     119
     104
     111
     100
      87
      98
      94
      80
      99
      85
      95
      82
      95
      84
      98
      90
      74
      92
      91
      80
     100
      65
      86
      89
      98
      72
      98
      85
      80
      96
      86
      69
      87
      93
      84
     103
      81
      96
      91
      96
      90
      71
      77
      86
      87
     109
      97
     101
      96
      82
      73
      93
     103
      91
      91
      98
      89
      97
     107
      89
      92
     104
      90
     106
      93
      81
      85
      98
     106
      97
      90
     116
     104
     113
     108
     102
      93
     105
      90
     104
     102
     131
     120
      88
     108
     131
     130
     110
     103
     117
     127
     106
     111
     116
     113
     128
     125
     128
     122
     125
     119
     108
     125
     117
     131
     124
     102
     125
     133
     114
     115
     125
     128
     139
     125
     114
     136
     118
     111
     129
     113
     127
     134
     140
     127
     103
     102
     132
     116
     118
     103
     114
     134
     119
     129
     131
     113
     122
     112
     112
     122
     114
     125
     123
     148
     129
     131
     131
     133
     118
     109
     142
     153
      99
     117
     139
     135
     137
     122
     133
     138
     129
     139
     131
     124
     148
     126
     122
     152
     134
     119
     133
     130
     135
     118
     132
     142
     111
     105
     144
     137
     107
     124
     137
     119
     125
     133
     141
     144
     111
     156
     124
     128
     151
     121
     133
     126
     128
     137
     126
     150
     142
     114
     129
     132
     138
     130
     146
     134
     134
     139
     136
     139
     133
     160
     136
     152
     131
     165
     147
     142
     135
     161
     160
     156
     174
     153
     148
     148
     170
     163
     140
     154
     152
     145
     157
     158
     166
     159
     189
     169
     185
     161
     173
     199
     194
     192
     183
     200
     198
     189
     196
     206
     201
     196
     182
     205
     207
     202
     229
     215
     211
     208
     211
     207
     259
     237
     220
     220
     251
     235
     257
     238
     254
     249
     228
     236
     274
     236
     281
     268
     249
     239
     287
     277
     283
     293
     277
     268
     281
     293
     259
     277
     251
     261
     280
     279
     291
     268
     280
     261
     297
     295
     294
     276
     264
     282
     263
     269
     263
     289
     264
     281
     257
     228
     262
     245
     266
     234
     243
     223
     237
     220
     236
     216
     238
     225
     207
     210
     181
     200
     187
     210
     168
     185
     176
     166
     147
     168
     156
     169
     169
     141
     139
     159
     138
     120
     119
     118
     106
     110
     101
      91
      80
     101
      85
      92
     102
      85
      91
      65
      77
      64
      63
      60
      71
      50
      44
      54
      56
      50
      42
      42
      46
      45
      41
      37
      29
      30
      38
      29
      28
      27
      22
      30
      18
      23
      25
      26
      18
      17
      16
      17
       8
      10
      17
      12
      11
      12
      10
      13
       9
      12
      13
      10
      11
       7
       7
      12
      18
       6
      16
       6
      13
       7
      14
      12
       7
      10
      13
       8
      10
      14
       6
      13
      10
       4
      10
      11
      14
       9
       8
       5
       9
      10
       8
       8
       8
      12
       9
       8
       8
      10
       7
       6
      12
       7
       6
       6
      11
      11
       9
       5
       4
       7
       8
       6
       5
       7
       6
       8
      13
       9
       4
       7
      10
       9
       8
       6
       6
       5
       8
       4
      13
       5
       5
       6
       6
       3
       5
       8
       3
       8
       5
       8
       5
       7
       3
       4
       7
      10
       7
       6
       8
       4
       4
       9
       7
       9
       9
       9
       9
       3
       5
       6
      12
       6
      13
       7
       5
      12
       6
       8
       3
       6
      10
       5
       7
       7
      12
       9
       6
       8
       8
       2
       7
       5
       4
      10
       4
       7
       9
       4
       7
       3
       6
       6
       7
       6
       6
       4
      11
       5
       4
       8
       5
       5
       7
       3
      10
       6
       9
       6
       6
       7
       8
       8
       6
       6
       9
       5
       7
       3
       3
       5
       2
       4
       4
       6
      10
       7
       7
       6
       5
       5
       1
       5
       3
       2
       7
       7
       4
       6
       6
       9
       5
       2
      11
       8
       5
       3
       5
       2
       8
       5
       9
       5
       8
       6
       5
       7
       8
       6
       4
       5
       5
       8
       2
       5
       7
       3
       6
       3
       3
       8
       6
       9
       4
       5
       7
       5
       9
      10
$ENER_FIT:
5.109740 0.664390
$PRESETS:
Live Time (sec)
100000
0
$RT:
100370.680000
$DT:
370679
$ISO_DECL_U:
SMPLNAM: IDB-1243
SEPDATE: 01/01/1900 00:00:00
U234: 0.0171 
DU234: 1.1696
U235: 1.942 
DU235: 0.0721
U236: 0.0003 
DU236: 33.3333
U238: 98.0406 
DU238: 0.0018
$ADC:
4096
0
4095