$APPLICATION_ID:
IDB v.1.0
$SPEC_REM:
Material type: U
Material form: powder
Material compound: U3O8
U isotopics:
234U 0.0359
235U 4.4623
236U 0.0068
238U 95.495
Detector: LaBr3 (Geometry: Cylindrical, Size: 2 in (diam) x 0.5 in (len))
MCA: InSpector-2000
$DATE_MEA:
09/06/2014 12:56:18
$MEAS_TIM:
100000 100510
$DATA:
0 4095
       0
       0
       0
       0
       0
       0
       0
       0
       0
       0
       0
       0
       0
       0
       0
       0
       0
       0
       1
       1
       5
      14
      22
      37
      50
      80
     132
   29866
  134878
  177967
  181074
  184420
  187286
  191369
  193005
  194402
  192365
  191166
  190159
  189111
  189776
  192857
  195091
  201499
  209415
  223686
  245255
  274133
  308986
  340972
  366309
  375104
  368288
  346644
  313806
  282733
  255506
  233752
  220641
  213624
  211359
  211970
  214490
  218130
  224381
  231982
  240418
  248427
  259034
  272847
  284558
  298310
  312056
  323752
  334833
  346625
  359464
  371803
  384363
  401259
  420349
  442540
  468929
  500128
  532811
  566622
  599645
  626960
  648526
  657456
  656690
  645174
  628944
  610948
  596472
  586698
  583349
  586435
  600596
  621595
  644081
  672619
  699478
  727009
  754402
  774625
  790874
  805586
  816813
  827344
  840343
  857165
  878641
  908138
  942661
  984526
 1032380
 1080137
 1127322
 1169112
 1207410
 1244781
 1282434
 1323548
 1375392
 1441645
 1535381
 1651588
 1797403
 1961578
 2143099
 2332489
 2506402
 2670520
 2804971
 2905265
 2967695
 2994967
 2982537
 2937056
 2851333
 2723601
 2553614
 2357309
 2142273
 1918294
 1698698
 1498788
 1330764
 1201966
 1117194
 1071119
 1066687
 1090666
 1140323
 1206412
 1278230
 1347256
 1404700
 1445969
 1464101
 1456785
 1420208
 1355434
 1268778
 1172073
 1060910
  952284
  844926
  745300
  658593
  582180
  520631
  472471
  434005
  406122
  383732
  369013
  358344
  348569
  342532
  338340
  333592
  330618
  328692
  327270
  326703
  324794
  325023
  325799
  326457
  326230
  329780
  333114
  336182
  343010
  349769
  358310
  371936
  386924
  406131
  426955
  449420
  472343
  498316
  522040
  542512
  557479
  568535
  570303
  568269
  556983
  539672
  518790
  496184
  471649
  449482
  428382
  413402
  397960
  386394
  381677
  374844
  371845
  372074
  372782
  375672
  378192
  385095
  392666
  400254
  412397
  421816
  435301
  444495
  454644
  460105
  464568
  465857
  462195
  453491
  443225
  431580
  417155
  403414
  388292
  374655
  363256
  353737
  347551
  344219
  344398
  348505
  357700
  372188
  394239
  427339
  470638
  526752
  597987
  684397
  789093
  909315
 1044362
 1187556
 1334639
 1481676
 1614685
 1728822
 1812922
 1862293
 1868799
 1840838
 1769678
 1663382
 1529088
 1374611
 1211507
 1042947
  888011
  744537
  619207
  514565
  432378
  367818
  321910
  290931
  271813
  261935
  260179
  262408
  270726
  279617
  291785
  300929
  313827
  324017
  330525
  334328
  335305
  331679
  326084
  314694
  302456
  285732
  269539
  251861
  234019
  216603
  201931
  187607
  176916
  167540
  160399
  154019
  149290
  145553
  143100
  142295
  140387
  139226
  137814
  137218
  137673
  135934
  136119
  135827
  134397
  132783
  132398
  131857
  130453
  129505
  128863
  126935
  126777
  126216
  124519
  124756
  123503
  123853
  123067
  122215
  121906
  121413
  120637
  120559
  120142
  119894
  119016
  118437
  117473
  116964
  116030
  116164
  115121
  114425
  113980
  113082
  112417
  111530
  110592
  109355
  110304
  108701
  108684
  108357
  107841
  107753
  107760
  107537
  107014
  106979
  107396
  107155
  106671
  106399
  105648
  104959
  105072
  103600
  102811
  101672
  100504
   99208
   98992
   97035
   96319
   94781
   93925
   92861
   92207
   92161
   90785
   90035
   88686
   88952
   88737
   87583
   87695
   86759
   86363
   86288
   85580
   85021
   84225
   83110
   83222
   82607
   82010
   82043
   80653
   80367
   79753
   78646
   78210
   77944
   77607
   77312
   77024
   76520
   76733
   76315
   75821
   75790
   75553
   74563
   75045
   74638
   74056
   73607
   72809
   72733
   72696
   72744
   72161
   71195
   70867
   70751
   69972
   69137
   69690
   68787
   68612
   68085
   67817
   67132
   66710
   66707
   66208
   65788
   65796
   65003
   64324
   64403
   64410
   63929
   63360
   63013
   63137
   62707
   62247
   61753
   61389
   61436
   60837
   60855
   60165
   60479
   59749
   59485
   59259
   59001
   58566
   58135
   57898
   57615
   57611
   57083
   56887
   57410
   56682
   56721
   55967
   55600
   55701
   55173
   54937
   54906
   54755
   54371
   54363
   54054
   53742
   53580
   52926
   52712
   51826
   52670
   51831
   51756
   51989
   51535
   51642
   51321
   50879
   50952
   50770
   50730
   50228
   50033
   49664
   49693
   49246
   49272
   48981
   48302
   48198
   48143
   47959
   47193
   47016
   47046
   46482
   46030
   45822
   45671
   45761
   45317
   45353
   44985
   45004
   44884
   44628
   44750
   44292
   43830
   43619
   43383
   43864
   43310
   43053
   42697
   42654
   42370
   42308
   41993
   42108
   41638
   41363
   41233
   40957
   40924
   40550
   40499
   40155
   39911
   39981
   39482
   39740
   39516
   39308
   38998
   38220
   38255
   38169
   38170
   37738
   37606
   37421
   37393
   37043
   37181
   36898
   36712
   36543
   36321
   36483
   36264
   35995
   35648
   35553
   35566
   35147
   34981
   34856
   34500
   34447
   34340
   34131
   33680
   33519
   33227
   33089
   33086
   33016
   33226
   32728
   32713
   32238
   32480
   32486
   32346
   32256
   31989
   31889
   31531
   31692
   31349
   31222
   31151
   31253
   31062
   31080
   30652
   30181
   30543
   30446
   30209
   29869
   30002
   30324
   29805
   29716
   29803
   29371
   29697
   29357
   28786
   28906
   28748
   28490
   28642
   28681
   28212
   28264
   27982
   28236
   28255
   27899
   27722
   27407
   27659
   27055
   27215
   27360
   27210
   26902
   27019
   26892
   26499
   26467
   26643
   26377
   26318
   26297
   26013
   26151
   26166
   25636
   26013
   25816
   25871
   25606
   25718
   25816
   25435
   25410
   25352
   25009
   25168
   25216
   25057
   24742
   24654
   24304
   24408
   24288
   24332
   24422
   23884
   23879
   23993
   23930
   23581
   23703
   23518
   23499
   23214
   23831
   23434
   22963
   23236
   23429
   23343
   23162
   22759
   23114
   22982
   23025
   22685
   22913
   22462
   22495
   22498
   22315
   22348
   21886
   22070
   21814
   21501
   21702
   21409
   21568
   21231
   21359
   21217
   20924
   20930
   20880
   20954
   20658
   20623
   20461
   20640
   20651
   20437
   20064
   20285
   20454
   20090
   20206
   19961
   20378
   20206
   20230
   20168
   20307
   20280
   20249
   19977
   20118
   20178
   20173
   19923
   19998
   20106
   20146
   20228
   20209
   20117
   19827
   19985
   20186
   19704
   19793
   19477
   19659
   19518
   19464
   19457
   19099
   18906
   18814
   18859
   18593
   18868
   18693
   18512
   18329
   18449
   18430
   18389
   17807
   18053
   18000
   17976
   17523
   17745
   17617
   17568
   17492
   17089
   17285
   17337
   17390
   17375
   17516
   17090
   17161
   17198
   17007
   17200
   16914
   16876
   16872
   16780
   16834
   16980
   16766
   16763
   16514
   16666
   16546
   16690
   16455
   16472
   16409
   16242
   16106
   16339
   16134
   16156
   15764
   15945
   16086
   16012
   15919
   16007
   15873
   15734
   16002
   15914
   16029
   15865
   15786
   15743
   16128
   15575
   15663
   15961
   16039
   15921
   15969
   15661
   15875
   15624
   15614
   15532
   15789
   15440
   15303
   15141
   15132
   15137
   15068
   14775
   14739
   14707
   14556
   14480
   14381
   14240
   14156
   13766
   13747
   13732
   13488
   13740
   13501
   13551
   13416
   13293
   12896
   13141
   13023
   12937
   12616
   12739
   12702
   12624
   12466
   12523
   12393
   12400
   12140
   12168
   12101
   11937
   11943
   12037
   12076
   11893
   11918
   11995
   11697
   11644
   11713
   11619
   11591
   11641
   11497
   11661
   11537
   11605
   11279
   11217
   11235
   11264
   11232
   11286
   11079
   11111
   11033
   11119
   10838
   11039
   11041
   10899
   10825
   10814
   10722
   10809
   10898
   10773
   10635
   10529
   10599
   10583
   10607
   10481
   10383
   10325
   10297
   10313
   10423
   10292
   10245
   10334
   10278
   10407
   10179
    9998
    9985
    9958
   10002
    9940
   10036
    9948
    9806
    9837
    9733
    9811
    9730
    9778
    9540
    9551
    9540
    9605
    9461
    9803
    9439
    9453
    9648
    9524
    9707
    9697
    9483
    9556
    9545
    9528
    9468
    9591
    9538
    9562
    9572
    9629
    9487
    9473
    9578
    9607
    9370
    9606
    9421
    9103
    9353
    9266
    9504
    9305
    9370
    9327
    9405
    9182
    9254
    9231
    9185
    9121
    9173
    9005
    8914
    8967
    9100
    8821
    9108
    9049
    8689
    8847
    8873
    8703
    8650
    8676
    8725
    8732
    8721
    8605
    8531
    8650
    8752
    8897
    8711
    8766
    8728
    8631
    8733
    8815
    8719
    8841
    8966
    8833
    8994
    8960
    8939
    8968
    8878
    8733
    8952
    8871
    9004
    8814
    8923
    8821
    8845
    8803
    8836
    8695
    8770
    8711
    8847
    8665
    8816
    8843
    8524
    8715
    8496
    8458
    8403
    8363
    8543
    8485
    8349
    8292
    8133
    8387
    8251
    8224
    8076
    8063
    8067
    8272
    7975
    8245
    8011
    8048
    8250
    8266
    8294
    8330
    8551
    8458
    8563
    8732
    8708
    8915
    9036
    9143
    9288
    9283
    9497
    9560
    9737
   10162
   10129
   10323
   10673
   10459
   10576
   10659
   10937
   11090
   11094
   11296
   11382
   11334
   11697
   11903
   11563
   11667
   11695
   11889
   11779
   11755
   11540
   11949
   11690
   11820
   11921
   11889
   11999
   12079
   12129
   12315
   12586
   12885
   12955
   13294
   13672
   13691
   14242
   14571
   14805
   15120
   15468
   15921
   16133
   16432
   16848
   16861
   17239
   17132
   17113
   17281
   17631
   17556
   16994
   16807
   16495
   16377
   16095
   15675
   15390
   14921
   14694
   14210
   13963
   13762
   13186
   12939
   12490
   12021
   11854
   11387
   11123
   10993
   10690
   10780
   10170
    9750
    9865
    9875
    9381
    9292
    9160
    9035
    8931
    8878
    8591
    8330
    8562
    8248
    7987
    7703
    7809
    7488
    7524
    7332
    7277
    6970
    6890
    6850
    6858
    6730
    6423
    6399
    6251
    6382
    6028
    6026
    5903
    5925
    5817
    5856
    5528
    5627
    5535
    5377
    5422
    5413
    5271
    5295
    5178
    5183
    5145
    5051
    5164
    5052
    5040
    5050
    5018
    4932
    5006
    4962
    4888
    4800
    4793
    4919
    4932
    4806
    4707
    4741
    4759
    4557
    4632
    4635
    4583
    4453
    4451
    4487
    4497
    4516
    4427
    4434
    4389
    4289
    4365
    4243
    4353
    4277
    4162
    4179
    4067
    4047
    4056
    3999
    4105
    3992
    4022
    3966
    3964
    4044
    3958
    3956
    4021
    3854
    3776
    3739
    3762
    3986
    3764
    3799
    3682
    3739
    3607
    3773
    3768
    3646
    3673
    3580
    3616
    3707
    3618
    3781
    3692
    3626
    3676
    3643
    3607
    3715
    3643
    3819
    3725
    3826
    3838
    3772
    3830
    3862
    3921
    3920
    3938
    4058
    4051
    4067
    4097
    4199
    4218
    4278
    4238
    4375
    4224
    4319
    4352
    4381
    4302
    4422
    4267
    4156
    4154
    4294
    4059
    4149
    4068
    3953
    3855
    3962
    3772
    3913
    3697
    3722
    3639
    3646
    3495
    3540
    3312
    3379
    3338
    3393
    3261
    3231
    3146
    3172
    3086
    3220
    3110
    3093
    3021
    3030
    3111
    3063
    3098
    3036
    3041
    3041
    2995
    3077
    3035
    3114
    3158
    3185
    3216
    3287
    3338
    3332
    3292
    3372
    3365
    3417
    3578
    3563
    3478
    3578
    3479
    3595
    3580
    3590
    3639
    3539
    3627
    3543
    3710
    3687
    3661
    3558
    3520
    3584
    3504
    3564
    3474
    3547
    3439
    3413
    3393
    3463
    3539
    3436
    3509
    3350
    3428
    3437
    3331
    3258
    3347
    3309
    3334
    3231
    3294
    3284
    3240
    3173
    3251
    3095
    3140
    3062
    2972
    3050
    2987
    2972
    2912
    2765
    2898
    2821
    2755
    2696
    2758
    2573
    2704
    2565
    2538
    2565
    2517
    2396
    2468
    2485
    2456
    2452
    2374
    2396
    2482
    2528
    2463
    2466
    2434
    2461
    2537
    2581
    2643
    2776
    2871
    2950
    3019
    3278
    3304
    3442
    3722
    3692
    3967
    4353
    4551
    4821
    5251
    5520
    5844
    6299
    6696
    7213
    7644
    8093
    8739
    9478
    9836
   10349
   11191
   11909
   12495
   12940
   13783
   14083
   14585
   15365
   15827
   16243
   16978
   17181
   17530
   18221
   18286
   18306
   18335
   18699
   18277
   18244
   18318
   17710
   17276
   17121
   16725
   16348
   15607
   15048
   14245
   13852
   13171
   12423
   11676
   10985
   10506
    9456
    8981
    8273
    7691
    7383
    6583
    6179
    5709
    5082
    4864
    4285
    4089
    3647
    3441
    3100
    2827
    2569
    2420
    2221
    2142
    1995
    1845
    1689
    1719
    1622
    1629
    1544
    1438
    1436
    1445
    1435
    1406
    1362
    1360
    1339
    1285
    1315
    1301
    1325
    1267
    1294
    1279
    1273
    1264
    1246
    1276
    1295
    1244
    1281
    1244
    1283
    1219
    1287
    1277
    1238
    1252
    1229
    1262
    1256
    1220
    1256
    1285
    1213
    1230
    1186
    1196
    1279
    1274
    1216
    1272
    1204
    1268
    1125
    1196
    1221
    1225
    1228
    1272
    1238
    1191
    1166
    1255
    1213
    1187
    1144
    1178
    1233
    1256
    1196
    1183
    1228
    1164
    1101
    1147
    1179
    1150
    1177
    1130
    1137
    1180
    1172
    1210
    1115
    1144
    1161
    1235
    1176
    1185
    1220
    1173
    1109
    1153
    1165
    1126
    1139
    1165
    1152
    1127
    1116
    1130
    1151
    1040
    1125
    1121
    1071
    1049
    1136
    1098
    1110
    1145
    1069
    1112
    1050
    1110
    1079
    1134
    1080
    1098
    1125
    1136
    1099
    1095
    1112
    1143
    1088
    1132
    1125
    1121
    1138
    1151
    1123
    1145
    1161
    1112
    1156
    1141
    1091
    1102
    1101
    1156
    1113
    1177
    1183
    1109
    1106
    1020
    1208
    1173
    1161
    1116
    1118
    1202
    1123
    1203
    1155
    1063
    1118
    1114
    1142
    1135
    1108
    1115
    1069
    1078
    1143
    1132
    1058
    1086
    1053
    1049
    1038
    1029
    1036
    1010
    1051
    1060
    1026
    1050
     987
    1040
    1050
    1090
    1088
    1057
    1025
    1013
    1037
    1070
    1083
    1046
    1042
    1051
    1043
     961
    1047
    1013
    1043
    1086
    1023
    1068
    1000
    1055
    1065
     993
    1009
    1003
    1040
    1052
     986
    1083
    1077
    1064
    1036
    1096
    1020
    1086
    1030
    1008
    1127
    1073
    1071
    1052
    1144
    1083
    1110
    1093
    1125
    1116
    1149
    1113
    1097
    1064
    1072
    1200
    1216
    1129
    1138
    1165
    1144
    1086
    1114
    1172
    1195
    1259
    1153
    1212
    1218
    1173
    1136
    1162
    1155
    1168
    1152
    1143
    1159
    1179
    1094
    1111
    1048
    1092
    1089
    1080
    1089
    1077
    1089
    1087
    1056
    1133
     992
     975
    1009
     971
    1037
     983
    1012
    1039
    1031
    1015
     971
    1018
     975
     955
     942
    1013
     957
     926
    1047
     936
     949
     957
     968
     948
     925
     936
     922
     922
     879
     922
     900
     947
     911
     927
     906
     885
     873
     909
     886
     850
     884
     933
     902
     894
     883
     876
     902
     890
     874
     867
     858
     767
     814
     816
     768
     822
     807
     749
     819
     748
     761
     736
     747
     809
     722
     755
     696
     672
     640
     682
     701
     664
     676
     701
     656
     662
     614
     649
     616
     648
     656
     662
     652
     619
     636
     600
     620
     648
     604
     600
     631
     605
     576
     570
     588
     553
     595
     590
     606
     630
     563
     617
     547
     614
     532
     542
     574
     562
     554
     577
     558
     571
     552
     573
     552
     545
     543
     557
     542
     544
     511
     543
     569
     548
     541
     509
     503
     523
     531
     512
     539
     556
     535
     516
     506
     529
     484
     484
     491
     449
     479
     480
     497
     439
     484
     476
     512
     504
     461
     481
     486
     418
     476
     480
     447
     397
     495
     480
     473
     437
     430
     449
     434
     405
     419
     422
     461
     437
     455
     414
     458
     449
     400
     410
     397
     452
     423
     445
     389
     419
     394
     440
     454
     444
     435
     414
     378
     418
     400
     408
     427
     421
     373
     409
     422
     397
     414
     397
     417
     378
     404
     408
     432
     394
     398
     359
     389
     386
     385
     397
     377
     349
     366
     375
     358
     382
     403
     364
     409
     377
     395
     374
     385
     409
     379
     376
     378
     376
     374
     385
     370
     365
     373
     333
     335
     350
     365
     362
     355
     330
     365
     368
     376
     340
     357
     359
     348
     382
     346
     353
     336
     348
     363
     350
     357
     363
     378
     361
     336
     349
     387
     356
     359
     363
     343
     352
     372
     413
     384
     356
     341
     366
     407
     357
     371
     361
     368
     408
     393
     371
     408
     401
     381
     393
     398
     409
     395
     388
     389
     373
     434
     414
     429
     418
     443
     445
     444
     413
     446
     515
     441
     475
     485
     548
     541
     547
     590
     592
     613
     670
     642
     665
     684
     722
     704
     774
     759
     824
     824
     956
     880
     899
     937
     973
    1037
     981
    1008
    1047
    1052
    1119
    1098
    1181
    1154
    1177
    1211
    1176
    1205
    1260
    1287
    1335
    1401
    1279
    1329
    1389
    1370
    1369
    1399
    1426
    1424
    1418
    1457
    1464
    1429
    1484
    1484
    1506
    1566
    1494
    1531
    1617
    1636
    1615
    1634
    1746
    1717
    1741
    1759
    1734
    1778
    1815
    1777
    1864
    1866
    1822
    1878
    1902
    1834
    1936
    2004
    1904
    1967
    1927
    1897
    1886
    1845
    1803
    1761
    1730
    1781
    1752
    1672
    1554
    1622
    1552
    1581
    1408
    1430
    1399
    1359
    1263
    1287
    1186
    1157
    1078
    1035
    1006
     912
     924
     911
     809
     783
     769
     707
     680
     653
     588
     610
     565
     569
     526
     539
     502
     501
     477
     468
     451
     455
     442
     413
     396
     392
     433
     392
     364
     376
     389
     407
     417
     411
     375
     368
     384
     409
     382
     350
     393
     374
     384
     370
     351
     328
     366
     373
     328
     326
     326
     359
     338
     280
     309
     337
     325
     316
     292
     307
     292
     339
     358
     325
     297
     282
     307
     307
     271
     285
     271
     278
     308
     303
     264
     281
     304
     292
     327
     295
     281
     295
     305
     298
     290
     297
     312
     291
     275
     304
     285
     312
     287
     287
     286
     320
     289
     295
     325
     332
     303
     274
     275
     304
     303
     315
     318
     313
     280
     254
     307
     272
     289
     266
     305
     311
     267
     276
     304
     265
     260
     269
     240
     280
     269
     278
     250
     243
     235
     254
     229
     243
     234
     252
     250
     254
     239
     241
     252
     253
     243
     236
     243
     253
     252
     262
     253
     249
     248
     234
     233
     272
     252
     246
     226
     222
     239
     256
     250
     229
     238
     255
     207
     229
     221
     230
     225
     226
     217
     190
     216
     218
     200
     183
     210
     206
     192
     222
     194
     188
     190
     185
     194
     184
     186
     190
     192
     194
     170
     172
     171
     175
     167
     177
     192
     158
     153
     161
     178
     179
     157
     167
     151
     140
     146
     177
     153
     142
     164
     138
     154
     149
     170
     150
     149
     154
     162
     146
     133
     145
     140
     128
     144
     154
     143
     116
     151
     125
     139
     139
     128
     155
     133
     148
     157
     117
     163
     120
     150
     113
     124
     128
     125
     127
     147
     153
     142
     137
     146
     138
     126
     127
     129
     137
     132
     135
     121
     129
     148
     149
     144
     135
     125
     128
     143
     139
     156
     122
     107
     137
     145
     147
     125
     135
     127
     126
     114
     141
     127
     131
     124
     108
     116
     133
     122
     127
     115
     120
     125
     131
     109
     111
     132
     133
     149
     138
     109
     135
     114
     104
     121
     112
      95
     141
     132
     125
     130
     110
     112
     118
     112
     109
      94
     142
     100
     119
     104
     133
     136
     140
     125
     117
     119
     125
     126
     134
     133
     151
     126
     134
     145
     153
     137
     162
     168
     148
     177
     170
     180
     201
     189
     189
     209
     206
     208
     194
     229
     205
     224
     205
     219
     260
     200
     232
     229
     241
     253
     245
     260
     273
     279
     241
     243
     222
     248
     266
     282
     255
     264
     284
     282
     271
     269
     263
     272
     285
     258
     267
     264
     284
     248
     244
     259
     252
     236
     259
     249
     236
     230
     218
     211
     218
     213
     249
     196
     202
     239
     207
     196
     198
     197
     193
     228
     183
     182
     191
     202
     186
     160
     201
     167
     164
     185
     175
     194
     177
     151
     173
     153
     173
     175
     185
     163
     145
     174
     154
     129
     158
     118
     168
     161
     152
     135
     134
     138
     134
     138
     136
     132
     158
     132
     128
     167
     138
     138
     156
     153
     139
     134
     153
     148
     166
     159
     161
     171
     198
     179
     171
     180
     180
     175
     171
     173
     178
     165
     165
     177
     197
     201
     201
     202
     183
     196
     209
     223
     221
     210
     207
     211
     238
     233
     227
     240
     242
     249
     252
     259
     259
     278
     256
     254
     262
     273
     258
     271
     278
     249
     267
     270
     273
     263
     270
     267
     260
     259
     286
     277
     287
     257
     269
     259
     287
     263
     262
     254
     290
     255
     243
     287
     270
     266
     285
     276
     301
     264
     290
     248
     267
     277
     261
     279
     266
     242
     263
     276
     249
     251
     255
     306
     312
     279
     311
     291
     303
     287
     257
     317
     280
     294
     324
     326
     321
     307
     304
     317
     339
     289
     284
     346
     356
     320
     308
     319
     298
     299
     323
     337
     286
     307
     290
     322
     295
     309
     301
     297
     298
     273
     333
     321
     309
     321
     287
     281
     303
     291
     284
     305
     261
     267
     263
     265
     269
     265
     276
     269
     271
     300
     291
     241
     292
     262
     257
     293
     288
     279
     289
     272
     289
     299
     308
     256
     274
     296
     306
     262
     265
     273
     288
     282
     275
     292
     266
     319
     260
     323
     275
     266
     254
     304
     278
     290
     291
     262
     247
     266
     258
     275
     263
     251
     272
     258
     252
     297
     261
     298
     245
     260
     276
     245
     254
     253
     244
     262
     260
     243
     260
     238
     289
     245
     261
     259
     254
     263
     257
     278
     252
     261
     251
     241
     261
     297
     272
     242
     293
     292
     251
     273
     272
     289
     276
     259
     284
     307
     291
     280
     306
     319
     283
     264
     274
     283
     305
     302
     287
     315
     333
     297
     295
     321
     348
     323
     318
     343
     337
     318
     320
     348
     300
     369
     349
     352
     385
     367
     349
     369
     376
     374
     346
     381
     360
     370
     365
     391
     361
     411
     363
     388
     405
     402
     430
     400
     416
     412
     402
     357
     386
     385
     377
     414
     389
     423
     377
     377
     432
     357
     419
     384
     369
     397
     389
     388
     371
     375
     397
     375
     401
     349
     392
     379
     376
     387
     369
     361
     316
     305
     346
     319
     331
     317
     359
     306
     311
     299
     318
     291
     270
     294
     298
     294
     283
     255
     281
     240
     290
     256
     234
     252
     251
     247
     250
     259
     228
     226
     229
     228
     199
     232
     207
     221
     216
     211
     192
     210
     207
     221
     203
     201
     186
     199
     178
     201
     173
     197
     198
     197
     217
     189
     177
     185
     181
     182
     182
     171
     181
     159
     174
     199
     180
     165
     163
     179
     200
     175
     188
     193
     173
     195
     199
     203
     190
     212
     214
     214
     213
     182
     221
     195
     205
     200
     178
     209
     223
     180
     178
     216
     207
     184
     223
     203
     193
     233
     215
     201
     193
     202
     193
     204
     194
     193
     227
     203
     190
     180
     217
     208
     205
     199
     213
     203
     205
     206
     229
     234
     208
     201
     210
     209
     196
     194
     197
     206
     219
     229
     205
     198
     214
     176
     184
     193
     195
     214
     190
     200
     175
     187
     196
     193
     197
     196
     194
     208
     215
     190
     229
     196
     210
     210
     189
     221
     226
     219
     217
     223
     181
     219
     199
     194
     227
     190
     189
     201
     227
     223
     227
     206
     220
     232
     217
     223
     215
     217
     207
     239
     198
     229
     238
     241
     235
     221
     241
     220
     214
     244
     215
     226
     242
     213
     222
     263
     210
     253
     227
     283
     270
     251
     230
     232
     230
     206
     269
     240
     234
     237
     239
     215
     256
     246
     247
     265
     255
     265
     241
     218
     239
     264
     259
     229
     251
     249
     260
     244
     227
     221
     246
     239
     239
     248
     223
     270
     232
     227
     262
     243
     248
     250
     260
     275
     245
     225
     246
     225
     255
     229
     250
     264
     271
     261
     256
     264
     250
     244
     271
     277
     253
     255
     258
     295
     263
     277
     268
     254
     261
     266
     230
     251
     264
     287
     265
     267
     291
     262
     262
     309
     284
     288
     328
     292
     316
     312
     312
     309
     296
     295
     320
     302
     307
     309
     315
     304
     317
     331
     315
     342
     335
     338
     344
     334
     365
     347
     324
     371
     336
     368
     354
     341
     399
     329
     322
     359
     360
     353
     369
     394
     368
     358
     343
     410
     379
     381
     407
     365
     346
     362
     368
     351
     394
     377
     351
     365
     347
     373
     358
     354
     362
     324
     340
     355
     352
     324
     343
     329
     312
     357
     307
     317
     314
     319
     313
     326
     293
     285
     284
     264
     287
     279
     286
     271
     308
     293
     283
     251
     239
     258
     220
     268
     240
     217
     208
     213
     227
     239
     216
     192
     215
     184
     205
     208
     208
     195
     186
     218
     213
     187
     195
     180
     202
     191
     200
     199
     204
     207
     206
     195
     180
     205
     201
     210
     194
     217
     217
     228
     216
     242
     227
     210
     213
     233
     240
     223
     224
     255
     271
     238
     261
     270
     228
     234
     235
     247
     265
     247
     270
     254
     291
     278
     260
     259
     275
     259
     264
     261
     257
     266
     265
     284
     238
     299
     252
     293
     278
     301
     259
     277
     313
     279
     284
     264
     266
     285
     260
     261
     282
     288
     276
     253
     250
     256
     238
     246
     261
     249
     253
     222
     235
     240
     239
     208
     223
     227
     191
     216
     197
     207
     202
     178
     207
     218
     193
     195
     183
     167
     185
     179
     161
     153
     166
     150
     164
     168
     165
     136
     153
     126
     144
     139
     115
     113
     124
     110
     132
     108
     118
     116
     115
     111
      96
     108
     103
      98
     102
      92
     101
     103
     101
     105
     100
      98
      81
     112
      88
      81
      88
      88
      88
     103
      95
     104
     107
      84
      80
     103
      75
      90
      97
      98
      98
      97
      80
      84
      81
      89
      91
      76
      84
      89
      71
      78
      85
     100
     100
      86
     125
      81
      82
     111
     101
     106
      96
     110
      99
     117
      91
     108
     109
     120
      98
      93
     113
      79
      93
     117
     110
     108
      94
     101
     123
     112
     107
     110
     113
     104
     105
     123
     108
     105
     116
     103
      90
     119
     116
     125
     104
     115
     112
     109
     104
     129
     123
     139
     120
     156
     121
     103
     120
     135
     133
     135
     131
     143
     141
     135
     130
     146
     123
     113
     121
     112
     136
     118
     128
     132
     117
     112
     128
     123
     124
     110
     128
     129
     135
     140
     126
     126
     129
     152
     129
     134
     143
     110
     143
     141
     140
     111
     145
     129
     110
     138
     123
     131
     130
     139
     132
     135
     128
     142
     155
     124
     139
     147
     122
     135
     131
     116
     117
     126
     137
     143
     130
     115
     133
     140
     132
     142
     119
     135
     120
     112
     116
     131
     126
     133
     104
     128
     131
     131
     151
     144
     119
     134
     131
     132
     133
     112
     131
     114
     133
     133
     108
     143
     128
     103
     141
     129
     154
     126
     139
     124
     148
     148
     136
     160
     135
     143
     140
     121
     148
     154
     123
     129
     169
     146
     161
     157
     138
     141
     162
     155
     160
     147
     177
     168
     159
     190
     176
     166
     151
     169
     152
     159
     181
     181
     187
     172
     196
     211
     194
     190
     171
     207
     204
     186
     194
     186
     195
     210
     228
     183
     183
     189
     229
     235
     207
     235
     238
     213
     229
     255
     225
     240
     216
     253
     233
     264
     233
     265
     269
     264
     290
     259
     264
     282
     239
     266
     282
     268
     280
     290
     292
     293
     278
     313
     284
     299
     286
     292
     302
     301
     288
     311
     343
     314
     305
     329
     257
     266
     311
     312
     309
     301
     310
     324
     288
     315
     290
     262
     289
     306
     319
     290
     268
     259
     282
     272
     245
     255
     251
     285
     252
     268
     228
     209
     243
     226
     204
     202
     232
     192
     194
     230
     205
     181
     165
     192
     173
     174
     146
     125
     146
     137
     145
     113
     120
     115
     118
      97
     121
      88
     110
     106
      96
      91
      72
      79
      85
      68
      75
      65
      87
      64
      59
      57
      44
      50
      52
      50
      35
      33
      42
      47
      38
      32
      28
      27
      34
      31
      33
      18
      31
      21
      28
      26
      21
      12
      19
      26
      17
      13
      19
      14
      13
      13
      14
      17
      10
      14
       9
      19
      15
      15
      12
       9
      13
       8
       5
      13
       6
      12
       9
       9
      10
      10
       3
      17
       9
       6
       6
      10
       9
       9
      12
       5
       4
       9
       7
       6
       6
       7
       4
      13
       7
       7
      13
       7
      11
       4
       8
      10
       5
       7
      12
       6
       7
       7
      12
       9
      10
       8
       9
       5
       8
      11
       5
      11
      12
       8
       4
      12
       8
       6
      11
       7
       5
       6
       7
       5
       5
       7
       6
      10
       4
       6
       3
       9
       5
       7
      11
       4
      11
       6
       4
       7
       6
       4
       6
       7
       8
       5
       7
       2
       4
       6
       6
       8
       5
       9
       6
       1
       6
       5
       3
      11
       5
       8
       5
       7
      11
       5
       3
       8
       5
       9
       3
       4
      10
       9
       4
       5
       7
       6
       8
       4
       7
       6
       9
       4
       4
       4
       5
       5
       5
      10
       1
       4
       6
       6
       4
       2
       8
       2
       5
       5
      12
       6
      14
       7
       1
       3
      10
       6
       5
       5
       4
      10
       4
       9
       4
       4
       6
       5
       4
       4
      10
       5
       2
       5
       3
       6
       6
       3
       5
       3
       5
       2
       3
       3
       3
       7
       8
       2
       8
       4
       8
       4
       4
       7
       4
       4
       6
       2
       9
      10
       7
       3
       4
       5
       2
       6
       8
       5
       7
       7
       9
       6
       2
      11
       4
       2
       6
       4
       6
       7
       9
       8
       6
       3
       3
       6
       5
       7
       4
      11
       2
      13
       6
       3
       4
       2
       9
       2
$ENER_FIT:
5.109740 0.664390
$PRESETS:
Live Time (sec)
100000
0
$RT:
100510.040000
$DT:
510039
$ISO_DECL_U:
SMPLNAM: IDB-1253
SEPDATE: 01/01/1900 00:00:00
U234: 0.0359 
DU234: 0.8357
U235: 4.4623 
DU235: 0.0717
U236: 0.0068 
DU236: 2.9412
U238: 95.495 
DU238: 0.0034
$ADC:
4096
0
4095