$APPLICATION_ID:
IDB v.1.0
$SPEC_REM:
Material type: U
Material form: powder
Material compound: U3O8
U isotopics:
234U 0.035
235U 5.49
236U Unknown
238U 94.475
Detector: CZT (Geometry: Quasi-hemispherical, Size: 500 mm3)
MCA: InSpector-2000
$DATE_MEA:
04/20/2015 07:58:17
$MEAS_TIM:
86400 86569
$DATA:
0 4095
       0
       0
       0
       0
       0
       0
       0
       0
       0
       0
       0
       0
       0
       0
       0
       0
       0
       0
       0
       0
       0
       0
       0
       0
       0
       0
       0
       0
       0
       0
       0
       0
       0
       0
       0
       0
       0
       0
       0
       0
       0
       0
       0
       0
       0
       0
       0
       0
       0
       0
       0
       0
       0
       0
       0
       0
       0
       0
       0
       0
       0
       0
       0
       0
       0
       0
       0
       0
       0
       0
       0
       0
       0
       0
       0
       0
       0
       0
       0
       0
       0
       0
       0
       0
       0
       0
       0
       0
       0
       0
       0
       0
       0
       0
       0
       0
       0
       0
       0
       0
       0
       0
       0
       0
       0
       0
       0
       0
       0
       0
       0
       0
       0
       0
       0
       0
       0
       0
       0
       0
       0
       0
       0
       0
       0
       0
       0
       0
       0
       0
       0
    9702
    9695
    9665
    9793
   10116
   10109
   10139
   10280
   10511
   10672
   10631
   10914
   11200
   11388
   11516
   11665
   12330
   12526
   12619
   13211
   13583
   14192
   14286
   14811
   15106
   14914
   15117
   15039
   15052
   15036
   15123
   14933
   15291
   15763
   16171
   16683
   17386
   18061
   18599
   19253
   19523
   20342
   21005
   20700
   21726
   22263
   23317
   24203
   25746
   27707
   29782
   31988
   33124
   34371
   35146
   34366
   32929
   31095
   28821
   26799
   25334
   23723
   22844
   22427
   21943
   21960
   22144
   22413
   22715
   22626
   22531
   22792
   23198
   23297
   23391
   23887
   23911
   23901
   24247
   24387
   24323
   24530
   24261
   24349
   24108
   24019
   23745
   23783
   23456
   23753
   23544
   23458
   23339
   22738
   23270
   22929
   23146
   23673
   23861
   24496
   24799
   25700
   26274
   27696
   28660
   29806
   31312
   32681
   34757
   36319
   38287
   40296
   42504
   44219
   45443
   46012
   45964
   44925
   42652
   40800
   38408
   36112
   35031
   34226
   34405
   35258
   36995
   39578
   42617
   46451
   50785
   55559
   60841
   66018
   72124
   79005
   85911
   93545
  101388
  108635
  114751
  119855
  122893
  123513
  122347
  119373
  115336
  109025
  104270
   99351
   94976
   92774
   92975
   94935
   97628
  101702
  103948
  104482
  101324
   94639
   86113
   75025
   63207
   51885
   42055
   34577
   28901
   25197
   22817
   21513
   21010
   21148
   21916
   22381
   23026
   23917
   24911
   25734
   26394
   27228
   27565
   28848
   29459
   30696
   32651
   34552
   37276
   40212
   42935
   45888
   48822
   51218
   53412
   54460
   54791
   53541
   51673
   48701
   46010
   41953
   38918
   35579
   32846
   30683
   28755
   26803
   24968
   22665
   20996
   18716
   16775
   15235
   13414
   12250
   11222
   10641
   10266
   10033
    9882
    9761
    9834
    9836
    9700
    9730
    9799
    9484
    9257
    8943
    8710
    8560
    8272
    8053
    8105
    7935
    7842
    7746
    7499
    7643
    7523
    7577
    7556
    7423
    7433
    7310
    7211
    7543
    7348
    7275
    7312
    7384
    7375
    7557
    7350
    7321
    7428
    7530
    7345
    7382
    7508
    7482
    7555
    7491
    7431
    7526
    7694
    7856
    7831
    7855
    7823
    8033
    8278
    8373
    8715
    8855
    9175
    9501
    9810
   10253
   11088
   11691
   12686
   13695
   14885
   16489
   18378
   20427
   22395
   24967
   27065
   28623
   29347
   29661
   28521
   26581
   23939
   20952
   17800
   14823
   12437
   10263
    8682
    7611
    6887
    6439
    6234
    6253
    6073
    6010
    6006
    6059
    5864
    6008
    6058
    6135
    6181
    6121
    6140
    6211
    6216
    6118
    6069
    6146
    6298
    6248
    6388
    6467
    6501
    6394
    6693
    6916
    6942
    7005
    7173
    7166
    7625
    7908
    8110
    8493
    8821
    9335
    9786
   10680
   11684
   12534
   13595
   14241
   15260
   15769
   15815
   15727
   15128
   14073
   13164
   11482
   10059
    8740
    7751
    7006
    6158
    5783
    5453
    5294
    5321
    5337
    5216
    5316
    5376
    5427
    5469
    5459
    5547
    5583
    5731
    5719
    5844
    6024
    6128
    6180
    6269
    6564
    6722
    6872
    6916
    7276
    7566
    7924
    8446
    8630
    8880
    9423
    9974
   10730
   11309
   12094
   13153
   14113
   15254
   16559
   18142
   20139
   22359
   25094
   27987
   32335
   36211
   41517
   47884
   55764
   63495
   72856
   81719
   91145
   98833
  103033
  105157
  102659
   96812
   87703
   75995
   63140
   50091
   38456
   27737
   19866
   13733
    9520
    6485
    4625
    3585
    2874
    2566
    2461
    2476
    2510
    2591
    2671
    2699
    2948
    3025
    3009
    3237
    3231
    3208
    3263
    3039
    3124
    3038
    3068
    2943
    3001
    2874
    3078
    3031
    3241
    3472
    3695
    3877
    4119
    4516
    4803
    5055
    5542
    5981
    6373
    6842
    7216
    7594
    8134
    8488
    8892
    9364
    9184
    9261
    8925
    8415
    7683
    6651
    5742
    4738
    3991
    3188
    2618
    2144
    1781
    1622
    1506
    1473
    1297
    1312
    1354
    1287
    1317
    1339
    1292
    1269
    1267
    1205
    1285
    1328
    1295
    1231
    1230
    1263
    1293
    1269
    1323
    1195
    1265
    1247
    1270
    1200
    1182
    1306
    1207
    1349
    1229
    1287
    1251
    1230
    1233
    1215
    1218
    1286
    1240
    1191
    1105
    1140
    1110
    1103
    1123
    1129
    1123
    1074
    1066
    1095
    1034
    1061
    1057
    1052
    1060
    1098
    1062
     961
    1007
    1009
     952
     996
     948
     981
    1040
     958
     959
     953
     991
     984
     982
     977
     942
     948
     980
     956
     920
     955
     912
     911
     844
     929
     911
     938
     898
     823
     955
     891
     948
     904
     944
     925
     899
     898
     830
     881
     887
     859
     783
     846
     876
     821
     824
     895
     823
     766
     813
     786
     810
     845
     820
     861
     806
     800
     795
     742
     812
     771
     730
     788
     779
     780
     726
     737
     747
     701
     751
     766
     762
     766
     711
     707
     765
     762
     814
     745
     813
     786
     806
     825
     815
     842
     863
     813
     830
     792
     808
     811
     769
     700
     725
     673
     710
     653
     603
     629
     612
     604
     643
     624
     549
     573
     588
     582
     621
     555
     614
     577
     562
     589
     553
     569
     552
     613
     553
     571
     549
     611
     590
     557
     541
     559
     617
     558
     571
     558
     545
     538
     497
     558
     544
     541
     522
     528
     515
     588
     527
     537
     496
     489
     499
     521
     529
     533
     531
     474
     534
     552
     502
     531
     516
     504
     512
     495
     488
     491
     462
     493
     472
     462
     492
     454
     475
     448
     459
     489
     472
     456
     455
     437
     484
     454
     482
     445
     468
     436
     449
     487
     431
     454
     452
     454
     471
     501
     463
     443
     451
     408
     428
     449
     429
     421
     468
     431
     425
     423
     398
     412
     420
     400
     383
     406
     418
     385
     438
     438
     379
     407
     428
     381
     382
     368
     405
     386
     408
     402
     370
     365
     376
     354
     370
     389
     411
     382
     338
     399
     372
     375
     351
     383
     375
     370
     359
     367
     352
     369
     341
     353
     351
     353
     356
     341
     334
     365
     385
     358
     335
     367
     342
     283
     355
     343
     349
     332
     326
     310
     323
     332
     371
     319
     351
     332
     342
     350
     307
     290
     295
     321
     285
     331
     305
     312
     327
     335
     329
     301
     335
     296
     352
     309
     288
     323
     307
     337
     328
     284
     302
     316
     287
     299
     278
     320
     335
     321
     311
     311
     316
     307
     293
     298
     294
     296
     295
     288
     268
     268
     286
     310
     278
     289
     262
     296
     284
     297
     282
     277
     290
     292
     320
     232
     284
     303
     274
     263
     283
     274
     281
     285
     286
     250
     267
     254
     290
     263
     277
     258
     259
     251
     269
     305
     260
     272
     274
     245
     232
     262
     224
     272
     272
     280
     255
     276
     275
     242
     242
     246
     247
     240
     247
     239
     268
     248
     249
     237
     227
     256
     256
     220
     231
     221
     271
     243
     224
     255
     235
     252
     242
     248
     238
     226
     237
     213
     237
     241
     217
     219
     212
     221
     227
     235
     219
     205
     215
     255
     213
     219
     218
     191
     227
     209
     214
     207
     208
     225
     202
     221
     208
     234
     221
     192
     215
     221
     206
     233
     226
     201
     199
     204
     234
     188
     209
     207
     219
     243
     212
     207
     204
     210
     192
     203
     208
     205
     191
     186
     198
     192
     204
     183
     178
     221
     185
     200
     171
     224
     178
     227
     176
     199
     212
     153
     225
     177
     166
     202
     187
     202
     197
     197
     188
     181
     184
     200
     207
     210
     192
     200
     213
     182
     196
     187
     203
     166
     200
     163
     173
     186
     171
     193
     159
     170
     164
     170
     165
     162
     215
     175
     141
     171
     176
     159
     148
     193
     198
     182
     176
     167
     167
     183
     173
     167
     175
     180
     190
     167
     170
     162
     162
     158
     175
     181
     155
     173
     159
     170
     173
     163
     155
     174
     172
     185
     151
     172
     186
     150
     137
     157
     145
     166
     155
     159
     146
     170
     161
     173
     163
     160
     136
     181
     157
     159
     151
     153
     153
     144
     162
     147
     170
     157
     145
     161
     132
     136
     143
     153
     134
     152
     156
     142
     163
     182
     133
     159
     153
     143
     142
     163
     130
     136
     149
     133
     149
     151
     152
     136
     140
     143
     142
     142
     146
     155
     149
     134
     163
     130
     141
     142
     135
     130
     136
     145
     151
     128
     149
     142
     140
     163
     124
     155
     140
     172
     135
     146
     139
     152
     145
     129
     148
     136
     128
     159
     155
     132
     136
     158
     124
     130
     144
     127
     142
     149
     136
     120
     135
     139
     145
     140
     133
     142
     138
     138
     162
     110
     141
     134
     147
     122
     137
     117
     148
     132
     132
     135
     133
     125
     127
     136
     138
     116
     143
     129
     141
     138
     112
     137
     141
     135
     135
     141
     115
     123
     123
     128
     125
     107
     131
     125
     123
     145
     118
     104
     123
     133
     123
     109
     144
     100
     101
     116
     105
     113
     132
     142
     103
     124
     115
     132
     109
     137
     124
     115
     111
     118
     142
     124
     117
     127
     112
     124
     116
     127
     136
     114
     106
     122
     130
     106
     129
     128
     142
     132
     122
     127
     119
     130
     123
     114
     110
     121
     118
     134
     102
     123
     132
     119
     118
     109
     125
      96
     104
      97
      96
     119
      96
     124
     118
     114
     116
      94
     139
     118
     112
     112
     119
     122
      96
     119
     127
     111
     118
      94
     108
     107
     105
     105
     107
     109
     127
     101
     111
     116
     117
     100
     102
     100
     103
     101
     104
      90
     106
     120
     118
     127
     106
     108
     109
      87
     112
     100
      78
      85
      95
     113
     101
     104
     120
     103
     114
      99
     107
      86
     123
      83
      98
     104
     108
      86
     110
      96
     110
     101
     112
     101
     101
     100
     100
      98
     101
     103
      95
      92
     121
      96
     104
      94
     109
     100
     108
      96
     110
     111
     109
     111
     112
     109
     110
     102
     112
     114
      76
      91
      97
      99
      97
      89
      98
      90
      92
     105
      96
     109
     108
      91
      94
      97
      88
      92
     107
      98
      99
      92
      84
      85
      94
      98
      91
      98
      97
     100
      92
      93
      79
      96
      96
      89
      87
     106
     101
      98
      85
      93
     100
      88
      84
      96
     103
      75
     104
      95
      96
      95
     102
      93
     118
      76
      80
      93
     116
      90
      98
      98
      88
      84
      88
      83
      81
      94
      82
      85
      80
      89
      81
      70
      98
      89
      96
      94
      81
      91
     105
      97
     108
      84
      83
      88
      98
      90
      83
      85
      78
      91
     106
      81
      87
      90
      82
      83
      71
      88
      85
      78
     101
      89
      85
      84
      91
      89
      82
      85
     113
      84
      94
      71
     100
      95
      83
      92
      81
      74
      94
      82
      85
      67
      74
      91
      87
      78
      90
      80
      76
      82
     105
      79
     101
      93
      85
      74
      82
      75
      81
      90
      96
      87
      74
      82
      81
      92
      74
      85
      90
      73
      86
      78
      73
      99
     107
      78
      72
      76
      78
      76
      88
      78
      75
      90
      74
      87
      80
      89
      84
      85
      82
      74
      79
      68
      75
      78
      78
      91
      84
      63
      86
      57
      73
      71
      92
      64
      70
      72
      57
      72
      72
      62
      63
      76
      75
      79
      70
      80
      66
      69
      65
      73
      57
      76
      69
      62
      72
      73
      61
      59
      64
      54
      59
      86
      61
      66
      87
      50
      54
      74
      65
      63
      80
      56
      73
      74
      64
      80
      63
      66
      64
      82
      60
      61
      72
      58
      67
      68
      64
      61
      61
      68
      75
      64
      59
      78
      51
      72
      53
      65
      67
      49
      71
      67
      58
      65
      62
      58
      63
      59
      59
      62
      54
      65
      61
      65
      44
      56
      55
      54
      74
      70
      59
      52
      60
      55
      54
      61
      71
      53
      60
      67
      68
      45
      71
      54
      69
      49
      55
      62
      66
      56
      64
      69
      61
      63
      73
      65
      58
      57
      62
      52
      47
      65
      60
      68
      59
      71
      55
      60
      51
      54
      61
      47
      68
      70
      62
      62
      59
      56
      61
      52
      60
      58
      56
      67
      57
      58
      55
      64
      55
      74
      64
      51
      50
      50
      60
      57
      53
      59
      61
      53
      54
      51
      47
      48
      52
      62
      44
      55
      68
      62
      71
      60
      49
      65
      59
      55
      43
      40
      56
      55
      64
      52
      58
      54
      69
      50
      48
      54
      54
      53
      48
      60
      47
      49
      60
      48
      55
      58
      54
      53
      54
      57
      48
      48
      51
      46
      56
      45
      58
      45
      62
      54
      53
      61
      54
      56
      56
      52
      60
      58
      67
      54
      56
      45
      50
      44
      54
      49
      61
      52
      50
      43
      67
      45
      47
      38
      47
      65
      54
      69
      57
      48
      51
      34
      65
      55
      44
      61
      51
      47
      47
      56
      49
      53
      63
      54
      52
      52
      52
      45
      57
      51
      48
      51
      47
      47
      51
      43
      48
      60
      48
      59
      53
      45
      51
      47
      59
      60
      58
      45
      47
      55
      48
      56
      46
      48
      41
      52
      45
      52
      32
      48
      61
      40
      49
      37
      43
      53
      50
      44
      57
      47
      48
      56
      68
      50
      58
      53
      51
      54
      65
      49
      45
      72
      55
      50
      41
      49
      56
      52
      56
      38
      40
      47
      53
      53
      55
      39
      41
      53
      54
      60
      52
      45
      60
      44
      48
      46
      41
      30
      41
      52
      51
      56
      53
      43
      38
      51
      55
      63
      52
      38
      55
      55
      54
      48
      48
      52
      43
      51
      42
      64
      57
      39
      29
      44
      43
      51
      48
      48
      30
      52
      58
      50
      49
      51
      44
      52
      47
      32
      43
      52
      42
      49
      53
      49
      53
      43
      51
      50
      36
      40
      34
      42
      45
      55
      56
      50
      42
      47
      48
      48
      49
      44
      49
      43
      42
      35
      46
      31
      46
      47
      48
      34
      40
      35
      45
      43
      49
      44
      47
      44
      42
      47
      46
      47
      52
      43
      40
      44
      39
      50
      34
      48
      39
      49
      45
      39
      42
      37
      52
      47
      38
      57
      53
      44
      49
      55
      50
      64
      49
      46
      36
      49
      50
      50
      44
      43
      45
      50
      32
      50
      51
      58
      52
      50
      45
      55
      46
      57
      65
      54
      41
      52
      50
      55
      45
      53
      41
      48
      51
      48
      49
      54
      47
      39
      52
      66
      67
      53
      72
      61
      54
      67
      52
      70
      64
      65
      68
      65
      60
      49
      58
      65
      53
      59
      62
      60
      47
      58
      49
      39
      44
      55
      49
      51
      48
      40
      52
      48
      40
      41
      49
      40
      53
      49
      48
      46
      52
      48
      32
      40
      53
      49
      46
      65
      55
      39
      43
      64
      56
      54
      53
      50
      44
      50
      51
      62
      59
      44
      53
      63
      50
      60
      69
      86
      77
      86
      69
      67
      84
      80
      94
      78
     104
     118
      70
      81
      98
      92
      78
      85
      90
      76
      84
      81
      85
      42
      61
      51
      54
      50
      49
      41
      43
      38
      42
      45
      41
      32
      28
      36
      35
      38
      35
      40
      45
      47
      31
      31
      35
      38
      56
      24
      42
      36
      42
      36
      43
      37
      41
      40
      42
      23
      41
      36
      48
      40
      52
      40
      41
      45
      40
      40
      32
      43
      57
      37
      37
      45
      43
      45
      29
      35
      36
      39
      19
      33
      54
      39
      31
      41
      39
      37
      36
      36
      28
      29
      33
      48
      20
      39
      33
      32
      20
      20
      33
      41
      34
      24
      34
      26
      35
      35
      29
      23
      23
      24
      22
      30
      27
      21
      23
      20
      31
      22
      24
      27
      16
      25
      34
      22
      23
      22
      19
      21
      24
      20
      24
      18
      18
      18
      25
      26
      25
      25
      26
      22
      20
      20
      16
      18
      26
      19
      28
      28
      31
      21
      25
      24
      23
      20
      17
      14
      17
      22
      23
      20
      20
      27
      21
      25
      13
      18
      17
      15
      18
      19
      22
      16
      18
      17
      15
      27
      27
      22
      30
      16
      19
      11
      16
      23
      14
      21
      14
      21
      22
      25
      29
      19
      22
      23
      18
      18
      16
      31
      26
      18
      13
      20
      11
      16
      15
      27
      22
      17
      22
      14
      22
      20
      17
      14
      10
      27
      19
      14
      11
      10
      14
      14
      15
      26
      15
      14
      21
      21
      16
      14
      14
      21
      14
      11
      13
      15
      13
      14
      18
      18
      16
      18
      11
      19
      21
      22
      22
      16
      17
      19
      30
      25
      19
      20
      14
      18
      27
      17
      21
      14
      13
      12
      18
      12
      13
      27
      22
      13
      16
       7
      14
      17
      13
       8
      24
      17
      22
      10
       9
       9
      22
      14
      13
      14
      12
      18
      14
      15
      10
      14
      11
      13
      14
      10
      14
      13
      13
      25
      14
      17
      14
       9
      20
      15
      15
      14
       9
      11
      14
      16
      11
      15
      11
      11
      11
      13
      11
      20
       9
       9
      11
      16
      12
      14
      21
      17
      20
      18
      12
      16
      17
      15
      16
      18
      24
      17
      19
      13
       7
      17
      16
      12
      10
      20
      22
      18
      16
      15
      17
      27
      17
      13
      16
      18
      17
      16
      21
      15
      12
      23
      14
      21
      17
      17
      10
      15
      10
       9
       9
      15
      11
      11
      14
       8
      16
      11
      10
      18
      11
      18
      20
      16
       8
      18
      12
       9
      13
       8
       7
      12
      10
      18
      16
      10
       2
      17
      18
      10
      18
      13
      15
       7
      16
       8
       6
       6
      17
      11
       9
      12
      10
      12
      12
      14
      15
      17
      12
       9
      11
      11
      11
      10
       8
      10
      10
      11
      17
      12
      11
      13
       9
       9
       6
      12
      21
      10
      12
      14
      15
      16
       6
      12
      18
       4
      17
      12
      10
      11
       9
      11
      11
      13
      12
       8
      14
      14
       6
      16
      16
      18
      18
      12
      11
       8
      11
      17
      15
      28
      12
       9
       7
      22
      20
      12
      15
       7
      20
      11
      17
      16
      15
      14
      14
      12
      12
       7
      10
      10
      11
      14
      10
       9
      10
       8
      10
      11
       4
       9
      10
      11
       8
       9
       6
       8
       9
       7
       8
      15
       7
      12
       9
      13
      19
      17
      14
      13
       7
      13
       9
      10
      11
      14
      14
      13
       8
       5
       8
      10
      16
      13
      10
      13
      12
      15
      13
       5
      19
      15
      16
       9
       9
      14
      22
      10
      14
      16
      10
      11
      10
       9
      13
      10
       8
      12
       7
      15
      10
       7
      10
       8
       7
      10
       7
       6
       7
       7
      14
      16
       7
       6
      10
       8
       7
       8
       4
       9
       8
       7
      12
       9
      11
       5
       9
      10
      17
       5
       9
       6
       9
       8
       7
      12
      10
       8
      12
       5
      19
      13
       9
      18
      11
       8
      11
      17
      10
       9
      11
      15
       6
      13
      13
      12
      12
      14
       7
      12
      15
      12
       9
       5
      18
      12
      15
      13
      13
       8
      10
      15
       8
      12
      17
      20
      10
      17
      12
      19
      10
      12
      15
       7
       9
      19
      17
      16
      19
      17
      13
      23
      14
      12
      12
      28
      16
      14
      15
      19
      20
      22
      15
      19
      21
      17
      24
      18
      13
      23
      26
      20
      27
      27
      33
      32
      30
      25
      34
      25
      31
      27
      28
      28
      27
      37
      39
      36
      40
      37
      49
      42
      44
      58
      63
      48
      50
      52
      59
      70
      65
      79
      75
      67
      79
      69
      86
      71
      59
      73
      56
      66
      45
      57
      42
      46
      40
      33
      32
      27
      19
      17
      15
      25
      12
      12
       7
      10
      12
      14
       7
       5
       6
       6
       4
       5
       3
       7
       6
       3
       5
       3
       6
       7
       7
       6
      15
       9
       4
       6
       6
       4
       7
       2
       5
       2
       5
       5
       5
       2
       3
       2
       2
       5
       3
       4
       6
       6
       7
       5
       5
       6
       0
       5
       8
       6
       2
       6
       7
       7
       7
       3
       4
       6
       4
       2
       0
       6
       3
       2
       9
       2
      10
       4
       3
       6
       3
       4
       7
       3
       5
       7
       6
       4
       5
       2
       5
       5
       3
       4
       8
       2
       1
       4
       3
       1
       6
       2
       1
       6
       4
       5
       4
       3
       6
       3
       7
       3
       4
       1
       5
       4
       2
       1
       4
       9
       2
       2
       3
       5
       0
       3
       4
       5
       3
       2
       6
       1
       4
       2
       0
       3
       6
       3
       1
       1
       9
       4
       3
       7
       2
       1
       3
       3
       4
       2
       4
       5
       3
       4
       4
       5
       0
       4
       5
       8
       4
       2
       8
       4
       1
       2
       5
       4
       2
       4
       2
       3
       6
       3
       6
       4
       2
       0
       3
       1
       7
       3
       2
       5
       2
       5
       4
       5
       4
       3
       2
       3
       3
       3
       1
       3
       3
       2
       1
       2
       5
       3
       5
       1
       2
       4
       2
       3
       3
       2
       4
       3
       3
       2
       0
       2
       6
       1
       4
       4
       3
       2
       5
       1
       6
       2
       3
       3
       0
       7
       4
       5
       4
       2
       2
       3
       3
       3
       6
       2
       2
       2
       4
       4
       3
       3
       5
       8
       3
       2
       4
       4
       0
       3
       4
       4
       3
       2
       4
       3
       4
       2
       7
       2
       1
       4
       2
       4
       5
       4
       7
       6
       1
       3
       5
       1
       0
       2
       2
       1
       3
       3
       3
       3
       5
       3
       4
       2
       6
       2
       4
       3
       1
       3
       3
       3
       6
       1
       3
       3
       2
       6
       4
       1
       5
       4
       1
       1
       3
       3
       1
       3
       8
       5
       2
       3
       2
       2
       2
       3
       4
       1
       2
       5
       0
       0
       5
       4
       3
       3
       4
       3
       2
       1
       2
       2
       6
       5
       2
       3
       2
       4
       1
       5
       4
       2
       3
       2
       2
       2
       5
       2
       3
       2
       5
       4
       5
       2
       2
       5
       1
       1
       2
       1
       5
       2
       2
       2
       2
       1
       4
       2
       1
       2
       3
       3
       2
       2
       2
       0
       0
       4
       2
       2
       5
       1
       2
       5
       1
       1
       5
       2
       2
       1
       4
       1
       3
       3
       1
       1
       3
       1
       4
       2
       3
       3
       1
       2
       3
       5
       2
       2
       2
       3
       4
       4
       2
       1
       4
       3
       3
       6
       1
       3
       1
       1
       5
       5
       2
       1
       2
       5
       2
       5
       2
       0
       0
       1
       4
       1
       3
       2
       5
       3
       3
       2
       1
       2
       4
       0
       3
       1
       3
       1
       1
       1
       1
       5
       4
       2
       4
       2
       1
       2
       1
       1
       3
       4
       1
       1
       2
       2
       1
       4
       3
       1
       2
       2
       0
       3
       1
       3
       2
       3
       2
       2
       1
       1
       3
       1
       1
       5
       4
       4
       1
       2
       3
       3
       3
       4
       2
       5
       3
       2
       0
       3
       3
       3
       3
       2
       1
       2
       2
       4
       5
       1
       0
       2
       1
       5
       1
       2
       3
       4
       3
       1
       2
       1
       2
       1
       5
       3
       2
       1
       5
       4
       5
       4
       3
       0
       2
       7
       2
       3
       2
       6
       2
       2
       4
       3
       2
       3
       2
       2
       2
       2
       6
       2
       1
       4
       0
       0
       3
       1
       3
       4
       9
       1
       4
       2
       2
       1
       2
       4
       4
       3
       3
       3
       0
       2
       3
       3
       3
       2
       0
       3
       1
       3
       1
       0
       5
       2
       5
       0
       4
       3
       2
       2
       2
       2
       2
       2
       1
       2
       2
       1
       4
       3
       2
       2
       0
       1
       0
       2
       4
       2
       2
       2
       2
       2
       1
       5
       1
       2
       1
       1
       1
       2
       4
       3
       2
       1
       2
       3
       3
       3
       1
       5
       1
       0
       1
       0
       0
       1
       3
       1
       1
       4
       2
       4
       3
       3
       1
       5
       0
       1
       0
       0
       0
       5
       3
       3
       0
       1
       1
       3
       4
       0
       0
       3
       3
       2
       2
       1
       4
       1
       3
       3
       1
       1
       2
       1
       2
       6
       0
       2
       1
       4
       3
       3
       2
       3
       0
       0
       3
       4
       3
       3
       1
       1
       0
       0
       2
       1
       1
       1
       1
       1
       1
       5
       1
       0
       2
       1
       3
       3
       6
       1
       2
       2
       2
       1
       1
       1
       1
       1
       3
       2
       1
       2
       1
       0
       0
       1
       2
       2
       1
       2
       1
       1
       2
       0
       1
       3
       0
       1
       1
       0
       2
       1
       2
       2
       3
       1
       0
       1
       3
       2
       0
       3
       1
       2
       3
       3
       2
       4
       3
       2
       1
       1
       1
       0
       1
       0
       4
       0
       1
       6
       2
       1
       4
       1
       3
       2
       1
       3
       1
       1
       3
       1
       1
       1
       1
       2
       3
       3
       3
       1
       2
       0
       1
       3
       1
       0
       1
       1
       5
       4
       2
       3
       1
       1
       3
       2
       0
       3
       1
       1
       3
       1
       2
       2
       1
       2
       0
       3
       2
       3
       2
       1
       0
       1
       3
       1
       1
       1
       0
       2
       4
       1
       2
       2
       4
       4
       0
       3
       1
       0
       2
       2
       1
       2
       1
       1
       2
       0
       1
       0
       1
       3
       2
       3
       1
       0
       0
       0
       0
       1
       1
       4
       2
       6
       5
       2
       1
       1
       1
       2
       4
       1
       2
       4
       2
       0
       2
       2
       1
       2
       1
       3
       0
       1
       2
       3
       2
       2
       0
       0
       2
       1
       1
       1
       0
       0
       0
       2
       0
       1
       2
       1
       0
       1
       0
       0
       2
       0
       2
       2
       2
       4
       0
       1
       0
       0
       1
       0
       2
       2
       1
       3
       0
       2
       1
       1
       2
       1
       1
       0
       0
       1
       1
       3
       1
       1
       4
       4
       2
       1
       0
       1
       2
       1
       1
       3
       2
       0
       0
       0
       1
       0
       0
       2
       1
       0
       2
       0
       0
       1
       2
       1
       2
       2
       2
       0
       2
       0
       0
       0
       0
       3
       0
       1
       6
       2
       1
       0
       2
       2
       2
       0
       1
       4
       1
       3
       0
       0
       0
       2
       2
       1
       3
       1
       1
       2
       1
       1
       0
       0
       2
       1
       0
       2
       0
       1
       2
       2
       2
       0
       1
       1
       2
       2
       1
       1
       2
       3
       2
       0
       1
       0
       0
       0
       1
       0
       2
       2
       0
       0
       0
       3
       1
       0
       3
       2
       1
       3
       0
       0
       1
       0
       0
       1
       1
       0
       0
       0
       1
       0
       3
       0
       4
       0
       0
       0
       1
       1
       1
       1
       0
       2
       2
       0
       1
       3
       2
       1
       3
       1
       1
       2
       2
       0
       2
       0
       0
       2
       1
       2
       1
       0
       0
       0
       3
       0
       3
       3
       3
       1
       0
       0
       2
       3
       3
       0
       3
       2
       2
       1
       1
       4
       0
       1
       2
       1
       0
       2
       1
       0
       0
       2
       0
       1
       0
       2
       0
       1
       0
       0
       1
       0
       0
       1
       0
       0
       0
       1
       1
       1
$ENER_FIT:
0.355540 0.339560
$PRESETS:
Live Time (sec)
86400
0
$RT:
86568.940000
$DT:
168940
$ISO_DECL_U:
SMPLNAM: IDB-1259
SEPDATE: 01/01/1900 00:00:00
U234: 0.035 
DU234: 2.8571
U235: 5.49 
DU235: 0.1821
U236: Unknown 
DU236: Unknown
U238: 94.475 
DU238: 0.0127
$ADC:
4096
0
4095