$APPLICATION_ID:
IDB v.1.0
$SPEC_REM:
Material type: U
Material form: powder
Material compound: U3O8
U isotopics:
234U 0.023
235U 3.038
236U Unknown
238U 96.939
Detector: CZT (Geometry: Quasi-hemispherical, Size: 500 mm3)
MCA: InSpector-2000
$DATE_MEA:
12/14/2015 19:21:56
$MEAS_TIM:
86400 86582
$DATA:
0 4095
       0
       0
       0
       0
       0
       0
       0
       0
       0
       0
       0
       0
       0
       0
       0
       0
       0
       0
       0
       0
       0
       0
       1
       6
      89
     454
    1287
    2211
    3009
    3823
    4570
    5135
    5613
    6049
    6376
    6816
    7156
    7649
    7797
    7969
    8275
    8228
    8504
    8408
    8497
    8577
    8793
    9206
    9089
    8908
    8909
    8774
    8805
    8799
    8591
    8730
    8888
    8698
    8579
    8434
    8391
    8540
    8717
    8606
    8619
    8251
    8299
    8399
    8353
    8417
    8392
    8181
    8216
    8294
    8161
    8189
    8076
    8136
    8216
    8092
    8163
    8115
    8029
    8124
    8003
    8243
    8099
    8166
    8107
    8137
    8190
    8168
    8310
    8331
    8212
    8179
    8281
    8146
    8113
    8230
    8220
    8327
    8008
    8169
    8072
    8110
    8083
    8015
    7935
    7799
    7907
    7751
    7789
    7780
    7693
    7850
    7680
    7892
    7768
    7709
    7664
    7703
    7811
    7819
    7706
    7682
    7706
    7762
    7850
    7615
    7748
    7690
    7725
    7728
    7694
    7724
    7795
    7652
    7756
    7612
    7493
    7754
    7514
    7917
    7805
    7781
    7813
    7905
    7976
    7803
    8148
    8138
    8088
    8070
    7991
    8249
    8219
    8406
    8688
    8703
    8909
    9293
    9358
    9686
   10020
   10392
   10672
   11122
   11681
   12065
   12249
   12347
   12228
   12271
   11889
   11654
   11159
   10714
   10320
    9943
    9750
    9496
    9090
    9249
    9002
    9207
    9536
    9445
    9693
    9985
    9957
   10612
   10760
   11206
   11200
   11347
   11541
   11678
   11425
   11441
   11321
   11144
   11069
   10668
   10713
   10632
   10367
   10320
   10264
   10366
   10309
   10503
   10498
   10219
   10433
   10595
   10497
   10551
   10833
   10695
   10936
   11064
   11119
   11199
   11217
   11222
   11270
   11411
   11289
   11524
   11460
   11728
   11881
   12128
   12179
   12554
   12416
   12884
   13041
   13424
   13340
   13983
   14241
   14405
   14259
   15050
   15006
   15287
   15623
   15701
   15961
   16261
   16548
   16852
   17092
   17365
   17889
   18094
   18900
   19364
   20170
   20865
   21254
   22149
   23228
   24296
   25068
   26455
   27531
   28605
   30005
   31262
   31951
   32282
   32617
   33335
   33161
   32906
   32579
   32750
   32409
   32218
   32516
   33225
   33971
   34406
   35371
   35809
   35720
   35337
   34294
   32590
   30463
   28401
   26283
   24628
   23077
   22130
   21362
   20925
   20519
   20496
   20695
   21215
   21449
   21709
   21919
   22539
   22680
   23043
   23668
   24336
   24501
   25378
   25526
   26973
   27447
   28235
   29579
   31052
   32581
   33503
   34596
   35397
   36538
   36382
   35962
   35595
   34579
   33478
   31887
   30465
   29137
   28304
   26888
   26161
   24987
   24035
   23096
   22285
   21288
   20352
   19375
   19062
   18221
   17768
   17623
   17381
   16930
   17035
   17103
   16885
   17252
   17092
   17374
   17192
   17163
   17291
   17470
   17108
   17091
   17246
   17245
   17067
   17289
   17268
   17425
   17408
   17408
   17454
   17528
   17555
   17379
   17407
   17603
   17572
   17573
   17835
   17981
   17873
   17695
   17838
   17735
   17837
   18184
   18204
   18258
   18445
   18375
   18088
   18501
   18207
   18465
   18674
   18353
   18568
   18665
   18983
   18794
   18799
   19206
   19112
   19174
   19173
   19485
   19450
   19579
   20143
   19992
   20446
   20838
   21039
   21402
   22115
   22501
   23322
   24011
   24954
   25754
   26175
   26725
   27053
   26558
   26370
   25717
   24645
   23995
   23093
   21780
   20942
   20019
   19748
   19038
   18808
   18481
   18307
   18372
   18418
   18375
   18489
   18444
   18393
   18625
   18454
   18627
   18604
   18855
   18633
   18867
   18837
   18919
   18759
   18853
   18810
   19421
   19198
   19251
   19172
   19404
   19543
   19543
   19381
   19728
   19714
   19998
   19965
   20392
   20071
   20652
   20893
   20854
   21844
   22107
   22426
   22754
   23006
   23744
   23972
   24179
   24216
   23869
   23744
   23057
   22797
   22223
   21481
   20605
   20242
   19567
   19226
   19091
   18780
   18747
   18813
   18859
   18525
   18802
   18921
   18726
   18925
   19095
   18892
   19179
   18811
   19097
   19344
   19420
   19313
   19489
   19524
   19726
   19661
   19884
   19940
   20228
   20302
   20312
   20532
   20919
   21113
   21547
   21907
   22434
   22711
   23049
   23695
   24553
   25242
   26383
   27019
   28448
   30369
   32103
   34193
   36654
   40165
   44391
   48591
   53339
   58607
   64841
   70122
   75627
   79544
   82317
   82911
   80951
   76526
   70275
   62836
   54943
   46378
   37921
   30875
   25128
   20211
   16899
   14133
   12311
   11119
   10410
   10183
    9950
    9655
    9714
    9739
    9788
    9775
    9813
    9882
    9999
    9913
   10176
    9982
    9794
    9824
    9932
    9817
    9767
    9717
    9790
    9830
    9696
    9942
    9810
   10089
   10161
   10496
   10593
   10994
   11048
   11514
   11704
   12244
   12617
   12779
   13132
   13384
   13857
   14117
   14469
   14590
   14676
   14532
   14036
   13688
   12974
   12263
   11422
   10639
    9813
    9071
    8575
    8271
    7832
    7549
    7239
    7241
    7076
    7192
    7240
    7003
    6967
    6969
    6923
    6843
    6823
    6897
    6800
    6874
    6734
    6796
    7011
    6898
    6803
    6686
    6739
    6799
    6764
    6743
    6679
    6636
    6600
    6565
    6678
    6549
    6541
    6592
    6368
    6738
    6503
    6550
    6462
    6522
    6322
    6418
    6382
    6488
    6198
    6378
    6320
    6292
    6187
    6146
    6209
    6062
    6209
    6232
    6005
    6178
    6142
    6009
    6001
    5840
    5839
    5830
    5918
    5757
    5893
    5682
    5802
    5838
    5742
    5829
    5734
    5739
    5767
    5839
    5670
    5698
    5791
    5708
    5678
    5591
    5616
    5435
    5589
    5430
    5362
    5447
    5430
    5568
    5491
    5516
    5490
    5529
    5576
    5315
    5349
    5265
    5312
    5319
    5303
    5286
    5348
    5268
    5178
    5226
    5218
    5287
    5123
    5135
    5204
    5099
    4976
    5123
    5061
    5083
    5025
    5083
    5045
    4939
    5133
    5179
    4952
    4963
    4803
    4721
    4836
    4823
    4958
    4810
    4836
    4996
    4761
    4767
    4769
    4875
    4799
    4718
    4966
    4879
    4903
    4999
    4946
    4992
    4900
    4995
    4978
    5003
    4868
    4902
    4783
    4797
    4616
    4579
    4616
    4449
    4426
    4486
    4306
    4281
    4368
    4285
    4153
    4202
    4259
    4118
    4233
    4213
    4275
    4197
    4107
    4106
    4077
    4062
    4068
    4124
    4054
    4141
    3978
    4161
    4051
    4052
    4008
    3839
    4014
    4015
    4010
    3898
    4028
    3907
    3866
    3910
    3924
    3853
    3899
    3848
    3876
    3650
    3790
    3790
    3907
    3749
    3724
    3826
    3738
    3744
    3794
    3647
    3675
    3646
    3720
    3620
    3659
    3569
    3696
    3618
    3600
    3572
    3493
    3632
    3553
    3547
    3528
    3365
    3533
    3358
    3571
    3458
    3564
    3422
    3470
    3266
    3417
    3416
    3431
    3401
    3393
    3312
    3451
    3230
    3403
    3386
    3355
    3427
    3398
    3248
    3312
    3256
    3262
    3270
    3319
    3222
    3308
    3229
    3282
    3203
    3073
    3108
    3314
    3205
    3062
    3151
    3104
    3081
    3048
    3187
    3047
    3093
    3124
    3060
    3057
    3068
    3028
    3004
    3076
    3060
    3040
    2942
    2977
    2926
    3007
    2888
    2939
    2959
    2935
    2991
    2857
    2934
    2909
    2875
    2901
    2848
    2822
    2891
    2834
    2861
    2772
    2753
    2857
    2805
    2812
    2811
    2777
    2740
    2779
    2763
    2730
    2679
    2718
    2594
    2653
    2670
    2656
    2749
    2596
    2583
    2703
    2636
    2681
    2671
    2563
    2515
    2650
    2576
    2591
    2539
    2668
    2563
    2508
    2549
    2600
    2479
    2553
    2460
    2537
    2530
    2525
    2506
    2479
    2514
    2526
    2415
    2479
    2484
    2378
    2419
    2417
    2450
    2441
    2347
    2431
    2383
    2464
    2421
    2416
    2307
    2437
    2434
    2371
    2229
    2336
    2352
    2361
    2270
    2388
    2284
    2349
    2312
    2302
    2342
    2286
    2224
    2177
    2223
    2234
    2203
    2261
    2279
    2183
    2236
    2250
    2256
    2097
    2184
    2115
    2172
    2146
    2139
    2203
    2193
    2222
    2133
    2252
    2141
    2181
    2098
    2183
    2098
    2152
    2038
    2073
    2134
    2080
    2131
    2110
    2023
    2069
    2081
    2001
    2065
    2051
    1975
    2115
    2048
    2038
    1975
    1975
    1962
    1979
    2032
    1896
    2019
    2044
    1929
    1963
    1944
    1957
    1954
    1977
    1919
    1861
    1845
    1941
    1918
    1877
    1897
    1874
    1842
    1825
    1935
    1881
    1866
    1787
    1865
    1827
    1820
    1786
    1846
    1850
    1767
    1820
    1861
    1752
    1778
    1761
    1701
    1813
    1751
    1787
    1779
    1861
    1780
    1830
    1740
    1806
    1693
    1775
    1775
    1764
    1758
    1774
    1753
    1768
    1687
    1685
    1682
    1744
    1683
    1675
    1714
    1695
    1692
    1659
    1719
    1639
    1575
    1606
    1658
    1733
    1675
    1649
    1666
    1608
    1601
    1618
    1596
    1718
    1555
    1517
    1567
    1620
    1608
    1667
    1528
    1586
    1515
    1596
    1589
    1576
    1535
    1538
    1631
    1596
    1532
    1512
    1482
    1480
    1474
    1501
    1587
    1516
    1486
    1482
    1450
    1449
    1515
    1484
    1492
    1539
    1470
    1461
    1410
    1495
    1455
    1480
    1433
    1469
    1446
    1372
    1435
    1419
    1545
    1419
    1470
    1423
    1443
    1392
    1382
    1464
    1413
    1446
    1418
    1362
    1392
    1345
    1360
    1377
    1451
    1416
    1319
    1392
    1380
    1377
    1391
    1369
    1419
    1397
    1377
    1332
    1345
    1345
    1315
    1280
    1406
    1346
    1332
    1273
    1250
    1329
    1327
    1229
    1310
    1284
    1344
    1295
    1350
    1365
    1286
    1276
    1297
    1322
    1253
    1218
    1322
    1258
    1192
    1272
    1275
    1304
    1284
    1211
    1272
    1223
    1226
    1262
    1212
    1156
    1206
    1212
    1226
    1196
    1244
    1180
    1219
    1233
    1184
    1265
    1188
    1165
    1182
    1166
    1207
    1152
    1228
    1244
    1175
    1146
    1136
    1158
    1183
    1189
    1205
    1132
    1144
    1147
    1185
    1192
    1132
    1143
    1198
    1093
    1054
    1194
    1085
    1155
    1175
    1176
    1114
    1129
    1173
    1153
    1118
    1106
    1135
    1086
    1110
    1140
    1119
    1128
    1100
    1116
    1032
    1088
    1110
    1041
    1077
    1072
    1169
    1093
    1031
    1066
    1132
    1022
    1026
    1109
    1062
    1085
    1017
    1019
    1046
    1055
    1054
    1085
    1072
    1063
    1057
    1021
    1025
    1036
    1004
    1013
     974
    1081
    1007
    1000
    1075
    1004
     977
    1013
     989
    1012
    1042
    1028
     972
     916
     941
    1010
     980
    1038
     965
     971
    1017
     956
     959
     994
     995
    1039
    1010
     945
     960
     970
     995
     968
    1001
     912
     937
     976
     939
     953
     974
     985
     967
     888
     925
     944
     891
     897
     959
     961
     913
     896
     952
     913
     907
     925
     933
     942
     922
     920
     879
     929
     953
     846
     904
     935
     886
     943
     891
     912
     910
     902
     889
     908
     873
     858
     888
     913
     852
     861
     837
     907
     886
     852
     891
     871
     863
     858
     827
     870
     869
     914
     913
     830
     910
     823
     838
     868
     867
     856
     897
     826
     851
     831
     775
     838
     892
     926
     873
     835
     816
     836
     846
     812
     819
     824
     808
     806
     795
     816
     808
     843
     779
     821
     796
     836
     819
     847
     794
     804
     840
     770
     826
     781
     770
     793
     848
     775
     742
     767
     791
     765
     771
     744
     786
     784
     766
     761
     730
     767
     768
     795
     767
     783
     755
     761
     794
     733
     748
     725
     759
     733
     723
     811
     727
     736
     759
     717
     780
     788
     736
     739
     801
     752
     724
     754
     714
     735
     687
     770
     690
     730
     734
     731
     792
     728
     754
     759
     706
     812
     742
     710
     718
     748
     700
     741
     696
     757
     776
     724
     743
     788
     793
     713
     730
     767
     724
     702
     727
     726
     722
     700
     710
     671
     695
     763
     707
     695
     759
     731
     720
     685
     674
     707
     640
     721
     700
     706
     671
     679
     664
     641
     659
     682
     678
     674
     691
     645
     710
     678
     686
     670
     685
     657
     640
     654
     667
     614
     680
     611
     672
     714
     683
     676
     653
     635
     699
     655
     653
     607
     651
     635
     617
     673
     635
     645
     671
     659
     681
     702
     670
     626
     627
     631
     653
     659
     616
     597
     662
     583
     616
     602
     663
     614
     641
     649
     652
     639
     605
     606
     612
     651
     644
     600
     569
     610
     689
     586
     616
     617
     642
     594
     617
     656
     631
     591
     601
     615
     614
     630
     610
     570
     575
     622
     588
     550
     563
     594
     596
     586
     580
     623
     602
     600
     581
     564
     605
     587
     579
     565
     587
     569
     573
     569
     541
     582
     577
     564
     557
     572
     585
     528
     577
     539
     571
     595
     581
     587
     619
     608
     540
     597
     600
     597
     535
     537
     540
     556
     587
     571
     540
     524
     544
     575
     531
     548
     585
     576
     548
     545
     551
     563
     624
     567
     539
     571
     543
     561
     569
     566
     518
     526
     564
     541
     496
     502
     569
     486
     500
     483
     501
     508
     545
     492
     482
     479
     447
     479
     492
     529
     479
     479
     480
     469
     457
     535
     484
     454
     494
     478
     463
     487
     465
     455
     470
     469
     454
     443
     475
     455
     457
     482
     455
     435
     449
     446
     441
     436
     447
     425
     421
     479
     418
     461
     443
     432
     424
     465
     465
     430
     467
     464
     432
     480
     408
     417
     451
     419
     437
     419
     406
     425
     462
     414
     437
     395
     427
     394
     436
     441
     397
     411
     435
     433
     412
     427
     401
     429
     401
     417
     420
     434
     390
     408
     441
     380
     386
     441
     401
     412
     421
     423
     449
     416
     433
     409
     396
     418
     425
     410
     404
     432
     392
     424
     401
     390
     368
     424
     416
     409
     407
     395
     402
     379
     395
     366
     438
     363
     386
     362
     385
     386
     391
     423
     413
     394
     395
     384
     365
     446
     404
     394
     387
     400
     391
     377
     380
     365
     355
     426
     382
     384
     399
     388
     382
     397
     394
     386
     374
     383
     433
     373
     401
     364
     351
     381
     384
     372
     392
     359
     364
     351
     359
     342
     361
     379
     378
     368
     321
     353
     371
     388
     362
     373
     370
     370
     355
     351
     380
     396
     378
     381
     355
     377
     359
     375
     339
     323
     347
     351
     384
     313
     357
     348
     358
     346
     355
     345
     371
     353
     348
     369
     295
     350
     371
     364
     364
     359
     346
     351
     373
     338
     372
     318
     327
     363
     386
     358
     337
     355
     334
     358
     392
     316
     327
     333
     345
     353
     345
     347
     352
     362
     328
     336
     314
     334
     320
     350
     361
     316
     314
     365
     367
     332
     338
     308
     321
     340
     372
     323
     347
     345
     346
     355
     336
     338
     308
     357
     341
     332
     328
     326
     335
     336
     357
     352
     331
     357
     344
     346
     299
     358
     329
     329
     332
     338
     297
     332
     321
     307
     317
     351
     331
     318
     370
     301
     338
     319
     311
     314
     308
     311
     306
     323
     331
     344
     291
     307
     314
     312
     324
     297
     314
     317
     354
     319
     354
     338
     325
     287
     306
     308
     325
     299
     306
     311
     323
     317
     309
     287
     317
     320
     332
     337
     307
     315
     332
     340
     339
     281
     318
     305
     308
     292
     292
     324
     322
     345
     335
     298
     295
     313
     327
     298
     340
     336
     300
     332
     328
     308
     314
     329
     341
     313
     322
     307
     314
     318
     310
     324
     315
     305
     362
     298
     330
     319
     322
     309
     330
     318
     300
     305
     330
     285
     353
     359
     336
     295
     312
     329
     318
     316
     343
     316
     340
     285
     306
     337
     309
     296
     289
     267
     302
     319
     304
     314
     294
     299
     309
     284
     310
     288
     277
     281
     298
     316
     298
     275
     270
     275
     304
     295
     280
     323
     302
     287
     285
     320
     308
     306
     301
     285
     264
     295
     310
     283
     260
     314
     268
     290
     318
     314
     295
     278
     324
     272
     310
     287
     320
     269
     315
     311
     311
     260
     286
     277
     295
     322
     295
     295
     315
     281
     320
     332
     329
     317
     338
     317
     339
     323
     332
     317
     361
     345
     349
     325
     330
     315
     305
     325
     352
     324
     330
     344
     378
     330
     381
     348
     371
     370
     374
     367
     368
     389
     386
     374
     426
     397
     392
     395
     436
     398
     438
     424
     433
     417
     443
     440
     390
     385
     393
     386
     351
     358
     337
     380
     337
     353
     336
     344
     337
     330
     315
     298
     324
     300
     313
     316
     335
     316
     322
     318
     290
     322
     337
     313
     351
     344
     337
     365
     350
     323
     350
     352
     337
     370
     333
     348
     354
     404
     361
     384
     407
     410
     402
     375
     411
     412
     460
     443
     436
     484
     468
     482
     517
     510
     567
     564
     577
     622
     628
     636
     632
     638
     677
     579
     652
     606
     603
     589
     535
     520
     492
     502
     428
     407
     359
     368
     356
     277
     300
     287
     290
     254
     280
     265
     256
     266
     246
     283
     228
     232
     259
     265
     264
     279
     260
     240
     234
     261
     240
     240
     271
     247
     248
     286
     271
     278
     292
     290
     312
     279
     267
     269
     294
     302
     281
     273
     279
     290
     290
     288
     260
     256
     271
     286
     278
     260
     270
     247
     247
     240
     238
     235
     221
     211
     240
     233
     215
     219
     195
     187
     203
     182
     203
     183
     206
     167
     196
     192
     147
     169
     166
     176
     170
     179
     173
     171
     158
     173
     161
     163
     177
     150
     140
     146
     122
     147
     159
     147
     169
     140
     125
     163
     132
     134
     149
     151
     125
     143
     125
     133
     114
     151
     142
     141
     140
     151
     142
     142
     120
     128
     139
     134
     123
     107
     138
     116
     103
     129
     134
     119
     125
     130
     121
     114
     111
     110
     131
     122
     124
     117
     111
     129
     125
     103
     114
     122
     111
     108
     116
      95
      94
     116
     104
     124
     112
     111
     115
     118
     117
     105
     119
     112
      96
     100
     122
     118
     110
     108
     104
     121
     129
     118
     107
     123
      98
     123
      97
     113
      92
     104
     106
     124
     102
     109
     108
     116
     110
      94
     113
     104
     100
     102
      93
      97
      91
     102
     108
     109
     108
      92
      88
     100
      93
      99
     103
      72
     108
      90
     106
     102
      98
      96
      96
      98
      86
      88
      91
      95
      93
      95
      80
      95
      93
      96
      86
      88
     107
      74
     111
      93
     108
      90
      90
      89
      85
      96
      88
     106
      80
      87
      96
      74
      95
     106
      83
      85
      89
      77
      76
      84
      89
      89
      88
      82
      99
      62
      92
      86
      75
      88
      90
      97
      77
      89
     100
      86
      88
     111
      74
     101
     100
      84
      71
      70
      74
      73
      76
      85
      78
      81
      96
      88
      79
      88
      95
      81
      73
      77
      91
      93
      80
      89
      69
      90
     105
      97
      84
      94
      85
      88
      91
      96
      78
      82
      78
      86
     109
     100
      74
      87
     112
      89
      84
      81
     101
      84
      96
     105
     101
      75
     112
     103
      87
     123
     119
     107
     118
     107
     106
     119
     113
     118
     124
     119
     101
      93
     105
     107
     117
     132
     111
      99
      96
      93
     116
     113
      73
      89
      72
      97
      97
      81
      73
      96
      85
      81
      76
      78
      71
      76
      77
      75
      90
      83
      61
      70
      69
      64
      82
      85
      55
      58
      92
      73
      70
      75
      83
      61
      86
      71
      59
      73
      79
      74
      64
      81
      79
      68
      77
      65
      83
      72
      63
      61
      72
      66
      75
      66
      51
      67
      67
      72
      62
      74
      65
      70
      64
      67
      76
      60
      55
      68
      61
      76
      78
      73
      63
      64
      68
      91
      68
      78
      72
      76
      78
      94
      82
      65
     100
      79
      75
      87
      84
      78
      73
      89
      59
      76
      74
      81
      80
      73
      74
      77
      84
      94
      87
      89
      91
      82
      83
      96
      86
      91
      89
      83
      96
      84
      86
      90
      94
     111
      92
      84
      79
      91
      79
      91
      77
      94
      80
      88
      86
      64
      80
      68
      62
      75
      73
      72
      58
      64
      63
      52
      58
      69
      62
      61
      74
      84
      64
      73
      76
      70
      63
      88
      59
      64
      64
      79
      82
      65
      82
      81
      61
      69
      92
      69
      81
      89
      86
      77
      94
      86
      68
      75
      89
      89
      90
     107
      66
      96
      85
      88
      92
     101
      81
      97
      71
      70
      81
      84
      79
      54
      65
      76
      72
      53
      69
      75
      66
      56
      67
      63
      52
      59
      61
      76
      64
      77
      71
      61
      62
      61
      67
      64
      62
      63
      76
      59
      73
      73
      64
      60
      70
      74
      71
      68
      74
      70
      69
      70
      63
      82
      73
      64
      72
      75
      66
      72
      82
      62
      89
      72
      64
      63
      65
      64
      73
      65
      89
      73
      93
      93
      78
      87
      80
      87
      79
      67
      81
      88
      79
      92
      98
      91
      94
     112
      92
     103
      96
      98
     105
     107
      92
     107
     107
     108
     110
     108
     114
     102
     125
     115
     125
     119
     142
     134
     117
     129
     133
     139
     118
     145
     106
     147
     149
     149
     156
     161
     154
     157
     179
     143
     162
     184
     158
     188
     189
     175
     215
     191
     227
     227
     236
     217
     253
     273
     281
     236
     249
     278
     269
     300
     318
     350
     325
     391
     382
     418
     419
     433
     430
     480
     526
     541
     572
     542
     588
     581
     593
     589
     577
     610
     593
     583
     557
     520
     538
     467
     449
     386
     428
     337
     347
     318
     296
     228
     208
     194
     168
     160
     119
     112
     103
      83
      76
      78
      42
      40
      31
      41
      33
      17
      41
      50
      43
      23
      34
      21
      24
      23
      33
      36
      38
      29
      33
      27
      26
      26
      29
      24
      27
      35
      36
      29
      33
      34
      35
      32
      32
      21
      30
      27
      26
      35
      20
      33
      21
      32
      21
      26
      27
      27
      27
      29
      32
      28
      27
      26
      24
      33
      24
      28
      13
      30
      29
      26
      20
      21
      32
      32
      21
      28
      28
      33
      19
      26
      27
      22
      27
      21
      29
      34
      32
      31
      35
      21
      15
      28
      23
      23
      26
      26
      24
      28
      25
      39
      19
      34
      30
      18
      25
      32
      21
      22
      34
      26
      30
      22
      21
      33
      25
      20
      32
      29
      19
      21
      23
      32
      23
      27
      22
      24
      31
      24
      27
      31
      24
      20
      27
      26
      16
      20
      21
      23
      29
      25
      21
      38
      23
      20
      29
      20
      22
      22
      27
      21
      22
      21
      17
      27
      22
      24
      26
      29
      23
      24
      28
      25
      22
      21
      22
      25
      24
      26
      28
      31
      28
      27
      28
      28
      21
      27
      29
      20
      27
      23
      21
      22
      25
      23
      24
      15
      21
      28
      20
      29
      22
      29
      24
      23
      31
      28
      28
      27
      21
      18
      27
      19
      24
      20
      13
      25
      22
      20
      26
      27
      23
      25
      24
      24
      26
      16
      17
      28
      24
      24
      26
      23
      31
      23
      16
      28
      28
      10
      18
      17
      26
      29
      21
      21
      29
      12
      26
      19
      22
      21
      18
      23
      13
      28
      28
      26
      17
      30
      18
      18
      25
      25
      23
      22
      16
      21
      15
      16
      24
      22
      24
      27
      26
      15
      19
      25
      17
      21
      20
      30
      16
      21
      30
      24
      22
      26
      17
      17
      17
      21
      22
      15
      19
      25
      22
      22
      27
      23
      21
      37
      16
      22
      22
      21
      16
      19
      20
      18
      17
      17
      17
      18
      29
      23
      28
      16
      19
      25
      24
      18
      23
      21
      29
      25
      20
      13
      18
      20
      17
      25
      22
      18
      13
      20
      24
      16
      28
      23
      21
      19
      30
      21
      23
      18
      27
      16
      19
      17
      18
      21
      14
      20
      34
      21
      40
      18
      18
      21
      24
      17
      29
      21
      22
      27
      15
      32
      23
      21
      25
      21
      23
      30
      19
      22
      21
      20
      16
      21
      18
      21
      16
      22
      21
      14
      23
      21
      17
      20
      14
      25
      20
      26
      23
      27
      19
      21
      20
      19
      30
      14
      21
      18
      17
      17
      15
      20
      11
      21
      22
      22
      22
      31
      13
      21
      19
      17
      13
      24
      27
      35
      19
      23
      17
      17
      19
      19
      23
      19
       7
      17
      13
      24
      19
      16
      21
      17
      21
      20
      19
      23
      16
      24
      22
      17
      21
      13
      25
      23
      20
      18
      25
      22
      15
      20
       9
      14
      19
      20
      16
      13
      19
      17
      13
      14
      23
      24
      24
      19
      22
      14
      24
      14
      17
      17
      25
      13
      13
      19
      16
      17
      13
      18
      17
      14
      17
       9
      22
      12
      19
      20
      12
      20
      25
      27
      26
      13
      15
      18
      22
      27
      27
      19
      15
      13
      21
      24
      19
      19
      20
      20
      18
      23
      16
      20
      27
      17
      15
      19
      14
      20
      29
      21
      23
      10
      12
      12
      17
      18
      14
      21
      17
      27
      21
      20
      27
      16
      22
      14
      14
      21
      14
      19
      18
      22
      19
      18
      25
      19
      22
      18
      19
      23
      20
      11
      23
      16
      19
      20
      22
      19
      26
      23
      17
      20
      23
      23
      28
      15
      19
      24
      21
      17
      18
      24
      16
      14
      16
      11
      20
      21
      20
      22
      14
      24
      17
      22
      17
      19
      13
      19
      16
       9
      13
      15
      18
       9
      21
      17
      17
       9
      23
      23
      17
      21
      20
      16
      18
      18
      15
      21
      22
      10
      19
      15
      16
      19
      17
      26
      14
      16
      25
      17
       6
      15
      21
      14
       9
      19
      13
      21
      12
      18
      16
      19
      22
      11
      18
      13
      12
      14
      16
      14
      14
      17
      22
      19
       9
      20
      16
      24
      15
       8
      14
      14
      15
      19
      17
      16
      17
      20
      20
      15
      11
      10
      16
      17
      23
      26
      15
      14
       6
      19
      17
      13
      17
      13
      24
      13
      18
      16
      13
      20
      13
      20
      18
      15
      10
      16
      16
      16
      12
      15
      22
      15
      14
      19
      13
      16
      15
      19
      18
      10
      23
      16
      14
      12
      11
      17
      13
      21
      21
      14
      17
      15
      13
      12
      12
      15
      21
       7
       7
      10
      13
      12
      12
      12
      16
      18
      10
      13
      12
      15
      11
      21
      10
       8
      14
      17
      13
       9
      10
      12
       9
      14
      15
      16
      18
      15
      11
      13
      11
      14
      14
      23
      12
      15
      15
      18
      14
       7
      12
      13
      19
      10
      21
      11
      16
      19
      13
      18
       8
      12
      14
       9
      13
      16
      14
      18
      10
       9
       7
      11
      12
      12
       7
      10
       8
       9
      19
      14
       7
      11
      11
      14
      14
      10
      13
      14
      13
      22
       9
      12
       7
      13
      19
      11
      19
      11
      17
      23
      12
      13
       8
      12
       9
       9
      11
      13
      11
      12
      13
       9
      11
      16
       9
      14
       7
      13
       7
      16
      14
      14
      14
      13
      13
      14
      11
      10
      11
      18
      13
      15
       9
       6
      16
      21
       8
      13
       6
      11
       8
       8
      10
      14
       9
      21
      12
       9
      13
      12
      10
      10
       4
      10
      14
      10
      12
       8
      10
       9
       8
      10
       9
       8
      10
       8
       8
       4
       7
       9
      13
       9
      20
      15
       9
      10
      12
       6
       7
      12
      11
      15
      14
      15
      14
      10
      13
      10
       9
       8
       5
      10
      13
       8
       9
      11
      11
      11
      11
       8
       9
      15
      13
       7
      14
      14
      11
      13
      15
       9
      17
      12
      13
       7
      13
      14
      12
      13
      12
      12
      10
      14
      11
       6
      10
       6
       9
      14
      11
      11
      14
      11
      10
      15
       7
       9
      12
       6
       7
      11
      11
      10
      13
       7
       7
      16
      14
      11
      10
       7
      13
      11
      19
      14
      11
       8
       8
       7
       7
       7
       7
       6
       8
       7
      11
      10
       7
      11
      14
      14
       9
      14
      12
      11
      15
      10
      10
      13
      13
       9
      10
       8
      10
       5
      10
       9
      11
      12
      10
      11
      12
       9
       8
       8
       7
      12
      16
       6
       9
      16
      16
      15
      10
      13
       9
      15
      10
      15
       9
       9
       9
      12
      10
       8
      10
       8
       9
       4
       9
      11
       8
      17
      18
      11
      11
       9
      18
       6
      13
       7
       8
      11
       7
      12
      10
       7
      11
      10
       9
      13
      13
       2
       8
      11
      11
      11
       9
       9
       3
       8
       9
       8
       8
      11
       6
      11
       9
       4
       8
       4
       9
      13
      10
       8
      13
       7
       7
      15
       5
       8
       7
       8
       7
       9
      11
       7
       8
       7
       8
       3
       8
       8
       9
      10
      12
       7
      10
      11
      10
       8
      12
      13
       9
       7
      11
      10
       6
       4
      12
       7
       8
       6
       9
       8
      11
       7
       4
       4
       9
       9
       9
      11
      11
      13
       8
       4
       7
       7
      11
       6
       6
       6
      13
      12
      11
      13
      13
      10
      12
      14
      15
       3
      15
       6
       6
$ENER_FIT:
0.000000 0.340000
$PRESETS:
Live Time (sec)
86400
0
$RT:
86582.320000
$DT:
182320
$ISO_DECL_U:
SMPLNAM: IDB-1271
SEPDATE: 01/01/1900 00:00:00
U234: 0.023 
DU234: 4.3478
U235: 3.038 
DU235: 0.3292
U236: Unknown 
DU236: Unknown
U238: 96.939 
DU238: 0.0124
$ADC:
4096
0
4095