$APPLICATION_ID:
IDB v.1.0
$SPEC_REM:
Material type: U
Material form: powder
Material compound: U3O8
U isotopics:
234U 0.147
235U 21.902
236U Unknown
238U 77.951
Detector: CZT (Geometry: Quasi-hemispherical, Size: 500 mm3)
MCA: InSpector-2000
$DATE_MEA:
12/22/2015 10:17:50
$MEAS_TIM:
1000 1011
$DATA:
0 4095
       0
       0
       0
       0
       0
       0
       0
       0
       0
       0
       0
       0
       0
       0
       0
       0
       0
       0
       0
       0
       0
       0
       0
       1
       6
      17
      59
      88
     111
     146
     164
     202
     230
     237
     277
     299
     315
     309
     333
     364
     364
     401
     427
     461
     493
     518
     608
     587
     637
     642
     574
     566
     586
     553
     527
     522
     532
     511
     496
     487
     490
     445
     461
     448
     432
     440
     469
     476
     463
     480
     536
     503
     532
     571
     534
     562
     530
     536
     524
     473
     431
     452
     414
     425
     434
     415
     436
     401
     413
     394
     426
     400
     448
     387
     429
     366
     422
     392
     416
     420
     416
     420
     429
     429
     405
     394
     429
     432
     422
     431
     443
     435
     456
     394
     412
     455
     435
     436
     451
     453
     446
     443
     466
     463
     435
     434
     488
     419
     462
     423
     481
     458
     469
     481
     483
     514
     499
     527
     534
     501
     530
     554
     566
     565
     548
     544
     568
     606
     597
     650
     658
     772
     800
     764
     766
     810
     834
     845
     807
     814
     856
     853
     880
     843
     861
     911
     968
     891
     987
    1032
    1037
     995
    1057
    1100
    1075
    1015
    1057
    1031
     992
    1131
    1137
    1072
    1137
    1104
    1191
    1213
    1207
    1223
    1150
    1137
    1103
    1155
    1173
    1169
    1174
    1168
    1148
    1234
    1193
    1225
    1190
    1260
    1204
    1191
    1328
    1285
    1326
    1240
    1359
    1298
    1392
    1377
    1351
    1320
    1303
    1298
    1298
    1282
    1286
    1261
    1304
    1303
    1267
    1319
    1331
    1402
    1328
    1367
    1355
    1529
    1365
    1505
    1572
    1645
    1704
    1906
    2000
    2011
    2182
    2384
    2480
    2633
    2848
    3025
    3179
    3270
    3318
    3237
    3135
    3045
    2782
    2670
    2496
    2295
    2189
    2275
    2276
    2239
    2495
    2773
    2880
    3034
    3386
    3522
    3910
    4027
    4297
    4673
    5116
    5509
    5854
    6428
    6766
    7038
    7393
    7665
    7851
    7987
    7758
    7633
    7470
    7291
    7340
    7227
    7487
    7744
    7697
    7854
    7676
    7656
    7105
    6468
    5749
    4929
    4130
    3401
    2839
    2319
    1889
    1736
    1533
    1502
    1416
    1457
    1494
    1500
    1594
    1665
    1742
    1810
    1916
    1993
    2114
    2111
    2260
    2416
    2605
    2810
    2920
    3204
    3440
    3545
    3854
    4040
    3993
    4047
    4007
    3839
    3635
    3260
    3061
    2777
    2599
    2281
    2159
    2064
    1817
    1702
    1565
    1443
    1263
    1117
     994
     870
     805
     739
     672
     640
     667
     623
     653
     593
     651
     628
     596
     600
     546
     595
     555
     534
     535
     486
     509
     480
     483
     464
     431
     455
     444
     465
     432
     456
     426
     438
     457
     456
     437
     413
     448
     442
     432
     403
     446
     412
     436
     452
     405
     444
     450
     445
     459
     438
     422
     515
     458
     480
     412
     489
     496
     455
     509
     504
     558
     568
     561
     574
     657
     712
     788
     819
     891
     876
    1075
    1240
    1341
    1543
    1663
    1843
    2035
    2193
    2347
    2345
    2361
    2282
    2125
    1925
    1760
    1476
    1281
    1062
     857
     670
     596
     511
     431
     406
     367
     366
     375
     356
     335
     360
     349
     354
     360
     367
     353
     354
     382
     366
     392
     356
     405
     395
     385
     406
     419
     423
     395
     469
     454
     451
     498
     468
     528
     499
     534
     643
     610
     622
     698
     773
     774
     898
    1011
    1083
    1097
    1201
    1331
    1342
    1242
    1188
    1168
    1038
     975
     855
     715
     624
     547
     468
     454
     371
     369
     317
     352
     365
     336
     363
     368
     330
     356
     351
     350
     380
     393
     417
     386
     411
     434
     447
     510
     468
     519
     581
     574
     587
     566
     655
     686
     702
     782
     799
     849
     960
     996
    1050
    1204
    1329
    1489
    1617
    1845
    2041
    2281
    2609
    3037
    3382
    3907
    4620
    5275
    6061
    6794
    7634
    8565
    9028
    9377
    9317
    9389
    8979
    8210
    7321
    6236
    5225
    4227
    3286
    2482
    1849
    1288
     903
     598
     440
     305
     247
     176
     155
     133
     138
     134
     160
     166
     188
     177
     182
     193
     188
     195
     198
     197
     167
     167
     197
     167
     193
     196
     209
     221
     223
     255
     270
     284
     340
     380
     417
     414
     470
     543
     537
     596
     667
     670
     728
     766
     804
     832
     760
     764
     718
     641
     561
     492
     373
     318
     263
     223
     156
     103
      96
      63
      48
      46
      46
      29
      38
      39
      36
      39
      34
      30
      30
      34
      43
      32
      43
      27
      29
      42
      36
      41
      21
      43
      46
      31
      36
      50
      37
      41
      39
      39
      22
      33
      39
      45
      35
      32
      27
      32
      38
      43
      35
      26
      34
      21
      35
      30
      28
      40
      22
      27
      27
      27
      24
      24
      26
      29
      22
      33
      19
      20
      19
      32
      21
      17
      25
      28
      31
      24
      21
      27
      23
      23
      26
      16
      24
      23
      17
      16
      30
      27
      18
      22
      28
      32
      32
      32
      34
      26
      26
      26
      30
      29
      32
      36
      21
      22
      25
      21
      17
      24
      15
      21
      13
      15
      19
      28
      21
      16
      27
      19
      15
      23
      22
      25
      23
      23
      18
      25
      17
      18
      16
      13
      15
      12
      31
       8
      18
      10
      19
      16
      15
      20
      18
      18
      16
      19
      22
      15
      17
      17
      13
       8
      17
      22
      19
      18
      26
      18
      16
      20
      20
      11
      13
      10
      19
      11
      16
      17
      13
      14
      14
      11
      15
      16
      10
       8
      11
       9
      17
       9
      11
      19
      13
      10
      11
      12
      14
      10
       9
      11
      14
      17
       9
      10
      14
      20
      10
      20
      13
      13
      12
      13
      11
      11
      13
      17
      12
      20
      14
      12
       9
       9
      17
       9
      15
      15
      17
      18
      13
      18
      13
      12
      13
      10
      17
      12
      20
      12
      10
       8
      10
      11
       6
      10
       8
      17
      14
       8
      13
      19
      17
      14
      12
      10
       9
      13
      15
       6
      11
      11
       8
      12
      16
      12
      13
       9
      10
      17
      11
       8
       8
      11
       7
      13
       8
       8
       8
       4
      12
      12
       6
       6
      12
       9
      10
      14
      12
      11
       7
       7
      13
       7
      10
      10
       7
       6
      11
       6
       3
      11
       6
      11
       9
       9
      10
       8
       7
       7
      11
       6
       9
      11
       7
       8
       4
       6
      13
       4
       7
       7
       6
      10
       6
       6
       5
       9
       3
       9
       6
       8
       9
      10
      13
       8
       8
      11
       5
       6
      11
       8
       6
       7
      10
       7
       5
       8
       3
       8
       8
       5
       5
      13
       2
       5
       9
       3
       9
      11
       8
       7
       9
       8
      12
       8
       2
       2
       2
       5
      11
       7
       6
       7
       6
       7
       8
       5
       5
       7
       7
       7
      12
       7
       9
       6
       5
       5
       9
       8
       5
      10
       4
       3
       7
      11
       3
       3
       7
       9
       3
       8
       8
       5
       6
       5
       7
       8
       9
       6
       6
       7
       5
       4
       8
       9
       8
       5
       8
      12
       9
       8
       4
       5
       6
       8
       8
       7
       5
       4
      12
       5
       9
       5
       5
       3
      10
       9
       7
       4
       9
      11
       8
       1
       2
       8
       6
       5
       8
       6
       9
       7
       5
       3
       4
       6
       4
       2
       7
       4
       4
       0
       4
       4
       4
       7
       4
       6
       5
       5
       4
       7
       2
       4
       6
       3
       3
       9
       3
       4
       3
       3
       6
       7
       6
       5
       7
       7
       3
      10
       7
       5
       5
       5
       2
       4
       8
       5
       6
       3
       5
       3
       7
       5
       1
       5
       7
       5
       5
       3
       4
       7
       5
       3
       2
       2
       4
       5
       6
       2
       5
       2
       2
       7
       6
       3
       5
       4
       7
       9
       3
       4
       3
       2
       2
       4
       5
       5
       5
       3
       4
       3
       4
       7
       3
       5
       5
       4
       2
       3
       5
       2
       1
       1
       7
       2
       3
       4
       4
       7
       1
       3
       2
       4
       6
       2
       2
       8
       3
       8
       1
       4
       5
       4
       4
       3
       1
       5
       3
       3
       6
       1
       4
       2
       3
       4
       7
       4
       3
       3
       3
       2
       0
       1
       3
       6
       8
       4
       4
       2
       1
       3
       3
       4
       4
       3
       9
       4
       3
       3
       4
       2
       5
       2
       5
       0
       2
       3
       0
       1
       4
       4
       1
       3
       3
       4
       3
       5
       2
       1
       6
       3
       5
       1
       4
       2
       1
       5
       4
       2
       2
       4
       2
       2
       1
       4
       2
       2
       1
       2
       3
       4
       1
       1
       3
       2
       0
       5
       1
       3
       1
       3
       2
       4
       4
       3
       2
       1
       7
       0
       3
       3
       3
       4
       4
       0
       4
       4
       2
       2
       6
       2
       3
       2
       2
       4
       5
       1
       2
       2
       6
       4
       3
       6
       3
       4
       2
       3
       3
       0
       2
       4
       3
       2
       3
       6
       5
       0
       5
       3
       2
       3
       0
       2
       2
       2
       2
       4
       3
       2
       5
       2
       2
       3
       1
       2
       2
       0
       5
       4
       1
       4
       3
       2
       2
       1
       4
       4
       6
       3
       1
       4
       2
       2
       4
       2
       1
       1
       2
       2
       1
       2
       4
       1
       0
       4
       0
       2
       7
       4
       3
       2
       1
       1
       4
       2
       3
       2
       5
       1
       3
       2
       2
       3
       6
       3
       0
       5
       5
       2
       3
       1
       1
       1
       2
       2
       3
       1
       2
       4
       1
       4
       2
       2
       3
       1
       0
       1
       0
       1
       2
       5
       4
       3
       3
       3
       5
       1
       0
       1
       3
       1
       1
       0
       2
       5
       1
       2
       2
       2
       3
       2
       2
       1
       3
       2
       3
       2
       3
       2
       1
       1
       2
       2
       3
       1
       2
       2
       4
       1
       1
       1
       2
       2
       0
       0
       2
       1
       2
       0
       0
       3
       2
       2
       1
       5
       3
       2
       3
       2
       3
       3
       1
       3
       1
       3
       2
       3
       2
       1
       1
       1
       1
       3
       1
       4
       1
       1
       0
       3
       1
       2
       4
       3
       2
       3
       3
       2
       2
       1
       3
       4
       2
       4
       1
       1
       3
       2
       2
       3
       3
       1
       2
       4
       3
       0
       0
       2
       2
       2
       2
       1
       3
       0
       5
       3
       0
       1
       3
       2
       3
       1
       0
       1
       2
       0
       0
       1
       3
       2
       1
       2
       1
       2
       1
       1
       1
       3
       5
       3
       3
       2
       2
       4
       1
       4
       1
       1
       2
       4
       1
       1
       2
       0
       1
       2
       3
       4
       3
       1
       3
       3
       2
       0
       1
       2
       2
       5
       4
       0
       2
       1
       1
       6
       0
       1
       0
       1
       0
       4
       3
       1
       2
       3
       1
       0
       1
       1
       2
       2
       1
       0
       2
       2
       0
       1
       5
       0
       1
       3
       2
       1
       0
       3
       0
       1
       1
       0
       0
       7
       2
       3
       6
       3
       2
       4
       0
       1
       5
       1
       0
       3
       2
       2
       3
       1
       0
       4
       3
       2
       3
       1
       4
       1
       3
       5
       3
       1
       1
       1
       3
       3
       0
       0
       3
       0
       1
       1
       1
       1
       0
       2
       0
       3
       1
       2
       1
       2
       0
       1
       2
       1
       2
       1
       1
       0
       0
       0
       3
       2
       5
       5
       1
       2
       4
       5
       1
       0
       1
       2
       1
       1
       1
       0
       1
       3
       2
       2
       5
       1
       2
       1
       4
       1
       3
       0
       1
       2
       3
       0
       0
       0
       4
       0
       0
       5
       3
       0
       2
       1
       1
       0
       0
       1
       0
       1
       3
       3
       3
       0
       1
       0
       1
       3
       1
       2
       1
       2
       1
       2
       0
       0
       3
       2
       1
       0
       2
       1
       2
       2
       1
       1
       3
       0
       0
       0
       1
       3
       2
       0
       2
       1
       2
       2
       2
       1
       0
       1
       1
       0
       1
       1
       3
       3
       1
       0
       1
       2
       1
       1
       2
       0
       1
       1
       1
       0
       0
       0
       1
       3
       0
       0
       2
       2
       0
       1
       0
       0
       0
       1
       1
       1
       2
       2
       2
       1
       0
       3
       0
       1
       2
       1
       0
       1
       2
       0
       1
       0
       1
       2
       1
       2
       1
       1
       3
       0
       0
       0
       2
       0
       0
       0
       2
       0
       3
       0
       2
       1
       0
       2
       0
       1
       0
       0
       1
       1
       2
       3
       1
       2
       1
       1
       1
       1
       1
       1
       4
       2
       1
       1
       1
       1
       0
       0
       3
       1
       0
       3
       2
       1
       0
       1
       1
       2
       2
       1
       0
       2
       2
       1
       2
       0
       0
       2
       0
       0
       0
       1
       1
       1
       0
       3
       0
       2
       0
       1
       1
       1
       0
       0
       0
       4
       0
       0
       2
       0
       0
       0
       2
       1
       0
       1
       3
       1
       1
       0
       2
       2
       0
       1
       2
       1
       1
       2
       1
       2
       0
       1
       1
       1
       1
       0
       2
       2
       3
       1
       1
       2
       0
       0
       1
       0
       1
       2
       1
       0
       1
       0
       0
       0
       1
       2
       3
       0
       0
       1
       1
       0
       0
       0
       3
       0
       0
       0
       1
       1
       0
       1
       0
       2
       0
       0
       0
       0
       0
       2
       3
       1
       0
       0
       1
       2
       1
       1
       1
       1
       1
       2
       2
       1
       2
       0
       2
       0
       2
       0
       1
       3
       1
       2
       2
       0
       1
       0
       1
       2
       3
       1
       1
       0
       3
       2
       1
       2
       2
       1
       2
       2
       1
       1
       2
       1
       0
       0
       0
       1
       1
       1
       0
       3
       1
       2
       2
       1
       1
       1
       2
       0
       0
       3
       0
       1
       1
       0
       0
       2
       1
       0
       2
       0
       2
       0
       2
       1
       1
       0
       0
       3
       1
       1
       1
       2
       5
       1
       1
       1
       1
       0
       0
       0
       1
       2
       2
       3
       1
       1
       5
       1
       1
       0
       1
       1
       0
       1
       0
       0
       0
       1
       2
       2
       0
       0
       3
       0
       2
       3
       1
       1
       1
       0
       0
       0
       1
       2
       2
       0
       1
       1
       0
       1
       0
       0
       1
       0
       2
       2
       0
       0
       3
       0
       2
       1
       0
       0
       0
       3
       0
       0
       0
       0
       0
       0
       1
       0
       2
       0
       0
       0
       0
       3
       4
       1
       1
       1
       2
       0
       3
       2
       3
       0
       2
       1
       2
       3
       0
       1
       0
       2
       2
       2
       0
       0
       0
       1
       0
       0
       1
       1
       2
       1
       1
       0
       1
       1
       0
       1
       0
       2
       1
       0
       4
       3
       0
       1
       1
       0
       1
       1
       4
       1
       0
       3
       0
       1
       1
       0
       3
       0
       4
       1
       0
       0
       2
       0
       4
       3
       0
       1
       2
       1
       0
       1
       0
       1
       2
       1
       1
       2
       1
       3
       2
       1
       0
       1
       1
       1
       1
       2
       0
       0
       0
       0
       3
       0
       0
       0
       0
       2
       0
       1
       0
       2
       3
       0
       1
       2
       2
       1
       3
       0
       1
       2
       2
       3
       1
       2
       3
       4
       1
       0
       2
       0
       1
       1
       2
       2
       4
       3
       1
       2
       1
       0
       2
       0
       0
       3
       3
       2
       0
       0
       0
       1
       0
       0
       2
       2
       0
       0
       1
       0
       1
       0
       1
       0
       0
       0
       0
       1
       3
       1
       1
       0
       0
       0
       0
       1
       0
       1
       2
       1
       0
       3
       0
       1
       0
       0
       0
       1
       2
       1
       3
       0
       2
       1
       2
       0
       0
       1
       0
       3
       1
       0
       1
       2
       2
       0
       0
       1
       0
       0
       0
       1
       1
       1
       0
       0
       0
       0
       1
       0
       0
       1
       2
       0
       0
       0
       0
       0
       0
       0
       1
       2
       2
       1
       0
       1
       1
       0
       1
       0
       2
       0
       1
       0
       1
       0
       1
       1
       1
       0
       1
       0
       0
       0
       0
       0
       0
       0
       0
       1
       2
       1
       0
       0
       1
       1
       0
       0
       0
       0
       3
       0
       0
       0
       0
       0
       0
       0
       0
       0
       0
       1
       1
       0
       0
       0
       0
       0
       0
       0
       1
       2
       0
       0
       0
       0
       1
       1
       1
       0
       0
       1
       0
       0
       0
       0
       0
       0
       0
       0
       2
       0
       1
       1
       0
       0
       0
       0
       0
       0
       0
       0
       0
       0
       0
       0
       1
       2
       0
       0
       1
       0
       0
       1
       0
       0
       0
       1
       1
       0
       0
       0
       0
       0
       0
       0
       0
       0
       1
       2
       0
       0
       0
       0
       0
       1
       0
       0
       0
       0
       0
       0
       0
       0
       0
       1
       1
       0
       0
       0
       0
       0
       0
       0
       1
       0
       0
       0
       0
       0
       2
       1
       0
       0
       0
       0
       0
       1
       0
       0
       2
       1
       0
       0
       0
       0
       0
       0
       1
       0
       0
       0
       0
       1
       0
       0
       0
       0
       1
       0
       0
       0
       0
       1
       1
       1
       0
       0
       0
       2
       0
       0
       0
       0
       1
       1
       0
       0
       1
       2
       0
       0
       0
       0
       0
       0
       1
       1
       3
       0
       1
       0
       0
       1
       1
       0
       0
       0
       0
       0
       1
       2
       0
       0
       0
       0
       1
       1
       0
       1
       0
       0
       0
       0
       0
       1
       0
       1
       0
       0
       1
       0
       1
       0
       1
       0
       0
       0
       1
       0
       0
       1
       0
       0
       0
       0
       1
       1
       0
       0
       0
       0
       0
       0
       1
       0
       0
       0
       0
       1
       0
       0
       0
       0
       1
       1
       0
       0
       0
       0
       0
       0
       0
       0
       0
       0
       0
       0
       0
       0
       1
       0
       0
       0
       0
       0
       0
       1
       0
       0
       0
       1
       0
       0
       0
       1
       1
       0
       0
       2
       1
       0
       0
       0
       0
       0
       0
       0
       0
       0
       0
       0
       0
       0
       0
       0
       0
       1
       0
       0
       0
       0
       0
       1
       1
       0
       1
       0
       1
       1
       0
       0
       0
       0
       1
       0
       0
       0
       0
       0
       1
       0
       0
       0
       0
       0
       0
       1
       0
       0
       0
       1
       1
       0
       0
       0
       0
       0
       0
       0
       0
       2
       0
       1
       0
       2
       0
       0
       0
       0
       0
       0
       0
       0
       0
       1
       0
       0
       0
       1
       0
       0
       0
       0
       0
       1
       0
       0
       0
       0
       0
       0
       0
       0
       0
       0
       0
       0
       0
       1
       0
       1
       0
       0
       1
       0
       0
       0
       0
       0
       0
       1
       0
       0
       0
       0
       0
       0
       1
       0
       0
       0
       0
       0
       0
       0
       1
       1
       2
       0
       0
       1
       1
       0
       0
       0
       0
       0
       0
       0
       1
       0
       1
       0
       0
       0
       0
       0
       0
       1
       0
       0
       0
       0
       0
       1
       0
       0
       0
       0
       0
       0
       0
       0
       0
       0
       0
       0
       0
       1
       0
       0
       0
       0
       0
       0
       0
       0
       0
       0
       0
       0
       1
       0
       0
       0
       1
       0
       0
       0
       0
       0
       0
       0
       0
       0
       0
       0
       2
       0
       0
       0
       0
       0
       1
       2
       0
       0
       0
       0
       1
       0
       0
       0
       0
       0
       0
       0
       0
       1
       1
       0
       0
       0
       0
       0
       0
       0
       0
       0
       0
       0
       0
       0
       0
       0
       1
       0
       0
       0
       0
       1
       1
       0
       0
       0
       0
       0
       1
       1
       0
       1
       0
       0
       0
       3
       0
       0
       0
       0
       0
       1
       1
       0
       0
       0
       2
       0
       1
       1
       0
       2
       1
       0
       2
       1
       1
       3
       2
       0
       0
       1
       1
       5
       2
       1
       1
       3
       3
       1
       1
       1
       1
       0
       1
       1
       1
       0
       2
       2
       1
       2
       1
       0
       0
       0
       0
       0
       0
       0
       0
       0
       0
       1
       0
       0
       0
       1
       0
       0
       0
       0
       0
       0
       0
       0
       1
       0
       0
       0
       1
       0
       0
       0
       0
       0
       0
       0
       1
       0
       0
       0
       0
       0
       0
       1
       0
       0
       0
       0
       0
       1
       1
       0
       0
       0
       0
       0
       0
       0
       0
       0
       0
       0
       0
       0
       0
       0
       0
       0
       0
       1
       0
       0
       0
       0
       0
       0
       0
       0
       0
       0
       0
       0
       0
       0
       0
       0
       0
       0
       0
       0
       0
       1
       0
       0
       0
       0
       0
       0
       0
       0
       0
       0
       0
       0
       0
       0
       0
       0
       0
       0
       0
       0
       0
       0
       0
       0
       0
       0
       0
       0
       0
       0
       0
       0
       0
       0
       0
       0
       0
       0
       0
       0
       0
       0
       0
       0
       0
       1
       0
       0
       0
       0
       0
       0
       0
       0
       0
       0
       0
       0
       0
       0
       0
       0
       0
       0
       0
       0
       1
       1
       0
       0
       0
       0
       1
       0
       0
       1
       0
       0
       0
       0
       0
       0
       0
       0
       0
       0
       1
       0
       0
       0
       0
       0
       0
       0
       1
       0
       0
       0
       0
       1
       0
       0
       1
       0
       0
       0
       0
       1
       0
       0
       0
       0
       0
       0
       0
       0
       0
       0
       0
       0
       0
       0
       1
       0
       0
       0
       0
       0
       0
       0
       0
       0
       0
       0
       0
       0
       0
       0
       0
       0
       0
       0
       0
       0
       0
       0
       0
       0
       0
       0
       0
       0
       1
       0
       0
       0
       0
       0
       0
       0
       0
       0
       1
       0
       0
       0
       0
       0
       0
       0
       0
       0
       0
       0
       0
       0
       0
       0
       0
       0
       0
       0
       0
       1
       0
       0
       0
       0
       0
       0
       0
       0
       0
       0
       1
       0
       0
       0
       0
       0
       0
       0
       0
       0
       0
       1
       0
       0
       0
       0
       0
       0
       0
       0
       0
       0
       0
       0
       0
       0
       0
       0
       0
       0
       0
       0
       0
       1
       0
       0
       0
       0
       0
       0
       0
       0
       0
       0
       0
       0
       0
       0
       0
       0
       0
       0
       0
       0
       0
       0
       0
       0
       0
       0
       0
       0
       0
       0
       0
       0
       0
       0
       0
       0
       0
       0
       0
       0
       0
       0
       0
       0
       0
       0
       0
       0
       0
       0
       0
       0
       0
       0
       0
       0
       0
       0
       0
       0
       0
       0
       0
       0
       0
       0
       0
       0
       0
       0
       0
       0
       0
       0
       0
       0
       0
       0
       0
       0
       0
       0
       0
       0
       0
       0
       1
       0
       0
       0
       0
       0
       0
       0
       0
       0
       0
       0
       0
       0
       0
       0
       0
       0
       0
       0
       0
       0
       0
       0
       0
       1
       0
       0
       0
       0
       0
       0
       0
       0
       0
       0
       1
       0
       0
       0
       0
       0
       0
       0
       0
       0
       0
       0
       1
       0
       0
       0
       0
       0
       0
       0
       0
       0
       0
       0
       0
       0
       0
       0
       0
       0
       0
       0
       0
       0
       0
       0
       0
       0
       0
       0
       0
       0
       0
       0
       0
       0
       0
       0
       0
       0
       0
       0
       0
       0
       0
       0
       0
       0
       0
       0
       0
       0
       0
       0
       0
       0
       0
       0
       0
       1
       0
       0
       0
       0
       1
       0
       0
       0
       1
       0
       0
       0
       0
       1
       0
       0
       0
       0
       0
       0
       0
       0
       0
       0
       0
       0
       0
       0
       0
       0
       0
       0
       0
       0
       0
       0
       0
       0
       0
       0
       0
       0
       0
       0
       1
       1
       0
       0
       0
       0
       0
       0
       0
       1
       0
       0
       0
       0
       1
       0
       0
       0
       0
       0
       0
       0
       0
       1
       0
       0
       0
       0
       0
       0
       0
       0
       0
       0
       0
       0
       0
       0
       0
       0
       0
       0
       0
       0
       1
       0
       0
       0
       1
       0
       0
       0
       0
       0
       0
       0
       0
       0
       0
       0
       0
       0
       0
       0
       0
       0
       0
       1
       0
       0
       0
       0
       0
       0
       0
       0
       0
       0
       0
       0
       0
       0
       0
       0
       0
       0
       0
       0
       0
       0
       0
       0
       0
       0
       0
       0
       0
       0
       0
       0
       0
       0
       0
       0
       0
       0
       0
       1
       0
       0
       0
       0
       0
       0
       0
       0
       0
       0
       0
       0
       0
       0
       0
       0
       0
       0
       0
       0
       0
       0
       0
       0
       0
       0
       1
       0
       0
       0
       0
       0
       0
       0
       0
       0
       0
       0
       0
       0
       0
       0
       0
       0
       0
       0
       0
       0
       0
       0
       0
       0
       0
       0
       0
       0
       0
       0
       0
       0
       0
       0
       0
       0
       0
       0
       0
       1
       0
       0
       0
       0
       0
       0
       0
       0
       0
       0
       0
       0
       0
       0
       0
       0
       1
       0
       0
       0
       0
       0
       0
       0
       0
       0
       0
       0
       0
       0
       0
       0
       0
       0
       0
       0
       0
       0
       0
       0
       0
       0
       0
       0
       0
       0
       0
       0
       0
       0
       0
       0
       0
       0
       0
       0
       0
       0
       0
       0
       0
       0
       0
       0
       0
       0
       0
       0
       0
       0
       0
       0
       0
       0
       0
       0
       0
       0
       0
       0
       0
       0
       0
       0
       0
       0
       0
       0
       0
       0
       0
       0
       1
       0
       0
       0
       0
       0
       0
       0
       0
       0
       0
       0
       1
       0
       0
       0
       0
       0
       0
       0
       1
       0
       0
       0
       0
       0
       0
       0
       0
       0
       0
       0
       0
       0
       0
       0
       0
       0
       0
       0
       0
       0
       0
       0
       0
       0
       0
       0
       0
       0
       0
       0
       0
       0
       0
       0
       0
       0
       0
       0
       0
       0
       0
       0
       0
       0
       0
       0
       0
       0
       0
       0
       0
       0
       0
       0
       0
       0
       0
       0
       0
       0
       0
       0
       0
       0
       0
       0
       0
       0
       0
       0
       0
       0
       0
       0
       0
       0
       0
       0
       1
       0
       0
       0
       0
       0
       0
       0
       0
       0
       0
       0
       0
       0
       0
       0
       0
       0
       0
       0
       0
       0
       0
       0
       0
       0
       0
       0
       0
       0
       0
       0
       0
       0
       0
       0
       0
       0
       0
       0
       0
       0
       0
       0
       0
       0
       0
       0
       0
       0
       0
       0
       0
       0
       0
       0
       0
       0
       0
       0
       0
       0
       0
       0
       0
       0
       0
       0
       0
       0
       0
       0
       0
       0
       0
       0
       0
       0
       0
       0
       0
       0
       0
       0
       0
       0
       0
       0
       0
       0
       0
       0
       0
       0
       0
       0
       0
       0
       0
       0
       0
       0
       0
       0
       0
       1
       0
       0
       0
       0
       0
       0
       0
       0
       0
       0
       0
       0
       0
       0
       0
       0
       0
       0
       0
       0
       0
       0
       0
       0
       0
       0
       0
       0
       0
       0
       0
       0
       0
       0
       0
       0
       0
       0
       0
       0
       0
       0
       0
       0
       0
       0
       0
       0
       0
       0
       0
       0
       0
       0
       0
       0
       0
       0
       0
       0
       0
       0
       0
       0
       0
       0
       0
       1
       0
       0
       0
       0
       0
       0
       0
       0
       0
       0
       0
       0
       0
       0
       0
       0
       0
       0
       0
       0
       0
       0
       0
       0
       0
       0
       0
       0
       0
       0
       0
       0
       0
       0
       0
       0
       0
       0
       0
       0
       0
$ENER_FIT:
0.000000 0.340000
$PRESETS:
Live Time (sec)
1000
0
$RT:
1011.480000
$DT:
11480
$ISO_DECL_U:
SMPLNAM: IDB-1291
SEPDATE: 01/01/1900 00:00:00
U234: 0.147 
DU234: 0.6803
U235: 21.902 
DU235: 0.1644
U236: Unknown 
DU236: Unknown
U238: 77.951 
DU238: 0.0154
$ADC:
4096
0
4095