$APPLICATION_ID:
IDB v.1.0
$SPEC_REM:
Material type: U
Material form: powder
Material compound: U3O8
U isotopics:
234U 0.147
235U 21.902
236U Unknown
238U 77.951
Detector: CZT (Geometry: Quasi-hemispherical, Size: 500 mm3)
MCA: InSpector-2000
$DATE_MEA:
12/22/2015 11:05:49
$MEAS_TIM:
1000 1008
$DATA:
0 4095
       0
       0
       0
       0
       0
       0
       0
       0
       0
       0
       0
       0
       0
       0
       0
       0
       0
       0
       0
       0
       0
       0
       0
       0
       3
       9
      31
      60
      99
     106
     141
     141
     168
     198
     224
     211
     217
     247
     212
     246
     231
     231
     242
     262
     231
     266
     285
     303
     273
     285
     296
     297
     272
     285
     252
     273
     273
     304
     290
     269
     269
     316
     296
     271
     242
     299
     257
     279
     289
     268
     288
     278
     287
     288
     299
     263
     248
     279
     267
     264
     277
     276
     275
     252
     249
     262
     236
     285
     257
     292
     279
     273
     254
     236
     261
     277
     265
     250
     289
     262
     262
     297
     273
     252
     287
     271
     231
     244
     269
     253
     244
     264
     264
     240
     260
     262
     265
     242
     292
     277
     265
     273
     250
     282
     269
     272
     267
     262
     291
     257
     314
     291
     254
     267
     262
     272
     288
     296
     295
     308
     306
     277
     291
     288
     296
     302
     317
     320
     336
     306
     313
     316
     343
     369
     361
     387
     397
     381
     406
     401
     402
     425
     452
     450
     537
     525
     534
     597
     579
     599
     633
     641
     680
     643
     656
     630
     653
     622
     617
     572
     547
     551
     604
     563
     582
     560
     590
     647
     592
     612
     681
     690
     688
     744
     691
     735
     708
     762
     777
     772
     773
     756
     816
     784
     754
     823
     786
     775
     773
     865
     787
     834
     863
     850
     825
     821
     839
     868
     836
     866
     822
     845
     867
     925
     889
     870
     905
     891
     884
     959
     962
    1028
    1071
    1104
    1147
    1232
    1313
    1335
    1383
    1427
    1533
    1625
    1696
    1757
    1849
    1948
    1851
    1957
    1857
    1741
    1777
    1710
    1657
    1605
    1547
    1599
    1627
    1622
    1724
    1922
    1975
    2087
    2302
    2305
    2395
    2690
    2799
    2992
    3280
    3414
    3612
    3884
    4153
    4409
    4588
    4765
    4652
    4762
    4627
    4630
    4600
    4318
    4390
    4392
    4494
    4818
    4758
    4826
    4694
    4622
    4285
    4017
    3615
    3199
    2659
    2289
    1818
    1604
    1480
    1253
    1168
    1181
    1113
    1168
    1217
    1199
    1282
    1284
    1368
    1349
    1476
    1510
    1520
    1571
    1700
    1737
    1924
    1972
    2054
    2277
    2402
    2600
    2697
    2747
    2826
    2608
    2629
    2688
    2370
    2328
    2073
    2030
    1848
    1702
    1631
    1449
    1420
    1282
    1235
    1087
     955
     958
     878
     770
     733
     647
     617
     587
     574
     597
     597
     580
     561
     601
     545
     574
     542
     556
     574
     563
     541
     548
     546
     514
     513
     466
     498
     508
     511
     475
     513
     472
     475
     488
     465
     489
     493
     511
     529
     489
     497
     508
     526
     456
     482
     487
     530
     488
     518
     523
     505
     537
     523
     548
     557
     557
     543
     577
     511
     562
     576
     593
     598
     573
     595
     619
     674
     710
     753
     771
     827
     871
     966
    1100
    1160
    1267
    1393
    1545
    1663
    1699
    1868
    1930
    1900
    1845
    1800
    1715
    1512
    1318
    1060
     941
     787
     725
     643
     533
     447
     463
     417
     436
     406
     436
     394
     436
     422
     468
     432
     455
     492
     435
     437
     487
     437
     470
     462
     491
     481
     470
     489
     450
     517
     459
     507
     534
     500
     547
     606
     573
     605
     604
     602
     687
     738
     803
     819
     876
     949
     972
    1029
    1096
    1127
    1179
    1155
    1148
    1066
     964
     876
     791
     748
     663
     583
     522
     493
     459
     441
     422
     451
     387
     371
     427
     424
     457
     425
     469
     422
     448
     493
     466
     463
     498
     527
     507
     538
     536
     530
     570
     601
     580
     616
     613
     665
     685
     785
     746
     804
     893
     923
     959
    1100
    1191
    1263
    1441
    1536
    1691
    1953
    2232
    2434
    2881
    3185
    3749
    4296
    4816
    5418
    6177
    6560
    7147
    7406
    7346
    7397
    6979
    6588
    5819
    4988
    4229
    3457
    2639
    1988
    1409
    1017
     748
     490
     353
     291
     195
     173
     122
     140
     131
     123
     142
     137
     156
     147
     157
     165
     159
     145
     167
     180
     165
     168
     161
     162
     155
     190
     154
     197
     182
     203
     237
     249
     298
     306
     321
     352
     400
     402
     461
     501
     505
     578
     570
     590
     671
     641
     664
     577
     600
     518
     475
     386
     327
     253
     196
     162
     130
      93
     106
      65
      48
      39
      47
      32
      35
      36
      30
      28
      23
      24
      20
      33
      43
      41
      24
      38
      36
      24
      29
      26
      25
      30
      29
      38
      27
      43
      47
      27
      32
      32
      39
      35
      31
      29
      33
      27
      30
      29
      31
      28
      27
      19
      33
      24
      34
      20
      15
      16
      22
      24
      28
      29
      22
      28
      25
      25
      19
      31
      22
      16
      14
      17
      20
      23
      20
      22
      31
      14
      20
      23
      14
      25
      23
      26
      30
      22
      22
      24
      25
      19
      25
      25
      29
      24
      23
      24
      24
      21
      23
      23
      33
      29
      21
      20
      18
      20
      21
      23
      20
      23
      18
      17
      26
      17
      18
      20
      17
      20
      18
      17
      23
      12
      23
      19
      23
      17
      18
      17
      17
      17
       9
      14
       9
      15
      19
      11
      17
      17
      11
       9
      15
      16
      17
      15
      19
      15
      15
      14
      19
      13
      13
      15
      16
      13
      26
      10
      15
      23
      12
      14
      12
      15
      16
      15
      12
      11
      19
      18
      14
      14
      14
       8
      13
      15
      20
      12
      11
      10
      13
      15
       8
      14
       8
      16
      14
      12
      15
      10
      11
      16
      11
      13
      11
      10
       6
      13
       7
      11
       5
       9
      11
      17
      16
       6
      14
      12
      16
      11
      15
       9
       7
       7
       6
      12
      12
       4
      12
      12
       9
       6
       8
      12
      12
      12
      15
       8
       3
       9
      13
      14
      12
      14
      10
      13
      12
       9
      12
       6
       8
       9
       5
       5
       6
       4
      12
       6
      12
      10
       8
       6
      11
       8
      10
      10
       3
      11
       6
       9
       6
       4
      11
       6
       7
      10
       9
       6
       3
       7
      12
       9
       6
      11
       9
       9
      12
       5
      10
       9
      12
       7
       7
       5
       7
      12
       7
       9
      10
       9
       7
       8
       5
       9
       9
       5
       5
       6
      10
       1
       8
       9
      13
       9
       7
       8
      12
       7
       5
       8
       6
       8
       5
       8
       6
       6
      11
       6
       8
       9
       4
       5
       6
       5
       3
       5
       9
       5
       8
       7
       8
       5
       8
       7
      13
       5
       6
       2
       9
       6
       7
       6
       5
       9
       5
       6
       3
       4
       6
       9
       2
       6
       5
       3
       3
       4
       5
       7
       5
       5
       4
       6
       7
       6
       5
       8
       5
       9
       8
       5
       3
       4
       6
       3
       4
       8
       7
       9
       4
       4
       3
       3
       4
       6
       9
       5
       5
       6
       7
       2
       4
       5
       9
       3
       5
       5
       8
       3
       3
       0
       6
       4
       4
       1
       8
       2
       4
       6
       4
       7
       4
       7
       6
       7
       6
       2
       6
       6
       8
       6
       5
       5
       8
       6
       7
       3
       4
       4
       4
       3
       5
       6
       7
       6
       5
       7
       5
       6
       3
       2
       5
       7
       6
       7
       4
       6
       6
       1
       5
       5
       2
       5
       4
       6
       4
       3
       2
       3
       2
       6
       8
       3
       2
       1
       7
       4
       6
       5
       3
       4
       2
       5
       2
       3
       2
       6
       6
       3
       4
       7
       6
       4
       4
       1
       6
       4
       9
       6
       4
       3
       2
       9
       1
       3
       4
       2
       5
       2
       3
       6
       6
       7
       6
       4
       7
       6
       3
       4
       5
       2
       2
       5
       2
       4
       3
       3
       3
       3
       4
       2
       0
       1
       6
       4
       7
       6
       6
       3
       3
       4
       4
       1
       2
       5
       2
       6
       1
       2
       2
       2
       2
       5
       2
       0
       0
       4
       3
       6
       2
       0
       2
       0
       1
       3
       6
       4
       2
       5
       6
       3
       0
       5
       3
       4
       6
       3
       3
       3
       1
       5
       6
       2
       5
       0
       1
       6
       3
       4
       3
       2
       1
       4
       1
       3
       3
       1
       2
       4
       3
       3
       3
       7
       4
       2
       4
       4
       0
       4
       4
       6
       4
       0
       1
       1
       6
       3
       1
       4
       2
       4
       1
       2
       0
       3
       1
       1
       1
       5
       1
       3
       2
       1
       3
       0
       0
       1
       4
       0
       2
       1
       4
       1
       2
       2
       2
       2
       4
       2
       0
       2
       6
       5
       1
       2
       3
       6
       0
       1
       1
       6
       4
       1
       1
       3
       2
       1
       3
       4
       1
       7
       0
       4
       3
       4
       3
       2
       7
       2
       2
       2
       5
       1
       2
       3
       0
       0
       2
       2
       3
       1
       2
       2
       2
       0
       0
       0
       3
       4
       3
       5
       1
       1
       2
       3
       2
       0
       2
       1
       3
       2
       3
       1
       5
       4
       2
       6
       4
       1
       2
       3
       2
       4
       4
       2
       1
       2
       4
       2
       0
       1
       4
       3
       0
       3
       3
       3
       0
       4
       1
       3
       3
       2
       0
       0
       2
       1
       2
       3
       2
       3
       2
       1
       1
       2
       2
       3
       3
       0
       2
       2
       1
       3
       0
       1
       0
       1
       1
       1
       2
       3
       2
       2
       1
       1
       6
       2
       2
       1
       0
       1
       4
       1
       1
       4
       5
       3
       1
       2
       3
       2
       2
       3
       0
       1
       0
       2
       0
       1
       1
       5
       1
       3
       1
       0
       0
       3
       3
       3
       1
       4
       2
       3
       1
       3
       1
       2
       1
       3
       1
       1
       2
       1
       3
       2
       4
       2
       1
       3
       0
       2
       3
       1
       1
       0
       3
       0
       3
       3
       0
       0
       4
       2
       4
       1
       0
       1
       2
       2
       0
       2
       3
       1
       2
       1
       3
       1
       0
       4
       2
       1
       3
       5
       0
       2
       2
       3
       1
       1
       0
       1
       4
       1
       0
       1
       1
       1
       0
       2
       0
       0
       1
       1
       2
       1
       2
       2
       1
       1
       3
       1
       1
       2
       0
       3
       0
       4
       1
       0
       1
       1
       2
       0
       2
       0
       2
       1
       2
       2
       0
       2
       0
       0
       2
       2
       4
       2
       1
       2
       3
       0
       5
       0
       0
       0
       0
       0
       1
       2
       2
       1
       1
       0
       2
       1
       3
       0
       0
       1
       1
       2
       4
       2
       1
       0
       0
       0
       1
       3
       2
       1
       2
       2
       1
       2
       0
       2
       0
       0
       1
       0
       0
       1
       1
       1
       4
       1
       1
       2
       0
       0
       0
       1
       1
       2
       1
       5
       2
       2
       2
       1
       1
       0
       2
       5
       0
       2
       2
       1
       1
       1
       2
       1
       1
       1
       2
       1
       3
       2
       1
       0
       1
       1
       2
       1
       0
       2
       1
       0
       0
       1
       0
       2
       1
       1
       1
       0
       2
       2
       1
       0
       0
       1
       1
       0
       1
       3
       1
       1
       0
       2
       1
       1
       0
       3
       2
       0
       3
       0
       1
       2
       2
       2
       1
       5
       0
       1
       2
       2
       3
       2
       0
       1
       1
       1
       0
       0
       0
       0
       1
       0
       3
       0
       1
       1
       4
       1
       4
       2
       3
       0
       2
       1
       0
       0
       2
       1
       3
       1
       1
       1
       1
       1
       4
       1
       3
       1
       1
       1
       1
       0
       3
       1
       2
       1
       0
       4
       1
       3
       2
       2
       3
       1
       1
       1
       0
       2
       1
       1
       2
       0
       1
       0
       0
       0
       2
       1
       1
       2
       0
       1
       0
       2
       0
       0
       2
       0
       1
       1
       0
       1
       0
       1
       3
       2
       2
       1
       2
       0
       3
       0
       1
       1
       1
       1
       1
       1
       4
       0
       0
       0
       2
       1
       1
       5
       1
       1
       3
       1
       2
       0
       2
       2
       0
       1
       0
       1
       1
       0
       0
       0
       1
       1
       1
       1
       0
       1
       2
       0
       1
       1
       0
       0
       1
       0
       1
       2
       3
       2
       1
       2
       1
       1
       0
       1
       0
       1
       1
       1
       1
       2
       1
       0
       0
       1
       2
       0
       1
       0
       2
       0
       0
       2
       0
       1
       4
       2
       1
       0
       2
       0
       1
       1
       1
       1
       3
       0
       0
       0
       1
       0
       0
       3
       0
       0
       2
       0
       0
       3
       0
       0
       0
       0
       0
       0
       2
       1
       0
       0
       0
       0
       0
       1
       0
       1
       0
       2
       1
       0
       1
       2
       1
       1
       0
       1
       2
       1
       1
       1
       2
       0
       0
       0
       2
       0
       3
       2
       0
       1
       0
       2
       1
       0
       2
       0
       1
       0
       0
       2
       1
       1
       1
       0
       1
       1
       1
       1
       0
       0
       0
       1
       0
       0
       0
       1
       0
       0
       1
       0
       1
       0
       0
       0
       1
       1
       0
       2
       0
       0
       0
       0
       2
       1
       0
       2
       0
       0
       1
       1
       0
       0
       3
       1
       0
       0
       1
       0
       0
       0
       0
       3
       0
       0
       1
       0
       0
       1
       0
       1
       0
       0
       0
       0
       0
       1
       1
       1
       0
       0
       0
       0
       0
       1
       2
       1
       0
       0
       0
       0
       2
       0
       4
       1
       2
       0
       2
       1
       3
       1
       0
       0
       1
       0
       0
       1
       1
       0
       1
       0
       1
       0
       1
       0
       1
       2
       0
       1
       1
       0
       0
       1
       2
       0
       1
       0
       0
       0
       0
       0
       1
       0
       0
       2
       0
       0
       1
       0
       0
       0
       0
       0
       2
       0
       2
       3
       0
       0
       1
       0
       0
       1
       0
       2
       1
       0
       1
       1
       0
       1
       2
       2
       1
       3
       0
       0
       0
       0
       0
       0
       0
       0
       1
       0
       0
       1
       2
       0
       1
       0
       2
       0
       1
       0
       1
       1
       0
       0
       0
       1
       1
       0
       1
       0
       1
       1
       0
       1
       0
       2
       0
       1
       0
       0
       0
       0
       2
       0
       0
       0
       0
       2
       0
       0
       3
       1
       0
       0
       0
       0
       1
       0
       0
       0
       1
       1
       0
       0
       0
       1
       4
       1
       1
       1
       0
       0
       1
       0
       0
       1
       0
       0
       0
       2
       0
       0
       0
       1
       1
       0
       0
       0
       1
       0
       0
       1
       4
       0
       2
       1
       1
       2
       0
       1
       0
       1
       2
       0
       0
       1
       1
       0
       3
       0
       0
       0
       2
       1
       0
       3
       1
       1
       1
       0
       1
       2
       0
       1
       2
       1
       0
       1
       2
       1
       1
       1
       1
       3
       0
       2
       1
       1
       1
       1
       2
       0
       0
       1
       0
       1
       0
       0
       2
       3
       0
       1
       1
       3
       0
       1
       0
       0
       1
       3
       0
       0
       0
       1
       0
       0
       2
       1
       1
       0
       1
       2
       0
       3
       3
       2
       1
       1
       0
       1
       0
       0
       0
       0
       0
       1
       0
       0
       0
       0
       1
       0
       1
       1
       1
       0
       2
       0
       0
       0
       3
       0
       0
       1
       1
       0
       1
       1
       1
       1
       1
       0
       0
       3
       1
       0
       0
       1
       2
       1
       0
       3
       2
       2
       2
       2
       0
       0
       1
       0
       0
       0
       1
       0
       1
       1
       0
       0
       1
       1
       0
       0
       2
       0
       0
       2
       2
       2
       0
       0
       1
       2
       3
       0
       1
       0
       0
       0
       0
       0
       0
       0
       0
       1
       0
       0
       0
       3
       1
       0
       0
       0
       0
       0
       1
       1
       1
       1
       0
       0
       0
       0
       1
       0
       1
       0
       0
       0
       0
       0
       0
       1
       0
       0
       0
       2
       0
       0
       0
       0
       0
       1
       0
       1
       0
       0
       1
       0
       0
       0
       0
       0
       1
       0
       0
       1
       1
       0
       0
       0
       0
       1
       0
       0
       0
       0
       0
       0
       0
       0
       0
       1
       1
       0
       0
       1
       0
       0
       0
       0
       0
       0
       1
       0
       0
       1
       0
       1
       1
       0
       0
       0
       0
       0
       0
       0
       0
       1
       0
       1
       2
       1
       0
       0
       0
       1
       0
       0
       0
       0
       1
       0
       0
       0
       0
       0
       0
       0
       0
       0
       0
       0
       0
       0
       0
       1
       0
       0
       1
       0
       0
       0
       0
       0
       0
       1
       1
       0
       0
       0
       1
       0
       0
       0
       0
       0
       0
       2
       0
       1
       0
       0
       0
       1
       0
       0
       0
       0
       0
       1
       0
       1
       0
       1
       0
       0
       1
       0
       2
       0
       0
       0
       0
       0
       0
       1
       0
       1
       0
       0
       0
       1
       0
       0
       0
       0
       0
       0
       0
       0
       0
       0
       0
       0
       1
       0
       0
       0
       0
       0
       0
       0
       0
       0
       0
       1
       0
       1
       2
       0
       0
       1
       0
       0
       0
       0
       1
       0
       0
       0
       0
       0
       0
       0
       0
       0
       0
       0
       1
       0
       2
       0
       1
       1
       0
       2
       0
       1
       1
       0
       0
       0
       1
       0
       0
       0
       0
       0
       0
       0
       0
       0
       0
       0
       0
       0
       0
       0
       0
       0
       0
       0
       0
       0
       0
       0
       0
       0
       0
       0
       1
       1
       0
       0
       0
       1
       0
       0
       1
       0
       0
       0
       0
       0
       0
       0
       0
       0
       0
       0
       0
       0
       0
       0
       0
       0
       0
       0
       0
       0
       0
       2
       0
       0
       0
       1
       1
       0
       0
       0
       1
       0
       0
       0
       0
       0
       1
       0
       0
       0
       0
       0
       0
       0
       0
       0
       0
       0
       0
       0
       0
       0
       1
       0
       0
       1
       0
       0
       0
       0
       0
       0
       0
       0
       0
       1
       1
       0
       1
       0
       0
       0
       0
       0
       0
       1
       0
       0
       0
       0
       1
       0
       0
       0
       0
       0
       0
       0
       0
       0
       0
       0
       1
       0
       0
       0
       0
       0
       0
       3
       0
       0
       0
       0
       0
       0
       0
       0
       0
       0
       0
       0
       0
       0
       0
       0
       0
       0
       0
       0
       0
       0
       0
       0
       0
       1
       0
       0
       0
       0
       0
       0
       0
       0
       1
       0
       0
       0
       0
       0
       0
       0
       0
       1
       0
       0
       0
       0
       0
       0
       0
       0
       1
       0
       0
       0
       0
       0
       0
       0
       0
       0
       0
       0
       0
       1
       0
       0
       0
       0
       0
       0
       0
       0
       0
       1
       0
       0
       0
       0
       0
       0
       0
       0
       1
       1
       0
       0
       0
       0
       0
       1
       0
       0
       0
       0
       0
       0
       0
       0
       0
       0
       1
       0
       0
       0
       0
       0
       0
       0
       0
       0
       0
       0
       0
       0
       0
       0
       0
       0
       0
       0
       2
       0
       1
       0
       0
       0
       1
       0
       0
       0
       0
       0
       0
       1
       0
       0
       0
       0
       0
       0
       0
       0
       0
       1
       0
       0
       0
       0
       1
       0
       0
       0
       0
       2
       0
       0
       0
       0
       0
       0
       0
       0
       0
       1
       0
       1
       0
       0
       1
       0
       0
       0
       1
       0
       0
       1
       0
       0
       0
       0
       0
       0
       0
       0
       0
       0
       0
       0
       0
       0
       2
       1
       0
       1
       0
       0
       0
       0
       0
       0
       0
       0
       0
       0
       1
       0
       0
       1
       0
       0
       0
       1
       0
       1
       0
       0
       0
       0
       0
       0
       0
       2
       0
       0
       0
       0
       0
       1
       1
       0
       0
       0
       1
       0
       0
       1
       1
       1
       0
       2
       1
       0
       0
       1
       1
       1
       1
       1
       0
       0
       2
       0
       2
       1
       0
       0
       3
       2
       0
       0
       1
       2
       1
       0
       3
       2
       1
       1
       5
       2
       1
       1
       1
       2
       3
       0
       0
       3
       1
       0
       0
       0
       2
       0
       0
       0
       0
       1
       0
       1
       0
       0
       1
       0
       0
       1
       0
       0
       0
       1
       0
       0
       0
       0
       0
       0
       0
       0
       0
       0
       0
       0
       0
       0
       0
       0
       0
       0
       0
       0
       0
       0
       0
       0
       0
       0
       0
       0
       0
       0
       0
       0
       0
       0
       0
       0
       0
       0
       1
       0
       0
       0
       0
       0
       0
       0
       0
       0
       1
       0
       0
       0
       0
       0
       0
       0
       0
       0
       0
       0
       0
       0
       0
       0
       0
       0
       0
       0
       0
       0
       0
       0
       0
       0
       0
       0
       0
       0
       0
       0
       0
       0
       0
       0
       0
       0
       0
       0
       0
       0
       0
       0
       0
       0
       0
       0
       0
       0
       0
       0
       0
       0
       0
       0
       0
       0
       0
       0
       0
       0
       0
       0
       0
       0
       0
       0
       0
       0
       0
       0
       0
       0
       0
       0
       0
       0
       0
       0
       0
       0
       0
       0
       0
       0
       0
       0
       0
       0
       0
       0
       0
       0
       0
       0
       0
       0
       0
       0
       0
       0
       0
       0
       0
       0
       0
       1
       0
       0
       0
       0
       0
       0
       0
       0
       0
       0
       0
       0
       0
       0
       0
       1
       0
       0
       0
       0
       0
       0
       1
       0
       0
       0
       0
       0
       0
       0
       0
       0
       0
       0
       0
       0
       0
       0
       0
       0
       0
       0
       0
       0
       1
       0
       0
       0
       0
       0
       1
       0
       0
       0
       0
       0
       0
       0
       0
       2
       0
       0
       0
       0
       0
       0
       0
       0
       0
       0
       0
       0
       0
       0
       0
       0
       0
       1
       0
       0
       0
       0
       0
       0
       0
       0
       0
       0
       0
       0
       0
       0
       0
       0
       0
       0
       0
       0
       0
       0
       0
       0
       0
       0
       0
       0
       0
       0
       0
       0
       0
       0
       0
       0
       0
       0
       0
       0
       0
       0
       0
       0
       0
       0
       0
       0
       0
       0
       0
       0
       0
       0
       0
       0
       0
       1
       0
       1
       0
       0
       0
       0
       0
       0
       0
       0
       0
       0
       0
       0
       0
       0
       0
       0
       0
       0
       0
       0
       0
       0
       0
       0
       0
       0
       0
       0
       0
       0
       0
       0
       0
       0
       0
       1
       0
       0
       0
       0
       0
       0
       0
       0
       0
       0
       0
       0
       0
       0
       0
       0
       0
       0
       0
       0
       0
       0
       0
       0
       0
       0
       0
       0
       0
       0
       0
       0
       0
       0
       0
       0
       0
       0
       0
       0
       0
       0
       0
       0
       0
       0
       1
       0
       0
       0
       0
       0
       0
       0
       0
       0
       0
       0
       0
       0
       0
       0
       0
       0
       0
       0
       0
       0
       0
       0
       0
       0
       0
       0
       0
       0
       0
       0
       0
       0
       0
       0
       0
       0
       0
       0
       0
       0
       0
       0
       0
       0
       0
       0
       0
       0
       0
       0
       0
       0
       0
       0
       0
       0
       0
       0
       0
       0
       0
       0
       0
       0
       0
       0
       0
       0
       0
       0
       1
       0
       0
       0
       0
       0
       0
       0
       0
       0
       0
       0
       0
       0
       0
       0
       0
       0
       0
       0
       0
       0
       0
       0
       0
       0
       0
       0
       0
       0
       0
       0
       0
       0
       0
       1
       0
       0
       0
       0
       0
       0
       0
       0
       0
       0
       0
       0
       0
       0
       0
       0
       0
       0
       0
       0
       0
       0
       0
       0
       0
       0
       0
       0
       0
       0
       0
       0
       0
       0
       0
       0
       0
       0
       0
       0
       0
       0
       0
       0
       0
       0
       0
       0
       0
       0
       0
       0
       0
       0
       0
       0
       0
       0
       0
       0
       0
       0
       0
       0
       0
       0
       0
       1
       0
       0
       0
       0
       0
       0
       0
       0
       0
       0
       0
       0
       0
       0
       0
       0
       0
       0
       0
       0
       0
       0
       0
       0
       0
       0
       0
       0
       0
       0
       0
       0
       0
       0
       0
       0
       0
       0
       0
       0
       0
       0
       0
       0
       0
       0
       0
       0
       0
       0
       0
       0
       0
       0
       0
       0
       0
       0
       0
       0
       0
       0
       0
       0
       0
       0
       0
       0
       0
       0
       0
       0
       0
       0
       0
       0
       0
       0
       0
       0
       0
       0
       0
       0
       0
       0
       0
       0
       0
       0
       0
       0
       0
       0
       0
       0
       0
       0
       0
       0
       0
       0
       0
       0
       0
       0
       0
       0
       0
       0
       0
       0
       0
       0
       0
       0
       0
       0
       0
       0
       0
       0
       0
       0
       0
       0
       0
       0
       0
       1
       0
       0
       0
       0
       0
       0
       0
       0
       0
       0
       0
       0
       0
       0
       0
       0
       0
       0
       0
       0
       0
       0
       0
       0
       0
       0
       0
       0
       0
       0
       0
       0
       0
       0
       0
       0
       0
       0
       0
       0
       0
       0
       0
       0
       0
       0
       0
       0
       0
       0
       0
       0
       0
       0
       0
       0
       0
       0
       0
       0
       0
       0
       0
       0
       0
       0
       0
       0
       0
       0
       0
       1
       0
       0
       0
       1
       0
       1
       0
       0
       0
       0
       0
       0
       0
       0
       0
       0
       0
       0
       0
       0
       0
       0
       0
       0
       0
       0
       0
       0
       1
       0
       0
       0
       0
       0
       0
       0
       0
       0
       0
       0
       0
       0
       0
       0
       0
       0
       0
       0
       0
       0
       0
       0
       0
       0
       0
       0
       0
       0
       0
       0
       0
       0
       0
       0
       0
       0
       0
       0
       0
       0
       0
       0
       0
       0
       0
       0
       0
       0
       0
       0
       0
       0
       0
       0
       0
       0
       0
       0
       0
       0
       0
       0
       0
       0
       0
       0
       0
       0
       0
       0
       0
       0
       0
       0
       0
       1
       0
       0
       0
       0
       0
       0
       0
       0
       0
       0
       0
       0
       0
       0
       0
       0
       0
       0
       0
       0
       0
       0
       0
       0
       0
       0
       0
       0
       0
       0
       0
       0
       0
       0
       0
       0
       0
       0
       0
       0
       0
       0
       0
       0
       0
       0
       0
       0
       0
       0
       0
       0
       1
       0
       0
       0
       0
       0
       0
       0
       0
       0
       0
       0
       0
       0
       0
       0
       0
       0
       0
       0
       0
       0
       0
       0
       0
       0
       0
       0
       0
       0
       0
       1
       0
       0
       0
       0
       0
       0
       0
       0
       0
       0
       0
       0
       0
       0
       0
       0
       0
       0
       0
       0
       0
       0
       0
       0
       0
       0
       0
       0
       0
       0
       0
       0
       0
       1
       0
       0
       0
       0
       0
       0
       0
       0
       0
       0
       0
       0
       0
       0
       0
       0
       0
       0
       0
       0
       0
       0
       0
       0
       0
       0
       0
       0
       0
       0
       0
       0
       0
       0
       1
       0
       0
       0
       0
       0
       1
       0
       0
       0
       0
       0
       0
       0
       0
       0
       0
       0
       0
       0
       0
       0
       0
       0
       0
       0
       0
       0
       0
       0
       0
       0
       0
       0
       0
       0
       0
       0
       0
       0
       0
       0
       0
       0
       0
       0
       0
       0
       0
       0
       0
       0
       0
       1
       0
       0
       0
       0
       0
       0
       0
       0
       0
       0
       0
       0
       0
       0
       0
       0
       0
       0
       0
       0
       0
       0
       0
       0
       0
       0
       0
       0
       0
       0
       0
       0
       0
       0
       0
       0
       0
       0
       0
       0
       0
       0
       0
       0
       0
       0
       0
       0
       0
       0
       0
$ENER_FIT:
0.000000 0.340000
$PRESETS:
Live Time (sec)
1000
0
$RT:
1008.360000
$DT:
8360
$ISO_DECL_U:
SMPLNAM: IDB-1292
SEPDATE: 01/01/1900 00:00:00
U234: 0.147 
DU234: 0.6803
U235: 21.902 
DU235: 0.1644
U236: Unknown 
DU236: Unknown
U238: 77.951 
DU238: 0.0154
$ADC:
4096
0
4095