$APPLICATION_ID:
IDB v.1.0
$SPEC_REM:
Material type: U
Material form: powder
Material compound: U3O8
U isotopics:
234U 1.1
235U 89.303
236U Unknown
238U 9.588
Detector: CZT (Geometry: Quasi-hemispherical, Size: 500 mm3)
MCA: InSpector-2000
$DATE_MEA:
01/13/2016 13:45:02
$MEAS_TIM:
1000 1134
$DATA:
0 4095
       0
       0
       0
       0
       0
       0
       0
       0
       0
       0
       0
       0
       0
       0
       0
       0
       0
       0
       0
       4
      25
     127
     320
     543
     715
     978
    1159
    1323
    1555
    1791
    1988
    2213
    2449
    2686
    2832
    3037
    3251
    3645
    4464
    4658
    4783
    5040
    5210
    5346
    5622
    5761
    5682
    5751
    5941
    5887
    5648
    5628
    5601
    5481
    5397
    5285
    5230
    5130
    5029
    4811
    4660
    4692
    4602
    4476
    4452
    4511
    4500
    4576
    4717
    4783
    4830
    5034
    5008
    5097
    5122
    5080
    5110
    4880
    4841
    4613
    4430
    4410
    4168
    4278
    4131
    4041
    4187
    4030
    3971
    4104
    4014
    4064
    4043
    4021
    4014
    3965
    3902
    3771
    3849
    3842
    3837
    3894
    3781
    3912
    3858
    3819
    3795
    3817
    3754
    3818
    3771
    3728
    3669
    3781
    3717
    3796
    3784
    3706
    3822
    3818
    3875
    3766
    3984
    3973
    4038
    4047
    3957
    4034
    4077
    4066
    4110
    4117
    4131
    4206
    4269
    4247
    4428
    4452
    4528
    4590
    4615
    4722
    4822
    5068
    5214
    5251
    5576
    5974
    6149
    6590
    6989
    7538
    7698
    8165
    8493
    8631
    8686
    8450
    8100
    8045
    7881
    7535
    7596
    7850
    7842
    8066
    8276
    8462
    8987
    9392
    9322
    9511
    9630
    9383
    9286
    8926
    8538
    8329
    7948
    7835
    7684
    7523
    7456
    7543
    7564
    7591
    7797
    8076
    8208
    8379
    8878
    9080
    9251
    9950
   10214
   10463
   10673
   10790
   11026
   11031
   10877
   11072
   11231
   11222
   11351
   11539
   11615
   11678
   11859
   11966
   11840
   12018
   11945
   11952
   12032
   11786
   11900
   12012
   12014
   11842
   11743
   11952
   11991
   12103
   11796
   11984
   11921
   12190
   12242
   12633
   13241
   13671
   14521
   15309
   16289
   17075
   18281
   19548
   21072
   22607
   24329
   25940
   27615
   28893
   30632
   31096
   31506
   31346
   29839
   28708
   26893
   25670
   24056
   23185
   22639
   22676
   23393
   24476
   26032
   27695
   29972
   31961
   34320
   36365
   38800
   41316
   43720
   46498
   50587
   55936
   60055
   65706
   71840
   77935
   82017
   87369
   89082
   90967
   91560
   91283
   90667
   90200
   91738
   92812
   95281
   97924
   99797
  100735
   99672
   95818
   89114
   80768
   70338
   59276
   49823
   40570
   33346
   27172
   22620
   19804
   18018
   16989
   16589
   16787
   17217
   17884
   18793
   19265
   20243
   21133
   22151
   23106
   23899
   25389
   27280
   29659
   31898
   34857
   38296
   41934
   45024
   48112
   50699
   52516
   52964
   52842
   51465
   49268
   46088
   42570
   38774
   35161
   32007
   29475
   26986
   24804
   22636
   20683
   18904
   16920
   14973
   12987
   11306
    9872
    8734
    7630
    6935
    6553
    6388
    6226
    6075
    5999
    6034
    6297
    5882
    6089
    5882
    5518
    5514
    4996
    4930
    4555
    4472
    4245
    4295
    4203
    4108
    4125
    4059
    3930
    3942
    3836
    3847
    3786
    3899
    3813
    3806
    3950
    3727
    3747
    3863
    3742
    3776
    3860
    3897
    3901
    4132
    3944
    3993
    4133
    4148
    4183
    4197
    4279
    4280
    4329
    4389
    4656
    4638
    4830
    4862
    4984
    5153
    5346
    5588
    5883
    6201
    6547
    7109
    7716
    8538
    9471
   10578
   11718
   13202
   14833
   16640
   18745
   20223
   21859
   22694
   23160
   23184
   21975
   20845
   18503
   16434
   13909
   11719
    9797
    8000
    6789
    5698
    4958
    4389
    4125
    3791
    3814
    3665
    3589
    3709
    3585
    3603
    3623
    3665
    3731
    3706
    3764
    3800
    3825
    3893
    4036
    3944
    4002
    4067
    4317
    4355
    4369
    4580
    4684
    4731
    5054
    5198
    5314
    5586
    5913
    6029
    6468
    6857
    7465
    8120
    8708
    9576
   10259
   11230
   12106
   12989
   13671
   13859
   13978
   13880
   13222
   12406
   11349
   10137
    8960
    7879
    6809
    6004
    5412
    4786
    4579
    4244
    4208
    4040
    4058
    4103
    4064
    4134
    4237
    4296
    4439
    4657
    4726
    4680
    4842
    5058
    5158
    5336
    5544
    5877
    5993
    6161
    6508
    6901
    7029
    7499
    7856
    8253
    8748
    9309
   10128
   10830
   11726
   12648
   14147
   15328
   17025
   18491
   20553
   22990
   26025
   29856
   33819
   39065
   44732
   51328
   59376
   68283
   77702
   88249
   96996
  105309
  112672
  115823
  115903
  113294
  106484
   96907
   85347
   72451
   60041
   47543
   36540
   27879
   20531
   14920
   10893
    7707
    5596
    4221
    3282
    2731
    2394
    2194
    2047
    2055
    2013
    2083
    2121
    2221
    2335
    2340
    2357
    2414
    2303
    2234
    2243
    2113
    2132
    2233
    2301
    2411
    2504
    2680
    2984
    3220
    3667
    3975
    4354
    4846
    5344
    5805
    6397
    7042
    7670
    8137
    8733
    9331
    9775
   10433
   10540
   10783
   10468
    9679
    9204
    8217
    7303
    6190
    5026
    4083
    3148
    2418
    1748
    1346
     974
     690
     556
     432
     325
     297
     258
     253
     200
     199
     178
     185
     192
     188
     193
     225
     204
     197
     221
     217
     261
     250
     247
     254
     279
     275
     250
     264
     272
     317
     315
     262
     309
     308
     355
     322
     302
     272
     260
     253
     210
     203
     168
     175
     130
     131
     112
      96
     101
     103
     109
      99
      83
      85
      99
     106
      84
     110
     115
      98
     115
     123
     108
     111
     125
     136
     145
     115
     146
     144
     141
     139
     152
     188
     157
     158
     128
     154
     155
     164
     164
     160
     164
     165
     175
     184
     185
     203
     177
     209
     230
     210
     233
     212
     203
     218
     224
     177
     155
     171
     142
     153
     140
     146
     133
     141
     127
     156
     175
     155
     133
     140
     156
     150
     127
     112
     125
     102
     112
      75
      98
      77
      68
      83
      82
      69
      62
      67
      76
      72
      72
      76
      76
      74
      64
      82
      80
      73
      76
      62
      83
      69
      83
      76
      63
      72
      64
      81
      85
      91
      77
      66
      80
      71
      67
      67
      69
      70
      77
      66
      67
      72
      73
      73
      90
      98
      87
      74
      92
     103
      89
      97
      94
      82
     110
     104
     105
     111
     104
     102
      98
      97
      95
     103
     110
     110
     114
     112
     109
     122
     120
     128
     148
     125
     141
     138
     146
     171
     147
     147
     153
     160
     168
     158
     157
     181
     176
     180
     158
     164
     178
     183
     173
     162
     192
     155
     158
     157
     179
     148
     142
     152
     123
     120
     104
     107
      85
      72
      80
      74
      71
      72
      72
      77
      74
      92
      98
      92
      94
      90
      87
      97
      95
     104
     116
      84
      96
     108
     117
      87
     110
     101
     119
      94
     114
      88
      88
     101
      85
     101
      69
      99
      68
      66
      80
      54
      65
      53
      53
      52
      62
      63
      64
      58
      46
      37
      39
      42
      46
      33
      39
      25
      33
      30
      35
      26
      25
      29
      18
      27
      35
      29
      25
      27
      25
      31
      29
      35
      36
      39
      32
      26
      24
      24
      31
      30
      24
      21
      28
      27
      29
      25
      30
      39
      24
      29
      33
      18
      16
      30
      31
      28
      22
      27
      28
      29
      30
      22
      31
      21
      37
      27
      25
      28
      29
      23
      33
      34
      25
      42
      24
      29
      41
      36
      43
      48
      44
      34
      27
      40
      44
      40
      40
      32
      33
      40
      35
      29
      30
      22
      30
      20
      26
      25
      13
      20
      20
      20
      28
      25
      21
      23
      30
      23
      19
      25
      22
      19
      17
      27
      26
      28
      30
      32
      28
      41
      29
      36
      42
      29
      32
      42
      44
      61
      42
      38
      43
      48
      53
      59
      58
      51
      58
      42
      66
      62
      50
      51
      43
      64
      49
      50
      42
      35
      33
      39
      28
      32
      27
      23
      19
      33
      22
      25
      23
      14
      18
      26
      17
      25
      27
      24
      18
      19
      20
      26
      22
      20
      23
      19
      22
      20
      14
      12
      17
      31
      23
      19
      21
      33
      24
      24
      28
      31
      31
      32
      37
      27
      45
      37
      47
      48
      36
      55
      46
      49
      58
      50
      67
      74
      66
      66
      64
      61
      71
      70
      79
      76
      65
      70
      52
      43
      28
      39
      23
      32
      23
      10
      15
      16
      17
      11
       8
       9
       8
      14
      10
      14
       6
      16
       7
       3
       8
       9
      11
       7
      13
       5
      13
      11
       9
       6
      10
      10
      17
      12
      11
      19
      13
      19
      13
      17
      17
      21
      19
      21
      19
      27
      23
      32
      24
      17
      22
      22
      18
      12
      19
      19
      17
       9
       8
      16
      12
      11
       9
       5
       3
       6
       8
       4
       5
       4
       6
       6
       6
       7
       5
       8
       6
      11
       5
      11
       5
       8
       8
      10
      14
       7
       8
       8
       9
       7
       7
       8
       9
       8
       9
       4
       8
       3
      10
       8
       5
       8
       9
       7
       4
       2
       4
       4
       2
       6
       2
       5
       5
       3
       5
       4
       6
       6
       2
       3
       3
       3
       4
       4
       3
       3
       3
       3
       5
       3
       4
       3
       2
       4
       4
       5
       8
       3
       4
       1
       8
       5
       4
       2
       3
       3
       1
       1
       1
       1
       6
       3
       5
       5
       5
       4
       2
       6
       7
       2
       2
       4
       2
       3
       7
       8
       2
       3
       1
       1
       2
       5
       1
       6
       4
       3
       5
       3
       3
       1
       6
       5
       5
       3
       2
       2
       5
       2
       1
       2
       6
       2
       8
       3
       3
       4
       4
       3
       5
       2
       2
       3
       7
       6
       7
       5
       5
       6
       5
       6
       2
       4
       5
       2
       3
       8
       2
       2
       5
       4
       5
       9
       5
       4
       4
       3
       3
       2
       3
       4
       6
       2
       4
       3
       4
       6
       5
       4
       3
       4
       1
       1
       0
       3
       2
       5
       3
       5
       3
       3
       6
       1
       5
       2
       2
       6
       2
       4
       3
       1
       2
       4
       7
       1
       4
       3
       5
       1
       1
       5
       2
       4
       3
       2
       3
       5
       3
       2
       2
       3
       1
       2
       5
       3
       4
       0
       4
       2
       5
       3
       3
       1
       1
       3
       3
       3
       4
       1
       0
       2
       3
       3
       0
       1
       1
       0
       2
       1
       3
       2
       1
       4
       3
       1
       3
       2
       4
       3
       4
       2
       1
       6
       3
       0
       3
       2
       1
       0
       1
       1
       0
       3
       1
       2
       2
       2
       3
       2
       1
       3
       0
       3
       1
       2
       1
       4
       2
       7
       2
       3
       2
       2
       1
       0
       4
       1
       1
       6
       3
       5
       3
       2
       1
       2
       3
       3
       3
       2
       3
       0
       2
       0
       3
       4
       2
       3
       2
       4
       2
       4
       1
       2
       3
       5
       0
       2
       2
       3
       5
       1
       4
       3
       2
       3
       0
       3
       0
       3
       4
       3
       4
       3
       1
       4
       4
       3
       1
       2
       4
       1
       5
       0
       3
       3
       1
       2
       2
       3
       3
       1
       3
       1
       4
       1
       3
       2
       3
       1
       0
       2
       3
       1
       2
       3
       2
       2
       2
       4
       3
       3
       1
       3
       5
       0
       2
       2
       2
       1
       3
       1
       3
       3
       1
       3
       0
       2
       1
       2
       1
       0
       3
       1
       1
       1
       1
       3
       0
       1
       1
       3
       3
       4
       1
       1
       2
       2
       1
       3
       1
       1
       0
       1
       0
       1
       3
       1
       3
       1
       0
       1
       0
       0
       2
       3
       1
       2
       3
       1
       1
       2
       1
       2
       2
       2
       1
       4
       1
       0
       2
       4
       1
       2
       3
       1
       4
       2
       2
       4
       3
       0
       4
       2
       2
       1
       1
       1
       1
       1
       4
       4
       1
       1
       4
       2
       1
       1
       4
       2
       1
       2
       1
       1
       1
       0
       0
       3
       0
       2
       2
       4
       1
       2
       1
       2
       3
       2
       3
       0
       1
       2
       2
       2
       2
       0
       2
       0
       1
       1
       1
       3
       6
       2
       1
       0
       1
       1
       1
       2
       1
       3
       3
       0
       2
       3
       0
       2
       2
       1
       2
       2
       3
       3
       1
       1
       1
       2
       2
       1
       3
       1
       0
       1
       5
       2
       4
       1
       3
       0
       4
       4
       1
       1
       4
       3
       4
       1
       2
       2
       3
       5
       2
       5
       1
       2
       6
       4
       3
       2
       0
       2
       3
       2
       0
       1
       0
       1
       1
       0
       3
       0
       3
       0
       2
       0
       0
       3
       1
       0
       3
       2
       2
       3
       1
       1
       0
       1
       3
       0
       3
       4
       5
       1
       2
       1
       1
       0
       0
       2
       2
       2
       2
       0
       0
       0
       2
       2
       3
       2
       1
       2
       1
       0
       0
       2
       4
       3
       1
       5
       1
       2
       5
      10
       3
       1
       2
       3
       4
       2
       2
       0
       4
       2
       3
       2
       1
       1
       2
       0
       3
       0
       3
       1
       1
       1
       0
       2
       0
       0
       0
       1
       3
       1
       2
       2
       4
       2
       1
       6
       1
       3
       1
       0
       0
       1
       2
       2
       0
       0
       1
       1
       1
       1
       2
       3
       2
       0
       1
       1
       1
       1
       5
       1
       3
       0
       0
       0
       1
       1
       1
       1
       3
       0
       0
       3
       2
       0
       0
       1
       0
       1
       0
       2
       1
       1
       2
       0
       0
       0
       1
       2
       0
       0
       1
       0
       1
       1
       0
       3
       2
       1
       0
       2
       1
       0
       2
       0
       0
       1
       1
       2
       2
       1
       1
       0
       1
       1
       1
       0
       0
       0
       0
       1
       1
       2
       0
       0
       2
       3
       0
       0
       1
       3
       1
       0
       0
       0
       0
       1
       1
       1
       0
       1
       0
       1
       0
       1
       1
       0
       1
       2
       1
       0
       0
       2
       0
       1
       2
       0
       0
       3
       2
       1
       0
       0
       1
       1
       1
       0
       1
       0
       3
       2
       1
       0
       0
       1
       4
       1
       0
       0
       1
       1
       2
       1
       0
       1
       2
       0
       2
       1
       4
       0
       1
       2
       1
       0
       0
       0
       0
       1
       0
       1
       1
       2
       0
       1
       0
       0
       1
       4
       0
       2
       1
       1
       1
       0
       2
       1
       0
       0
       3
       0
       3
       1
       3
       1
       1
       1
       1
       0
       1
       1
       1
       0
       1
       0
       2
       1
       1
       5
       0
       3
       1
       0
       0
       3
       1
       3
       1
       0
       0
       0
       2
       2
       2
       3
       0
       2
       0
       2
       1
       0
       1
       1
       2
       0
       0
       2
       1
       2
       2
       0
       0
       0
       0
       1
       0
       3
       2
       1
       1
       1
       2
       1
       0
       1
       3
       0
       0
       3
       3
       1
       0
       0
       0
       1
       0
       0
       0
       0
       1
       0
       3
       2
       0
       2
       0
       1
       1
       2
       0
       1
       0
       2
       2
       2
       1
       0
       1
       1
       0
       0
       3
       0
       2
       0
       0
       0
       1
       1
       0
       0
       2
       1
       2
       0
       1
       0
       1
       2
       0
       0
       4
       1
       0
       0
       1
       1
       2
       1
       0
       0
       3
       1
       3
       3
       4
       4
       0
       1
       1
       1
       3
       2
       2
       1
       1
       1
       1
       4
       0
       1
       1
       0
       0
       1
       0
       0
       2
       1
       2
       1
       0
       1
       1
       1
       2
       0
       0
       1
       0
       3
       0
       0
       2
       0
       1
       0
       1
       1
       2
       0
       1
       0
       2
       3
       1
       1
       1
       1
       0
       1
       0
       0
       0
       1
       0
       3
       0
       2
       0
       0
       0
       1
       3
       3
       0
       0
       0
       1
       2
       0
       3
       2
       2
       1
       0
       3
       0
       4
       2
       2
       0
       1
       2
       0
       2
       0
       1
       1
       1
       2
       1
       2
       1
       2
       0
       1
       1
       2
       1
       0
       1
       0
       4
       1
       4
       2
       1
       3
       3
       0
       3
       2
       5
       3
       1
       2
       1
       1
       0
       1
       0
       0
       0
       0
       3
       0
       0
       1
       1
       1
       2
       0
       1
       0
       0
       0
       0
       0
       2
       0
       1
       0
       1
       1
       1
       0
       1
       1
       1
       1
       2
       0
       1
       0
       1
       0
       0
       1
       0
       1
       1
       1
       1
       0
       2
       2
       2
       1
       0
       1
       0
       1
       0
       1
       0
       0
       0
       0
       1
       2
       0
       1
       4
       1
       0
       1
       0
       0
       0
       0
       0
       2
       1
       0
       0
       0
       2
       1
       0
       0
       2
       0
       0
       0
       0
       0
       0
       0
       0
       0
       0
       0
       1
       0
       0
       0
       1
       1
       0
       1
       1
       1
       0
       1
       1
       0
       1
       2
       0
       0
       0
       1
       0
       1
       0
       1
       1
       0
       2
       0
       0
       0
       0
       0
       2
       0
       1
       0
       1
       2
       0
       0
       1
       0
       0
       0
       1
       1
       0
       0
       0
       0
       1
       0
       1
       0
       0
       0
       0
       1
       1
       0
       1
       0
       0
       0
       0
       0
       0
       0
       1
       1
       0
       0
       0
       0
       0
       0
       0
       0
       0
       2
       1
       1
       2
       1
       2
       0
       0
       0
       1
       1
       1
       1
       0
       0
       1
       2
       1
       0
       0
       1
       2
       1
       2
       0
       0
       3
       0
       0
       0
       0
       0
       0
       0
       1
       1
       1
       0
       0
       1
       0
       0
       0
       0
       0
       2
       0
       1
       0
       1
       0
       0
       0
       0
       1
       1
       0
       0
       0
       1
       0
       1
       0
       0
       0
       2
       0
       0
       0
       0
       0
       0
       1
       2
       0
       0
       0
       1
       1
       1
       0
       0
       0
       0
       0
       0
       1
       0
       0
       1
       1
       1
       0
       2
       0
       0
       1
       0
       0
       0
       0
       2
       1
       0
       0
       0
       0
       0
       1
       0
       1
       0
       0
       0
       0
       0
       0
       0
       1
       0
       1
       1
       2
       0
       0
       0
       0
       1
       0
       0
       0
       1
       0
       1
       0
       1
       0
       0
       0
       0
       0
       0
       0
       0
       0
       0
       0
       0
       0
       0
       1
       0
       1
       1
       0
       1
       0
       0
       0
       0
       1
       0
       1
       1
       0
       0
       0
       1
       1
       0
       1
       0
       0
       0
       0
       1
       0
       0
       1
       1
       0
       0
       0
       0
       0
       0
       0
       0
       0
       0
       0
       0
       0
       0
       0
       0
       1
       1
       1
       0
       0
       0
       0
       1
       1
       0
       1
       0
       1
       0
       0
       1
       0
       0
       0
       0
       0
       0
       0
       1
       1
       2
       0
       0
       0
       0
       0
       0
       1
       0
       1
       0
       1
       0
       0
       0
       0
       1
       1
       0
       0
       0
       1
       0
       1
       0
       0
       0
       0
       1
       1
       0
       0
       0
       0
       1
       0
       0
       3
       0
       0
       0
       1
       0
       0
       0
       0
       1
       1
       0
       0
       0
       0
       0
       0
       0
       0
       1
       0
       1
       1
       0
       0
       1
       0
       0
       0
       1
       0
       0
       0
       0
       0
       0
       0
       2
       0
       0
       1
       0
       2
       0
       0
       0
       0
       0
       1
       0
       0
       0
       0
       0
       0
       0
       0
       3
       0
       0
       1
       1
       0
       0
       0
       0
       1
       0
       0
       0
       1
       0
       1
       0
       1
       0
       0
       0
       1
       0
       0
       0
       2
       1
       0
       1
       0
       1
       0
       1
       1
       0
       0
       0
       0
       0
       1
       1
       1
       0
       0
       0
       0
       0
       0
       0
       0
       0
       0
       0
       0
       0
       0
       0
       0
       0
       1
       0
       1
       0
       0
       0
       0
       0
       0
       1
       0
       0
       0
       0
       0
       0
       0
       0
       0
       0
       1
       0
       0
       0
       0
       0
       0
       0
       0
       1
       1
       0
       0
       0
       1
       0
       0
       0
       1
       0
       0
       0
       0
       1
       1
       0
       0
       1
       0
       1
       0
       1
       0
       0
       0
       0
       0
       0
       0
       0
       0
       1
       0
       0
       0
       0
       1
       1
       0
       0
       1
       0
       0
       0
       0
       0
       0
       0
       1
       0
       0
       1
       0
       1
       2
       1
       1
       0
       0
       0
       0
       1
       0
       0
       0
       1
       1
       2
       0
       0
       0
       0
       0
       1
       2
       0
       1
       2
       0
       2
       1
       0
       2
       4
       0
       2
       0
       2
       1
       0
       1
       1
       2
       0
       0
       4
       1
       1
       1
       3
       2
       1
       2
       2
       4
       0
       0
       1
       0
       2
       1
       2
       1
       3
       2
       0
       0
       1
       0
       0
       1
       0
       1
       1
       1
       0
       0
       0
       0
       0
       0
       1
       0
       0
       0
       0
       0
       0
       1
       1
       1
       1
       1
       0
       1
       0
       1
       0
       0
       0
       0
       0
       0
       0
       0
       0
       0
       1
       1
       0
       1
       0
       1
       0
       0
       0
       1
       0
       0
       0
       0
       0
       0
       0
       0
       0
       0
       0
       0
       1
       0
       0
       0
       0
       0
       0
       0
       1
       0
       0
       0
       0
       0
       1
       0
       0
       0
       0
       0
       1
       0
       0
       0
       0
       0
       0
       0
       0
       0
       0
       0
       0
       0
       0
       0
       0
       0
       0
       0
       0
       0
       0
       1
       0
       0
       0
       0
       1
       0
       0
       0
       0
       0
       0
       0
       0
       0
       0
       0
       0
       0
       0
       1
       0
       1
       0
       1
       0
       1
       0
       0
       0
       0
       0
       1
       0
       0
       0
       0
       0
       1
       0
       0
       0
       0
       0
       0
       1
       0
       0
       0
       0
       0
       0
       0
       1
       0
       2
       0
       0
       0
       0
       0
       0
       0
       0
       0
       0
       0
       0
       0
       1
       0
       0
       0
       0
       0
       0
       0
       0
       0
       0
       0
       0
       0
       0
       0
       0
       0
       0
       0
       1
       1
       0
       0
       0
       0
       1
       0
       0
       0
       1
       0
       2
       0
       0
       0
       0
       0
       0
       0
       0
       0
       0
       1
       1
       0
       0
       0
       1
       1
       0
       0
       1
       1
       0
       0
       0
       0
       0
       0
       0
       0
       1
       0
       1
       1
       0
       0
       0
       0
       0
       0
       0
       0
       0
       0
       0
       0
       0
       1
       0
       0
       0
       0
       0
       0
       0
       1
       0
       0
       0
       0
       1
       1
       0
       0
       0
       1
       0
       0
       0
       0
       0
       0
       0
       0
       0
       1
       0
       1
       0
       0
       0
       1
       0
       0
       0
       0
       0
       0
       0
       0
       0
       0
       0
       0
       0
       0
       1
       0
       0
       0
       0
       0
       0
       0
       0
       2
       1
       0
       0
       0
       0
       0
       0
       0
       0
       0
       0
       0
       0
       0
       1
       0
       0
       0
       0
       0
       0
       1
       1
       0
       0
       1
       0
       0
       0
       0
       0
       0
       1
       1
       0
       0
       0
       0
       0
       0
       0
       0
       1
       0
       0
       1
       0
       0
       0
       1
       0
       0
       0
       0
       0
       0
       0
       0
       0
       0
       0
       0
       1
       0
       0
       1
       1
       0
       0
       0
       0
       0
       1
       0
       0
       0
       0
       0
       0
       0
       0
       0
       1
       0
       0
       0
       0
       0
       0
       0
       0
       0
       0
       0
       0
       0
       0
       0
       0
       0
       0
       0
       0
       0
       0
       0
       0
       0
       0
       0
       0
       1
       0
       0
       0
       0
       0
       0
       1
       0
       0
       0
       0
       0
       0
       0
       1
       0
       0
       0
       1
       0
       0
       0
       0
       0
       0
       0
       0
       0
       0
       0
       0
       0
       0
       0
       0
       0
       0
       1
       0
       0
       0
       0
       1
       0
       0
       0
       1
       0
       0
       0
       0
       0
       0
       0
       0
       1
       0
       0
       0
       0
       0
       1
       0
       1
       0
       1
       0
       0
       0
       0
       1
       0
       0
       0
       0
       0
       0
       0
       0
       0
       0
       0
       0
       1
       0
       0
       0
       0
       0
       0
       0
       0
       0
       1
       0
       0
       1
       0
       0
       0
       1
       0
       0
       0
       0
       1
       0
       0
       0
       0
       0
       0
       0
       0
       0
       0
       0
       0
       0
       0
       0
       0
       0
       1
       0
       0
       1
       0
       0
       0
       1
       1
       0
       0
       1
       0
       0
       0
       0
       0
       0
       0
       1
       0
       0
       0
       0
       0
       0
       0
       0
       1
       0
       0
       0
       1
       0
       0
       1
       0
       0
       0
       0
       0
       0
       0
       0
       0
       0
       0
       0
       1
       0
       0
       0
       0
       0
       0
       0
       1
       0
       1
       0
       0
       0
       0
       0
       0
       0
       0
       0
       0
       0
       0
       0
       0
       0
       0
       0
       0
       0
       0
       0
       0
       0
       0
       0
       0
       0
       0
       0
       0
       0
       0
       0
       0
       1
       0
       1
       0
       1
       0
       0
       0
       0
       0
       0
       0
       0
       0
       0
       0
       0
       0
       0
       1
       0
       0
       0
       0
       0
       0
       0
       0
       0
       0
       0
       0
       0
       0
       2
       0
       1
       0
       0
       0
       0
       0
       2
       0
       0
       0
       0
       0
       1
       0
       0
       0
       0
       0
       0
       0
       0
       1
       0
       0
       0
       1
       0
       0
       0
       0
       0
       0
       0
       1
       0
       0
       0
       0
       0
       0
       0
       0
       0
       0
       1
       0
       0
       0
       0
       0
       0
       0
       0
       0
       0
       0
       0
       0
       0
       1
       0
       0
       0
       0
       0
       0
       0
       0
       0
       1
       0
       1
       0
       0
       0
       0
       0
       0
       1
       0
       0
       0
       0
       0
       0
       0
       0
       0
       0
       0
       0
       0
       0
       0
       0
       0
       0
       0
       0
       0
       0
       0
       0
       0
       0
       0
       0
       0
       0
       0
       0
       0
       0
       0
       0
       0
       0
       0
       0
       0
       1
       0
       1
       0
       0
       0
       0
       0
       0
       0
       0
       0
       0
       0
       0
       0
       0
       0
       0
       0
       0
       0
       0
       1
       0
       0
       0
       0
       0
       0
       0
       0
       0
       0
       0
       0
       0
       0
       0
       0
       0
       1
       0
       0
       0
       0
       0
       0
       0
       0
       0
       0
       0
       0
       0
       0
       1
       0
       0
       0
       0
       0
       0
       0
       0
       0
       0
       0
       0
       0
       0
       0
       0
       0
       0
       0
       0
       0
       0
       0
       0
       0
       0
       0
       1
       0
       1
       0
       0
       0
       0
       0
       0
       0
       0
       0
       0
       0
       0
       0
       1
       0
       0
       0
       0
       0
       0
       0
       0
       0
       0
       0
       0
       0
       0
       0
       0
       0
       0
       0
       0
       0
       0
       0
       0
       0
       0
       0
       0
       0
       0
       1
       0
       0
       0
       0
       0
       0
       0
       0
       0
       0
       0
       0
       0
       0
       0
       0
       0
       0
       0
       0
       0
       1
       0
       0
       1
       0
       0
       0
       0
       0
       0
       0
       0
       0
       0
       0
       0
       0
       0
       1
       0
       0
       0
       0
       0
       0
       0
       0
       0
       0
       0
       1
       0
       0
       1
       0
       0
       0
       0
       0
       0
       1
       0
       0
       0
       0
       0
       0
       1
       1
       0
       0
       0
       0
       0
       0
       0
       0
       0
       0
       0
       0
       0
       0
       1
       0
       0
       0
       0
       0
       0
       0
       0
       0
       0
       0
       0
       0
       0
       0
       0
       0
       0
       0
       0
       0
       0
       0
       1
       0
       1
       1
       0
       0
       0
       0
       0
       0
       0
       0
       0
       0
       0
       0
       0
       0
       0
       0
       0
       0
       0
       0
       0
       0
       0
       0
       0
       0
       0
       0
       0
       0
       0
       0
       0
       0
       0
       0
       0
       0
       0
       0
       0
       0
       0
       0
       0
       0
       1
       0
       0
       0
       0
       0
       0
       1
       0
       0
       0
       0
       1
       0
       0
       0
       0
       0
       0
       0
       0
       0
       1
       0
       0
       0
       1
       0
       0
       0
       0
       0
       0
       1
       0
       0
       0
       0
       0
       0
       0
       0
       0
       0
       1
       0
       0
       0
       0
$ENER_FIT:
0.000000 0.340000
$PRESETS:
Live Time (sec)
1000
0
$RT:
1134.380000
$DT:
134380
$ISO_DECL_U:
SMPLNAM: IDB-1298
SEPDATE: 01/01/1900 00:00:00
U234: 1.1 
DU234: 0.0909
U235: 89.303 
DU235: 0.0403
U236: 0.01 
DU236: 10.0000
U238: 9.588 
DU238: 0.1252
$ADC:
4096
0
4095