$APPLICATION_ID:
IDB v.1.0
$SPEC_REM:
Material type: U
Material form: powder
Material compound: U3O8
U isotopics:
234U 1.1
235U 89.303
236U Unknown
238U 9.588
Detector: CZT (Geometry: Quasi-hemispherical, Size: 500 mm3)
MCA: InSpector-2000
$DATE_MEA:
12/07/2015 08:43:22
$MEAS_TIM:
1000 1023
$DATA:
0 4095
       0
       0
       0
       0
       0
       0
       0
       0
       0
       0
       0
       0
       0
       0
       0
       0
       0
       0
       0
       0
       0
       0
       0
       3
      41
     132
     207
     313
     362
     452
     502
     535
     633
     635
     692
     728
     699
     779
     811
     842
     863
     866
     840
     823
     956
     912
     930
     926
     932
     932
     914
     900
     861
     886
     917
     847
     868
     857
     839
     855
     815
     848
     847
     808
     863
     811
     817
     873
     830
     803
     830
     793
     819
     845
     803
     798
     775
     791
     753
     757
     859
     803
     736
     798
     805
     841
     747
     807
     799
     767
     758
     735
     748
     769
     766
     783
     793
     790
     780
     755
     798
     791
     766
     782
     749
     774
     747
     785
     748
     770
     721
     750
     698
     748
     722
     750
     741
     729
     766
     738
     726
     712
     710
     770
     730
     751
     753
     742
     746
     760
     707
     696
     771
     762
     806
     730
     728
     735
     754
     793
     729
     776
     757
     750
     783
     764
     843
     771
     758
     805
     849
     828
     836
     828
     836
     881
     861
     841
     863
     996
     956
    1005
    1001
    1036
    1108
    1109
    1199
    1248
    1372
    1356
    1407
    1407
    1421
    1380
    1340
    1353
    1303
    1256
    1230
    1143
     979
    1008
     996
     969
    1015
    1056
    1049
    1080
    1131
    1083
    1215
    1205
    1240
    1267
    1332
    1275
    1327
    1359
    1402
    1359
    1348
    1353
    1313
    1346
    1354
    1280
    1235
    1263
    1270
    1257
    1295
    1208
    1288
    1289
    1320
    1288
    1324
    1251
    1259
    1356
    1419
    1346
    1344
    1356
    1437
    1388
    1357
    1465
    1407
    1433
    1448
    1444
    1422
    1594
    1541
    1603
    1571
    1573
    1683
    1652
    1734
    1768
    1868
    1962
    1900
    1930
    1994
    2040
    2034
    2090
    2164
    2151
    2169
    2140
    2218
    2189
    2276
    2366
    2420
    2439
    2590
    2648
    2780
    2904
    2886
    3003
    3103
    3296
    3374
    3498
    3646
    3930
    4096
    4289
    4468
    4696
    4812
    4917
    4880
    4865
    4842
    4958
    5040
    5105
    5316
    5351
    5521
    5484
    5530
    5397
    5223
    4908
    4617
    4267
    3929
    3524
    3352
    3116
    2997
    2889
    2920
    2824
    2860
    2912
    2914
    3020
    3115
    3151
    3206
    3300
    3482
    3502
    3635
    3718
    3775
    3947
    4126
    4334
    4464
    4685
    5040
    5229
    5402
    5410
    5463
    5619
    5590
    5289
    5130
    4797
    4643
    4484
    4126
    3891
    3911
    3642
    3508
    3314
    3150
    3104
    2960
    2882
    2705
    2535
    2518
    2432
    2364
    2196
    2332
    2291
    2299
    2319
    2314
    2236
    2335
    2324
    2271
    2242
    2312
    2276
    2176
    2263
    2308
    2262
    2223
    2187
    2243
    2227
    2241
    2230
    2187
    2269
    2300
    2267
    2224
    2347
    2323
    2380
    2326
    2425
    2298
    2315
    2471
    2412
    2469
    2444
    2554
    2561
    2494
    2555
    2483
    2547
    2585
    2550
    2616
    2593
    2624
    2629
    2686
    2729
    2679
    2754
    2704
    2781
    2804
    2882
    2871
    2999
    3187
    3212
    3137
    3352
    3469
    3658
    3833
    4139
    4268
    4525
    4709
    5015
    5170
    5262
    5291
    5186
    5016
    4714
    4448
    4037
    3727
    3519
    3251
    3018
    2937
    2851
    2826
    2715
    2658
    2610
    2739
    2675
    2752
    2661
    2687
    2739
    2734
    2820
    2827
    2862
    2800
    2798
    2870
    2983
    2792
    2821
    2948
    2863
    2936
    2952
    3045
    3075
    3095
    3173
    3042
    3290
    3169
    3294
    3330
    3468
    3483
    3594
    3591
    3705
    3901
    4062
    4172
    4317
    4473
    4544
    4730
    4702
    4652
    4549
    4537
    4339
    4138
    3952
    3830
    3516
    3378
    3222
    3192
    3103
    3107
    3032
    3078
    3086
    2967
    3150
    2976
    3028
    3032
    3212
    3096
    3216
    3151
    3330
    3417
    3383
    3371
    3374
    3443
    3401
    3535
    3575
    3637
    3676
    3748
    3856
    3780
    3926
    4146
    4195
    4286
    4411
    4665
    4804
    4994
    5182
    5728
    6042
    6440
    6820
    7555
    8163
    8970
   10116
   11184
   12622
   13926
   15930
   17610
   19672
   21084
   22451
   23319
   24081
   23550
   22584
   20856
   18693
   16196
   13743
   11077
    8903
    6828
    5133
    3812
    2730
    1934
    1431
    1109
     873
     723
     616
     608
     608
     569
     638
     637
     678
     650
     696
     721
     724
     661
     694
     703
     689
     664
     707
     671
     663
     660
     716
     754
     742
     810
     912
     964
    1028
    1156
    1211
    1328
    1410
    1556
    1749
    1848
    1892
    2065
    2145
    2222
    2350
    2384
    2317
    2231
    2090
    1938
    1711
    1501
    1277
    1033
     785
     645
     452
     405
     247
     209
     147
     119
      73
      62
      66
      64
      50
      44
      41
      39
      49
      46
      67
      50
      60
      55
      61
      61
      59
      58
      63
      59
      63
      68
      65
      76
      77
      75
      75
      79
      79
      81
      77
      91
      67
      67
      66
      55
      54
      46
      57
      52
      38
      32
      33
      22
      39
      29
      24
      24
      21
      22
      27
      32
      32
      28
      36
      43
      32
      22
      29
      35
      37
      36
      32
      42
      25
      30
      41
      36
      33
      42
      38
      28
      39
      27
      34
      35
      40
      39
      36
      45
      44
      46
      40
      30
      48
      57
      59
      60
      59
      58
      53
      64
      46
      36
      42
      46
      35
      34
      34
      38
      31
      35
      38
      28
      42
      35
      53
      35
      31
      35
      40
      33
      27
      20
      22
      11
      23
       8
      22
      12
      14
      12
      16
      25
      22
      10
      14
       7
      16
      12
      16
      18
      16
      20
      14
      16
      19
      13
      14
      17
      19
      16
      16
       8
      15
      15
      14
      13
      18
      18
      14
      13
       6
       9
      16
      10
      14
      13
       9
      11
      19
      22
      12
      13
      18
      20
      27
      14
      23
       7
      12
      14
      24
      19
      14
      15
      13
      12
      17
      20
      11
      17
      18
      16
       9
      10
      15
      17
      15
      15
      12
      15
      23
      16
      28
      21
      10
      22
      13
      19
       9
      13
      11
      15
      19
      17
      17
      13
      15
      21
      16
      10
      17
      17
      16
      11
      21
      12
      13
      13
      14
      15
      15
      11
      19
      10
      13
      17
      15
      12
      19
      12
      13
      14
      13
      18
      22
      16
      13
      21
      19
      17
       8
      14
      15
      12
      16
      11
      13
      14
      10
       9
      11
      10
      13
       6
       9
      10
      10
       6
      10
       6
      11
      11
       6
      10
      13
      11
       8
      11
      14
      10
       8
       7
       9
       9
      14
       8
       4
       7
      15
       8
       4
       3
       4
       7
       9
       7
       4
       6
      10
       9
       5
       7
      10
       7
      10
      17
       7
       8
       8
       7
       7
       2
       9
      12
       9
       2
      10
       1
       6
      10
       2
       5
       5
       6
       5
       6
       8
      10
       6
       5
       6
       5
      13
       7
       5
       8
       7
       5
      10
       7
       6
       9
       9
      11
       7
       6
       2
       6
       7
      12
       8
       8
       7
       8
       7
       7
       9
       8
       8
      11
       7
      10
      13
       7
       5
       5
       3
       9
       5
       8
       5
      10
       5
      13
      10
       5
       7
       9
       8
       8
       4
       7
       8
       9
       6
       7
      11
       7
      13
      10
      10
       6
      11
       7
      17
       6
      11
      13
      10
      15
      10
      13
      12
      16
      12
      16
      12
      20
      13
      33
      19
      12
      12
      10
      11
      16
      14
       5
      13
       9
       9
       8
       6
       8
       5
       7
       6
      11
       8
       8
       7
       4
       1
       5
       7
       5
       4
       3
       5
       5
       4
       3
       3
       2
       2
       5
       4
       1
       4
       2
      10
       2
       5
       3
       7
       0
       4
       3
       6
       5
       3
       4
       6
       4
       6
       3
       4
       7
       3
       3
       5
       4
       6
       3
       4
       4
       7
       5
       3
       7
       8
       6
       6
       5
       5
       8
       8
       3
       5
       2
       1
       0
       5
       6
       3
       3
       2
       5
       2
       1
       3
       2
       4
       1
       4
       1
      10
       0
       2
       3
       4
       1
       1
       3
       1
       5
       5
       0
       3
       2
       4
       3
       2
       1
       5
       0
       6
       7
       5
       2
       4
       4
       3
       1
       7
       6
       4
       2
       5
       3
       5
       5
       6
       2
       4
       2
       6
       2
       5
       3
       4
       3
       0
       1
       2
       4
       5
       4
       3
       5
       0
       3
       4
       1
       6
       2
       2
       5
       2
       3
       4
       6
       3
       4
       2
       2
       1
       4
       2
       2
       2
       4
       3
       2
       5
       2
       2
       2
       3
       1
       7
       4
       4
       5
       3
       2
       0
       0
       4
       4
       1
       3
       2
       2
       1
       1
       5
       0
       2
       3
       0
       3
       2
       1
       4
       3
       3
       3
       1
       3
       0
       2
       3
       1
       2
       1
       3
       1
       2
       2
       1
       2
       2
       1
       1
       1
       3
       2
       2
       3
       1
       2
       1
       4
       1
       2
       2
       3
       3
       1
       2
       2
       0
       2
       1
       1
       1
       0
       2
       4
       1
       0
       2
       3
       2
       2
       4
       2
       3
       2
       0
       1
       3
       0
       3
       0
       3
       2
       4
       0
       2
       1
       1
       3
       0
       1
       4
       4
       0
       2
       2
       3
       4
       0
       2
       2
       3
       6
       1
       0
       1
       4
       1
       1
       1
       3
       0
       4
       3
       1
       4
       3
       2
       0
       2
       1
       1
       4
       2
       0
       4
       2
       1
       1
       0
       2
       1
       1
       3
       1
       0
       0
       2
       2
       0
       0
       0
       1
       2
       1
       0
       4
       1
       0
       1
       0
       1
       0
       1
       2
       4
       1
       1
       1
       2
       0
       3
       0
       0
       1
       0
       2
       4
       0
       2
       1
       1
       2
       0
       1
       0
       2
       1
       2
       0
       0
       0
       2
       0
       3
       0
       1
       1
       0
       0
       0
       1
       1
       1
       1
       1
       4
       0
       3
       2
       0
       4
       0
       4
       0
       1
       0
       0
       1
       1
       1
       2
       2
       0
       0
       1
       0
       1
       3
       0
       1
       0
       0
       0
       1
       0
       0
       3
       1
       2
       0
       0
       2
       1
       1
       3
       3
       0
       3
       0
       0
       0
       0
       0
       2
       1
       1
       0
       2
       3
       2
       1
       1
       3
       0
       1
       1
       1
       5
       2
       3
       0
       2
       2
       1
       0
       0
       2
       1
       1
       2
       0
       3
       2
       1
       1
       2
       0
       1
       1
       2
       0
       1
       3
       0
       1
       1
       0
       1
       0
       0
       0
       2
       2
       0
       1
       2
       1
       0
       3
       0
       4
       2
       0
       1
       1
       1
       3
       2
       0
       1
       1
       2
       1
       1
       0
       0
       1
       1
       2
       1
       0
       1
       1
       0
       0
       0
       1
       2
       0
       0
       0
       2
       2
       1
       1
       3
       1
       1
       0
       2
       1
       1
       4
       1
       0
       1
       0
       3
       1
       1
       0
       0
       2
       1
       1
       0
       2
       1
       0
       1
       0
       1
       0
       0
       2
       2
       0
       1
       0
       1
       1
       1
       1
       1
       1
       2
       0
       0
       1
       1
       1
       0
       0
       1
       2
       1
       0
       1
       0
       0
       2
       0
       0
       0
       1
       1
       1
       0
       1
       1
       4
       2
       0
       1
       4
       2
       0
       0
       2
       1
       0
       0
       2
       0
       5
       0
       0
       2
       2
       0
       1
       1
       5
       0
       0
       0
       1
       0
       0
       0
       1
       2
       0
       0
       1
       0
       1
       2
       0
       1
       1
       1
       2
       1
       0
       0
       0
       0
       3
       0
       1
       0
       3
       0
       1
       0
       0
       0
       3
       1
       0
       2
       1
       1
       1
       0
       0
       0
       1
       2
       0
       1
       1
       1
       2
       0
       2
       1
       0
       2
       3
       0
       3
       1
       0
       3
       0
       1
       1
       1
       0
       0
       3
       0
       0
       2
       0
       0
       1
       1
       0
       0
       1
       0
       0
       2
       4
       0
       1
       2
       0
       1
       1
       1
       0
       0
       2
       1
       1
       3
       1
       1
       0
       0
       2
       1
       1
       0
       1
       1
       2
       0
       1
       0
       0
       0
       3
       0
       0
       1
       0
       0
       1
       1
       0
       1
       1
       0
       0
       0
       0
       2
       1
       1
       1
       1
       0
       2
       5
       0
       0
       2
       0
       0
       0
       0
       0
       0
       3
       1
       0
       2
       1
       1
       1
       0
       0
       1
       0
       1
       0
       0
       1
       1
       0
       1
       0
       1
       3
       1
       2
       0
       2
       2
       1
       1
       0
       1
       1
       0
       0
       1
       3
       1
       0
       0
       1
       0
       0
       2
       1
       0
       1
       1
       0
       1
       0
       0
       0
       1
       0
       0
       0
       0
       0
       0
       1
       1
       0
       0
       1
       1
       0
       1
       2
       1
       0
       0
       0
       0
       0
       0
       0
       0
       1
       0
       0
       0
       0
       0
       0
       2
       0
       0
       0
       0
       1
       0
       0
       0
       0
       2
       0
       0
       0
       0
       2
       0
       1
       0
       2
       0
       0
       1
       0
       0
       0
       0
       0
       1
       0
       1
       1
       1
       0
       1
       0
       1
       1
       0
       0
       0
       0
       0
       0
       0
       0
       0
       0
       3
       1
       1
       0
       0
       1
       0
       0
       2
       1
       2
       2
       0
       1
       0
       0
       1
       0
       0
       1
       0
       1
       0
       0
       0
       0
       0
       0
       0
       0
       0
       0
       1
       1
       1
       0
       1
       0
       0
       1
       0
       0
       1
       0
       0
       0
       0
       1
       1
       1
       0
       1
       0
       0
       1
       0
       1
       0
       0
       0
       2
       1
       0
       0
       1
       0
       1
       1
       1
       0
       1
       0
       0
       0
       1
       0
       0
       1
       2
       0
       0
       0
       0
       1
       0
       0
       0
       0
       1
       0
       0
       0
       0
       0
       0
       3
       0
       2
       0
       0
       1
       0
       1
       0
       0
       1
       0
       0
       0
       0
       1
       0
       2
       0
       0
       0
       1
       1
       0
       2
       0
       0
       0
       0
       1
       1
       0
       1
       1
       2
       0
       0
       1
       0
       0
       0
       0
       2
       0
       0
       1
       0
       1
       0
       0
       1
       1
       1
       0
       0
       0
       0
       0
       1
       0
       0
       1
       0
       1
       0
       1
       0
       0
       0
       0
       0
       3
       0
       0
       0
       0
       0
       1
       0
       1
       0
       0
       0
       1
       0
       0
       0
       0
       1
       0
       0
       0
       0
       1
       0
       0
       0
       1
       0
       0
       0
       1
       0
       0
       0
       0
       0
       0
       1
       0
       0
       1
       0
       2
       0
       3
       1
       0
       0
       0
       0
       1
       1
       0
       0
       1
       0
       4
       0
       0
       0
       1
       0
       0
       1
       0
       0
       1
       0
       0
       0
       0
       0
       1
       0
       0
       0
       1
       1
       0
       0
       0
       0
       1
       0
       0
       0
       0
       1
       0
       0
       0
       1
       0
       4
       0
       0
       2
       1
       0
       0
       1
       1
       0
       0
       2
       1
       1
       0
       1
       1
       0
       0
       1
       0
       0
       0
       0
       0
       2
       0
       0
       2
       0
       0
       1
       0
       4
       1
       0
       1
       0
       1
       0
       0
       0
       1
       0
       0
       0
       2
       0
       0
       0
       0
       1
       1
       0
       0
       1
       1
       1
       1
       1
       0
       0
       0
       0
       0
       2
       1
       0
       0
       1
       0
       1
       2
       0
       0
       1
       0
       0
       2
       0
       1
       0
       2
       0
       2
       0
       2
       0
       1
       0
       3
       2
       1
       2
       1
       0
       0
       1
       1
       1
       1
       0
       1
       0
       1
       0
       1
       0
       0
       0
       0
       0
       2
       0
       0
       1
       0
       2
       0
       0
       0
       0
       0
       0
       1
       1
       1
       0
       0
       1
       0
       0
       0
       0
       0
       1
       1
       0
       0
       1
       0
       0
       1
       3
       1
       1
       1
       1
       1
       0
       0
       0
       0
       1
       0
       0
       0
       0
       0
       1
       0
       0
       2
       0
       0
       0
       0
       1
       1
       0
       0
       0
       1
       0
       0
       0
       1
       1
       1
       0
       0
       1
       0
       0
       0
       1
       0
       0
       0
       1
       2
       1
       0
       0
       0
       0
       0
       0
       0
       0
       0
       0
       0
       0
       0
       0
       0
       0
       1
       1
       0
       1
       0
       1
       0
       0
       0
       1
       1
       0
       0
       0
       0
       0
       1
       0
       0
       0
       1
       1
       0
       0
       0
       0
       0
       0
       2
       0
       0
       0
       0
       0
       0
       1
       0
       0
       0
       0
       0
       0
       0
       0
       0
       1
       0
       1
       1
       0
       0
       0
       0
       0
       0
       1
       0
       0
       0
       0
       0
       0
       0
       0
       1
       0
       3
       0
       0
       1
       1
       0
       0
       0
       1
       2
       1
       0
       0
       0
       0
       0
       0
       0
       0
       0
       2
       0
       0
       0
       1
       0
       0
       0
       0
       0
       1
       0
       0
       0
       0
       1
       0
       0
       0
       1
       1
       0
       2
       1
       0
       0
       0
       0
       0
       0
       1
       0
       0
       0
       0
       0
       1
       0
       0
       0
       1
       0
       0
       0
       0
       0
       1
       1
       1
       0
       1
       0
       0
       0
       0
       0
       0
       0
       0
       1
       0
       0
       0
       0
       0
       0
       0
       0
       0
       0
       0
       2
       0
       0
       0
       0
       0
       0
       0
       0
       1
       0
       0
       0
       1
       0
       0
       0
       0
       0
       0
       0
       0
       0
       0
       0
       0
       0
       0
       0
       0
       0
       0
       0
       0
       0
       0
       0
       0
       0
       0
       0
       0
       0
       0
       0
       1
       1
       0
       1
       0
       1
       0
       0
       0
       1
       1
       0
       0
       0
       0
       1
       0
       0
       0
       0
       0
       0
       0
       0
       0
       0
       0
       0
       0
       0
       0
       0
       0
       0
       0
       0
       0
       0
       0
       0
       2
       0
       1
       1
       0
       0
       0
       0
       1
       0
       0
       0
       0
       0
       0
       0
       0
       0
       0
       0
       0
       0
       0
       0
       0
       0
       0
       0
       0
       0
       1
       0
       0
       0
       1
       0
       0
       0
       0
       0
       0
       0
       1
       0
       0
       0
       0
       0
       0
       0
       0
       0
       0
       0
       1
       0
       0
       0
       0
       0
       0
       0
       0
       0
       0
       0
       0
       0
       0
       0
       0
       0
       0
       0
       0
       0
       0
       0
       2
       0
       0
       1
       1
       0
       0
       1
       0
       0
       0
       0
       0
       0
       0
       0
       1
       0
       0
       0
       0
       1
       0
       0
       1
       0
       1
       0
       0
       0
       1
       0
       0
       0
       0
       0
       1
       0
       0
       1
       1
       0
       0
       1
       0
       0
       0
       0
       0
       0
       0
       0
       1
       1
       0
       2
       0
       1
       0
       0
       0
       0
       0
       0
       0
       1
       0
       0
       0
       1
       0
       0
       0
       0
       0
       0
       0
       0
       0
       0
       0
       0
       0
       0
       1
       0
       0
       1
       0
       0
       0
       0
       1
       0
       0
       0
       0
       0
       0
       0
       0
       0
       0
       0
       0
       1
       0
       0
       0
       1
       0
       0
       0
       0
       0
       0
       0
       1
       0
       0
       0
       0
       1
       1
       1
       0
       0
       0
       0
       0
       0
       0
       0
       0
       0
       0
       0
       0
       0
       0
       1
       0
       0
       2
       0
       1
       0
       1
       0
       0
       1
       0
       0
       0
       0
       0
       0
       0
       1
       0
       1
       0
       0
       0
       0
       1
       0
       0
       0
       0
       0
       1
       0
       0
       0
       0
       0
       0
       0
       0
       0
       0
       0
       0
       1
       0
       0
       0
       0
       0
       0
       0
       1
       0
       0
       1
       0
       0
       1
       0
       0
       1
       1
       0
       0
       0
       0
       0
       0
       1
       2
       0
       0
       0
       0
       0
       0
       0
       0
       0
       0
       0
       0
       1
       0
       1
       0
       1
       0
       0
       0
       0
       1
       0
       0
       0
       1
       0
       0
       1
       1
       1
       1
       3
       1
       1
       2
       0
       0
       1
       1
       1
       1
       2
       2
       0
       0
       1
       0
       0
       1
       0
       0
       2
       0
       1
       0
       0
       1
       0
       0
       1
       0
       1
       1
       0
       1
       0
       0
       0
       0
       1
       0
       0
       0
       0
       0
       0
       0
       1
       0
       0
       0
       0
       0
       0
       0
       0
       0
       0
       0
       0
       0
       0
       0
       0
       0
       0
       0
       0
       0
       0
       0
       1
       0
       1
       0
       0
       0
       0
       0
       1
       0
       0
       0
       0
       0
       0
       0
       0
       1
       0
       0
       0
       0
       0
       0
       0
       0
       0
       0
       0
       0
       0
       0
       1
       0
       0
       0
       0
       0
       0
       0
       0
       0
       0
       1
       0
       0
       0
       0
       0
       0
       0
       0
       1
       0
       0
       1
       0
       0
       0
       0
       1
       0
       0
       0
       0
       0
       0
       0
       0
       0
       0
       0
       0
       0
       0
       0
       0
       0
       0
       0
       0
       0
       0
       0
       0
       0
       0
       0
       0
       0
       0
       0
       0
       0
       0
       0
       0
       0
       0
       0
       0
       0
       0
       0
       0
       0
       0
       0
       0
       0
       0
       0
       0
       0
       0
       0
       0
       0
       0
       0
       0
       0
       0
       0
       0
       0
       0
       0
       0
       0
       0
       0
       0
       0
       0
       0
       0
       0
       0
       0
       0
       0
       0
       0
       0
       2
       0
       0
       0
       0
       0
       0
       0
       0
       0
       0
       0
       0
       0
       0
       0
       0
       0
       0
       0
       0
       0
       0
       0
       0
       0
       0
       0
       0
       0
       0
       0
       0
       0
       0
       1
       0
       0
       0
       0
       0
       0
       0
       0
       0
       0
       0
       0
       0
       0
       0
       0
       0
       0
       0
       0
       0
       0
       0
       0
       0
       0
       0
       0
       0
       0
       0
       0
       0
       0
       0
       0
       0
       0
       1
       0
       2
       0
       1
       0
       0
       0
       0
       0
       0
       0
       0
       0
       0
       0
       0
       1
       0
       0
       0
       0
       0
       0
       0
       0
       0
       0
       0
       0
       1
       0
       0
       0
       0
       0
       0
       0
       1
       0
       0
       0
       1
       0
       0
       0
       0
       0
       0
       0
       0
       0
       1
       0
       0
       0
       0
       0
       0
       0
       0
       0
       0
       0
       0
       0
       0
       0
       0
       1
       0
       0
       0
       0
       1
       0
       0
       0
       0
       0
       0
       0
       0
       0
       0
       0
       0
       0
       0
       0
       0
       0
       0
       0
       0
       0
       0
       0
       0
       0
       1
       0
       0
       0
       0
       0
       0
       0
       0
       0
       0
       0
       0
       0
       0
       0
       0
       0
       0
       0
       0
       0
       0
       0
       0
       0
       0
       0
       0
       0
       0
       0
       0
       0
       0
       0
       0
       0
       0
       0
       0
       0
       1
       0
       0
       0
       0
       0
       0
       0
       0
       0
       0
       0
       0
       0
       0
       0
       0
       1
       0
       0
       0
       0
       0
       0
       0
       0
       0
       0
       0
       0
       0
       0
       0
       0
       0
       0
       0
       0
       0
       0
       0
       0
       0
       1
       0
       0
       0
       0
       0
       0
       0
       0
       0
       0
       0
       0
       0
       0
       0
       0
       1
       0
       0
       0
       0
       1
       0
       0
       1
       0
       1
       1
       0
       0
       0
       0
       0
       0
       0
       0
       0
       0
       0
       0
       1
       0
       0
       0
       0
       0
       0
       0
       1
       0
       0
       0
       0
       0
       0
       0
       0
       0
       0
       0
       0
       0
       0
       0
       0
       0
       0
       0
       0
       0
       0
       1
       0
       0
       0
       0
       0
       0
       0
       0
       0
       0
       0
       0
       0
       0
       0
       0
       0
       0
       0
       0
       1
       0
       0
       0
       0
       0
       1
       0
       0
       0
       1
       0
       1
       0
       0
       0
       0
       0
       1
       0
       0
       0
       0
       0
       0
       0
       0
       0
       0
       0
       0
       1
       0
       0
       0
       0
       0
       0
       0
       0
       0
       0
       0
       0
       0
       0
       1
       0
       0
       0
       0
       0
       0
       0
       0
       0
       0
       0
       0
       0
       0
       0
       0
       0
       0
       0
       0
       0
       0
       0
       0
       0
       0
       0
       0
       0
       0
       1
       1
       0
       0
       0
       0
       0
       0
       0
       0
       0
       0
       0
       0
       0
       0
       0
       0
       0
       0
       0
       0
       0
       0
       0
       0
       0
       0
       0
       0
       0
       0
       0
       0
       0
       0
       0
       0
       0
       0
       0
       0
       0
       0
       1
       0
       0
       0
       0
       0
       0
       0
       1
       0
       0
       1
       0
       0
       0
       0
       0
       0
       0
       0
       0
       0
       0
       0
       0
       0
       0
       1
       0
       0
       0
       0
       0
       0
       0
       0
       0
       0
       0
       0
       1
       0
       0
       0
       0
       0
       0
       0
       0
       0
       0
       0
       0
       0
       0
       0
       0
       0
       0
       0
       0
       0
       0
       0
       0
       0
       0
       0
       0
       0
       0
       0
       0
       0
       0
       0
       0
       2
       0
       1
       0
       0
       0
       0
       0
       0
       0
       0
       0
       0
       0
       1
       0
       0
       0
       0
       0
       0
       0
       0
       0
       0
       0
       0
       0
       0
       0
       0
       0
       0
       0
       0
       0
       0
       0
       0
       0
       0
       0
       0
       1
       0
       0
       0
       0
       0
       0
       0
       1
       0
       0
       0
       0
       0
       0
       0
       0
       0
       0
       0
       0
       0
       0
       0
       0
       0
       0
       0
       0
       0
       0
       0
       0
       0
       0
       0
       0
       0
       0
       0
       0
       0
       0
       0
       0
       0
       0
       0
       0
       0
       0
       0
       0
       0
       0
       0
       0
       0
       0
       0
       0
       0
       0
       0
       0
       0
       0
       0
       0
       0
       0
       0
       0
       0
       0
       0
       0
       1
       0
       0
       0
       0
       0
       0
       0
       0
       0
       0
       1
       0
       0
       0
       0
       0
       0
       0
       0
       0
       0
       0
       0
       0
       0
       0
       0
       1
       0
       0
       0
       0
       1
       0
       0
       0
       0
       0
       0
       0
       1
       0
       0
       0
       0
       0
       0
       0
       1
       1
       0
       0
       0
       0
       0
       0
       0
       0
       0
       0
       0
       0
       0
       0
       0
       0
       1
       0
       0
       0
       0
       0
       0
       0
       0
       0
       0
       0
       0
       1
       0
       0
       0
       0
       0
       0
       0
       0
       0
       0
       1
       0
       0
       0
       0
       0
       0
       0
       0
       0
       0
       0
       1
       0
       0
       0
       0
       0
       0
       0
       0
       0
       0
       0
       0
       0
       0
       0
       0
       0
       0
       0
       0
       0
       0
       0
       0
       0
       0
       0
       0
       0
       0
       0
       0
       0
       0
       0
       0
       0
       0
       0
       0
       0
       0
       0
       0
       0
       0
       0
       0
       0
       0
       0
       0
       0
       0
       0
       0
       0
       0
       0
       0
       0
       0
       0
       0
       0
       0
       0
       0
       0
       0
       0
       0
       0
       0
       0
       0
       0
       0
       0
       0
       0
       0
       0
       0
       1
       0
       0
       0
       0
       0
       0
       0
       0
       0
       0
       0
       0
       0
       0
       0
       0
       0
       0
       1
       0
       0
       0
       0
       0
       0
       0
       0
       0
       0
       0
       0
       0
       0
       0
       0
       0
       0
       0
       0
       0
       0
       0
       0
       0
       0
       0
       0
       0
       0
       0
       0
       0
       0
       1
       0
       0
       0
       0
       0
       0
       0
       1
       0
       0
       0
       0
       0
       0
       0
       0
       0
       0
       0
       0
       0
       0
       0
       0
       0
       0
       0
       0
       0
       0
       0
       0
$ENER_FIT:
0.000000 0.340000
$PRESETS:
Live Time (sec)
1000
0
$RT:
1022.560000
$DT:
22559
$ISO_DECL_U:
SMPLNAM: IDB-1299
SEPDATE: 01/01/1900 00:00:00
U234: 1.1 
DU234: 0.0909
U235: 89.303 
DU235: 0.0403
U236: 0.01 
DU236: 10.0000
U238: 9.588 
DU238: 0.1252
$ADC:
4096
0
4095