$APPLICATION_ID:
IDB v.1.0
$SPEC_REM:
Material type: U
Material form: powder
Material compound: U3O8
U isotopics:
234U 0.006
235U 0.714
236U Unknown
238U 99.28
Detector: CZT (Geometry: Quasi-hemispherical, Size: 4000 mm3)
MCA: InSpector-2000
$DATE_MEA:
11/17/2015 13:15:03
$MEAS_TIM:
65451 70566
$DATA:
0 4095
       0
       0
       0
       0
       0
       0
       0
       0
       0
       0
       0
       0
       0
       0
       0
       0
       0
       0
       0
       0
       0
       0
       0
       0
       0
       0
       0
       0
       0
       0
       0
       0
       0
       0
       0
       0
       0
       0
       0
       0
       0
       0
       0
       0
       0
       0
       0
       0
       0
       0
       0
       0
       0
       0
       0
       0
       0
       0
       0
       3
       6
       2
       3
       9
       5
       6
       5
       8
       6
      14
      16
      13
       7
      21
      12
      15
      22
      27
      24
      16
      22
      27
      23
      24
      19
      27
      27
      29
      19
      31
      30
      27
      28
      41
      24
      29
      25
      27
      36
      37
      31
      35
      37
      31
      25
      31
      33
      34
      42
      41
      29
      35
      30
      39
    1073
   23777
  101543
  180631
  206069
  207060
  208138
  208581
  209081
  210158
  210703
  211574
  212809
  214122
  213703
  215707
  216181
  218025
  219050
  220863
  222782
  224287
  225345
  228345
  229849
  230791
  234487
  235980
  239459
  240883
  243879
  246727
  249706
  254058
  256563
  259786
  264763
  268676
  272898
  278216
  282273
  287312
  292664
  299003
  304116
  310948
  317563
  324183
  330232
  336915
  344808
  352583
  360677
  368106
  375442
  382840
  388717
  396603
  402326
  409507
  415163
  420295
  424778
  430958
  434563
  435420
  439498
  440810
  442786
  443137
  442917
  442965
  440674
  439558
  438215
  435672
  432151
  429846
  426502
  422888
  419857
  417393
  413180
  410668
  408963
  407225
  405404
  403489
  402233
  399719
  399257
  398510
  398781
  398315
  401875
  400873
  401925
  404730
  405068
  408454
  411932
  413564
  417043
  421733
  425287
  428977
  435011
  441348
  446268
  453328
  459868
  467748
  475469
  484748
  494122
  503885
  514820
  526548
  538498
  552850
  565386
  580469
  595318
  612455
  632594
  648329
  668776
  689738
  709888
  734070
  756909
  784368
  808909
  837122
  865169
  894586
  922653
  954068
  984593
 1016365
 1048488
 1079732
 1110377
 1141949
 1171032
 1204102
 1232863
 1259798
 1284830
 1309234
 1332580
 1351994
 1372020
 1386303
 1398042
 1404149
 1412639
 1415039
 1415377
 1410801
 1403374
 1397097
 1381979
 1364721
 1347581
 1327027
 1303709
 1279044
 1251754
 1223842
 1193714
 1162806
 1129216
 1098156
 1064637
 1031563
  999859
  968739
  934726
  903830
  873788
  845546
  819811
  793383
  769531
  747952
  728309
  710573
  693514
  680747
  667390
  656394
  648602
  638804
  633148
  624886
  622409
  619410
  617748
  614157
  611746
  610463
  607690
  605965
  604307
  598954
  596957
  591072
  585718
  578500
  571355
  562415
  552604
  541720
  529238
  517319
  501931
  487694
  472607
  458624
  441591
  424375
  407836
  391136
  374684
  358958
  341735
  326327
  310475
  297946
  282433
  268568
  256344
  245388
  233619
  224549
  214255
  205387
  198163
  189968
  184850
  178602
  174011
  168780
  164143
  161330
  158267
  155516
  154092
  151811
  149959
  149411
  148406
  147299
  147061
  145766
  145411
  145688
  145528
  144836
  145891
  145102
  145677
  145299
  145612
  145785
  145840
  146599
  146807
  147018
  148043
  148640
  148206
  149329
  149033
  149788
  150527
  150926
  151806
  152673
  152878
  153832
  154214
  155004
  155656
  156902
  156855
  158386
  158623
  159548
  160032
  160821
  161679
  162559
  163804
  164038
  163751
  165684
  165420
  165176
  165212
  166128
  166501
  167050
  167575
  167226
  167002
  167006
  166711
  166038
  165718
  165417
  163923
  164021
  163915
  162273
  161453
  159746
  159636
  158566
  157898
  156062
  156399
  155255
  154199
  153905
  152830
  152737
  152149
  151637
  151440
  151330
  150855
  149918
  150488
  149828
  149861
  150595
  150850
  151025
  150513
  151887
  151572
  151955
  151857
  152605
  152261
  153547
  153795
  154580
  155036
  154982
  155767
  156934
  156415
  157702
  157871
  158556
  159284
  159923
  159365
  160598
  161320
  161337
  162555
  162908
  163291
  163485
  163859
  163546
  164392
  164505
  165616
  165992
  166402
  166184
  167408
  167639
  168020
  168427
  169154
  168997
  170329
  171308
  172090
  172533
  175090
  176242
  177587
  178808
  180451
  183159
  184607
  187512
  188195
  191186
  194062
  196408
  198907
  201562
  204758
  208007
  210455
  213666
  217436
  221323
  225126
  228418
  232767
  236426
  240353
  245027
  248422
  252378
  256987
  261478
  264818
  269381
  271965
  276972
  280183
  284691
  286132
  290152
  292599
  295162
  297518
  298360
  299021
  300397
  300383
  299343
  298616
  297224
  294526
  290956
  288239
  284007
  279811
  274550
  268970
  263600
  256592
  249463
  243705
  236905
  229121
  221934
  214915
  207732
  201184
  194749
  188379
  181281
  175348
  169903
  165141
  160457
  155609
  151073
  147551
  144355
  141170
  139817
  136620
  134664
  133088
  131056
  129547
  128903
  128387
  127413
  126126
  125650
  125920
  125834
  124433
  124846
  124894
  124492
  124911
  124307
  124027
  123495
  123830
  123635
  123005
  123250
  123043
  122467
  122448
  121541
  121127
  120407
  119994
  119264
  118706
  117326
  117144
  116412
  115406
  114550
  113207
  112556
  111625
  111390
  109848
  108703
  107875
  106897
  106587
  104839
  104284
  103757
  102920
  102583
  101854
  101323
  100096
   99464
   99185
   98740
   97765
   97699
   97376
   97418
   96339
   97006
   95882
   95066
   94697
   95015
   94585
   95135
   93859
   93965
   94098
   93120
   93959
   93278
   92900
   93047
   92573
   92249
   91559
   92137
   91980
   91303
   90972
   90863
   90357
   90324
   90739
   90280
   90315
   89448
   89256
   88751
   89434
   88907
   88730
   88477
   88055
   88105
   87165
   87216
   87092
   86914
   86381
   86417
   85920
   86133
   85883
   85707
   85575
   85277
   85193
   84527
   84899
   84455
   84443
   84485
   83926
   83122
   83295
   83603
   83425
   82874
   83180
   82192
   82419
   82352
   81940
   82239
   81427
   81707
   81419
   80805
   81613
   80756
   81164
   80946
   80689
   80074
   80647
   80330
   80304
   80107
   79318
   79683
   79716
   79390
   79081
   79282
   79630
   79235
   78905
   78822
   78095
   78712
   78166
   78133
   78302
   77931
   77870
   77893
   77973
   77582
   77743
   76986
   77672
   77270
   77125
   76856
   76505
   76670
   76821
   76967
   76667
   76235
   76252
   75987
   76221
   75991
   75684
   76022
   75642
   75312
   74857
   74883
   74207
   74578
   74188
   74301
   73518
   73993
   73486
   72819
   72683
   72483
   72673
   72186
   72566
   70821
   70897
   70373
   70332
   70022
   69783
   69368
   68487
   69047
   68790
   68155
   68180
   67385
   67415
   66645
   66645
   66144
   66364
   65533
   65313
   65367
   64889
   64975
   64590
   64861
   64637
   63819
   64288
   63663
   64050
   63542
   63427
   63651
   63210
   63552
   62836
   62366
   62883
   62424
   62350
   62755
   61710
   61800
   61570
   61901
   60993
   61022
   61076
   61213
   61033
   60797
   60785
   60536
   60365
   59908
   60217
   60155
   59841
   59428
   59262
   59494
   59530
   58707
   58583
   58614
   58464
   58447
   58306
   58055
   57848
   57714
   57471
   57331
   57762
   57328
   57249
   56838
   57057
   56575
   57078
   56562
   56272
   56151
   56205
   56412
   55796
   56204
   55646
   55769
   55331
   55442
   55407
   55286
   55329
   54796
   55072
   54350
   54198
   54852
   54183
   54490
   53677
   53936
   53234
   53891
   53361
   53639
   53147
   52749
   53207
   52637
   52667
   52416
   52411
   51823
   52473
   52123
   51684
   51472
   51424
   51379
   51167
   50731
   50963
   50716
   50636
   50782
   50447
   50104
   50190
   50220
   50209
   50214
   49676
   49751
   49187
   49453
   49665
   49125
   49075
   48658
   48721
   48944
   48435
   48825
   48623
   48308
   48238
   47875
   48006
   47911
   47868
   47934
   47324
   47661
   47143
   47661
   47057
   46855
   46837
   46680
   46552
   46484
   46529
   46367
   46445
   46002
   46324
   45803
   45719
   45879
   45408
   45443
   45298
   45417
   45230
   45319
   45281
   44840
   44720
   44634
   44535
   44362
   44404
   44397
   44539
   44307
   43808
   44068
   43658
   43599
   44016
   43451
   43363
   43520
   43450
   43124
   42946
   42916
   42673
   43026
   42635
   42656
   42702
   42201
   42509
   42131
   42111
   42282
   42061
   42011
   41467
   41745
   41634
   41621
   41551
   41577
   41164
   41513
   41420
   40427
   40745
   40561
   40548
   40832
   40497
   40501
   40129
   40442
   40265
   40366
   40200
   39932
   39852
   39802
   39766
   39164
   39403
   39357
   39327
   38884
   39381
   38776
   39546
   39261
   38842
   39069
   38472
   38568
   38703
   38562
   38414
   38228
   38618
   38159
   37766
   37777
   37811
   37973
   37762
   37672
   37438
   37363
   37206
   37140
   37150
   37110
   36852
   37017
   37058
   36938
   36772
   36613
   36786
   36393
   36438
   36329
   36306
   35979
   36304
   35769
   36242
   35952
   35674
   35873
   36007
   35938
   35589
   35444
   35316
   35011
   35114
   35300
   35037
   35164
   35332
   34914
   34992
   34752
   34787
   34723
   34505
   34353
   34625
   34779
   34348
   34500
   34284
   34469
   33870
   33539
   33982
   33910
   33959
   33885
   33955
   33574
   33180
   33193
   33656
   33050
   33084
   33036
   33388
   32843
   32865
   33005
   32890
   32663
   32443
   32332
   32552
   32634
   32507
   32244
   31952
   32143
   32022
   31719
   31990
   31604
   31872
   31617
   31937
   31618
   31528
   31610
   31207
   31265
   31320
   31249
   30925
   30923
   30870
   31084
   30775
   30718
   30601
   30738
   30710
   30423
   30148
   30554
   30213
   30202
   30254
   30147
   29856
   29921
   30278
   29897
   29820
   29887
   29480
   29234
   29490
   29241
   29258
   29180
   29601
   29176
   29024
   29277
   29242
   29088
   28677
   28839
   28558
   28956
   28639
   29020
   28542
   28498
   28717
   28483
   28624
   28084
   28453
   28203
   28106
   28121
   28226
   28051
   27707
   28134
   27818
   27921
   27692
   27583
   27772
   27420
   27558
   27363
   27534
   27442
   27528
   27200
   27244
   27005
   26940
   27057
   26791
   26822
   26977
   26977
   26669
   26703
   26699
   26820
   26507
   26533
   26644
   26609
   26434
   26452
   26519
   26081
   26007
   26328
   25817
   25748
   26008
   25692
   26077
   25916
   25714
   26062
   25625
   25500
   25617
   25851
   25612
   25611
   25377
   25266
   25461
   25354
   25153
   25350
   24939
   25195
   25042
   25120
   24796
   25170
   24950
   24926
   24667
   24588
   24643
   24773
   24547
   24389
   24555
   24354
   24496
   24418
   24123
   24315
   24259
   24407
   23905
   23910
   24207
   24011
   24016
   23949
   23992
   23894
   23753
   23845
   23762
   23955
   23923
   23671
   23656
   23630
   23773
   23412
   23342
   23311
   23579
   23385
   23304
   23253
   23689
   22860
   23354
   23230
   23035
   23144
   23013
   22889
   23171
   22849
   22843
   22844
   22969
   22821
   22684
   22542
   22521
   22877
   22342
   22329
   22529
   22401
   22207
   22471
   22476
   22488
   22128
   22442
   21897
   22159
   22118
   22232
   21981
   21911
   21869
   22187
   22152
   21805
   21993
   22214
   21444
   21569
   21798
   21734
   21659
   21530
   21659
   21742
   21277
   21736
   21292
   21514
   21502
   20917
   21411
   21550
   21145
   21147
   21349
   21111
   21030
   21271
   21259
   21211
   21336
   20991
   20752
   20897
   20748
   20855
   20813
   20663
   20736
   21194
   21005
   20301
   20714
   20640
   20487
   20783
   20490
   20389
   20384
   20333
   20201
   20325
   20119
   20498
   20143
   20256
   20270
   20116
   19897
   20160
   20053
   20187
   19950
   19796
   19866
   20151
   19879
   19849
   19713
   20018
   19576
   19583
   19536
   19465
   19447
   19537
   19366
   19748
   19523
   19200
   19244
   19163
   19535
   19401
   19536
   19038
   19182
   19224
   19293
   19441
   18961
   19195
   19293
   19103
   19120
   19036
   18836
   19132
   18939
   18926
   18834
   18996
   18628
   18652
   18787
   18444
   18507
   18681
   18619
   18494
   18558
   18733
   18624
   18589
   18389
   18412
   18193
   18479
   18346
   18378
   18081
   18477
   18007
   17968
   18111
   17895
   17931
   18174
   18070
   17883
   18116
   18053
   17989
   17624
   17845
   18011
   17931
   17760
   17610
   17732
   17789
   17524
   17558
   17869
   17814
   17773
   17497
   17407
   17705
   17381
   17401
   17264
   17137
   17274
   17436
   17307
   17341
   17004
   17179
   17344
   17452
   17293
   17232
   17292
   17165
   17083
   17212
   17134
   17212
   17136
   16896
   16895
   16990
   16892
   16822
   17224
   16662
   17176
   16963
   16791
   16882
   16679
   16769
   16805
   16715
   16669
   16681
   16677
   16690
   16869
   16818
   16594
   16460
   16725
   16742
   16748
   16492
   16385
   16585
   16705
   16675
   16459
   16406
   16335
   16078
   16396
   16307
   16355
   16209
   16318
   16473
   16339
   16317
   16101
   16283
   16100
   16081
   16371
   16148
   15964
   16002
   16026
   15961
   15886
   15939
   15768
   15902
   15671
   15700
   15705
   15723
   15655
   15466
   15469
   15661
   15376
   15675
   15401
   15510
   15494
   15214
   15442
   15159
   15551
   15621
   15394
   15047
   15248
   15263
   15208
   15191
   15078
   15079
   15086
   15030
   15089
   15008
   14838
   15135
   15188
   14956
   14968
   14910
   14883
   14591
   15046
   14756
   14839
   14879
   14693
   14904
   14838
   14646
   14568
   14647
   14524
   14485
   14609
   14599
   14638
   14428
   14620
   14561
   14304
   14575
   14509
   14503
   14311
   14627
   14390
   14432
   14226
   14244
   14299
   14046
   14282
   14198
   14125
   14127
   14104
   14039
   13998
   13831
   13995
   14178
   13988
   13977
   13992
   13892
   13837
   13782
   13619
   13803
   14034
   13837
   13777
   13637
   13784
   13668
   13548
   13577
   13522
   13556
   13736
   13677
   13462
   13441
   13469
   13614
   13486
   13441
   13467
   13298
   13229
   13541
   13476
   13368
   13311
   13323
   13056
   13126
   13338
   13150
   12911
   13118
   13125
   13115
   12979
   13205
   12915
   13252
   13021
   12949
   12963
   12941
   12916
   12970
   12867
   13046
   12799
   12673
   13101
   12738
   12809
   12929
   12732
   12827
   12673
   12533
   12660
   12766
   12531
   12481
   12347
   12549
   12720
   12585
   12422
   12532
   12501
   12329
   12409
   12504
   12358
   12154
   12385
   12086
   12209
   12172
   12084
   12216
   12174
   11964
   11984
   11863
   12053
   11795
   11778
   11719
   11852
   11837
   11666
   11678
   11720
   11600
   11613
   11644
   11662
   11438
   11502
   11491
   11471
   11226
   11309
   11318
   11286
   11102
   11391
   11185
   11190
   11241
   11238
   10945
   11035
   11172
   11001
   10740
   10951
   10847
   10868
   10821
   10884
   10661
   10708
   10811
   10724
   10720
   10806
   10784
   10825
   10762
   10849
   10765
   10705
   10587
   10677
   10429
   10546
   10532
   10502
   10626
   10523
   10516
   10449
   10471
   10372
   10221
   10534
   10297
   10400
   10378
   10455
   10300
   10196
   10350
   10151
   10534
   10219
   10462
   10174
   10302
   10284
   10173
   10102
   10245
    9965
   10051
   10233
   10105
   10145
   10001
   10169
   10210
    9970
    9938
   10126
   10174
   10023
   10295
    9997
    9975
    9906
    9986
    9913
    9992
    9933
    9897
    9818
    9996
    9721
    9927
   10066
    9815
    9750
    9838
    9758
    9832
    9665
    9738
    9735
    9573
    9741
    9508
    9640
    9689
    9558
    9828
    9632
    9633
    9664
    9679
    9530
    9660
    9628
    9499
    9704
    9723
    9695
    9495
    9512
    9579
    9434
    9364
    9370
    9486
    9453
    9358
    9574
    9427
    9394
    9416
    9275
    9445
    9570
    9348
    9519
    9420
    9345
    9490
    9309
    9214
    9347
    9322
    9326
    9216
    9361
    9227
    9177
    9187
    9224
    9357
    9046
    9114
    9174
    9100
    9276
    9141
    9030
    9095
    9046
    9197
    9110
    9021
    8910
    8946
    9137
    9112
    8910
    9073
    9082
    9004
    9223
    8790
    8901
    8893
    8899
    9118
    9180
    8995
    8888
    9105
    8887
    8952
    8856
    8901
    8828
    8922
    8670
    8862
    8809
    8921
    9026
    9009
    8761
    8797
    8916
    8920
    8888
    9094
    8710
    8668
    8763
    8752
    8832
    8737
    8782
    8804
    8856
    8636
    8621
    8739
    8701
    8723
    8623
    8798
    8684
    8648
    8811
    8791
    8740
    8616
    8679
    8429
    8686
    8730
    8712
    8726
    8634
    8764
    8567
    8553
    8539
    8531
    8504
    8691
    8650
    8591
    8718
    8665
    8550
    8555
    8700
    8664
    8617
    8590
    8511
    8622
    8430
    8739
    8616
    8572
    8434
    8468
    8587
    8531
    8595
    8456
    8511
    8577
    8325
    8373
    8435
    8308
    8595
    8435
    8544
    8349
    8582
    8459
    8395
    8204
    8406
    8403
    8422
    8592
    8297
    8324
    8462
    8235
    8390
    8407
    8364
    8193
    8342
    8220
    8406
    8282
    8389
    8489
    8279
    8431
    8470
    8268
    8190
    8335
    8300
    8460
    8246
    8281
    8306
    8228
    8363
    8361
    8331
    8196
    8219
    8319
    8243
    8303
    8277
    8325
    8319
    8285
    8441
    8362
    8219
    8301
    8337
    8232
    8487
    8449
    8295
    8215
    8259
    8242
    8420
    8507
    8235
    8050
    8420
    8263
    8323
    8394
    8082
    8282
    8339
    8326
    8434
    8368
    8187
    8263
    8243
    8212
    8550
    8248
    8432
    8292
    8463
    8267
    8291
    8424
    8330
    8315
    8313
    8272
    8307
    8356
    8308
    8236
    8272
    8358
    8290
    8244
    8227
    8386
    8384
    8372
    8254
    8269
    8509
    8391
    8194
    8355
    8342
    8405
    8487
    8069
    8446
    8372
    8318
    8350
    8331
    8311
    8322
    8323
    8312
    8213
    8147
    8407
    8384
    8232
    8242
    8239
    8083
    8392
    8339
    8279
    8156
    8396
    8312
    8192
    8321
    8297
    8247
    8410
    8179
    8217
    8384
    8196
    8350
    8231
    8291
    8368
    8401
    8421
    8363
    8405
    8347
    8279
    8427
    8437
    8411
    8398
    8505
    8404
    8486
    8373
    8366
    8347
    8488
    8571
    8737
    8769
    8662
    8612
    8628
    8575
    8695
    8549
    8842
    8715
    8772
    8869
    8796
    8645
    8860
    8656
    8798
    8980
    8982
    9050
    8907
    8846
    9103
    8893
    9191
    9045
    9020
    9196
    9059
    9125
    9119
    9159
    9150
    9185
    9159
    9247
    9355
    9345
    9372
    9568
    9509
    9650
    9538
    9340
    9522
    9559
    9513
    9595
    9673
    9573
    9558
    9582
    9547
    9630
    9556
    9625
    9749
    9686
    9649
    9679
    9698
    9584
    9714
    9729
    9714
    9670
    9890
    9858
    9935
    9824
    9762
    9865
    9676
    9829
    9915
    9942
    9671
    9793
    9779
    9787
    9847
    9899
    9685
   10028
    9810
    9647
    9751
    9857
    9728
    9883
    9694
    9563
    9807
    9739
    9731
    9486
    9655
    9758
    9782
    9784
    9814
    9833
    9713
    9657
    9575
    9777
    9962
    9733
    9636
    9763
    9745
    9787
    9830
    9864
    9925
    9683
    9871
    9906
    9854
   10030
   10000
    9951
    9869
    9757
    9882
    9845
    9948
    9737
    9843
    9978
    9907
    9836
    9862
    9941
    9861
    9758
    9644
    9728
    9855
    9763
    9564
    9591
    9589
    9402
    9415
    9360
    9247
    9205
    9088
    9014
    9027
    9005
    8908
    8787
    8703
    8451
    8399
    8239
    8091
    8087
    7871
    7695
    7574
    7485
    7399
    7237
    7061
    7007
    7060
    6869
    6793
    6657
    6531
    6285
    6250
    6238
    6183
    6184
    6125
    6081
    6023
    5782
    5855
    5742
    5782
    5882
    5734
    5722
    5578
    5565
    5324
    5563
    5425
    5438
    5497
    5425
    5355
    5294
    5291
    5225
    5258
    5280
    5219
    5200
    5069
    5015
    4924
    5007
    5026
    4964
    5048
    4989
    4851
    4884
    4806
    4800
    4705
    4721
    4748
    4619
    4641
    4469
    4515
    4427
    4315
    4360
    4366
    4299
    4306
    4252
    4203
    4304
    4089
    4077
    4113
    4146
    4061
    4012
    4009
    4024
    3851
    3895
    3876
    3860
    3844
    3886
    3833
    3789
    3802
    3797
    3872
    3672
    3688
    3769
    3704
    3603
    3674
    3680
    3697
    3633
    3633
    3630
    3684
    3546
    3691
    3540
    3676
    3535
    3524
    3520
    3569
    3451
    3533
    3424
    3555
    3545
    3444
    3417
    3372
    3476
    3426
    3406
    3432
    3402
    3265
    3488
    3466
    3303
    3424
    3353
    3255
    3317
    3282
    3271
    3365
    3346
    3230
    3304
    3381
    3279
    3243
    3273
    3153
    3303
    3192
    3249
    3269
    3345
    3125
    3197
    3151
    3279
    3263
    3220
    3240
    3208
    3290
    3272
    3141
    3144
    3130
    3227
    3145
    3155
    3088
    3168
    3196
    3124
    3166
    3108
    3070
    3058
    3145
    3037
    3111
    3066
    3042
    3084
    3080
    3061
    2995
    3051
    3025
    2989
    2969
    3008
    2934
    3018
    3083
    3057
    3005
    2919
    3021
    2909
    2945
    2971
    2928
    2910
    2957
    2841
    2942
    2895
    2874
    2895
    2921
    2918
    2946
    2947
    2955
    2979
    2911
    2886
    2927
    2960
    2860
    2838
    2885
    2805
    2887
    2803
    2866
    2827
    2807
    2815
    2839
    2817
    2853
    2875
    2743
    2824
    2840
    2893
    2739
    2789
    2796
    2861
    2861
    2811
    2859
    2800
    2861
    2815
    2764
    2886
    2822
    2845
    2852
    2724
    2764
    2837
    2821
    2878
    2833
    2853
    2847
    2807
    2817
    2876
    2792
    2805
    2825
    2830
    2892
    2818
    2816
    2868
    2807
    2802
    2688
    2793
    2874
    2877
    2841
    2783
    2824
    2879
    2743
    2838
    2866
    2860
    2717
    2766
    2817
    2693
    2898
    2663
    2799
    2806
    2888
    2794
    2875
    2874
    2760
    2735
    2867
    2953
    2860
    2885
    2977
    2871
    2820
    2818
    2770
    2836
    2837
    2877
    2798
    2844
    2873
    2907
    2835
    2794
    2865
    2862
    2921
    2847
    2894
    2893
    2881
    2938
    2862
    2913
    2897
    2806
    2814
    2931
    2791
    2816
    2878
    2864
    2803
    2749
    2902
    2760
    2831
    2847
    2711
    2862
    2843
    2830
    2731
    2738
    2719
    2666
    2629
    2760
    2726
    2697
    2679
    2724
    2599
    2617
    2642
    2653
    2655
    2630
    2569
    2601
    2566
    2619
    2635
    2515
    2576
    2566
    2516
    2613
    2456
    2503
    2480
    2504
    2445
    2486
    2556
    2496
    2490
    2518
    2569
    2432
    2519
    2489
    2510
    2508
    2430
    2544
    2490
    2515
    2371
    2552
    2450
    2520
    2452
    2476
    2551
    2567
    2531
    2512
    2448
    2521
    2567
    2511
    2541
    2501
    2598
    2503
    2549
    2455
    2527
    2577
    2648
    2565
    2543
    2607
    2568
    2578
    2582
    2640
    2532
    2735
    2605
    2607
    2608
    2577
    2640
    2614
    2594
    2703
    2685
    2638
    2717
    2603
    2680
    2734
    2697
    2651
    2737
    2727
    2741
    2713
    2732
    2775
    2783
    2739
    2731
    2848
    2791
    2762
    2679
    2728
    2793
    2822
    2790
    2835
    2843
    2828
    2902
    2831
    2865
    2848
    2889
    2838
    2908
    2809
    2864
    2834
    2831
    2885
    2933
    2900
    2815
    2934
    2917
    2882
    2989
    2830
    2942
    2884
    3030
    2891
    2875
    2834
    2874
    2812
    2792
    2908
    2832
    2892
    2915
    2895
    2943
    2914
    2871
    2770
    2867
    2862
    2923
    2936
    2814
    2990
    2929
    2921
    2884
    2934
    2818
    2963
    3017
    2990
    2904
    2929
    2951
    2871
    2952
    2914
    2978
    3061
    2996
    2977
    2899
    3100
    3084
    3071
    3160
    3049
    3087
    3085
    3089
    3171
    2988
    3184
    3209
    3192
    3207
    3134
    3128
    3273
    3218
    3177
    3183
    3093
    3267
    3195
    3194
    3205
    3180
    3342
    3263
    3203
    3215
    3378
    3202
    3177
    3323
    3316
    3242
    3275
    3401
    3431
    3259
    3284
    3372
    3371
    3352
    3287
    3507
    3452
    3488
    3445
    3544
    3537
    3576
    3594
    3611
    3546
    3636
    3577
    3711
    3690
    3732
    3712
    3836
    3808
    3853
    3786
    3878
    3779
    3909
    3920
    3891
    4056
    3888
    4081
    4003
    4094
    4050
    4132
    4215
    4256
    4292
    4267
    4392
    4357
    4353
    4382
    4493
    4539
    4503
    4616
    4623
    4629
    4615
    4767
    4759
    4821
    4789
    4937
    4857
    4876
    5065
    4921
    5122
    5292
    5143
    5241
    5315
    5341
    5428
    5318
    5420
    5649
    5535
    5614
    5617
    5744
    5741
    5959
    5879
    5982
    5911
    5918
    6056
    6085
    6119
    6308
    6173
    6229
    6321
    6284
    6410
    6437
    6413
    6607
    6649
    6479
    6648
    6619
    6606
    6578
    6785
    6752
    6772
    6864
    6701
    6847
    6866
    6847
    6876
    6861
    6902
    6936
    6925
    7021
    7037
    6886
    6928
    6995
    7089
    6875
    7043
    6965
    6977
    6823
    6899
    6953
    6746
    6635
    6677
    6740
    6739
    6675
    6605
    6514
    6529
    6408
    6459
    6331
    6320
    6046
    6125
    6012
    5975
    5749
    5593
    5478
    5295
    5238
    5073
    4923
    4898
    4526
    4479
    4317
    4117
    4084
    3934
    3771
    3628
    3457
    3221
    3210
    3002
    2906
    2683
    2546
    2448
    2237
    2191
    2073
    1953
    1919
    1889
    1735
    1571
    1502
    1437
    1391
    1344
    1322
    1249
    1254
    1194
    1104
    1205
    1111
    1014
    1028
    1067
    1038
     987
    1011
     916
    1043
    1012
     939
     964
     938
     899
     942
     943
     933
     886
     923
     898
     879
     921
     907
     956
     882
     878
     913
     905
     883
     873
     904
     876
     899
     905
     929
     867
     864
     883
     842
     900
     885
     819
     890
     845
     846
     853
     893
     879
     852
     786
     833
     839
     819
     831
     829
     848
     858
     825
     919
     785
     854
     840
     833
     842
     815
     935
     821
     835
     843
     900
     824
     804
     850
     832
     774
     796
     775
     894
     826
     816
     815
     866
     811
     779
     854
     801
     875
     793
     765
     801
     849
     807
     759
     828
     856
     831
     798
     847
     845
     825
     772
     797
     779
     781
     786
     722
     770
     740
     823
     791
     778
     788
     780
     783
     754
     830
     778
     758
     745
     774
     790
     767
     755
     787
     758
     771
     789
     783
     776
     787
     786
     789
     773
     791
     717
     757
     727
     812
     770
     758
     745
     805
     730
     731
     728
     712
     761
     737
     746
     757
     735
     757
     772
     794
     748
     737
     763
     753
     752
     686
     746
     717
     705
     773
     734
     719
     677
     714
     728
     722
     706
     771
     726
     772
     658
     669
     714
     734
     695
     748
     696
     707
     705
     666
     725
     748
     718
     736
     686
     682
     701
     718
     665
     702
     655
     763
     661
     681
     723
     681
     657
     690
     651
     662
     687
     628
     701
     672
     664
     692
     661
     682
     640
     667
     688
     675
     650
     712
     680
     656
     712
     708
     665
     667
     665
     632
     635
     653
     628
     637
     703
     623
     674
     642
     617
     645
     649
     684
     644
     692
     667
     681
     693
     632
     661
     633
     663
     661
     620
     597
     647
     641
     618
     659
     630
     618
     650
     575
     636
     610
     632
     623
     633
     628
     658
     646
     641
     647
     660
     610
     639
     659
     577
     622
     619
     637
     637
     614
     633
     678
     638
     594
     615
     599
     622
     613
     627
     617
     590
     557
     579
     593
     603
     631
     580
     602
     640
     609
     593
     627
     617
     613
     611
     588
     588
     631
     584
     604
     575
     566
     589
     586
     609
     609
     597
     650
     569
     615
     556
     583
     612
     629
     599
     581
     571
     577
     626
     554
     583
     611
     589
     617
     562
     556
     571
     542
     565
     549
     602
     561
     512
     580
     557
     565
     564
     520
     542
     563
     596
     513
     521
     534
     551
     518
     574
     547
     524
     538
     539
     541
     576
     563
     535
     548
     579
     512
     530
     548
     492
     501
     525
     525
     576
     513
     546
     551
     540
     509
     493
     537
     521
     541
     587
     540
     530
     510
     521
     517
     531
     568
     527
     547
     508
     527
     541
     494
     511
     562
     545
     553
     516
     525
     532
     535
     564
     497
     554
     501
     526
     539
     514
     489
     529
     506
     514
     515
     502
     516
     481
     500
     508
     539
     488
     506
     529
     531
     519
     500
     506
     501
     531
     530
     527
     515
     527
     498
     481
     526
     551
     489
     490
     494
     498
     488
     499
     536
     522
     480
     516
     534
     485
     518
     535
     503
     519
     486
     525
     501
     517
     551
     475
     496
     504
     516
     487
     562
     519
     473
     518
     521
     502
     558
     530
     516
     520
     549
     494
     556
     506
     527
     495
     475
     495
     521
     495
     515
     499
     498
     523
     498
     483
     496
     474
     527
     511
     512
     497
     479
     493
     463
     529
     509
     462
     477
     480
     511
     498
     501
     505
     486
     473
     494
     441
     453
     508
     458
     483
     465
     511
     521
     488
     508
     456
     482
     445
     479
     443
     482
     469
     478
     475
     465
     450
     472
     476
     458
     490
     483
     480
     431
     473
     485
     434
     430
     499
     440
     446
     461
     473
     448
     461
     424
     433
     457
     460
     429
     435
     428
     423
     399
     409
     406
     464
     450
     420
     444
     387
     418
     408
     395
     438
     417
     406
     414
     433
     400
     408
     407
     385
     408
     417
     436
     398
     350
     389
     410
     425
     410
     362
     362
     384
     374
     411
     404
     388
     389
     396
     425
     355
     388
     389
     362
     359
     391
     409
     357
     401
     433
     403
     375
     396
     411
     406
     399
     388
     383
     385
     397
     353
     351
     393
     397
     369
     401
     373
     357
     363
     374
     399
     394
     375
     403
     364
     381
     344
     395
     383
     358
     356
     359
     414
     360
     389
     381
     371
     359
     391
     353
     352
     336
     369
     397
     330
     364
     365
     340
     349
     342
     368
     324
     375
     350
     333
     375
     336
     355
     358
     360
     336
     343
     378
     380
     331
     347
     306
     350
     366
     313
     345
     339
     371
     331
     342
     317
     361
     323
     329
     344
     336
     312
     337
     332
     339
     328
     345
     335
     308
     332
     312
     322
     305
     286
     355
     324
     275
     314
     323
     283
     308
     328
     311
     312
     324
     335
     312
     330
     331
     334
     295
     313
     333
     345
     328
     289
     298
     261
     312
     289
     323
     331
     291
     286
     336
     293
     314
     300
     292
     295
     301
     293
     279
     287
     297
     303
     266
     302
     301
     294
     312
     283
     288
     296
     274
     307
     310
     292
     265
     260
     290
     302
     291
     298
     299
     305
     275
     298
     258
     291
     279
     283
     292
     339
     321
     336
     296
     310
     298
     271
     292
     283
     298
     271
     262
     240
     283
     279
     308
     276
     291
     275
     299
     290
     282
     273
     322
     286
     301
     297
     322
     292
     292
     314
     284
     249
     267
     277
     287
     274
     273
     292
     262
     294
     291
     302
     235
     278
     252
     275
     264
     290
     273
     270
     290
     266
     246
     309
     288
     261
     259
     246
     256
     292
     261
     279
     276
     280
     268
     267
     283
     255
     274
     273
     278
     268
     224
     267
     254
     262
     250
     275
     274
     286
     239
     259
     255
     268
     255
     302
     269
     258
     277
     212
     233
     254
     263
     260
     261
     271
     256
     261
     260
     250
     275
     263
     274
     260
     267
     254
     236
     287
     280
     256
     274
     244
     249
     241
     237
     259
     234
     270
     257
     244
     236
     263
     232
     232
     239
     260
     231
     249
     238
     261
     250
     262
     265
     246
     247
     222
     253
     258
     274
     225
     246
     258
     260
     226
     248
     261
     271
     231
     249
     261
     235
     260
     268
     254
     283
     257
     240
     238
     243
     247
     230
     261
     256
     249
     242
     274
     224
     251
     244
     244
     234
     230
     228
     234
     236
     250
     233
     245
     235
     242
     247
     206
     216
     225
     238
     250
     241
     247
     251
     255
     231
     223
     231
     229
     240
     224
     217
     216
     246
     227
     242
     236
     249
     242
     255
     253
     250
     208
     243
     259
     231
     246
     232
     263
     250
     237
     245
     262
     225
     247
     244
     259
     225
     246
     225
     241
     229
     229
     246
     248
     231
     247
     217
     230
     218
     234
     238
     233
     214
     236
     256
     254
     215
     261
     219
     240
     252
     232
     244
     233
     231
     219
     247
     251
     239
     256
     270
     232
     246
     199
     243
     231
     214
     230
     211
     230
$ENER_FIT:
4.692570 0.326240
$PRESETS:
Live Time (sec)
65451
0
$RT:
70566.060000
$DT:
5114979
$ISO_DECL_U:
SMPLNAM: IDB-1308
SEPDATE: 01/01/1900 00:00:00
U234: 0.006 
DU234: 16.6667
U235: 0.714 
DU235: 1.4006
U236: Unknown 
DU236: Unknown
U238: 99.28 
DU238: 0.0121
$ADC:
4096
0
4095