$APPLICATION_ID:
IDB v.1.0
$SPEC_REM:
Material type: U
Material form: powder
Material compound: U3O8
U isotopics:
234U 0.514
235U 57.042
236U Unknown
238U 42.443
Detector: CZT (Geometry: Quasi-hemispherical, Size: 4000 mm3)
MCA: InSpector-2000
$DATE_MEA:
02/15/2016 09:23:43
$MEAS_TIM:
86400 88172
$DATA:
0 4095
       0
       0
       0
       0
       0
       0
       0
       0
       0
       0
       0
       0
       0
       0
       0
       0
       0
       0
       0
       0
       0
       0
       0
       0
       0
       0
       0
       0
       0
       0
       0
       0
       0
       0
       0
       0
       0
       0
       0
       0
       0
       0
       0
       0
       0
       0
       0
       0
       0
       0
       0
       0
       0
       0
       0
       0
       0
       0
       0
       0
       0
       0
       3
      85
     323
     867
    2097
    4480
    8381
   14171
   21043
   28893
   36195
   42887
   48728
   53426
   57130
   60380
   63480
   65048
   66042
   66801
   67570
   67602
   67504
   67191
   66744
   66018
   65701
   65246
   64340
   64312
   64054
   62692
   62397
   61960
   62035
   61514
   60917
   60991
   60496
   60847
   60483
   59999
   59993
   60175
   60002
   60020
   60248
   60546
   60848
   60663
   61473
   61986
   61962
   62094
   62885
   63678
   64314
   64646
   65693
   67206
   67280
   68463
   70673
   73899
   78377
   82245
   85272
   87379
   90140
   90790
   92985
   94879
   96292
   98016
  101109
  103184
  104969
  106518
  109299
  111463
  113809
  115345
  117157
  119851
  122193
  123783
  125865
  127072
  129743
  131085
  133247
  134382
  136041
  137187
  138451
  139701
  140438
  141925
  143321
  144454
  145069
  146528
  148071
  149000
  150097
  152029
  152649
  155283
  155689
  157211
  159292
  160153
  163057
  165690
  167042
  168974
  171651
  174181
  176183
  178510
  181718
  183917
  186986
  189608
  192769
  195749
  198806
  201954
  205754
  208460
  212075
  214266
  218701
  220927
  223745
  228078
  231191
  234868
  237625
  243285
  246753
  249149
  253188
  256760
  260196
  264559
  268882
  274000
  278367
  281943
  286355
  292415
  296281
  301414
  305862
  310994
  317029
  323572
  328796
  334037
  341109
  347619
  354918
  361756
  367221
  375365
  381929
  390116
  397568
  403643
  412524
  420814
  428284
  435154
  443076
  450314
  456948
  464570
  469941
  478088
  483886
  489949
  497396
  503183
  508634
  513759
  519466
  524131
  529941
  534733
  541249
  547325
  551804
  556732
  561510
  566242
  572041
  577168
  582197
  586096
  591473
  594900
  598460
  603564
  605844
  607025
  610199
  612693
  613612
  613014
  612349
  610479
  609382
  606563
  603049
  598100
  592165
  588608
  581829
  573091
  566481
  558201
  550674
  540284
  530156
  519968
  511804
  501001
  492158
  479856
  472783
  461600
  452450
  443671
  434581
  426181
  418669
  412172
  405303
  399403
  393850
  388644
  384519
  380456
  377828
  373495
  370243
  368760
  365494
  363779
  361529
  359886
  357624
  355848
  354413
  352957
  350811
  348471
  345865
  343158
  338961
  337785
  332971
  328986
  325061
  319992
  315889
  309416
  304848
  299170
  294501
  288679
  281739
  275987
  270272
  263339
  258344
  251182
  246648
  241670
  235602
  230636
  225198
  219912
  215378
  210609
  206907
  202173
  197722
  194739
  190338
  188209
  185005
  182229
  179473
  176461
  174440
  172401
  170131
  168403
  166043
  164794
  163820
  161566
  160454
  160369
  158904
  158014
  156517
  156011
  156341
  156227
  156235
  155204
  155630
  156740
  157577
  157233
  157957
  159081
  160597
  161392
  163585
  164681
  166277
  169363
  169825
  172424
  174672
  177298
  179913
  183694
  185933
  188482
  192425
  195209
  199282
  203365
  206222
  209050
  213797
  217659
  220923
  226585
  230122
  232933
  237544
  241563
  245248
  247177
  250813
  253089
  256569
  258451
  259298
  261486
  262657
  262344
  262252
  262117
  261929
  259137
  256788
  254866
  251262
  246862
  242615
  238408
  234323
  228929
  222448
  216473
  211863
  204878
  199586
  193430
  188295
  181362
  176528
  171537
  167039
  162050
  159037
  154718
  151731
  149035
  146323
  144299
  142824
  141897
  140605
  140033
  139787
  139725
  141511
  142235
  142825
  143584
  145006
  146820
  149328
  152260
  153794
  155540
  158074
  160926
  163039
  165949
  168031
  170733
  173023
  175442
  178475
  180551
  183505
  186379
  187039
  189246
  191423
  193265
  195169
  196396
  197593
  198739
  200223
  202005
  202623
  204178
  206645
  208082
  208920
  211301
  212417
  213582
  216120
  219056
  222281
  226342
  229505
  232989
  237623
  242342
  247410
  253964
  259884
  266138
  274066
  281528
  290110
  298809
  308630
  318398
  328896
  339079
  350835
  362796
  376945
  386855
  401517
  414653
  429739
  443376
  458517
  475658
  491501
  506982
  522198
  537585
  554700
  573556
  587932
  603892
  621316
  635691
  650761
  663771
  677382
  689616
  702808
  710208
  719923
  727034
  731788
  733797
  736303
  734957
  730495
  724954
  717020
  707725
  695723
  681127
  665085
  646586
  624852
  604249
  579808
  554873
  528980
  502196
  474872
  447417
  421803
  392413
  366462
  340037
  314958
  291383
  266884
  246129
  225141
  205825
  187669
  171289
  157277
  143168
  132072
  120784
  112229
  103583
   96299
   90866
   85587
   81441
   77729
   75301
   72819
   71531
   69737
   69457
   69149
   68208
   68000
   67870
   68051
   68235
   67983
   68873
   68554
   68558
   67842
   68037
   68006
   66886
   66498
   65716
   64729
   63613
   62181
   60947
   59382
   57354
   55338
   53005
   51037
   48515
   47195
   43795
   41873
   39164
   37207
   34452
   32179
   29851
   27798
   25609
   23063
   21498
   19563
   17700
   15936
   14634
   13204
   11907
   10734
    9562
    8773
    7852
    7103
    6487
    5951
    5352
    5082
    4563
    4505
    4029
    3915
    3576
    3496
    3329
    3336
    3063
    3010
    3009
    2912
    2850
    2759
    2727
    2699
    2632
    2639
    2532
    2570
    2508
    2295
    2275
    2293
    2356
    2219
    2152
    2183
    2072
    2098
    1965
    1936
    1962
    1954
    1885
    1796
    1828
    1796
    1797
    1776
    1767
    1811
    1768
    1795
    1745
    1789
    1731
    1713
    1730
    1801
    1777
    1719
    1795
    1735
    1808
    1841
    1765
    1861
    1754
    1865
    1865
    1784
    1808
    1866
    1814
    1751
    1733
    1715
    1786
    1699
    1748
    1781
    1729
    1734
    1747
    1672
    1701
    1605
    1619
    1581
    1667
    1556
    1574
    1564
    1572
    1556
    1480
    1416
    1419
    1414
    1344
    1342
    1282
    1299
    1278
    1242
    1210
    1225
    1246
    1193
    1159
    1087
    1074
    1042
    1077
    1043
     986
     981
     999
     947
     934
     937
     876
     931
     925
     919
     907
     895
     903
     906
     832
     907
     786
     852
     912
     866
     904
     818
     871
     864
     850
     821
     819
     870
     823
     838
     847
     862
     861
     836
     836
     795
     868
     807
     832
     844
     845
     853
     828
     888
     868
     783
     864
     883
     886
     847
     842
     856
     883
     887
     839
     921
     869
     847
     822
     896
     796
     858
     876
     818
     883
     831
     845
     824
     841
     844
     836
     831
     803
     826
     834
     787
     780
     782
     747
     772
     791
     791
     740
     792
     742
     783
     705
     711
     722
     754
     704
     727
     733
     730
     718
     667
     679
     644
     714
     631
     710
     657
     710
     673
     681
     646
     690
     656
     667
     652
     610
     642
     643
     680
     562
     634
     592
     573
     593
     638
     620
     584
     610
     564
     587
     586
     620
     596
     551
     538
     590
     573
     549
     477
     486
     452
     490
     503
     479
     487
     473
     526
     485
     455
     413
     467
     457
     447
     430
     452
     425
     419
     419
     399
     446
     430
     387
     424
     396
     412
     370
     376
     385
     457
     380
     379
     432
     413
     395
     376
     384
     380
     356
     385
     383
     397
     365
     356
     377
     378
     338
     379
     381
     339
     369
     389
     392
     368
     357
     369
     374
     385
     376
     387
     394
     381
     381
     397
     390
     342
     332
     366
     362
     403
     386
     358
     396
     340
     365
     331
     360
     357
     347
     345
     345
     401
     388
     349
     353
     370
     319
     365
     338
     358
     364
     350
     320
     401
     368
     334
     344
     320
     368
     381
     344
     339
     367
     366
     356
     391
     325
     366
     379
     358
     365
     349
     375
     352
     378
     384
     371
     339
     365
     394
     399
     364
     443
     377
     371
     348
     373
     362
     391
     373
     427
     393
     407
     400
     386
     419
     383
     401
     404
     393
     437
     404
     429
     405
     422
     385
     382
     355
     410
     442
     392
     391
     383
     411
     396
     366
     390
     398
     393
     374
     367
     385
     377
     355
     361
     338
     379
     347
     325
     318
     330
     342
     320
     327
     306
     318
     310
     334
     334
     331
     312
     331
     316
     323
     325
     315
     304
     283
     307
     306
     341
     297
     311
     296
     319
     295
     294
     315
     295
     297
     289
     282
     323
     296
     286
     297
     296
     299
     290
     257
     287
     289
     284
     291
     257
     265
     269
     242
     239
     259
     261
     260
     272
     270
     254
     220
     225
     229
     234
     224
     226
     218
     228
     214
     199
     222
     196
     193
     196
     221
     187
     200
     205
     190
     213
     166
     188
     224
     193
     187
     194
     171
     173
     194
     188
     193
     186
     212
     201
     192
     189
     187
     187
     166
     198
     194
     163
     153
     201
     198
     171
     183
     186
     167
     173
     167
     178
     136
     158
     161
     173
     184
     144
     177
     170
     157
     149
     179
     163
     150
     157
     142
     155
     137
     144
     143
     145
     165
     150
     146
     136
     162
     152
     150
     141
     142
     143
     146
     147
     162
     131
     135
     138
     136
     140
     175
     132
     148
     160
     146
     135
     151
     124
     129
     146
     139
     150
     138
     130
     141
     138
     138
     139
     128
     123
     142
     130
     130
     156
     155
     155
     136
     117
     144
     135
     132
     128
     125
     155
     112
     143
     141
     131
     120
     140
     132
     125
     108
     122
     123
     138
     120
     129
     127
     137
     127
     112
     114
     122
     146
     123
     157
     127
     113
     113
     112
     128
     139
     124
     110
     126
     133
     114
     120
     122
     134
     115
     129
     135
     131
     135
     101
     113
     124
     120
     132
     126
     113
     127
     113
     122
     131
     114
     108
     129
     128
     129
     128
     120
     109
     141
     110
     121
     132
     122
     117
     126
     114
     128
     122
     125
     135
     136
     115
      96
     124
     130
      98
     133
     107
      96
     121
     123
     113
     109
     124
     118
     117
     125
     116
     136
     121
     102
     133
      98
     116
     116
     104
     121
     111
     114
     137
      97
     106
     107
      96
     114
     105
      97
     106
     120
     112
     108
     104
     131
     117
     117
     106
      94
     109
     104
     108
     122
     116
     125
     133
     105
     120
     106
     121
     118
     120
     122
     120
      95
     115
     129
     122
     115
      98
     103
     106
      94
     107
     103
     113
     103
     114
     111
     106
      99
     131
     107
     103
     122
     107
     115
     104
     103
      93
     112
     109
     121
     120
      99
     109
     101
     117
     103
      89
     108
      98
      92
      98
     109
      97
     108
     100
     106
     106
     101
     109
     121
     116
     100
      86
     103
     112
     106
     124
     111
     119
     103
     111
     106
     103
      95
     105
     114
     122
     103
      99
     112
      90
     107
      94
     111
     113
     107
      92
     118
     108
     101
      86
     100
     107
      94
      78
     111
     112
     113
      82
      94
     108
      99
     103
     109
     103
     102
      92
      93
     100
      85
      95
     111
      78
      97
      95
      97
     132
      94
     105
      95
      97
     105
     111
     104
     112
      97
     103
     123
     123
     101
     101
      89
      95
      94
     104
     103
      87
      90
     106
     101
      91
      88
     109
     116
      95
     100
     114
      97
      93
     107
      90
     100
      97
     106
      95
     116
     118
     107
     105
      88
      91
      97
     100
     113
     107
     116
     100
      96
     100
     114
     120
     101
      91
      99
      99
     109
     106
     106
     107
     108
      91
     104
      83
      92
     100
     111
     108
      91
      97
     133
     103
      89
      89
     109
      93
     101
     106
     102
      93
      94
      97
      89
      99
      83
      98
     107
      84
      91
      87
     112
      89
      97
      94
      92
      93
      82
      78
      92
      93
      99
      91
      91
      82
      86
      78
     113
      71
      96
      93
      98
      99
      92
      82
     105
     116
     103
      92
      88
      76
      89
      95
     108
      87
      75
      91
      99
      93
     115
      83
      89
      70
      72
      91
      72
      89
      85
      79
      76
      77
      95
      92
      87
      86
      91
      82
      93
      94
      85
      97
      98
      95
      82
      86
      91
      95
      76
     106
      94
      84
      97
      86
      85
      76
      96
      83
     105
     103
      93
      72
      93
      90
      80
      75
      85
      79
      83
      78
      89
     103
      75
      98
      82
      83
      81
      97
      91
      77
      92
      91
      84
      74
      88
      97
      72
      92
      98
      75
      74
      95
      75
      89
      84
      73
      74
      81
      80
      86
      85
      87
      92
      76
      84
      80
      97
      75
      81
      81
      93
      82
      72
      73
      92
      63
      69
      94
      92
      63
      87
      56
      98
      87
      88
      72
      84
      69
      96
      92
      86
      73
      99
      79
      74
      73
      85
      78
      79
      88
      80
      89
      74
      79
      69
      67
      87
      71
      66
      80
      83
      68
      90
      74
      74
      78
      95
      78
      94
      81
      68
      83
      92
      76
      62
      80
      69
      70
      76
      76
      86
      70
      90
      72
      76
      72
      88
      77
      78
      69
      76
      81
      69
      76
      68
      68
      73
      76
      70
      70
      77
      72
      81
      66
      63
      80
      87
      79
      84
      67
      75
      78
      84
      78
      79
      59
      80
      76
      88
      79
      72
      75
      71
      85
      95
      60
      96
      80
      76
      75
      78
      70
      80
      76
      81
      69
      70
      70
      90
      87
      64
      72
      59
      87
      88
      81
      65
      75
      66
      67
      81
      74
      78
      73
      84
      72
      57
      74
      68
      74
      51
      64
      67
      70
      83
      73
      81
      65
      64
      71
      74
      78
      76
      65
      80
      63
      72
      65
      71
      76
      63
      71
      85
      80
      86
      65
      71
      79
      66
      60
      60
      55
      58
      71
      68
      56
      69
      58
      73
      66
      68
      51
      68
      54
      73
      85
      72
      70
      80
      65
      71
      72
      70
      62
      66
      64
      73
      61
      49
      87
      80
      52
      68
      53
      64
      55
      66
      76
      61
      68
      72
      65
      46
      50
      47
      59
      69
      68
      57
      46
      54
      61
      43
      66
      55
      69
      53
      76
      70
      63
      55
      50
      44
      59
      53
      66
      52
      58
      51
      57
      63
      43
      69
      67
      57
      60
      60
      62
      67
      56
      64
      60
      57
      53
      55
      64
      62
      66
      52
      73
      70
      73
      60
      45
      71
      62
      61
      66
      65
      67
      68
      64
      56
      60
      64
      55
      65
      67
      64
      62
      53
      66
      62
      74
      60
      62
      59
      66
      66
      64
      58
      62
      64
      55
      60
      49
      55
      50
      59
      57
      74
      88
      44
      55
      51
      61
      51
      65
      60
      59
      60
      69
      51
      77
      64
      61
      69
      65
      59
      58
      64
      67
      49
      73
      61
      52
      59
      43
      62
      63
      54
      64
      69
      55
      66
      54
      48
      70
      52
      59
      53
      64
      61
      52
      59
      54
      71
      60
      64
      63
      52
      53
      48
      58
      75
      56
      47
      55
      62
      58
      68
      67
      58
      65
      63
      50
      61
      63
      69
      59
      59
      54
      71
      62
      66
      80
      78
      69
      60
      45
      61
      56
      67
      82
      61
      69
      58
      52
      72
      63
      57
      70
      68
      59
      57
      68
      47
      61
      69
      52
      55
      65
      61
      59
      58
      64
      55
      62
      64
      48
      69
      67
      48
      55
      62
      76
      57
      46
      54
      67
      48
      60
      57
      57
      63
      60
      48
      55
      63
      63
      52
      68
      59
      64
      72
      52
      39
      57
      53
      67
      50
      55
      66
      59
      57
      59
      66
      70
      50
      56
      44
      53
      55
      63
      58
      47
      53
      61
      52
      58
      69
      68
      58
      73
      50
      67
      66
      63
      63
      70
      66
      71
      62
      73
      64
      75
      59
      57
      58
      50
      51
      56
      73
      79
      66
      58
      66
      73
      80
      69
      53
      72
      64
      54
      55
      78
      75
      78
      65
      69
      63
      61
      76
      48
      56
      62
      56
      57
      57
      57
      72
      63
      52
      61
      69
      64
      62
      60
      63
      70
      65
      77
      69
      85
      77
      46
      56
      74
      62
      55
      59
      67
      66
      58
      40
      63
      59
      74
      54
      74
      64
      66
      63
      77
      74
      70
      80
      69
      63
      54
      62
      56
      78
      66
      79
      56
      55
      53
      61
      65
      63
      62
      70
      61
      73
      59
      57
      55
      66
      62
      72
      64
      54
      70
      67
      76
      76
      66
      69
      71
      74
      58
      66
      62
      65
      67
      67
      65
      61
      76
      51
      50
      61
      64
      55
      66
      67
      68
      66
      57
      61
      57
      75
      61
      59
      68
      71
      73
      62
      78
      59
      63
      78
      50
      54
      75
      62
      68
      56
      53
      60
      67
      66
      61
      68
      48
      64
      65
      49
      52
      48
      49
      41
      59
      58
      53
      56
      60
      52
      42
      47
      44
      36
      41
      56
      38
      39
      46
      43
      50
      39
      49
      44
      45
      44
      51
      42
      44
      47
      55
      61
      40
      37
      34
      56
      40
      36
      37
      42
      26
      39
      52
      44
      44
      36
      35
      41
      34
      36
      46
      47
      43
      35
      31
      45
      45
      50
      27
      42
      45
      31
      36
      45
      45
      39
      34
      31
      26
      37
      39
      30
      40
      53
      23
      29
      42
      32
      33
      35
      33
      37
      32
      32
      25
      36
      38
      45
      39
      37
      38
      38
      33
      39
      25
      42
      39
      31
      30
      36
      31
      27
      34
      32
      31
      32
      30
      43
      34
      40
      40
      29
      40
      32
      36
      33
      38
      37
      34
      31
      28
      25
      36
      44
      41
      27
      28
      51
      34
      39
      27
      32
      32
      24
      32
      36
      27
      26
      30
      29
      33
      35
      32
      23
      30
      37
      37
      26
      34
      36
      33
      28
      28
      32
      34
      27
      37
      31
      30
      32
      37
      39
      37
      35
      27
      43
      27
      28
      28
      29
      25
      21
      31
      24
      28
      43
      33
      36
      36
      36
      33
      22
      37
      22
      21
      25
      35
      33
      34
      30
      32
      33
      38
      35
      28
      32
      25
      28
      28
      31
      25
      24
      21
      27
      28
      22
      28
      31
      36
      26
      27
      26
      35
      32
      33
      32
      28
      18
      23
      23
      24
      29
      27
      34
      22
      21
      30
      28
      27
      35
      29
      23
      32
      31
      25
      30
      32
      30
      23
      24
      24
      31
      31
      22
      27
      30
      34
      30
      22
      29
      29
      28
      25
      39
      29
      26
      37
      25
      26
      25
      26
      28
      20
      18
      17
      29
      32
      36
      30
      33
      26
      29
      26
      28
      35
      31
      29
      48
      34
      26
      32
      29
      24
      22
      27
      23
      32
      43
      23
      39
      37
      27
      17
      22
      28
      32
      28
      32
      25
      27
      24
      26
      30
      28
      25
      34
      35
      33
      29
      27
      35
      22
      28
      22
      32
      26
      29
      24
      25
      21
      34
      29
      28
      29
      33
      26
      24
      35
      22
      33
      30
      31
      27
      30
      28
      24
      21
      23
      37
      16
      43
      21
      32
      27
      28
      35
      19
      30
      39
      24
      28
      32
      23
      25
      26
      25
      28
      24
      21
      15
      22
      29
      23
      33
      21
      19
      35
      17
      19
      16
      27
      25
      32
      29
      32
      25
      22
      30
      22
      28
      29
      17
      26
      16
      23
      14
      28
      20
      39
      20
      23
      23
      34
      31
      30
      25
      28
      27
      22
      21
      14
      34
      29
      28
      26
      36
      22
      22
      26
      22
      29
      18
      30
      24
      24
      28
      18
      23
      29
      21
      14
      28
      28
      23
      35
      24
      29
      23
      20
      25
      30
      28
      28
      25
      29
      25
      34
      22
      31
      18
      30
      20
      19
      31
      27
      25
      19
      25
      28
      15
      28
      21
      28
      23
      36
      22
      30
      34
      24
      24
      28
      30
      29
      19
      29
      29
      22
      26
      22
      21
      24
      21
      31
      25
      25
      26
      34
      22
      34
      23
      16
      30
      33
      18
      18
      21
      26
      21
      24
      18
      22
      22
      28
      24
      24
      22
      21
      22
      27
      35
      18
      35
      17
      24
      24
      15
      25
      21
      24
      27
      23
      24
      27
      27
      20
      22
      26
      31
      25
      26
      13
      25
      35
      30
      22
      20
      28
      26
      31
      30
      26
      33
      22
      14
      26
      27
      26
      25
      28
      21
      24
      21
      26
      26
      25
      27
      29
      18
      27
      18
      30
      20
      16
      24
      27
      22
      26
      18
      32
      16
      26
      30
      31
      32
      32
      32
      20
      28
      30
      22
      26
      30
      27
      31
      29
      29
      26
      25
      30
      39
      30
      22
      25
      37
      32
      26
      31
      28
      20
      30
      35
      18
      31
      30
      21
      25
      29
      35
      32
      26
      44
      39
      26
      19
      28
      39
      30
      32
      33
      32
      26
      16
      27
      30
      38
      37
      31
      27
      28
      29
      35
      37
      32
      37
      38
      36
      27
      28
      33
      44
      34
      40
      35
      41
      36
      38
      37
      38
      31
      43
      33
      30
      37
      36
      40
      45
      33
      39
      41
      34
      32
      39
      44
      41
      42
      41
      56
      38
      44
      44
      37
      34
      40
      39
      36
      29
      41
      39
      39
      36
      39
      33
      36
      37
      45
      44
      39
      40
      38
      34
      47
      52
      27
      32
      36
      39
      35
      36
      42
      34
      41
      40
      37
      38
      44
      31
      50
      30
      37
      49
      31
      31
      36
      33
      26
      38
      31
      27
      26
      25
      24
      26
      25
      27
      26
      21
      15
      18
      22
      12
      27
      15
      16
      11
      10
      20
      23
      17
      11
      18
      21
      12
      15
      10
       6
      15
      14
      15
      13
      14
      11
       9
      11
       7
      13
      15
      15
      15
      16
      17
      11
      12
      15
      11
       9
      17
      12
      19
       7
      10
      10
      10
       9
      10
      11
      12
       9
      18
      14
       9
      13
      11
      16
      15
       7
       8
      10
      17
      12
       9
       8
      13
      18
      24
       8
      11
       9
       7
      22
      15
       8
      12
      11
       7
      15
      10
      13
      15
      18
      19
      15
      14
      10
      11
      27
      13
       9
      10
      10
      11
       9
      11
      14
      14
       5
      16
      16
       9
       9
      10
      15
       8
      13
      11
      10
       5
       9
      13
      11
      10
      10
       8
       5
      12
       8
      13
       7
      12
      11
      14
      11
      11
       7
      12
       7
      14
      13
      12
      18
      12
      13
      10
       8
      16
      11
      11
      15
      16
      17
       3
      12
      11
       8
      10
      10
       3
      11
      11
       8
       8
      20
       3
      13
      14
       9
       8
       8
      13
      12
      13
       9
      11
       7
       8
       8
      12
      14
       9
      14
      11
      13
       9
       9
      10
      14
      11
       9
       7
      15
       6
       7
      12
       8
      12
      10
       8
      14
      11
       8
       8
       5
       9
      10
      18
      13
      12
      15
      10
       6
       8
      16
      11
      12
       8
      15
      10
      12
       7
       3
       8
       7
      15
      19
      12
       9
       6
       6
       9
      10
      13
      10
      13
      15
      10
       9
      12
       9
       9
      10
      10
      10
       9
       8
       9
      11
       5
       6
      12
       7
       8
       4
       9
       4
      11
      10
       7
       9
      15
       9
      13
      13
      14
      11
       8
       9
      12
       8
       9
       1
       9
       8
      10
      11
      12
      19
      11
      12
      10
      12
      16
      16
      14
      14
       7
      10
       8
      10
      11
       9
      10
       3
      11
       7
       4
       9
       6
      14
       7
       7
       7
       8
       7
      10
      12
       6
       7
      11
       7
      11
       8
       3
       6
      11
      13
       8
       9
       6
       9
       7
      10
      11
       8
       9
       9
       9
       4
       8
      14
       7
       8
      12
       9
       7
       7
       8
      12
       9
       7
      11
      13
      11
      11
       8
       8
      11
       6
       4
       5
      11
       9
       7
      11
      10
       6
       6
      13
       6
      10
      11
       9
       6
       9
       5
      10
      10
      12
       7
      12
       7
       8
       7
      10
       9
       7
       2
       4
       8
       5
       5
       7
       5
       7
       8
       6
       6
       7
       8
       4
       5
       7
       7
       8
      10
       3
       4
       5
       8
       6
       6
       7
       4
       7
       6
      12
       8
       9
       4
       9
       5
       6
      10
       4
       5
       8
       3
       7
       8
      11
       6
       4
       8
      11
       6
       3
       9
       8
       9
       3
       5
       7
       5
       7
       6
       4
       9
       5
       7
       3
       6
       4
       5
       4
       8
       6
       9
       8
       9
       7
       6
       7
       8
      13
       8
       6
       4
       6
       5
       7
       7
       5
       5
       9
       8
      12
       8
       9
      10
       7
       7
       7
       6
       6
      13
       6
       4
      12
       6
       5
       6
       9
       7
       9
       4
       7
      10
      10
       8
       9
       9
       9
       9
       6
       7
       4
       7
       5
       9
       6
       7
       4
       8
      11
       6
       5
       5
       6
       5
       9
       6
       4
       3
      11
       8
       8
       9
       4
       8
      14
       7
       4
       3
       2
      11
       6
       5
       8
       7
       6
       7
       5
       4
       9
       6
       8
       5
       5
       4
       5
      10
       7
       6
       2
       3
       2
      11
       4
       5
       9
       5
       9
       3
       4
      11
       0
       5
       8
       8
       6
       6
      10
       6
      11
      10
       2
       6
       5
       5
       5
       3
       4
       9
       8
       5
       5
       5
       5
       7
       6
      12
       3
       4
       6
      15
       4
       5
       2
       6
       3
       5
       3
       4
       3
       6
       6
       9
       3
       4
       6
       8
       8
       5
       3
       3
       4
       7
       8
       4
       4
       6
       6
       7
       6
       5
       2
       6
      10
       6
       9
       6
       4
       5
       7
       8
       3
      11
       8
       7
       6
       9
       9
       4
       3
      10
       3
       1
       7
       3
       8
       7
       6
       7
      10
       9
       7
       2
       5
       5
       7
       6
       5
       4
       2
       3
       8
       6
       8
       4
       6
       3
       8
       5
       4
       6
       4
       7
       5
       5
       3
       4
       2
       6
       1
       6
       4
       5
       9
       4
       5
       6
       5
       3
       3
       4
      11
       6
       3
       2
       5
       1
       3
       0
       4
       8
       3
      10
       6
       3
       6
       5
       7
       1
       6
       6
       8
       7
       3
       3
       1
      10
       4
       3
      14
       7
       1
       5
       5
       7
       4
       5
       2
       4
       6
       5
       3
       5
       4
       4
       2
       3
       9
       4
       3
       5
       8
       4
       5
       1
       4
       6
       5
       7
       2
       2
       6
       6
       9
       2
       1
      10
       4
       4
       6
       3
       1
       2
       8
       5
       8
       4
       9
       3
       5
       8
       5
       2
       5
       3
       5
       4
       3
       6
       8
       9
       1
       7
       5
       1
       4
       5
       3
       5
       3
       2
       4
      10
       4
       4
       9
       4
       3
       8
       8
       5
       5
       4
       7
       3
       2
       5
       1
       7
       5
       2
       8
       2
       4
       5
       5
       1
       1
       3
       9
       5
       5
       3
       1
       3
       8
       8
       2
       3
       3
       4
       1
       4
       3
       7
       5
       6
       5
       2
       5
       3
       5
       3
       3
       3
       5
       3
       6
       1
       4
       4
       5
       3
       1
       6
       2
       3
       3
       3
       2
       3
       2
       3
       2
       3
       7
       4
       3
       8
       4
       3
       2
       5
       5
       5
       4
       0
       5
       2
       1
       1
       2
       0
       1
       3
       5
       3
       4
       4
       4
       3
       1
       2
       7
       3
       3
       1
       4
       4
       3
       1
       5
       4
       2
       4
       0
       7
       1
       0
       1
       5
       3
       0
       1
       2
       2
       2
       2
       2
       6
       0
       5
       1
       4
       1
       6
       0
       4
       3
       4
       5
       2
       2
       4
       0
       5
       2
       3
       5
       2
       0
       4
       2
       3
       4
       4
       1
       3
       5
       2
       5
       3
       1
       2
       1
       4
       4
       2
       3
       5
       4
       2
       5
       5
       2
       3
       3
       3
       1
       2
       1
       0
       4
       7
       2
       5
       1
       2
       4
       1
       4
       3
       2
       4
       3
       3
       4
       3
       4
       1
       4
       4
       0
       1
       6
       5
       2
       3
       2
       1
       4
       4
       0
       2
       3
       1
       4
       6
       2
       3
       4
       0
       5
       2
       2
       2
       2
       1
       8
       7
       5
       2
       0
       4
       7
       2
       1
       3
       3
       6
       4
       2
       4
       4
       2
       0
       4
       3
       2
       2
       3
       2
       4
       4
       1
       4
       1
       2
       2
       3
       3
       2
       1
       3
       0
       4
       4
       4
       1
       3
       5
       4
       0
       5
       1
       5
       5
       2
       2
       1
$ENER_FIT:
4.874570 0.331050
$PRESETS:
Live Time (sec)
86400
0
$RT:
88172.040000
$DT:
1772039
$ISO_DECL_U:
SMPLNAM: IDB-1315
SEPDATE: 01/01/1900 00:00:00
U234: 0.514 
DU234: 0.1946
U235: 57.042 
DU235: 0.0631
U236: 0.001 
DU236: 100.0000
U238: 42.443 
DU238: 0.0283
$ADC:
4096
0
4095