$APPLICATION_ID:
IDB v.1.0
$SPEC_REM:
Material type: U
Material form: powder
Material compound: U3O8
U isotopics:
234U 0.514
235U 57.042
236U Unknown
238U 42.443
Detector: CZT (Geometry: Quasi-hemispherical, Size: 4000 mm3)
MCA: InSpector-2000
$DATE_MEA:
12/12/2016 10:49:44
$MEAS_TIM:
1000 1029
$DATA:
0 4095
       0
       0
       0
       0
       0
       0
       0
       0
       0
       0
       0
       0
       0
       0
       0
       0
       0
       0
       0
       0
       0
       0
       0
       0
       0
       0
       0
       0
       0
       0
       0
       0
       0
       0
       0
       0
       0
       0
       0
       0
       0
       0
       0
       0
       0
       0
       0
       0
       0
       0
       0
       0
       0
       0
       0
       0
       0
       0
       0
       0
       0
       0
       1
       2
      15
      24
      69
     116
     210
     333
     424
     565
     621
     677
     759
     856
     865
     914
     936
     938
     973
     979
     943
     940
    1030
    1027
     950
     981
    1050
     912
     950
    1002
     917
     925
     930
     923
     915
     942
     920
     912
     892
     930
     878
     948
     922
     894
     892
     893
     913
     885
     907
     934
     900
     906
     924
     896
    1001
     970
    1002
    1018
    1003
    1012
    1042
    1164
    1247
    1273
    1282
    1386
    1353
    1407
    1388
    1392
    1467
    1463
    1509
    1517
    1624
    1583
    1597
    1678
    1646
    1766
    1779
    1894
    1858
    1898
    1891
    1951
    2003
    2008
    2069
    2081
    2083
    2155
    2121
    2214
    2246
    2238
    2228
    2139
    2298
    2279
    2306
    2354
    2334
    2312
    2416
    2431
    2383
    2438
    2475
    2469
    2500
    2522
    2536
    2621
    2624
    2639
    2636
    2719
    2788
    2832
    2802
    2970
    2853
    3106
    3135
    3007
    3106
    3095
    3152
    3358
    3326
    3482
    3419
    3521
    3562
    3580
    3695
    3654
    3708
    3868
    3810
    3908
    4038
    4087
    4103
    4202
    4149
    4394
    4392
    4494
    4446
    4518
    4527
    4730
    4824
    4893
    5074
    5037
    5172
    5395
    5463
    5461
    5711
    5677
    5722
    5948
    6175
    6242
    6305
    6564
    6493
    6627
    6805
    7011
    7179
    7281
    7248
    7406
    7629
    7829
    7876
    7791
    7910
    7913
    8252
    8151
    8415
    8363
    8669
    8830
    8625
    8830
    9087
    9222
    9216
    9166
    9036
    9348
    9562
    9667
    9677
    9581
    9933
   10031
   10168
    9984
   10033
   10186
   10217
   10173
   10261
   10337
   10041
   10053
   10262
   10015
    9883
    9793
    9766
    9522
    9515
    9539
    9210
    8869
    9060
    8688
    8755
    8442
    8298
    7975
    7944
    7603
    7761
    7506
    7326
    7222
    7005
    7017
    6757
    6578
    6485
    6537
    6341
    6381
    6270
    6097
    6192
    6093
    6124
    5967
    6038
    5976
    5886
    5988
    5972
    5929
    5888
    5814
    5806
    5630
    5546
    5658
    5584
    5595
    5505
    5223
    5342
    5019
    4977
    4988
    4736
    4865
    4645
    4630
    4502
    4475
    4422
    4110
    4151
    3958
    3782
    3905
    3683
    3591
    3489
    3463
    3291
    3290
    3253
    3158
    3121
    2947
    3031
    2793
    2771
    2735
    2784
    2755
    2780
    2712
    2566
    2492
    2630
    2586
    2494
    2486
    2550
    2458
    2472
    2439
    2411
    2435
    2410
    2401
    2508
    2482
    2517
    2495
    2451
    2447
    2523
    2466
    2513
    2573
    2600
    2596
    2666
    2705
    2751
    2718
    2806
    2700
    2981
    3052
    3071
    3067
    3142
    3196
    3289
    3349
    3385
    3520
    3457
    3631
    3722
    3789
    3913
    3930
    3954
    4046
    4168
    4162
    4253
    4246
    4382
    4267
    4345
    4286
    4342
    4285
    4234
    4303
    4452
    4332
    4195
    4229
    4119
    4000
    3943
    3859
    3752
    3646
    3530
    3514
    3375
    3231
    3113
    3063
    3048
    2809
    2696
    2795
    2619
    2527
    2499
    2524
    2427
    2316
    2305
    2269
    2275
    2227
    2197
    2219
    2234
    2137
    2395
    2262
    2228
    2461
    2394
    2488
    2483
    2467
    2511
    2712
    2570
    2675
    2697
    2834
    2730
    2827
    2902
    2849
    2892
    3018
    2961
    3022
    3094
    3068
    3164
    3162
    3264
    3237
    3301
    3190
    3281
    3281
    3375
    3394
    3293
    3276
    3398
    3396
    3536
    3527
    3520
    3608
    3688
    3710
    3851
    3846
    3931
    4018
    4141
    4333
    4312
    4569
    4556
    4731
    4887
    5083
    5290
    5535
    5635
    5879
    6122
    6267
    6529
    6860
    6905
    7241
    7455
    7853
    8167
    8380
    8485
    8883
    9070
    9455
    9770
   10183
   10182
   10737
   10859
   11270
   11472
   11586
   11830
   12009
   12112
   12228
   12443
   12307
   12517
   12425
   12710
   12772
   12449
   12405
   12060
   11919
   11720
   11257
   11019
   10766
   10315
    9820
    9330
    8978
    8533
    7986
    7459
    7216
    6660
    6047
    5586
    5344
    4776
    4467
    4086
    3698
    3408
    3037
    2812
    2480
    2298
    2136
    1848
    1763
    1676
    1609
    1539
    1385
    1334
    1243
    1265
    1225
    1153
    1146
    1206
    1138
    1134
    1173
    1133
    1179
    1116
    1190
    1167
    1185
    1133
    1165
    1168
    1111
    1154
    1150
    1168
    1098
    1106
    1115
    1066
     989
     995
     959
     872
     909
     829
     830
     767
     726
     637
     678
     554
     507
     516
     461
     457
     437
     340
     358
     311
     237
     230
     209
     201
     179
     150
     161
     129
     122
     120
      93
      77
      80
      90
      52
      72
      59
      54
      48
      58
      46
      51
      56
      52
      53
      56
      60
      56
      52
      48
      38
      54
      39
      55
      44
      31
      33
      43
      33
      27
      33
      27
      32
      36
      28
      28
      35
      30
      34
      37
      31
      29
      35
      32
      31
      27
      27
      31
      21
      35
      36
      34
      30
      23
      34
      39
      26
      30
      32
      33
      33
      28
      23
      30
      32
      37
      39
      29
      32
      37
      35
      46
      25
      33
      28
      33
      31
      32
      26
      33
      27
      30
      20
      22
      37
      29
      31
      26
      30
      28
      27
      34
      21
      19
      24
      20
      15
      29
      25
      23
      22
      25
      15
      10
      13
      17
      11
      16
      17
      20
      13
      18
      16
      20
      13
      20
      17
      14
      17
      15
      12
      17
       8
      19
      10
      11
      17
      18
      16
       9
      13
      14
      16
      23
      11
      15
      17
      16
      18
      14
      19
      20
      14
      12
      13
      19
      12
      12
      15
      20
      16
      20
      10
      15
      14
      13
      16
      15
       9
      13
      19
      13
      13
      24
      14
      17
      15
      20
      12
      21
      13
      14
      13
      25
      17
      13
      14
      16
      10
      24
      11
      15
      14
      17
      18
      21
      22
      15
      13
       9
      17
      13
      12
      11
      12
      12
      11
      21
      15
      10
      13
      14
       7
      11
      11
       9
       8
      14
      12
      10
      14
      14
       8
       9
       5
      16
       9
      11
      17
      16
      10
      13
      16
       5
      15
       8
       9
      16
       7
      16
       9
       8
      14
      13
       7
      11
      11
      15
      12
       9
      11
       9
       9
      13
      12
      13
      15
      10
       6
       8
       9
       8
       7
       8
       7
      11
       8
       5
       8
       8
       8
       6
       7
      13
       7
       7
      12
       8
       5
       5
       5
       6
      10
      11
       3
       5
      12
      10
       7
       3
       8
       1
       1
      10
       6
       8
       8
       3
       7
       6
       8
       6
       2
       6
       3
       8
       5
       6
       2
       6
       7
       6
       5
      12
       6
       4
       6
       5
       6
       2
      10
       8
       6
      11
      11
       8
       6
       3
       6
       6
       8
       9
       5
       6
       4
       7
      12
      12
       8
       6
       8
       8
       8
       2
       6
       5
       1
       8
       6
       6
       6
       5
      11
       5
       3
       5
       4
       5
       2
       5
       7
       9
       8
       7
       5
      11
       2
      13
       6
       5
       7
       5
       7
       6
       5
       3
       7
       4
       6
       5
       7
       9
       4
       9
      13
      10
       6
      10
       6
      10
       6
       9
       7
       5
       7
      10
       8
       4
       7
       6
       5
       5
       6
       8
       7
       2
       5
       4
      10
       5
       7
       7
       8
       4
       6
       9
      10
      10
      11
       1
       4
      10
       7
       7
       2
      10
       6
       4
       7
       5
       6
       2
       4
      10
       5
       4
       5
       9
       5
       6
       5
       6
       7
       4
       4
       3
       4
       7
       1
       2
       4
       5
       5
       4
       3
       2
       9
       7
       2
       5
       6
       6
       8
       4
       3
       6
       5
       4
       4
       4
       6
       7
       2
       2
       2
       5
       4
       5
       4
       9
       6
       4
       3
       3
       8
       3
       8
       4
       4
       4
       1
       2
       2
       1
       6
       1
       2
       2
       5
       4
       3
       2
       7
       3
       1
       6
       1
       1
       3
       4
       4
       3
       6
       2
       6
       3
       1
       4
       5
       4
       0
       5
       1
       0
       4
       4
       2
       2
       2
       7
       4
       2
       3
       2
       0
       4
       2
       3
       5
       3
       3
       0
       4
       2
       0
       2
       1
       1
       1
       1
       2
       1
       1
       2
       0
       1
       0
       2
       2
       2
       1
       3
       4
       2
       0
       3
       0
       2
       2
       4
       1
       2
       4
       3
       1
       3
       2
       2
       6
       3
       3
       5
       6
       1
       2
       7
       1
       3
       0
       3
       5
       0
       2
       1
       3
       1
       1
       1
       1
       0
       2
       3
       0
       0
       1
       2
       1
       1
       2
       1
       3
       3
       0
       1
       4
       3
       2
       4
       1
       2
       3
       1
       3
       5
       0
       0
       3
       1
       2
       1
       0
       2
       3
       2
       0
       1
       0
       2
       3
       1
       2
       1
       1
       4
       1
       1
       1
       1
       3
       1
       1
       0
       4
       1
       3
       1
       3
       4
       1
       1
       4
       2
       2
       4
       3
       2
       2
       1
       0
       0
       1
       0
       2
       2
       3
       1
       3
       1
       2
       2
       3
       3
       0
       0
       1
       0
       3
       1
       2
       0
       3
       3
       1
       1
       2
       1
       1
       1
       0
       4
       1
       1
       0
       3
       1
       3
       3
       3
       1
       1
       0
       0
       1
       3
       1
       1
       2
       1
       0
       5
       4
       2
       1
       3
       2
       3
       3
       5
       3
       3
       1
       1
       4
       1
       0
       0
       0
       4
       2
       3
       3
       3
       2
       3
       2
       0
       1
       2
       2
       4
       2
       2
       1
       1
       4
       1
       1
       1
       2
       1
       1
       0
       0
       1
       1
       1
       2
       0
       2
       4
       2
       2
       1
       2
       0
       0
       4
       4
       3
       1
       0
       0
       3
       1
       1
       3
       1
       1
       3
       2
       0
       2
       0
       0
       1
       3
       0
       1
       2
       2
       2
       2
       1
       4
       2
       1
       2
       3
       1
       2
       0
       4
       0
       1
       1
       2
       1
       1
       3
       0
       0
       2
       0
       2
       0
       0
       2
       0
       1
       1
       1
       1
       2
       2
       1
       3
       1
       3
       1
       1
       0
       2
       0
       0
       3
       3
       3
       2
       3
       0
       2
       1
       2
       0
       2
       1
       2
       0
       2
       0
       2
       2
       2
       2
       2
       1
       0
       1
       1
       4
       1
       3
       2
       3
       1
       2
       2
       2
       2
       0
       3
       2
       4
       2
       2
       1
       3
       4
       1
       0
       2
       0
       2
       3
       1
       3
       1
       1
       3
       1
       2
       0
       4
       1
       1
       5
       4
       1
       3
       4
       0
       2
       1
       1
       0
       1
       1
       0
       1
       1
       5
       1
       2
       2
       2
       2
       0
       1
       2
       1
       1
       1
       3
       1
       0
       3
       2
       1
       1
       1
       2
       2
       0
       2
       1
       4
       0
       2
       0
       3
       0
       1
       3
       0
       0
       4
       2
       3
       0
       2
       1
       3
       1
       0
       3
       1
       1
       1
       2
       2
       1
       1
       0
       0
       2
       0
       3
       1
       1
       0
       2
       4
       4
       0
       2
       1
       2
       0
       1
       1
       0
       3
       1
       0
       1
       0
       1
       1
       1
       2
       0
       2
       1
       1
       0
       1
       1
       3
       1
       1
       2
       3
       3
       1
       2
       2
       1
       2
       0
       0
       3
       2
       1
       1
       2
       4
       0
       0
       1
       6
       2
       0
       2
       2
       2
       0
       1
       0
       2
       0
       0
       0
       1
       0
       1
       1
       0
       1
       2
       1
       0
       1
       0
       0
       1
       1
       5
       1
       2
       3
       1
       1
       2
       0
       1
       0
       2
       4
       2
       1
       0
       0
       1
       3
       3
       1
       2
       2
       1
       2
       1
       1
       0
       0
       1
       1
       1
       2
       0
       1
       2
       1
       1
       2
       1
       0
       2
       2
       1
       1
       1
       3
       2
       2
       1
       2
       2
       0
       0
       3
       0
       0
       3
       2
       1
       1
       3
       1
       0
       1
       2
       0
       2
       2
       1
       1
       1
       2
       3
       4
       1
       2
       2
       1
       0
       2
       1
       1
       2
       0
       1
       0
       0
       1
       2
       3
       0
       3
       2
       0
       3
       3
       1
       1
       1
       2
       4
       2
       2
       3
       1
       1
       3
       1
       1
       3
       0
       5
       3
       3
       0
       1
       1
       1
       0
       0
       2
       0
       0
       3
       1
       0
       2
       2
       2
       0
       2
       3
       0
       3
       3
       0
       2
       2
       0
       0
       1
       0
       1
       2
       1
       2
       1
       1
       1
       1
       0
       0
       2
       2
       4
       0
       1
       1
       1
       0
       1
       2
       1
       0
       0
       1
       2
       3
       2
       2
       1
       1
       1
       3
       0
       1
       1
       3
       2
       2
       1
       0
       1
       2
       0
       1
       1
       2
       2
       1
       1
       0
       1
       0
       1
       0
       0
       2
       0
       5
       4
       0
       3
       0
       1
       2
       0
       3
       1
       0
       2
       1
       3
       2
       1
       1
       1
       1
       1
       0
       2
       2
       0
       1
       0
       2
       1
       1
       1
       0
       0
       2
       0
       2
       2
       0
       0
       2
       1
       2
       0
       2
       1
       0
       0
       0
       0
       1
       0
       1
       0
       2
       1
       1
       0
       0
       2
       2
       1
       1
       3
       0
       0
       1
       2
       1
       1
       0
       0
       1
       1
       1
       1
       1
       0
       1
       0
       0
       2
       0
       2
       1
       1
       1
       2
       1
       1
       1
       2
       2
       1
       0
       0
       0
       2
       1
       0
       0
       3
       0
       3
       0
       2
       0
       0
       2
       2
       0
       0
       1
       2
       1
       0
       1
       0
       0
       2
       2
       1
       1
       0
       0
       1
       0
       2
       1
       1
       1
       2
       3
       0
       1
       2
       0
       4
       0
       1
       0
       0
       0
       1
       2
       0
       0
       0
       0
       0
       1
       2
       1
       0
       1
       0
       0
       0
       1
       1
       0
       2
       1
       2
       0
       1
       0
       0
       0
       1
       3
       3
       0
       0
       3
       0
       0
       1
       0
       0
       1
       0
       4
       2
       0
       2
       0
       0
       0
       0
       2
       2
       3
       2
       0
       2
       1
       1
       1
       2
       1
       0
       1
       1
       2
       1
       1
       1
       1
       0
       0
       0
       0
       0
       2
       1
       1
       2
       3
       1
       0
       0
       1
       1
       2
       1
       2
       0
       1
       1
       0
       2
       0
       3
       1
       1
       3
       1
       1
       0
       1
       0
       3
       3
       1
       1
       3
       0
       1
       0
       0
       1
       1
       0
       1
       0
       0
       1
       1
       2
       0
       1
       0
       2
       1
       0
       1
       0
       0
       0
       0
       0
       1
       1
       0
       3
       0
       0
       0
       0
       1
       0
       1
       1
       0
       1
       1
       0
       0
       1
       1
       0
       1
       1
       1
       1
       1
       0
       2
       0
       0
       2
       2
       3
       2
       2
       1
       0
       1
       2
       0
       0
       1
       1
       1
       4
       1
       0
       1
       3
       0
       0
       0
       0
       0
       1
       0
       1
       3
       0
       1
       0
       1
       1
       1
       1
       0
       0
       2
       1
       2
       1
       1
       0
       3
       1
       0
       3
       3
       1
       6
       2
       3
       1
       1
       2
       2
       3
       0
       0
       4
       0
       3
       1
       3
       4
       4
       0
       0
       1
       0
       1
       1
       1
       2
       1
       0
       1
       1
       0
       1
       0
       1
       0
       1
       2
       1
       4
       0
       1
       2
       0
       2
       0
       1
       2
       0
       2
       1
       0
       3
       0
       0
       0
       1
       0
       2
       0
       0
       0
       0
       1
       2
       1
       1
       0
       1
       1
       1
       0
       1
       1
       4
       2
       2
       2
       1
       0
       1
       0
       2
       1
       1
       0
       1
       0
       1
       2
       3
       1
       1
       1
       3
       2
       1
       3
       0
       2
       0
       0
       0
       0
       1
       0
       1
       1
       2
       0
       1
       1
       0
       1
       0
       0
       1
       1
       0
       0
       1
       1
       0
       1
       0
       0
       0
       2
       1
       1
       0
       0
       1
       1
       0
       0
       0
       1
       0
       1
       0
       0
       0
       0
       1
       0
       1
       0
       0
       0
       0
       0
       1
       1
       1
       1
       0
       0
       0
       0
       1
       0
       0
       0
       0
       0
       0
       1
       1
       0
       1
       1
       0
       0
       0
       0
       0
       0
       0
       0
       1
       0
       0
       0
       0
       0
       0
       0
       1
       2
       0
       0
       3
       0
       1
       1
       0
       1
       0
       1
       0
       1
       1
       1
       1
       0
       0
       0
       0
       0
       2
       0
       0
       1
       1
       0
       0
       0
       0
       0
       0
       1
       0
       1
       0
       0
       0
       1
       2
       0
       2
       1
       1
       0
       1
       2
       1
       1
       0
       0
       1
       1
       0
       0
       0
       0
       0
       2
       0
       1
       1
       0
       0
       0
       0
       0
       1
       1
       0
       1
       1
       0
       0
       0
       3
       0
       0
       0
       0
       2
       0
       0
       0
       1
       1
       0
       0
       2
       0
       0
       0
       1
       0
       1
       1
       0
       0
       0
       0
       0
       0
       0
       2
       0
       1
       2
       1
       0
       1
       1
       1
       0
       0
       1
       0
       0
       1
       0
       0
       1
       2
       1
       0
       0
       0
       1
       0
       0
       0
       0
       0
       0
       0
       0
       0
       1
       0
       0
       0
       1
       0
       0
       0
       0
       0
       0
       0
       0
       0
       1
       0
       0
       0
       0
       1
       0
       0
       0
       0
       0
       0
       0
       0
       1
       1
       1
       0
       0
       1
       1
       0
       1
       0
       0
       0
       0
       1
       0
       0
       1
       0
       1
       0
       2
       2
       2
       1
       1
       1
       0
       0
       0
       0
       0
       0
       0
       0
       1
       0
       1
       1
       0
       0
       0
       0
       1
       1
       0
       1
       0
       0
       0
       0
       1
       1
       0
       0
       1
       1
       0
       0
       0
       1
       0
       1
       1
       0
       0
       0
       1
       2
       0
       0
       0
       1
       0
       1
       0
       0
       0
       0
       0
       0
       0
       0
       0
       0
       0
       0
       2
       0
       1
       0
       0
       0
       0
       1
       0
       1
       0
       0
       1
       1
       1
       0
       0
       0
       0
       1
       0
       0
       1
       1
       1
       0
       1
       0
       0
       1
       1
       0
       1
       1
       0
       0
       0
       0
       0
       0
       0
       0
       1
       2
       1
       0
       2
       0
       0
       1
       0
       1
       0
       1
       0
       0
       0
       0
       0
       0
       0
       0
       1
       0
       1
       0
       0
       0
       1
       0
       1
       0
       1
       0
       0
       1
       1
       1
       0
       1
       0
       1
       0
       0
       0
       0
       0
       0
       1
       1
       2
       0
       2
       0
       2
       0
       0
       1
       0
       1
       0
       0
       0
       0
       1
       1
       0
       0
       0
       0
       0
       1
       0
       1
       0
       0
       0
       0
       0
       0
       0
       0
       0
       1
       0
       0
       0
       1
       1
       0
       0
       1
       0
       2
       0
       0
       0
       0
       0
       2
       0
       0
       0
       1
       0
       1
       0
       0
       1
       0
       0
       0
       0
       0
       0
       2
       0
       1
       1
       0
       1
       1
       0
       0
       0
       1
       0
       0
       1
       0
       0
       1
       1
       1
       1
       1
       0
       1
       0
       0
       0
       0
       0
       0
       0
       0
       0
       0
       0
       0
       1
       0
       1
       1
       0
       1
       0
       1
       0
       1
       0
       1
       0
       0
       0
       0
       0
       0
       3
       0
       0
       0
       1
       0
       1
       0
       2
       0
       0
       2
       0
       0
       1
       1
       0
       0
       1
       1
       1
       0
       0
       0
       2
       0
       0
       0
       0
       1
       0
       1
       0
       0
       2
       1
       0
       1
       0
       0
       0
       0
       0
       1
       0
       0
       0
       0
       0
       0
       0
       0
       0
       0
       0
       0
       2
       1
       0
       1
       1
       0
       0
       1
       0
       1
       0
       0
       1
       0
       2
       1
       0
       0
       0
       0
       1
       1
       0
       0
       0
       2
       2
       1
       1
       0
       1
       1
       0
       0
       1
       0
       1
       1
       0
       1
       3
       2
       0
       0
       1
       2
       1
       0
       0
       0
       1
       0
       1
       0
       2
       1
       0
       2
       1
       1
       0
       1
       1
       2
       1
       0
       0
       1
       0
       1
       0
       0
       0
       0
       0
       1
       0
       2
       1
       1
       0
       1
       1
       1
       1
       3
       0
       0
       1
       0
       0
       0
       0
       1
       2
       0
       1
       0
       0
       1
       0
       1
       0
       0
       0
       0
       1
       0
       0
       0
       0
       1
       0
       0
       1
       0
       0
       0
       0
       0
       0
       0
       0
       0
       0
       0
       0
       0
       1
       0
       0
       0
       0
       0
       0
       0
       0
       0
       0
       0
       0
       0
       0
       0
       0
       0
       0
       0
       0
       0
       0
       0
       0
       0
       2
       0
       0
       0
       2
       0
       0
       0
       1
       1
       0
       0
       0
       0
       0
       1
       0
       0
       0
       0
       0
       0
       0
       1
       0
       0
       0
       0
       0
       2
       0
       0
       0
       0
       0
       0
       0
       0
       0
       1
       1
       0
       1
       0
       3
       0
       1
       1
       0
       0
       0
       0
       0
       0
       0
       0
       0
       0
       1
       0
       0
       0
       0
       0
       0
       1
       0
       1
       0
       0
       0
       0
       0
       0
       0
       0
       0
       0
       0
       0
       0
       0
       0
       0
       0
       0
       2
       0
       0
       0
       0
       0
       0
       0
       0
       0
       0
       0
       0
       0
       0
       0
       0
       0
       0
       0
       1
       1
       0
       0
       0
       0
       0
       0
       0
       0
       1
       0
       0
       0
       0
       0
       0
       1
       0
       0
       0
       0
       0
       0
       0
       0
       0
       1
       0
       0
       0
       0
       0
       2
       0
       0
       0
       0
       0
       0
       1
       0
       0
       1
       0
       0
       0
       0
       0
       0
       0
       0
       0
       0
       1
       0
       1
       0
       0
       1
       0
       0
       0
       0
       0
       0
       0
       0
       1
       0
       0
       0
       0
       0
       1
       0
       1
       0
       1
       0
       1
       1
       0
       0
       0
       1
       0
       0
       0
       0
       0
       0
       0
       0
       0
       0
       0
       0
       0
       0
       0
       0
       0
       0
       0
       0
       0
       1
       0
       0
       0
       0
       0
       0
       0
       0
       0
       0
       0
       0
       0
       0
       0
       0
       0
       0
       0
       0
       0
       0
       0
       0
       0
       0
       0
       0
       0
       0
       0
       1
       0
       0
       0
       0
       0
       1
       0
       1
       0
       0
       1
       0
       0
       0
       0
       0
       0
       0
       0
       0
       0
       0
       0
       0
       0
       0
       0
       1
       0
       0
       0
       0
       0
       0
       1
       1
       0
       0
       0
       0
       0
       0
       0
       0
       1
       0
       0
       0
       1
       0
       0
       0
       0
       0
       0
       0
       1
       0
       0
       1
       0
       0
       0
       0
       0
       0
       0
       0
       0
       0
       0
       0
       0
       0
       0
       0
       0
       0
       0
       0
       0
       0
       0
       0
       0
       0
       0
       1
       0
       1
       0
       0
       0
       0
       0
       0
       0
       0
       0
       0
       1
       0
       0
       0
       0
       0
       0
       0
       0
       0
       0
       1
       0
       0
       0
       0
       0
       0
       0
       0
       0
       0
       0
       0
       0
       0
       0
       0
       0
       0
       0
       0
       0
       0
       0
       0
       0
       0
       1
       0
       0
       1
       0
       0
       0
       0
       0
       0
       0
       0
       0
       0
       0
       0
       0
       0
       1
       0
       0
       0
       1
       0
       0
       0
       0
       0
       0
       0
       0
       0
       0
       0
       0
       0
       0
       0
       0
       0
       0
       0
       0
       0
       0
       0
       0
       0
       0
       0
       0
       1
       0
       0
       0
       0
       0
       0
       0
       0
       0
       0
       0
       0
       1
       0
       0
       0
       0
       0
       0
       0
       0
       1
       0
       0
       0
       0
       0
       0
       0
       0
       0
       0
       0
       0
       0
       0
       0
       0
       0
       0
       0
       0
       0
       0
       0
       0
       0
       0
       0
       1
       0
       0
       0
       0
       0
       0
       0
       0
       0
       0
       0
       0
       0
       0
       0
       0
       1
       0
       0
       0
       0
       0
       0
       0
       0
       1
       0
       0
       0
       0
       0
       0
       0
       0
       1
       0
       0
       0
       0
       0
       0
       0
       0
       0
       0
       0
       0
       0
       1
       0
       0
       0
       0
       0
       0
       0
       0
       0
       0
       0
       0
       0
       0
       0
       0
       0
       0
       0
       0
       0
       0
       0
       0
       0
       0
       0
       0
       0
       0
       0
       0
       0
       1
       0
       1
       0
       0
       1
       0
       0
       0
       0
       0
       0
       0
       0
       0
       0
       0
       0
       0
       0
       0
       0
       0
       0
       0
       0
       0
       0
       0
       0
       0
       0
       0
       0
       0
       0
       0
       0
       0
       0
       0
       0
       0
       1
       0
       0
       0
       0
       1
       0
       0
       0
       0
       0
       0
       0
       0
       0
       1
       0
       0
       0
       0
       0
       0
       0
       0
       0
       0
       0
       0
       0
       0
       0
       0
       0
       0
       0
       1
       0
       0
       0
       0
       0
       0
       0
       0
       0
       0
       0
       0
       0
       0
       1
       0
       0
       0
       0
       0
       0
       0
       0
       0
       0
       0
       0
       0
       1
       0
       0
       0
       0
       0
       0
       0
       0
       0
       0
       0
       0
       0
       0
       0
       1
       0
       0
       0
       0
       1
       0
       0
       0
       0
       0
       0
       0
       0
       0
       0
       0
       0
       0
       1
       0
       0
       0
       0
       0
       0
       0
       0
       0
       0
       0
       0
       0
       0
       0
       1
       0
       0
       0
       0
       0
       0
       0
       1
       0
       0
       0
       0
       0
       0
       0
       0
       0
       0
       0
       0
       0
       0
       0
       0
       0
       0
       0
       0
       0
       0
       0
       0
       0
       0
       0
       0
       0
       0
       0
       0
       0
       0
       0
       0
       0
       0
       0
       0
       0
       0
       2
       0
       0
       0
       0
       0
       0
       0
       0
       0
       0
       0
       0
       0
       0
       0
       0
       0
       0
       0
       0
       0
       0
       0
       0
       0
       0
       0
       0
       0
       0
       0
       0
       0
       0
       1
       0
       0
       0
       0
       0
       0
       0
       0
       0
       0
       0
       0
       0
       0
       0
       0
       0
       0
       0
       0
       1
       0
       0
       0
       0
       0
       0
       1
       0
       0
       0
       0
       0
       0
       0
       0
       0
       0
       1
       0
       0
       0
       0
       0
       0
       0
       0
       0
       0
       0
       0
       0
       0
       0
       0
       0
       0
       0
       0
       0
       0
       0
       0
       0
       0
       0
       0
       0
       0
       0
       0
       0
       0
       0
       0
       1
       0
       0
       0
       0
       0
       0
       1
       0
       0
       0
       0
       0
       0
       0
       0
       0
       0
       0
       0
       1
       0
       0
       0
       0
       0
       0
       0
       0
       0
       0
       0
       0
       0
       0
       0
       0
       0
       0
       0
       0
       0
       0
       0
       0
       0
       0
       0
       0
       0
       0
       0
       0
       0
       0
       1
       0
       0
       0
       0
       0
       0
       0
       0
       0
       0
       0
       0
       0
       0
       0
       0
       0
       0
       0
       0
       0
       0
       0
       0
       0
       0
       0
       0
       0
       0
       1
       0
       0
       0
       0
       0
       0
       0
       0
       0
       0
       0
       0
       0
       1
       0
       0
       0
       0
       0
       0
       0
       0
       0
       0
       0
       0
       1
       0
       0
       0
$ENER_FIT:
4.874570 0.331050
$PRESETS:
Live Time (sec)
1000
0
$RT:
1029.360000
$DT:
29359
$ISO_DECL_U:
SMPLNAM: IDB-1349
SEPDATE: 01/01/1900 00:00:00
U234: 0.514 
DU234: 0.1946
U235: 57.042 
DU235: 0.0631
U236: 0.001 
DU236: 100.0000
U238: 42.443 
DU238: 0.0283
$ADC:
4096
0
4095