$APPLICATION_ID:
IDB v.1.0
$SPEC_REM:
Material type: U
Material form: powder
Material compound: U3O8
U isotopics:
234U 1.1
235U 89.303
236U Unknown
238U 9.588
Detector: CZT (Geometry: Quasi-hemispherical, Size: 4000 mm3)
MCA: InSpector-2000
$DATE_MEA:
09/20/2016 12:24:56
$MEAS_TIM:
1000 1248
$DATA:
0 4095
       0
       0
       0
       0
       0
       0
       0
       0
       0
       0
       0
       0
       0
       0
       0
       0
       0
       0
       0
       0
       0
       0
       0
       0
       0
       0
       0
       0
       0
       0
       0
       0
       0
       0
       0
       0
       0
       0
       0
       0
       0
       0
       0
       0
       0
       0
       0
       0
       0
       0
       0
       0
       0
       0
       1
       7
      42
     103
     207
     435
     791
    1211
    1741
    2262
    2808
    3222
    3728
    4158
    4419
    4811
    4998
    5091
    5296
    5458
    5415
    5610
    5798
    5839
    5701
    5956
    6029
    5722
    6012
    6049
    5951
    5913
    5978
    5825
    5876
    5970
    5884
    5787
    5875
    5808
    5884
    5738
    5816
    5728
    5730
    5711
    5552
    5760
    5686
    5667
    5609
    5634
    5423
    5554
    5630
    6187
    6471
    6547
    6419
    6649
    6421
    6537
    6575
    6734
    6644
    6665
    6845
    6781
    6762
    6892
    7086
    7055
    7284
    7335
    7401
    7535
    7540
    7593
    7948
    7957
    8163
    8090
    8522
    8573
    8618
    8966
    9057
    9385
    9478
    9775
    9887
   10189
   10192
   10501
   10394
   10443
   10700
   10806
   10970
   11111
   11099
   11443
   11542
   11602
   11587
   11713
   11747
   11701
   11844
   11974
   12206
   12037
   12241
   12431
   12450
   12493
   12788
   12873
   12997
   12857
   13231
   13378
   13482
   13841
   14048
   14287
   14213
   14586
   14855
   15017
   15359
   15669
   16080
   16441
   16448
   16870
   17312
   17522
   17908
   18243
   18604
   19044
   19134
   19524
   20003
   20501
   20572
   20942
   21235
   21588
   21901
   22724
   22906
   23036
   23480
   24007
   24325
   24565
   24906
   25799
   25973
   26481
   26717
   27430
   27866
   28504
   28687
   29517
   29900
   30796
   31276
   32396
   32753
   33639
   34321
   35198
   36233
   37306
   38209
   38917
   40067
   41078
   42352
   43601
   44561
   46187
   47197
   47992
   49365
   50672
   52363
   53413
   55006
   56361
   57916
   59416
   61360
   62710
   64910
   66974
   68654
   70243
   72169
   74996
   76851
   79533
   81722
   84376
   86216
   88651
   91549
   93176
   95050
   97139
   99454
  102259
  104214
  105273
  106476
  108626
  109418
  110977
  111276
  111253
  111609
  111349
  111068
  110900
  109562
  109355
  107069
  105956
  104467
  102444
   99818
   98349
   95438
   93037
   90744
   88076
   84822
   82962
   79834
   78282
   75460
   73178
   70950
   69066
   67292
   65433
   63607
   61933
   61000
   60691
   59080
   58745
   58260
   57896
   56864
   57167
   56662
   56408
   56057
   56012
   55833
   55983
   55590
   54548
   54399
   53772
   53426
   52744
   52349
   51002
   49936
   49088
   47954
   46472
   45228
   43891
   41806
   41083
   39301
   37656
   35972
   34508
   33025
   31310
   30084
   28388
   26795
   25595
   24292
   22747
   21607
   20433
   19397
   18452
   17470
   16492
   15778
   15121
   14355
   14010
   13208
   12851
   12125
   12082
   11422
   11310
   10867
   10790
   10709
   10295
   10174
   10015
    9762
    9790
    9777
    9615
    9444
    9660
    9587
    9720
    9569
    9757
    9671
    9638
    9829
   10046
   10109
   10228
   10453
   10683
   10865
   11163
   11181
   11699
   11900
   11993
   12426
   12754
   13089
   13405
   13620
   13882
   14389
   14683
   14999
   15603
   16100
   16512
   16799
   17249
   17639
   17997
   18362
   18784
   19346
   19187
   19802
   20206
   20190
   20545
   20612
   20903
   20832
   20737
   20974
   21026
   20703
   20522
   20313
   19875
   19571
   19210
   19017
   18358
   18104
   17712
   17081
   16553
   16081
   15572
   15248
   14745
   14201
   13894
   13500
   13074
   12656
   12436
   12323
   12211
   11767
   11791
   11589
   11553
   11366
   11640
   11624
   11543
   11750
   11841
   12046
   12160
   12555
   12807
   12727
   13097
   13222
   13778
   13954
   14260
   14588
   14806
   15025
   15473
   15754
   16199
   16499
   16620
   16985
   17109
   17434
   17618
   17913
   18160
   18427
   18598
   18712
   18871
   19203
   19347
   19431
   19722
   20200
   19901
   20031
   20474
   20692
   20872
   21105
   21542
   21833
   22510
   22961
   23145
   23776
   24357
   25167
   25681
   26682
   27839
   28544
   29693
   30686
   31748
   32972
   34477
   36148
   37267
   39110
   40458
   42208
   44250
   45692
   47592
   49775
   51809
   53540
   56218
   58191
   60752
   63384
   64692
   67272
   69803
   71905
   74938
   77145
   79327
   82135
   84021
   86275
   87616
   89634
   91239
   93229
   94599
   95209
   96024
   96575
   96562
   97129
   96984
   95692
   94714
   93544
   91422
   89543
   87676
   84598
   82410
   78994
   75490
   72811
   68540
   65464
   61581
   57783
   54580
   50740
   47221
   43774
   40268
   37420
   34220
   31535
   28853
   26183
   24278
   22138
   20220
   18569
   17226
   15944
   15052
   13905
   13539
   12758
   11916
   11784
   11449
   10972
   10615
   10813
   10893
   10425
   10643
   10654
   10804
   10836
   10859
   10901
   10848
   10899
   11014
   10891
   11023
   11033
   10952
   10727
   10792
   10609
   10432
   10108
    9976
    9872
    9576
    9258
    8849
    8601
    8260
    7944
    7556
    6996
    6685
    6380
    5795
    5616
    5165
    4729
    4492
    4155
    3705
    3475
    3117
    2907
    2640
    2372
    2192
    1967
    1741
    1687
    1511
    1375
    1279
    1146
    1121
    1075
     951
     898
     861
     838
     842
     775
     738
     694
     710
     713
     665
     673
     635
     651
     636
     610
     625
     575
     590
     588
     600
     579
     537
     591
     540
     536
     532
     495
     519
     502
     529
     475
     492
     448
     493
     470
     444
     469
     483
     462
     500
     416
     491
     515
     459
     465
     490
     456
     461
     480
     473
     514
     474
     432
     460
     488
     501
     484
     478
     506
     482
     482
     513
     503
     518
     515
     536
     529
     507
     477
     488
     502
     510
     514
     462
     492
     475
     480
     468
     458
     441
     473
     489
     445
     456
     468
     430
     460
     439
     439
     381
     397
     418
     394
     452
     426
     451
     409
     424
     396
     379
     394
     427
     387
     374
     396
     372
     347
     373
     354
     353
     365
     373
     359
     346
     343
     380
     382
     392
     361
     403
     368
     386
     398
     355
     394
     393
     408
     433
     387
     395
     418
     448
     427
     419
     413
     412
     455
     434
     431
     450
     426
     452
     449
     450
     487
     454
     455
     461
     488
     514
     489
     464
     534
     528
     534
     544
     518
     528
     538
     562
     581
     562
     527
     570
     556
     614
     603
     574
     575
     603
     630
     614
     635
     671
     543
     561
     547
     633
     587
     582
     564
     564
     561
     554
     551
     516
     564
     550
     497
     522
     537
     512
     495
     489
     552
     468
     504
     484
     465
     472
     457
     446
     418
     439
     412
     398
     380
     397
     412
     408
     403
     411
     372
     372
     429
     389
     383
     370
     371
     353
     328
     391
     377
     340
     321
     333
     320
     318
     330
     288
     313
     288
     312
     276
     288
     276
     276
     253
     277
     255
     268
     243
     229
     229
     243
     214
     215
     220
     227
     196
     188
     221
     210
     176
     193
     209
     167
     138
     188
     154
     151
     165
     172
     156
     157
     162
     148
     138
     143
     137
     160
     146
     133
     151
     166
     120
     157
     129
     129
     126
     136
     130
     135
     121
     137
     134
     132
     106
     129
     134
     111
     134
     118
     123
     143
     135
     145
     124
     132
     124
     159
     137
     112
     142
     146
     136
     126
     164
     139
     127
     140
     111
     131
     125
     126
     141
     147
     149
     136
     140
     129
     152
     124
     173
     160
     151
     140
     145
     139
     131
     127
     131
     138
     145
     135
     129
     139
     138
     134
     141
     140
     134
     116
     130
     140
     122
     127
     140
     128
     142
     125
     147
     139
     129
     110
     144
     126
     140
     113
     130
     139
     129
     126
     144
     135
     139
     140
     149
     155
     146
     145
     144
     135
     145
     151
     145
     170
     160
     155
     163
     164
     160
     167
     168
     170
     176
     179
     188
     149
     179
     193
     173
     177
     155
     158
     173
     172
     152
     165
     188
     167
     172
     169
     174
     180
     161
     174
     160
     155
     172
     165
     176
     148
     139
     161
     180
     168
     187
     182
     172
     178
     182
     182
     185
     179
     200
     224
     194
     178
     221
     203
     212
     205
     204
     206
     182
     176
     202
     188
     198
     222
     182
     174
     241
     203
     171
     223
     218
     194
     196
     215
     213
     184
     207
     172
     171
     188
     206
     185
     159
     161
     168
     138
     167
     169
     156
     122
     119
     125
     117
     133
     127
     100
      98
      97
     104
      97
      87
      87
      92
      98
      95
      87
      75
      68
      85
      55
      81
      57
      61
      83
      77
      58
      67
      69
      78
      79
      61
      55
      78
      59
      69
      70
      70
      67
      74
      46
      57
      74
      75
      57
      54
      55
      59
      57
      60
      53
      52
      44
      53
      56
      61
      45
      41
      45
      35
      34
      49
      42
      37
      40
      45
      40
      27
      34
      20
      35
      30
      28
      37
      24
      17
      31
      33
      22
      21
      27
      24
      18
      22
      16
      28
      22
      19
      15
      21
      37
      21
      30
      30
      25
      20
      24
      23
      11
      27
      25
      24
      14
      16
      29
      20
      10
      20
      21
      21
      19
      20
      21
      12
      24
      24
      12
      14
      23
      11
      19
      16
      16
      10
      17
      16
      18
      12
      20
      15
      19
      15
      19
      14
      15
      14
      14
      15
      13
      16
      11
      18
      14
      16
      17
      14
      20
      16
      21
      15
      13
      10
      14
      19
      13
      12
      13
       7
      17
      16
      11
       9
      11
      15
      17
      16
      10
      21
      17
      21
      12
       8
      14
      17
      14
      15
      16
      13
      11
      11
      10
      11
      15
      19
      10
      16
      11
       8
      20
      12
       5
      13
      17
      13
      12
      16
      15
      15
      14
      15
      15
      11
       9
      20
      14
      20
      10
       9
      16
      15
      10
      14
       8
      14
      11
       8
      14
      13
      14
      13
      11
      11
       6
      10
      15
      13
      16
      10
      11
      11
       7
      11
      13
      14
      13
      13
      17
      16
      18
      11
      15
      15
      18
       9
      18
       8
       7
       5
       9
      13
      17
      10
      12
      12
       9
      13
      11
      17
      10
      21
      14
       9
      14
      12
       9
       8
      14
      19
      12
       9
      14
      11
      12
      13
       7
      11
      15
      12
      15
      10
       9
      11
      11
      11
      10
      10
      11
      21
       9
       6
      10
      10
      12
      14
       8
      13
      10
      14
       6
       9
       9
      16
      13
       9
       9
       5
      11
      10
       7
       6
       5
      15
      11
       8
       8
      11
       9
      11
      10
       7
      12
      10
       9
       5
       9
      11
      10
      11
       9
       7
       7
      13
       8
      14
      12
       9
       9
      10
       6
       9
      13
       8
       6
       5
      10
       7
       7
       8
      13
      10
       6
       7
       7
       2
       9
      14
       8
       6
       7
       9
       9
      10
      15
       8
      10
       6
      11
       3
      10
       5
       5
       7
       5
      10
      12
      19
      10
       7
       3
       8
       8
      14
      10
       6
       7
       7
       9
       9
       6
       7
       4
      13
      13
      11
       6
       8
       4
       8
       3
       7
       7
       9
       9
      10
       5
      12
      16
       9
      11
       8
       9
       8
       7
       4
      11
      11
       9
       5
      10
      10
       7
       8
       9
       4
       8
       9
       8
      11
      13
      10
       7
       6
       7
       5
      10
      11
      14
       4
      15
       6
       8
      16
       9
       6
       8
      11
      13
       5
       8
       8
      12
      10
       5
       7
       9
       6
       9
       9
       9
       4
       6
       7
       9
      12
      11
       7
       8
       5
       8
       5
       7
      11
       8
       3
       9
       5
       7
       8
       7
       6
       5
       7
       4
       4
       5
       8
       6
       6
       4
       7
       6
       9
       6
       4
      11
       6
       8
       7
       6
       7
       6
       5
       4
       8
       5
       6
      15
      11
      10
       7
       7
       5
       3
      12
       6
       5
       5
       5
       6
       8
       5
      13
       6
       6
       5
       4
      14
      10
       4
       8
       4
       8
       5
       4
      10
       7
      11
       5
       4
       4
       6
       9
       4
       4
       9
       8
       6
       7
       7
       2
       7
       7
       5
       4
       7
       5
       4
       5
      11
       4
       3
       8
       8
       7
       9
       5
       5
       8
       1
       6
       7
       9
       4
       5
       6
      10
       5
       8
      13
       8
       9
       6
       8
       4
       4
      10
      10
       5
       3
       9
       3
       8
       9
       4
       9
       6
      10
      11
       9
       7
       3
       7
      10
       9
       4
       8
       7
       7
       2
       8
       6
       7
       9
       8
       1
       3
      10
       7
       7
      13
       7
      13
       8
      10
      10
       8
       5
      10
       7
       6
      11
       4
      14
       8
       7
      12
       8
       9
       6
       8
       6
       7
       7
       7
       6
      10
       8
       9
       4
       5
      10
       6
       6
       6
       4
       8
       3
       3
       8
       5
       8
       9
       5
       4
       6
       3
       8
       8
       4
       7
      11
      11
      10
       5
       9
       7
       9
       3
       5
       3
       6
       4
       5
       7
       3
       5
       6
       7
       3
       4
       3
       9
       6
       8
       8
       5
       5
       5
       8
       5
       5
       1
       3
       7
       5
       4
       6
       7
       5
       4
       7
       6
       4
       1
       5
       3
       6
       6
       9
       5
       8
       9
       6
       6
       5
       5
       8
       3
       7
       2
       7
      10
       7
       7
       7
       9
       5
       4
       3
       2
       5
       1
       5
       6
       3
       5
       7
       5
       3
       8
       5
       4
       7
       1
       5
       5
       7
       3
       2
       6
       7
       6
       4
       7
       6
       4
       5
       9
       6
       7
       7
       7
       2
       4
       4
       2
       4
      10
       6
       6
       6
       4
       2
       5
       5
       4
       4
       3
       8
       3
       4
       4
       7
       4
       3
       5
       8
       8
       4
       5
       6
       6
       3
       6
       4
       4
       2
       6
       2
       3
       5
       6
       7
       3
       2
       8
       6
       5
       1
       2
       4
       8
       5
       0
       2
       4
       4
       3
       4
       2
       6
       4
       7
       2
       6
       3
       2
       3
       8
       1
       4
       3
       0
       3
       6
       6
       4
       3
       4
       2
       4
       8
       3
       4
       5
       4
       5
       5
       5
       2
       6
       1
       1
       4
       4
       5
       4
       4
       3
       6
       4
       3
       2
       5
       3
       4
       5
       6
       2
       6
       1
       0
       2
       3
       2
       4
       5
       6
       3
       1
       3
       5
       3
       4
       3
       8
       5
       8
       0
       9
       6
       3
       4
       6
       5
       3
       2
       1
       1
       3
       6
       2
       5
       1
       8
       4
       2
       2
       3
       1
       7
       2
       3
       3
       4
       3
       0
       3
       3
       1
       3
       2
       3
       1
       3
       4
       3
       5
       2
       3
       7
       2
       4
       4
      11
       4
       2
       6
       6
       7
       5
       6
       5
       7
       7
       6
       4
       5
       6
       6
       7
       4
       5
       3
       2
       3
       2
       5
       4
       2
       4
       4
       2
       2
       6
       4
       4
       1
       6
       4
       7
       4
       2
       8
       2
       3
       3
       6
       6
       5
       5
       5
       2
       1
       2
       4
       1
       6
       0
       2
       5
       2
       4
       2
       1
       5
       3
       2
       3
       3
       1
       4
       3
       3
       6
       6
       5
       5
       8
       1
       7
       3
       3
       2
       3
       2
       9
       7
       3
       4
       5
       5
       1
       2
       5
       2
       3
       4
       3
       6
       7
       3
      12
       6
       6
       6
       4
       9
       5
       3
       8
       4
       6
       2
       6
       3
       2
       3
       1
       3
       4
       4
       9
       4
       6
       4
       3
       3
       5
       3
       4
       4
       2
       3
       4
      10
       6
       3
       6
       4
       4
       4
       3
       1
       5
       7
       5
       4
       1
       6
       4
       4
       5
       6
       5
       5
       2
       3
       7
       4
       3
       3
       9
       7
       4
       3
       4
       8
       4
       3
       6
       5
       2
       3
       5
       5
       6
       5
       8
       3
       5
       4
       2
       3
       4
       4
       5
       2
       5
       8
       3
       4
       5
       5
       1
       7
       2
       4
       3
       5
       4
       6
       1
       5
       1
       8
       7
       3
       2
       7
       4
       4
       5
       0
       4
       3
       2
       8
       3
       1
       6
       8
       9
       7
       5
       4
       9
       8
       3
       4
       2
       8
       5
       2
       3
       5
       5
       2
       1
       2
       3
       4
       4
       6
       3
       3
       7
       5
       2
       2
       5
       4
       1
       6
       2
       8
       9
       3
       4
       3
       7
       5
       4
       7
       6
       2
       3
       2
       4
       5
       1
       5
       4
       7
       6
       5
       3
       4
       3
       0
       3
       3
       1
       2
       4
       5
       3
       4
       3
       3
       2
       4
       2
       2
       6
       1
       2
       3
       2
       3
       1
       2
       2
       0
       2
       4
       2
       1
       1
       0
       2
       6
       9
       6
       4
       2
       2
       8
       2
       2
       2
       1
       4
       4
       2
       3
       4
       3
       2
       5
       1
       1
       2
       4
       0
       4
       5
       2
       2
       2
       3
       1
       2
       0
       2
       2
       4
       4
       2
       2
       4
       3
       1
       3
       3
       3
       2
       3
       1
       1
       1
       1
       1
       3
       0
       1
       0
       2
       2
       3
       1
       2
       3
       2
       0
       4
       3
       0
       1
       2
       1
       2
       2
       4
       2
       1
       0
       0
       2
       0
       3
       4
       2
       4
       3
       4
       0
       3
       3
       1
       3
       0
       3
       3
       1
       3
       3
       4
       4
       1
       1
       2
       2
       2
       5
       1
       0
       0
       1
       2
       2
       2
       2
       3
       2
       2
       1
       0
       3
       2
       2
       3
       3
       1
       3
       3
       0
       5
       2
       6
       3
       2
       2
       1
       2
       2
       5
       3
       1
       2
       4
       1
       1
       2
       4
       2
       3
       3
       0
       2
       3
       4
       2
       4
       1
       2
       2
       0
       4
       4
       5
       2
       5
       3
       1
       1
       3
       3
       1
       1
       2
       6
       1
       1
       2
       1
       2
       5
       1
       1
       0
       2
       2
       2
       3
       1
       0
       3
       4
       3
       1
       1
       1
       3
       1
       3
       4
       0
       0
       3
       1
       3
       2
       1
       5
       1
       3
       6
       0
       3
       1
       3
       4
       2
       0
       5
       1
       4
       0
       0
       2
       2
       2
       1
       4
       3
       3
       5
       3
       2
       0
       5
       1
       2
       3
       1
       0
       3
       3
       1
       2
       3
       2
       1
       2
       1
       0
       1
       3
       1
       4
       2
       2
       3
       6
       2
       2
       1
       3
       0
       1
       1
       5
       3
       2
       0
       1
       0
       1
       1
       0
       3
       1
       1
       2
       1
       2
       2
       1
       0
       0
       1
       0
       2
       0
       0
       1
       1
       1
       4
       0
       3
       1
       0
       1
       0
       0
       2
       0
       3
       2
       0
       3
       2
       2
       1
       4
       2
       3
       3
       1
       4
       3
       4
       1
       2
       1
       4
       1
       5
       4
       3
       1
       0
       1
       3
       2
       0
       0
       2
       1
       2
       0
       0
       2
       1
       1
       2
       1
       1
       0
       1
       1
       0
       3
       1
       1
       4
       1
       1
       1
       1
       4
       1
       0
       2
       0
       2
       4
       3
       3
       2
       0
       2
       0
       1
       0
       0
       2
       1
       2
       2
       2
       0
       4
       3
       1
       1
       1
       2
       7
       1
       7
       1
       0
       3
       4
       2
       1
       1
       2
       1
       2
       2
       2
       1
       3
       2
       2
       2
       2
       2
       0
       0
       0
       1
       2
       1
       1
       1
       2
       2
       1
       3
       1
       0
       2
       2
       2
       1
       1
       1
       2
       3
       1
       2
       3
       1
       0
       4
       1
       2
       5
       2
       1
       1
       1
       1
       2
       0
       0
       2
       1
       3
       2
       2
       0
       3
       0
       1
       4
       2
       0
       2
       3
       1
       1
       1
       3
       1
       1
       1
       0
       1
       5
       1
       1
       1
       0
       1
       1
       3
       5
       1
       3
       0
       4
       2
       2
       1
       2
       0
       0
       2
       2
       2
       1
       1
       5
       3
       2
       2
       0
       1
       1
       0
       3
       0
       0
       1
       0
       1
       2
       2
       2
       2
       0
       1
       4
       1
       0
       1
       3
       1
       2
       0
       1
       3
       4
       1
       2
       2
       1
       3
       1
       1
       1
       2
       1
       1
       0
       1
       2
       1
       1
       2
       1
       1
       3
       3
       3
       1
       1
       0
       2
       6
       2
       1
       3
       0
       1
       0
       4
       2
       2
       1
       0
       2
       3
       1
       1
       3
       1
       3
       2
       3
       2
       0
       1
       1
       3
       2
       3
       1
       2
       3
       2
       1
       2
       1
       1
       2
       1
       1
       3
       1
       4
       3
       1
       1
       4
       1
       0
       5
       2
       1
       2
       2
       1
       3
       2
       0
       4
       2
       1
       4
       4
       5
       2
       2
       4
       2
       1
       5
       1
       7
       3
       2
       4
       6
       1
       1
       4
       8
       5
       3
       1
       1
       3
       4
       2
       2
       5
       2
       2
       2
       3
       0
       1
       1
       2
       6
       0
       1
       1
       2
       3
       4
       6
       0
       4
       4
       2
       2
       2
       1
       3
       2
       3
       5
       1
       5
       3
       6
       3
       1
       2
       1
       3
       1
       0
       1
       1
       4
       1
       4
       1
       0
       0
       4
       2
       2
       0
       1
       3
       1
       0
       0
       2
       1
       0
       3
       1
       1
       1
       2
       0
       0
       1
       1
       2
       0
       1
       3
       1
       1
       0
       3
       0
       0
       1
       1
       1
       1
       0
       2
       0
       1
       0
       2
       0
       1
       1
       0
       1
       1
       1
       1
       2
       1
       0
       1
       0
       0
       1
       0
       0
       0
       1
       1
       3
       1
       2
       0
       1
       2
       1
       1
       0
       1
       0
       3
       1
       0
       1
       0
       1
       0
       0
       1
       1
       0
       0
       0
       1
       0
       0
       0
       2
       2
       1
       0
       0
       1
       1
       0
       1
       0
       1
       2
       0
       1
       0
       0
       0
       0
       1
       0
       2
       4
       1
       0
       0
       0
       0
       0
       4
       1
       0
       1
       1
       0
       1
       0
       0
       0
       2
       0
       0
       0
       2
       1
       2
       0
       0
       1
       1
       0
       0
       0
       0
       0
       1
       1
       1
       1
       2
       1
       2
       2
       0
       0
       0
       0
       0
       1
       2
       0
       0
       1
       2
       0
       0
       0
       1
       0
       0
       1
       0
       0
       0
       0
       1
       0
       0
       0
       1
       0
       0
       1
       0
       2
       0
       3
       0
       1
       0
       0
       1
       1
       1
       1
       2
       2
       0
       2
       0
       0
       3
       0
       0
       0
       0
       1
       0
       2
       1
       2
       2
       1
       0
       1
       1
       0
       0
       2
       0
       0
       0
       0
       1
       1
       1
       2
       0
       1
       0
       1
       1
       1
       0
       1
       1
       0
       1
       0
       1
       2
       2
       0
       3
       1
       0
       0
       0
       0
       3
       1
       2
       1
       0
       2
       1
       0
       2
       2
       0
       0
       4
       0
       0
       0
       1
       1
       0
       0
       0
       1
       2
       0
       0
       1
       0
       1
       0
       0
       0
       1
       2
       0
       0
       0
       1
       1
       1
       1
       0
       0
       0
       1
       0
       0
       1
       1
       0
       0
       0
       0
       0
       0
       0
       0
       0
       0
       1
       3
       0
       1
       0
       3
       0
       0
       0
       0
       1
       0
       0
       1
       0
       0
       0
       0
       1
       0
       1
       1
       1
       1
       0
       2
       1
       0
       1
       0
       0
       1
       0
       0
       0
       0
       0
       1
       0
       1
       1
       0
       1
       1
       2
       0
       0
       1
       1
       1
       1
       0
       0
       1
       0
       1
       0
       2
       0
       0
       2
       0
       1
       3
       0
       0
       0
       0
       0
       1
       1
       1
       1
       0
       0
       1
       1
       2
       0
       0
       1
       0
       0
       1
       0
       0
       0
       1
       0
       1
       0
       2
       0
       1
       0
       0
       0
       0
       0
       0
       0
       1
       1
       0
       1
       0
       1
       0
       0
       0
       0
       0
       1
       0
       2
       0
       1
       1
       0
       0
       1
       1
       0
       0
       1
       1
       1
       1
       0
       1
       0
       0
       0
       0
       1
       0
       0
       1
       1
       1
       1
       1
       1
       1
       0
       1
       0
       1
       0
       1
       1
       2
       0
       2
       1
       0
       0
       0
       2
       0
       1
       0
       0
       1
       0
       0
       0
       1
       0
       1
       1
       0
       2
       1
       0
       0
       0
       0
       1
       0
       1
       0
       2
       0
       1
       1
       1
       0
       1
       1
       1
       0
       0
       0
       0
       0
       1
       1
       0
       1
       0
       0
       1
       1
       0
       0
       0
       1
       0
       1
       1
       0
       1
       0
       0
       0
       2
       1
       0
       1
       1
       0
       0
       2
       0
       1
       0
       0
       0
       0
       0
       0
       1
       0
       0
       0
       1
       1
       0
       0
       0
       1
       0
       1
       0
       0
       0
       0
       0
       1
       0
       1
       1
       1
       0
       1
       0
       2
       0
       1
       0
       0
       0
       0
       0
       0
       1
       0
       0
       0
       0
       0
       1
       0
       0
       1
       0
       1
       0
       1
       0
       1
       2
       0
       2
       0
       0
       0
       0
       0
       0
       1
       0
       0
       0
       0
       2
       0
       1
       0
       1
       0
       1
       1
       0
       1
       0
       0
       1
       1
       1
       1
       2
       1
       0
       1
       0
       1
       0
       0
       0
       0
       0
       0
       0
       0
       0
       1
       0
       0
       0
       1
       0
       1
       1
       0
       0
       1
       0
       1
       1
       0
       0
       0
       0
       1
       0
       0
       0
       0
       0
       0
       0
       0
       0
       1
       0
       0
       1
       2
       1
       0
       0
       0
       0
       0
       0
       0
       0
       1
       0
       2
       1
       0
       2
       1
       1
       0
       1
       1
       0
       0
       0
       0
       1
       0
       0
       2
       2
       0
       0
       2
       0
       0
       1
       0
       0
       0
       0
       1
       1
       1
       0
       0
       1
       0
       1
       0
       0
       1
       1
       1
       0
       0
       0
       0
       0
       2
       0
       0
       0
       1
       1
       1
       0
       0
       0
       1
       1
       0
       0
       0
       0
       0
       0
       1
       1
       0
       1
       0
       1
       0
       0
       0
       0
       0
       0
       0
       0
       1
       0
       0
       1
       0
       0
       1
       0
       0
       2
       0
       0
       0
       0
       1
       0
       1
       0
       0
       0
       1
       1
       1
       0
       0
       0
       0
       0
       0
       0
       0
       0
       0
       0
       1
       1
       0
       0
       1
       0
       0
       1
       0
       1
       0
       0
       0
       0
       0
       1
       2
       0
       0
       1
       0
       0
       0
       0
       1
       0
       0
       0
       0
       0
       0
       0
       0
       1
       0
       0
       0
       0
       1
       0
       0
       0
       1
       0
       0
       0
       0
       0
       0
       1
       0
       0
       0
       0
       0
       0
       0
       0
       1
       0
       0
       0
       0
       0
       0
       2
       1
       0
       1
       0
       0
       0
       0
       0
       0
       1
       0
       0
       0
       1
       0
       0
       1
       2
       0
       1
       0
       0
       0
       0
       0
       0
       0
       0
       0
       0
       0
       0
       0
       0
       0
       0
       0
       0
       0
       1
       0
       0
       0
       0
       1
       2
       0
       1
       0
       0
       0
       1
       0
       1
       0
       0
       0
       0
       1
       0
       0
       0
       0
       0
       0
       0
       0
       0
       0
       0
       0
       0
       0
       1
       1
       0
       0
       0
       0
       0
       0
       1
       0
       0
       0
       0
       0
       0
       0
       0
       0
       0
       0
       0
       0
       0
       0
       1
       0
       0
       0
       0
       1
       0
       1
       0
       1
       0
       0
       0
       1
       0
       0
       0
       1
       1
       0
       0
       0
       0
       0
       0
       0
       0
       1
       0
       1
       1
       0
       0
       0
       0
       0
       1
       1
       0
       0
       0
       0
       0
       0
       1
       0
       0
       0
       0
       0
       0
       0
       0
       0
       0
       0
       0
       0
       0
       0
       0
       0
       0
       1
       1
       1
       0
       0
       0
       0
       0
       0
       0
       0
       0
       1
       0
       0
       1
       0
       0
       0
       0
       0
       0
       1
       0
       0
       1
       0
       0
       0
       0
       0
       0
       0
       2
       0
       0
       0
       0
       0
       0
       0
$ENER_FIT:
4.874570 0.331050
$PRESETS:
Live Time (sec)
1000
0
$RT:
1248.380000
$DT:
248380
$ISO_DECL_U:
SMPLNAM: IDB-1355
SEPDATE: 01/01/1900 00:00:00
U234: 1.1 
DU234: 0.0909
U235: 89.303 
DU235: 0.0403
U236: 0.01 
DU236: 10.0000
U238: 9.588 
DU238: 0.1252
$ADC:
4096
0
4095