$APPLICATION_ID:
IDB v.1.0
$SPEC_REM:
Material type: U
Material form: powder
Material compound: U3O8
U isotopics:
234U 0.003
235U 0.341
236U Unknown
238U 99.656
Detector: LaBr3 (Geometry: Cylindrical, Size: 2 in (diam) x 0.5 in (len))
MCA: InSpector-2000
$DATE_MEA:
10/27/2015 11:28:07
$MEAS_TIM:
86400 86915
$DATA:
0 4095
       0
       0
       0
       0
      13
   15919
  160548
  147420
   82030
   41293
   30425
   28789
   28842
   28611
   29107
   30255
   32479
   34857
   37916
   42141
   46365
   49150
   49820
   47358
   44930
   43338
   42893
   42405
   41532
   40702
   40646
   40714
   42403
   44328
   45825
   46201
   46996
   46813
   46415
   46840
   46895
   47685
   47644
   47774
   48613
   52304
   60268
   75899
   98430
  126965
  156190
  178686
  186962
  179492
  156971
  128641
   99495
   77569
   62790
   53975
   50361
   48979
   49271
   49752
   50942
   52770
   53316
   55060
   56622
   58556
   60166
   61591
   63228
   64726
   66338
   67680
   69384
   70893
   73376
   75587
   79821
   85074
   91218
  100646
  113108
  128431
  145343
  164048
  180964
  192905
  200223
  198061
  191042
  177158
  159838
  143123
  128895
  118951
  112325
  109112
  107865
  108739
  110799
  112155
  113411
  115411
  116332
  118026
  118671
  119314
  119629
  120641
  121454
  122724
  123832
  125172
  127205
  129413
  131081
  133457
  135787
  138816
  142291
  148588
  157303
  170609
  189917
  215289
  249390
  291810
  338329
  389047
  437051
  480480
  513842
  536886
  544619
  542094
  525609
  502919
  474425
  445121
  412991
  380170
  347392
  312335
  276068
  242526
  211878
  183711
  161821
  144989
  135402
  131477
  132239
  136938
  144822
  155191
  166135
  176438
  186211
  191795
  196327
  195116
  191715
  181976
  169987
  156860
  141272
  124836
  110278
   96966
   85088
   75394
   67609
   61610
   57060
   54169
   52204
   50935
   49915
   49477
   48937
   49209
   49088
   48922
   48783
   49155
   49509
   48964
   49350
   48874
   49341
   49317
   49367
   49063
   49029
   49007
   49436
   49055
   49767
   50159
   50661
   51252
   52307
   53479
   54387
   55101
   55811
   56396
   56385
   56054
   56265
   55532
   54498
   52975
   52313
   50410
   49815
   48543
   47700
   47119
   46748
   46180
   45984
   45751
   45796
   45824
   45117
   45113
   45165
   45318
   45869
   46223
   45985
   46487
   46527
   46770
   47068
   47142
   46551
   46507
   45879
   45279
   44652
   43895
   43033
   42947
   41938
   41648
   41227
   40756
   40263
   40300
   40116
   39999
   41004
   40939
   42303
   42990
   44712
   47374
   49780
   53005
   56680
   61414
   65662
   70802
   75590
   80589
   83904
   86879
   88715
   88882
   87136
   85082
   81037
   75054
   70314
   64255
   58860
   53670
   48737
   44923
   42055
   39003
   36964
   35876
   34801
   34123
   33991
   33701
   33720
   33594
   33575
   34068
   34188
   34552
   34686
   34792
   34441
   34152
   34128
   33831
   33307
   32482
   32360
   31547
   30634
   30044
   29658
   28651
   28210
   27809
   27088
   26740
   26721
   26016
   26058
   26039
   25597
   25318
   25289
   25286
   25206
   25011
   24812
   24499
   24549
   24573
   24507
   23927
   23763
   23882
   23348
   23593
   23174
   22916
   22927
   22432
   22725
   22111
   22119
   22129
   21795
   21669
   21235
   21069
   21196
   20829
   20836
   20784
   20698
   20481
   20287
   20005
   19899
   20150
   19879
   19793
   19317
   19190
   19264
   19084
   18953
   18686
   18580
   18650
   18530
   18724
   18726
   18617
   18529
   18795
   18816
   18508
   18841
   18837
   18755
   18765
   18539
   18487
   18094
   17972
   17980
   17320
   17179
   16808
   16531
   16428
   15988
   15771
   15783
   15558
   15164
   15120
   14836
   14742
   14550
   14564
   14251
   13977
   14284
   14099
   13883
   13713
   13766
   13560
   13459
   13354
   13445
   13080
   13185
   12896
   13236
   12757
   12776
   12843
   12835
   12650
   12483
   12426
   12367
   12611
   12545
   12336
   12328
   12295
   12223
   12306
   12268
   12121
   12123
   12158
   12061
   11943
   11871
   11764
   11876
   11679
   11482
   11376
   11354
   11072
   11143
   10885
   10796
   10567
   10495
   10530
   10289
   10373
    9981
   10344
   10086
    9890
   10008
    9823
    9844
    9815
    9497
    9655
    9500
    9518
    9471
    9469
    9312
    9334
    9353
    9197
    9239
    9201
    9166
    9150
    8924
    8650
    8950
    8904
    8914
    8589
    8672
    8683
    8456
    8485
    8579
    8447
    8368
    8310
    8145
    8364
    8182
    8136
    7986
    8056
    8082
    8038
    8050
    7905
    7815
    7927
    7920
    7889
    7772
    7991
    7911
    7842
    7821
    7937
    7769
    7866
    7945
    7842
    8026
    7922
    8038
    7995
    7924
    7816
    7853
    7934
    7896
    7802
    7654
    7642
    7602
    7488
    7372
    7199
    7150
    7009
    7170
    6940
    6756
    6836
    6904
    6684
    6639
    6693
    6515
    6541
    6477
    6514
    6329
    6409
    6363
    6326
    6161
    6295
    6207
    6172
    6233
    6187
    6208
    6069
    5985
    6106
    6148
    5847
    5846
    5908
    5889
    5795
    5908
    5784
    5699
    5675
    5764
    5664
    5565
    5796
    5446
    5457
    5606
    5658
    5629
    5537
    5390
    5400
    5379
    5349
    5380
    5330
    5291
    5333
    5355
    5208
    5239
    5259
    5234
    5099
    5139
    5292
    4992
    5060
    5055
    5080
    5125
    5143
    4889
    4951
    5070
    4951
    4934
    4884
    4881
    4850
    4867
    4781
    4893
    4851
    4960
    4650
    4888
    4886
    4784
    4719
    4615
    4741
    4616
    4732
    4659
    4529
    4518
    4687
    4573
    4494
    4574
    4595
    4491
    4463
    4520
    4387
    4558
    4428
    4482
    4476
    4401
    4228
    4340
    4279
    4220
    4167
    4195
    4328
    4184
    4231
    4221
    4003
    4219
    4125
    4142
    4208
    4151
    4007
    4048
    4170
    3974
    3992
    4147
    4051
    4064
    4047
    4080
    4132
    4156
    4075
    3923
    3997
    4051
    4094
    3993
    3958
    3917
    3709
    3956
    3941
    3934
    3879
    3826
    3817
    3826
    3892
    3738
    3738
    3815
    3625
    3752
    3765
    3691
    3613
    3742
    3672
    3636
    3683
    3609
    3718
    3568
    3679
    3539
    3688
    3572
    3556
    3599
    3428
    3534
    3608
    3592
    3574
    3447
    3471
    3535
    3438
    3540
    3551
    3412
    3351
    3396
    3368
    3376
    3486
    3323
    3275
    3415
    3343
    3368
    3249
    3281
    3257
    3284
    3257
    3262
    3282
    3363
    3359
    3348
    3317
    3276
    3263
    3420
    3294
    3321
    3204
    3257
    3285
    3215
    3264
    3275
    3248
    3326
    3380
    3194
    3247
    3107
    3282
    3296
    3166
    3278
    3272
    3349
    3152
    3243
    3167
    3208
    3046
    3230
    3181
    3194
    3154
    3124
    3063
    3048
    3132
    3096
    3047
    3126
    3087
    2922
    3058
    3079
    2984
    2976
    2873
    2917
    2881
    3066
    2972
    2948
    3027
    2970
    2917
    2978
    2842
    2973
    2931
    2834
    2969
    2803
    2860
    2974
    2925
    2918
    2917
    2900
    2817
    2820
    2906
    2865
    2806
    2858
    2763
    2861
    2894
    2803
    2836
    2664
    2699
    2779
    2723
    2707
    2768
    2796
    2833
    2856
    2709
    2832
    2791
    2835
    2764
    2734
    2668
    2805
    2750
    2726
    2802
    2700
    2700
    2800
    2748
    2778
    2780
    2748
    2709
    2755
    2722
    2707
    2651
    2758
    2646
    2631
    2626
    2603
    2563
    2599
    2586
    2510
    2572
    2642
    2552
    2497
    2555
    2433
    2391
    2400
    2451
    2488
    2441
    2414
    2377
    2407
    2362
    2400
    2275
    2248
    2332
    2403
    2408
    2328
    2442
    2324
    2348
    2326
    2294
    2404
    2352
    2375
    2486
    2396
    2406
    2410
    2303
    2500
    2462
    2449
    2451
    2504
    2503
    2442
    2571
    2491
    2498
    2553
    2452
    2555
    2473
    2405
    2459
    2405
    2402
    2347
    2382
    2394
    2323
    2363
    2344
    2287
    2307
    2197
    2088
    2145
    2209
    2126
    2096
    2031
    2064
    2069
    2106
    2059
    2116
    2115
    1947
    1984
    1983
    1913
    2092
    2032
    1907
    1901
    1949
    1965
    1888
    1915
    1893
    1995
    1901
    1855
    1947
    1852
    1860
    1808
    1808
    1822
    1881
    1821
    1845
    1889
    1874
    1851
    1833
    1899
    1774
    1831
    1874
    1776
    1852
    1824
    1895
    1826
    1795
    1826
    1766
    1815
    1824
    1784
    1831
    1761
    1768
    1814
    1801
    1834
    1814
    1771
    1789
    1731
    1785
    1799
    1748
    1699
    1788
    1759
    1697
    1796
    1791
    1715
    1748
    1770
    1664
    1721
    1768
    1689
    1688
    1696
    1732
    1720
    1743
    1780
    1657
    1706
    1723
    1650
    1755
    1678
    1642
    1735
    1712
    1626
    1732
    1685
    1663
    1614
    1716
    1693
    1754
    1717
    1705
    1699
    1725
    1712
    1726
    1657
    1730
    1668
    1633
    1690
    1696
    1667
    1813
    1616
    1708
    1671
    1654
    1719
    1660
    1624
    1730
    1679
    1602
    1640
    1660
    1612
    1615
    1649
    1557
    1553
    1568
    1513
    1546
    1545
    1570
    1627
    1567
    1542
    1447
    1561
    1571
    1531
    1578
    1634
    1564
    1593
    1601
    1524
    1591
    1624
    1512
    1603
    1628
    1631
    1599
    1701
    1696
    1762
    1668
    1766
    1772
    1780
    1776
    1843
    1816
    1895
    1891
    1860
    1998
    1887
    1917
    1917
    2004
    1947
    1992
    2048
    2057
    1993
    1990
    2072
    2025
    2015
    2004
    1949
    1980
    2042
    2037
    2032
    1967
    2053
    2093
    2039
    2071
    2140
    2219
    2237
    2217
    2274
    2344
    2379
    2406
    2525
    2497
    2730
    2641
    2672
    2660
    2693
    2671
    2737
    2899
    2765
    2817
    2836
    2750
    2791
    2646
    2627
    2568
    2638
    2499
    2516
    2443
    2494
    2294
    2296
    2226
    2073
    2150
    2060
    1975
    2028
    1925
    1939
    1907
    1840
    1853
    1843
    1887
    1780
    1748
    1819
    1849
    1720
    1783
    1781
    1728
    1737
    1777
    1763
    1718
    1761
    1684
    1640
    1733
    1645
    1647
    1570
    1605
    1595
    1567
    1667
    1588
    1567
    1510
    1529
    1484
    1474
    1483
    1467
    1482
    1439
    1429
    1473
    1412
    1454
    1428
    1388
    1388
    1359
    1350
    1408
    1419
    1382
    1338
    1401
    1357
    1287
    1368
    1296
    1289
    1369
    1342
    1284
    1396
    1369
    1325
    1322
    1261
    1258
    1311
    1318
    1226
    1316
    1272
    1206
    1231
    1257
    1274
    1263
    1206
    1205
    1215
    1237
    1212
    1185
    1216
    1260
    1213
    1222
    1143
    1228
    1185
    1187
    1170
    1181
    1191
    1218
    1188
    1122
    1113
    1139
    1162
    1094
    1125
    1104
    1151
    1070
    1110
    1141
    1150
    1128
    1076
    1162
    1083
    1098
    1132
    1051
    1086
    1075
    1114
    1058
    1078
    1112
    1140
    1079
    1043
    1081
    1096
    1084
    1099
    1165
    1069
    1115
    1075
    1154
    1132
    1076
    1063
    1104
    1076
    1117
    1113
    1097
    1171
    1165
    1125
    1106
    1120
    1183
    1166
    1095
    1111
    1030
    1177
    1119
    1025
    1066
    1077
    1085
    1123
    1094
    1057
    1073
    1021
    1058
    1049
    1040
    1008
    1080
     998
    1017
     930
     990
     998
     969
    1053
     969
     910
     954
     989
     959
     967
     974
     980
     952
     930
     946
     930
     905
     935
     936
     939
     961
     933
     937
     938
     921
     953
     967
     904
     986
     923
     988
    1000
     982
     921
     952
     963
     937
     987
     979
    1051
     997
     944
    1033
     928
     980
     973
     953
     944
     994
     988
     945
     975
     941
     962
     997
     933
     908
     944
     984
     923
     925
     902
     978
     893
     927
     943
     909
     892
     883
     876
     956
     861
     935
     889
     872
     913
     866
     855
     850
     837
     826
     843
     847
     882
     831
     824
     845
     841
     799
     832
     793
     797
     810
     798
     794
     743
     766
     798
     752
     724
     764
     776
     775
     755
     765
     757
     777
     773
     751
     797
     735
     850
     809
     802
     795
     812
     821
     901
     901
     879
     885
     933
     960
    1027
    1015
    1114
    1167
    1177
    1234
    1366
    1371
    1434
    1504
    1591
    1566
    1741
    1723
    1884
    1958
    2059
    2165
    2223
    2282
    2309
    2413
    2403
    2536
    2658
    2620
    2610
    2631
    2692
    2755
    2693
    2680
    2670
    2622
    2611
    2634
    2464
    2336
    2375
    2362
    2267
    2167
    1966
    1994
    1859
    1730
    1725
    1473
    1527
    1349
    1355
    1227
    1167
    1113
    1041
     990
     928
     844
     815
     756
     746
     660
     678
     646
     611
     550
     584
     531
     543
     498
     495
     509
     487
     470
     432
     499
     485
     465
     456
     507
     465
     472
     467
     489
     410
     413
     456
     468
     464
     442
     424
     448
     421
     429
     438
     436
     440
     459
     423
     451
     408
     418
     425
     414
     456
     396
     460
     444
     439
     390
     387
     459
     442
     438
     416
     407
     429
     464
     425
     412
     410
     444
     423
     411
     390
     432
     450
     427
     405
     390
     438
     413
     410
     430
     442
     388
     443
     456
     403
     409
     434
     438
     415
     386
     431
     420
     440
     400
     396
     429
     441
     430
     440
     430
     398
     436
     404
     399
     439
     419
     411
     425
     444
     438
     404
     409
     406
     424
     395
     435
     435
     444
     412
     444
     413
     423
     430
     408
     408
     439
     457
     426
     407
     460
     468
     464
     433
     460
     441
     458
     429
     439
     444
     479
     425
     467
     460
     472
     458
     475
     453
     493
     458
     452
     502
     469
     477
     477
     443
     483
     486
     495
     448
     467
     459
     430
     483
     457
     449
     464
     464
     443
     453
     471
     432
     474
     457
     444
     468
     468
     403
     444
     470
     445
     405
     443
     410
     456
     483
     433
     438
     394
     434
     428
     422
     436
     484
     461
     401
     412
     438
     423
     447
     433
     437
     417
     433
     419
     453
     461
     391
     426
     427
     420
     437
     425
     436
     418
     414
     421
     408
     408
     382
     453
     430
     434
     450
     441
     461
     424
     437
     397
     452
     412
     464
     452
     431
     470
     414
     464
     421
     435
     453
     458
     442
     498
     430
     442
     432
     430
     447
     483
     443
     448
     451
     399
     450
     411
     454
     459
     436
     454
     439
     422
     448
     424
     464
     465
     412
     442
     447
     442
     454
     477
     447
     421
     430
     430
     419
     431
     435
     438
     415
     430
     388
     407
     430
     412
     413
     401
     424
     386
     422
     368
     397
     385
     410
     388
     385
     384
     404
     388
     407
     381
     398
     423
     382
     408
     388
     389
     389
     350
     343
     364
     362
     369
     384
     342
     355
     369
     394
     355
     331
     358
     338
     339
     359
     354
     357
     361
     366
     341
     316
     357
     344
     316
     327
     315
     310
     285
     314
     298
     296
     269
     315
     314
     263
     276
     268
     258
     264
     249
     255
     257
     264
     230
     215
     241
     248
     236
     256
     242
     217
     220
     226
     211
     224
     209
     201
     204
     206
     196
     223
     218
     192
     197
     200
     209
     197
     189
     223
     173
     195
     216
     199
     178
     184
     193
     187
     162
     165
     181
     203
     183
     174
     167
     192
     174
     187
     156
     164
     167
     170
     177
     178
     165
     149
     158
     156
     154
     154
     142
     172
     156
     176
     154
     152
     166
     161
     148
     126
     141
     136
     139
     160
     128
     120
     132
     123
     129
     168
     146
     147
     146
     119
     123
     124
     118
     136
     116
     137
     117
     121
     125
     132
     130
     130
     129
     111
     128
     123
     109
     111
     137
     124
     114
     113
     108
     102
     109
     140
     109
     121
      98
     106
     115
     100
      91
     109
     115
      94
      97
     100
     100
     118
     112
     106
      99
      93
      99
     103
      87
     110
      89
      84
      86
     108
      98
      93
      86
     101
      92
     104
     103
      90
      78
      80
      91
      79
      94
      88
      76
      86
     108
     100
      85
      89
      76
      91
      82
      87
     106
      91
      91
      94
      93
      77
     102
      85
     102
      69
      99
     100
      80
      67
      86
      80
     100
      77
      84
     100
      83
      98
      90
      82
      97
      91
      93
      88
     100
      87
      95
      87
      88
      88
      88
      87
      96
      97
     117
      97
      89
     109
      88
      98
      85
     114
      90
      90
      91
     114
      97
     113
     126
     117
     120
     102
     115
     114
     134
     120
     145
     125
     151
     148
     152
     145
     162
     177
     185
     202
     193
     183
     209
     252
     261
     254
     283
     307
     351
     323
     360
     359
     411
     414
     448
     437
     470
     452
     522
     540
     548
     597
     625
     608
     620
     652
     670
     714
     735
     675
     700
     750
     715
     743
     753
     715
     742
     819
     803
     753
     779
     776
     754
     789
     783
     751
     780
     857
     818
     806
     792
     846
     849
     885
     888
     866
     868
     845
     976
     972
     991
     960
    1012
    1014
    1079
    1053
    1119
    1067
    1091
    1185
    1121
    1192
    1245
    1217
    1233
    1231
    1204
    1250
    1211
    1199
    1228
    1234
    1203
    1219
    1181
    1175
    1172
    1111
    1028
    1073
    1008
     955
     972
     883
     885
     835
     807
     795
     676
     712
     668
     590
     579
     532
     494
     465
     465
     373
     373
     313
     295
     267
     262
     221
     223
     213
     191
     171
     154
     148
     141
     134
     144
     133
     112
     126
      92
      80
      73
      96
      91
      81
      84
      81
      75
      84
      70
      86
      72
      70
      66
      72
      78
      66
      78
      78
      72
      70
      56
      66
      70
      63
      58
      48
      69
      53
      54
      59
      51
      65
      59
      42
      49
      53
      49
      56
      59
      57
      54
      50
      37
      68
      49
      54
      59
      50
      46
      50
      55
      60
      48
      69
      59
      58
      51
      44
      57
      43
      54
      46
      52
      62
      52
      56
      52
      60
      66
      55
      47
      47
      50
      37
      54
      44
      55
      50
      49
      56
      52
      44
      52
      46
      54
      46
      47
      41
      43
      52
      57
      45
      50
      57
      45
      50
      48
      48
      40
      47
      61
      49
      41
      46
      29
      46
      44
      53
      47
      36
      49
      42
      57
      39
      50
      51
      46
      41
      46
      48
      46
      42
      47
      57
      38
      44
      43
      45
      54
      36
      50
      50
      39
      46
      34
      50
      50
      31
      33
      40
      44
      33
      31
      33
      39
      27
      32
      34
      37
      42
      36
      35
      37
      28
      43
      28
      31
      36
      37
      37
      40
      34
      29
      31
      30
      27
      29
      23
      24
      29
      40
      24
      28
      30
      25
      28
      32
      24
      27
      22
      33
      31
      30
      34
      31
      39
      27
      36
      35
      19
      18
      28
      26
      25
      28
      40
      41
      35
      37
      19
      32
      32
      33
      29
      40
      27
      20
      19
      32
      25
      22
      36
      37
      46
      24
      29
      25
      32
      31
      33
      36
      34
      33
      31
      25
      31
      26
      36
      26
      27
      32
      36
      26
      24
      34
      26
      31
      27
      31
      30
      36
      41
      34
      34
      38
      31
      36
      27
      35
      29
      35
      34
      26
      29
      30
      28
      26
      30
      38
      42
      34
      35
      32
      33
      32
      34
      35
      28
      29
      21
      41
      43
      40
      26
      32
      51
      29
      46
      31
      29
      32
      26
      43
      40
      47
      32
      39
      44
      43
      39
      42
      43
      38
      44
      43
      42
      55
      43
      55
      45
      35
      49
      46
      49
      47
      48
      45
      52
      51
      46
      51
      72
      56
      60
      66
      59
      59
      54
      67
      63
      62
      63
      83
      57
      67
      79
      57
      76
      64
      91
      76
      64
      81
      65
      63
      74
      67
      83
      77
      55
      94
      66
      74
      71
      80
      73
      57
      95
      71
     101
      84
      80
      90
      74
      64
      89
      85
      83
      82
      83
      63
      83
      88
      88
      78
      60
      84
     105
      95
      93
      82
      87
      73
      78
      72
      79
      99
      86
      73
      86
      75
      63
      78
      70
      71
      72
      78
      80
      80
      73
      70
      62
      53
      78
      67
      85
      70
      65
      57
      53
      75
      67
      61
      76
      70
      75
      72
      69
      80
      70
      77
      84
      78
      77
      85
      84
      84
      76
      69
      79
      79
      83
      84
      72
      83
      95
      83
      66
      82
      87
      88
      74
      87
      84
      86
     107
      77
     105
     107
      93
      90
      88
      77
      90
     103
     115
     104
     101
      92
      98
     114
     112
     108
     122
     106
     108
     121
     115
     101
     104
      91
     102
      97
     118
     102
     129
     101
     124
     105
     108
     100
     114
     121
     113
     134
     111
     139
     114
     102
     124
     128
     122
     126
     115
     117
     115
     112
     114
     125
     117
     134
     129
     130
     119
     121
     132
     128
     136
     136
     128
     133
     127
     138
     153
     149
     134
     161
     153
     150
     164
     145
     157
     161
     132
     140
     136
     149
     166
     167
     165
     173
     167
     152
     156
     175
     174
     164
     187
     150
     170
     173
     147
     184
     156
     163
     169
     173
     161
     178
     177
     174
     194
     139
     175
     175
     163
     188
     175
     193
     171
     178
     191
     178
     153
     186
     183
     185
     178
     166
     179
     167
     178
     179
     207
     190
     159
     183
     172
     181
     207
     179
     196
     192
     186
     206
     214
     208
     189
     156
     192
     209
     184
     187
     210
     197
     210
     214
     212
     174
     186
     207
     190
     209
     195
     217
     176
     197
     228
     206
     195
     236
     221
     187
     222
     193
     171
     210
     218
     196
     203
     185
     215
     210
     207
     208
     204
     221
     216
     213
     210
     235
     221
     257
     207
     223
     200
     199
     195
     219
     206
     194
     226
     223
     238
     215
     237
     220
     231
     222
     203
     224
     212
     232
     221
     234
     207
     240
     237
     224
     245
     234
     218
     238
     251
     264
     248
     253
     251
     253
     274
     261
     277
     277
     279
     261
     282
     272
     243
     286
     290
     266
     304
     275
     297
     305
     283
     313
     327
     312
     293
     314
     303
     345
     310
     339
     345
     325
     379
     338
     369
     330
     328
     366
     331
     324
     344
     342
     376
     374
     344
     358
     380
     393
     380
     365
     349
     349
     414
     405
     373
     358
     390
     388
     376
     385
     388
     398
     405
     383
     357
     370
     370
     345
     381
     385
     375
     360
     354
     346
     355
     350
     328
     319
     304
     331
     303
     302
     299
     336
     305
     318
     298
     312
     268
     303
     275
     239
     271
     255
     286
     225
     234
     262
     252
     251
     249
     244
     230
     241
     201
     210
     214
     211
     201
     209
     210
     211
     197
     192
     217
     212
     211
     189
     188
     183
     201
     168
     201
     166
     176
     170
     186
     161
     181
     171
     158
     171
     188
     169
     157
     193
     177
     186
     169
     164
     164
     166
     177
     182
     170
     194
     172
     169
     185
     186
     197
     171
     178
     204
     187
     174
     177
     203
     192
     207
     198
     182
     168
     196
     200
     202
     205
     207
     185
     187
     188
     193
     189
     174
     187
     181
     191
     171
     196
     195
     201
     204
     165
     177
     199
     175
     185
     193
     166
     188
     179
     172
     164
     189
     173
     191
     180
     190
     180
     179
     191
     170
     179
     200
     183
     176
     157
     183
     174
     182
     172
     209
     190
     183
     164
     181
     183
     179
     156
     169
     183
     184
     184
     154
     167
     189
     204
     197
     175
     181
     173
     183
     173
     177
     186
     197
     180
     174
     196
     184
     182
     202
     189
     212
     188
     232
     196
     214
     205
     229
     210
     209
     199
     213
     222
     224
     217
     208
     197
     230
     224
     235
     208
     236
     242
     208
     223
     240
     212
     240
     236
     211
     217
     243
     230
     265
     262
     243
     248
     238
     234
     254
     216
     210
     218
     263
     247
     218
     214
     220
     246
     242
     262
     247
     264
     259
     238
     220
     243
     209
     238
     214
     227
     257
     254
     259
     252
     230
     233
     245
     253
     248
     265
     223
     258
     250
     223
     236
     237
     239
     237
     264
     245
     232
     250
     259
     252
     245
     248
     208
     242
     245
     237
     264
     235
     263
     253
     225
     256
     291
     245
     274
     281
     308
     257
     295
     289
     298
     272
     302
     247
     266
     286
     296
     297
     275
     293
     285
     298
     299
     323
     302
     311
     314
     303
     328
     300
     326
     326
     295
     363
     315
     317
     329
     340
     310
     302
     365
     352
     349
     343
     328
     370
     341
     360
     383
     372
     376
     354
     311
     362
     363
     355
     308
     356
     347
     369
     338
     329
     296
     319
     331
     322
     306
     342
     330
     331
     277
     305
     308
     314
     280
     295
     339
     304
     254
     304
     275
     272
     245
     278
     266
     259
     244
     261
     242
     230
     229
     253
     216
     225
     230
     224
     231
     224
     208
     199
     199
     190
     185
     217
     206
     181
     177
     177
     195
     191
     174
     180
     186
     198
     190
     163
     192
     186
     185
     182
     219
     197
     161
     210
     186
     191
     183
     210
     216
     188
     201
     212
     199
     184
     224
     210
     189
     206
     177
     212
     198
     205
     220
     213
     227
     204
     235
     243
     217
     192
     238
     233
     251
     228
     244
     226
     221
     257
     241
     221
     232
     258
     248
     256
     222
     259
     231
     251
     276
     259
     269
     256
     258
     243
     256
     255
     222
     255
     212
     223
     202
     228
     245
     243
     234
     220
     203
     213
     202
     228
     171
     196
     199
     164
     189
     207
     168
     164
     157
     161
     153
     173
     137
     179
     152
     149
     126
     144
     137
     138
     153
     133
     123
     112
     117
     124
     124
     130
      99
      97
      89
     101
      84
     105
      98
      90
      83
      80
      88
      67
      85
      88
      88
      84
      70
      98
      74
      63
      84
      82
      77
      73
      68
      84
      71
      81
      69
      83
      99
      71
      82
      91
      73
      80
      72
      87
      84
      73
      84
      80
      89
      83
      79
      77
      93
      72
      86
      91
      82
      92
      82
      96
      93
      93
      86
      87
      92
      89
     101
      96
      91
      98
      97
     105
      98
      82
      98
      89
     119
     109
      89
     119
     108
     106
     112
     102
     105
     121
      97
     102
     105
     107
     103
     107
     100
     115
     104
      93
     109
     138
      97
     111
     113
     115
     101
     108
     122
     114
     103
     121
     126
     105
     129
      98
     133
     105
     131
     126
     130
     126
      95
     110
     113
     115
     120
     128
     106
     118
     118
     108
     119
     121
     100
     117
     129
     118
     120
     123
     126
     131
     122
     121
     126
     116
     140
     134
     134
     101
     119
     117
     130
     115
     126
     113
     114
     134
     124
     112
     127
     121
     120
     122
     114
     118
     109
     110
     115
     133
     106
     102
     116
     131
     133
     120
     151
     125
     126
     121
     121
     108
     122
     107
      97
     131
     141
      99
     137
     120
     142
     121
     135
     129
     141
     103
     132
     143
     123
     124
     149
     147
     116
     130
     147
     131
     116
     156
     147
     140
     132
     155
     122
     138
     144
     137
     129
     125
     132
     155
     128
     150
     130
     163
     155
     143
     145
     163
     136
     152
     140
     156
     173
     155
     185
     172
     172
     160
     174
     180
     185
     180
     156
     182
     199
     181
     171
     170
     177
     186
     198
     213
     201
     220
     217
     210
     204
     215
     195
     227
     232
     233
     237
     220
     228
     231
     252
     238
     252
     263
     248
     255
     241
     274
     281
     284
     254
     258
     278
     286
     278
     271
     270
     282
     268
     288
     288
     275
     317
     301
     284
     272
     270
     279
     298
     249
     277
     250
     275
     271
     290
     264
     279
     246
     226
     253
     271
     251
     235
     240
     241
     269
     253
     234
     246
     231
     248
     203
     209
     195
     184
     200
     201
     157
     168
     186
     153
     140
     168
     133
     121
     132
     148
     122
     102
     121
      98
     109
     109
     104
      87
      98
      78
      76
      72
      68
      62
      59
      60
      43
      57
      46
      56
      50
      43
      46
      31
      36
      47
      37
      45
      24
      28
      32
      19
      25
      27
      26
      18
      20
      19
      17
      25
      16
      11
      11
      12
      18
      11
      10
      12
       9
      13
      14
       8
       9
       2
       4
       9
       9
       5
       6
       5
       7
       9
       3
       4
       6
       5
       5
       5
       8
       6
       6
       8
       5
       2
       4
       9
       3
       5
       2
       3
       4
       2
       1
       1
       6
       2
       4
       2
       3
       1
       4
       5
       1
       3
       0
       4
       4
       1
       2
       6
       4
       1
       4
       1
       2
       0
       3
       1
       0
       2
       3
       2
       1
       3
       2
       2
       3
       4
       1
       1
       3
       0
       1
       0
       3
       4
       0
       1
       2
       1
       0
       1
       4
       6
       2
       3
       1
       0
       4
       2
       0
       5
       0
       1
       3
       3
       2
       1
       4
       1
       2
       1
       3
       0
       3
       2
       1
       4
       2
       0
       2
       0
       0
       4
       3
       1
       0
       2
       4
       3
       2
       2
       1
       3
       2
       2
       1
       1
       0
       2
       1
       1
       2
       0
       1
       2
       3
       1
       3
       2
       0
       1
       1
       2
       1
       0
       3
       3
       1
       1
       3
       4
       1
       1
       0
       3
       1
       1
       1
       2
       0
       2
       2
       0
       1
       1
       0
       2
       1
       1
       4
       1
       2
       0
       3
       1
       1
       1
       2
       0
       1
       2
       3
       2
       3
       2
       1
       0
       0
       5
       1
       0
       2
       3
       1
       0
       1
       1
       1
       1
       3
       3
       2
       0
       2
       1
       0
       2
       0
       1
       1
       1
       2
       3
       2
       1
       1
       2
       6
       1
       2
       1
       1
       2
       1
       2
       4
       0
       1
       1
       1
       0
       1
       3
       1
       1
       1
       2
       1
       0
       3
       1
       2
       0
       1
       3
       0
       0
       1
       0
       0
       1
       2
       1
       1
       2
       1
       2
       1
       2
       0
       0
       2
       0
       1
       0
       1
       4
       2
       1
       0
       1
       0
       2
       1
       0
       4
       1
       5
       2
       1
       3
       3
       0
       4
       1
       3
       1
       5
       4
       0
       1
       1
       1
       1
       3
       3
       2
       2
       1
       1
       0
       2
       1
       2
$ENER_FIT:
0.842170 0.675980
$PRESETS:
Live Time (sec)
86400
0
$RT:
86914.680000
$DT:
514679
$ISO_DECL_U:
SMPLNAM: IDB-1359
SEPDATE: 01/01/1900 00:00:00
U234: 0.003 
DU234: 33.3333
U235: 0.341 
DU235: 2.9326
U236: Unknown 
DU236: Unknown
U238: 99.656 
DU238: 0.0120
$ADC:
4096
0
4095