$APPLICATION_ID:
IDB v.1.0
$SPEC_REM:
Material type: U
Material form: powder
Material compound: U3O8
U isotopics:
234U 0.147
235U 21.902
236U Unknown
238U 77.951
Detector: LaBr3 (Geometry: Cylindrical, Size: 2 in (diam) x 0.5 in (len))
MCA: InSpector-2000
$DATE_MEA:
11/13/2015 16:17:28
$MEAS_TIM:
86400 88021
$DATA:
0 4095
       0
       0
       0
       0
       1
   64991
  216701
  198977
  133229
   90987
   77829
   74604
   73234
   72949
   75738
   81419
   89706
  103690
  123934
  152810
  181572
  197779
  191547
  169818
  148073
  133042
  122080
  111868
  101430
   92125
   87619
   89387
   96801
  107511
  117290
  121801
  118877
  107611
   96563
   87179
   81102
   76360
   73630
   72144
   71648
   74031
   80860
   94552
  116910
  143276
  171814
  194046
  204141
  196854
  177090
  147644
  119425
   96675
   81900
   72108
   68795
   67168
   67071
   68578
   70016
   72486
   74653
   78477
   82526
   88741
   95251
  103055
  112060
  119471
  126216
  130181
  131468
  130873
  129100
  128593
  127861
  130440
  134315
  141531
  150337
  160790
  173180
  185960
  196784
  206511
  214654
  218334
  218868
  217287
  213155
  210391
  208472
  207849
  210660
  216142
  223638
  232891
  241812
  252032
  260800
  268441
  274897
  280048
  285604
  289756
  296116
  305696
  318573
  335397
  357671
  387652
  424013
  461645
  500520
  537481
  569423
  590892
  602861
  606809
  605026
  604599
  612277
  633374
  672966
  732445
  814192
  916244
 1029608
 1152921
 1275059
 1395582
 1499573
 1585580
 1651350
 1685422
 1693553
 1671214
 1618362
 1539802
 1430246
 1299662
 1155123
 1007316
  865278
  739727
  640786
  568537
  525727
  511139
  519927
  547806
  585186
  629707
  679832
  722387
  757524
  778769
  783635
  774327
  745779
  704758
  652493
  592148
  530214
  469147
  412045
  360416
  316449
  278248
  247738
  223977
  205686
  190118
  179197
  168701
  161901
  155261
  149635
  143519
  138462
  133981
  129972
  126543
  123614
  120949
  119043
  116768
  115502
  114806
  114883
  116070
  118581
  122049
  128826
  139898
  152887
  170345
  193588
  221012
  251707
  286724
  322698
  357906
  390615
  415380
  430288
  433180
  426885
  409112
  381446
  347186
  309241
  269845
  231495
  198308
  169706
  147412
  130015
  117554
  108975
  104105
  101694
  102685
  105330
  110561
  118153
  128805
  140797
  155324
  171992
  188586
  203620
  218273
  229875
  236131
  239754
  236864
  228898
  217762
  202082
  183532
  166579
  147341
  131850
  118818
  106822
   98026
   94031
   92696
   95756
  103788
  116894
  138610
  167292
  207626
  262777
  333530
  423868
  533258
  662540
  811650
  976908
 1152401
 1326782
 1498574
 1651977
 1777631
 1862935
 1897919
 1888899
 1827419
 1718274
 1574806
 1399689
 1215498
 1025675
  841060
  674288
  529431
  408099
  310220
  236876
  182721
  145894
  123430
  111631
  107625
  110467
  116598
  126364
  138940
  150134
  163257
  175064
  184105
  191472
  195384
  195832
  191211
  183258
  172425
  158924
  143429
  125867
  108771
   92763
   77652
   64058
   53104
   43305
   35994
   30483
   26003
   23054
   21022
   19561
   18577
   18320
   17803
   17735
   17549
   17117
   16725
   16357
   15966
   15757
   15194
   14945
   14311
   13911
   13704
   13475
   13198
   12930
   12642
   12721
   12379
   12627
   12354
   12138
   12484
   12408
   12219
   12454
   12428
   12359
   12646
   12774
   12531
   12446
   12402
   12353
   12297
   11812
   12021
   12007
   11515
   11447
   11321
   11015
   10879
   10599
   10460
   10327
    9837
    9925
    9648
    9556
    9300
    9485
    9202
    9060
    9241
    8944
    8817
    8785
    8855
    8597
    8689
    8553
    8522
    8207
    8200
    8191
    7922
    7983
    7886
    7632
    7581
    7394
    7562
    7466
    7501
    7437
    7473
    7404
    7350
    7366
    7501
    7313
    7529
    7271
    7192
    7092
    7188
    7161
    7082
    6930
    7078
    7048
    6923
    6885
    6804
    6733
    6564
    6547
    6508
    6661
    6417
    6489
    6405
    6420
    6302
    6334
    6245
    6267
    6339
    6238
    6180
    6172
    6083
    6095
    5995
    5987
    5842
    5769
    5609
    5676
    5614
    5484
    5376
    5312
    5226
    5248
    5122
    5133
    5119
    4953
    4935
    4833
    4830
    4880
    4926
    4628
    4795
    4674
    4748
    4621
    4576
    4489
    4525
    4543
    4344
    4371
    4489
    4424
    4394
    4286
    4323
    4265
    4306
    4403
    4334
    4264
    4202
    4264
    4191
    4117
    4043
    4043
    4002
    4107
    4116
    4012
    4018
    4021
    3925
    3989
    4109
    3940
    4106
    3979
    3987
    4018
    3970
    3919
    4018
    3895
    3871
    4094
    4003
    4051
    4073
    4127
    4141
    4109
    4199
    4151
    4208
    4188
    4058
    4163
    4043
    3935
    3983
    4024
    3912
    3808
    3798
    3801
    3800
    3644
    3476
    3615
    3471
    3464
    3439
    3377
    3367
    3223
    3268
    3231
    3285
    3228
    3212
    3296
    3220
    3211
    3210
    3183
    3190
    3176
    3124
    3134
    3192
    3156
    3172
    3129
    3076
    3110
    3022
    3080
    3028
    3019
    2997
    2953
    2967
    2872
    2882
    2890
    2931
    2850
    2893
    2916
    2876
    2838
    2950
    2824
    2754
    2801
    2726
    2691
    2757
    2806
    2788
    2605
    2599
    2704
    2755
    2571
    2643
    2584
    2631
    2599
    2580
    2637
    2572
    2643
    2486
    2441
    2529
    2569
    2501
    2428
    2421
    2487
    2482
    2401
    2343
    2467
    2371
    2438
    2387
    2421
    2423
    2430
    2370
    2375
    2348
    2360
    2365
    2364
    2320
    2342
    2353
    2335
    2303
    2330
    2323
    2250
    2301
    2213
    2189
    2206
    2159
    2251
    2241
    2157
    2115
    2249
    2168
    2128
    2163
    2245
    2125
    2228
    2136
    2179
    2112
    2088
    2081
    2118
    2107
    2123
    2158
    2084
    2097
    2054
    2147
    2090
    2138
    2105
    2070
    2063
    2105
    2129
    2114
    2053
    2001
    2110
    2094
    2067
    2048
    2042
    2076
    2038
    2062
    2031
    2005
    1997
    1972
    2072
    2034
    2075
    1992
    2082
    1970
    1955
    1916
    1956
    1846
    1955
    1933
    1918
    1901
    1918
    1914
    1920
    1896
    1898
    1845
    1919
    1805
    1871
    1861
    1879
    1926
    1852
    1898
    1801
    1873
    1806
    1839
    1820
    1774
    1727
    1835
    1783
    1773
    1784
    1768
    1748
    1831
    1704
    1649
    1769
    1727
    1708
    1771
    1753
    1677
    1679
    1737
    1696
    1677
    1754
    1795
    1746
    1679
    1648
    1703
    1759
    1646
    1682
    1725
    1723
    1718
    1701
    1685
    1742
    1778
    1751
    1675
    1741
    1751
    1730
    1819
    1682
    1707
    1718
    1811
    1777
    1815
    1641
    1765
    1691
    1660
    1750
    1677
    1714
    1680
    1708
    1697
    1617
    1614
    1579
    1676
    1642
    1714
    1586
    1637
    1650
    1573
    1561
    1622
    1559
    1571
    1620
    1585
    1538
    1537
    1533
    1496
    1531
    1579
    1547
    1534
    1530
    1573
    1558
    1566
    1523
    1583
    1500
    1524
    1502
    1525
    1549
    1508
    1490
    1515
    1509
    1557
    1541
    1454
    1519
    1505
    1513
    1490
    1548
    1498
    1533
    1436
    1493
    1512
    1540
    1569
    1479
    1468
    1520
    1505
    1555
    1511
    1505
    1471
    1485
    1477
    1468
    1499
    1471
    1505
    1525
    1468
    1461
    1509
    1472
    1436
    1460
    1448
    1463
    1467
    1496
    1472
    1463
    1445
    1503
    1461
    1431
    1485
    1447
    1503
    1409
    1404
    1391
    1438
    1405
    1360
    1441
    1370
    1371
    1381
    1362
    1350
    1356
    1318
    1382
    1306
    1353
    1349
    1331
    1376
    1326
    1357
    1291
    1314
    1268
    1332
    1329
    1304
    1262
    1328
    1341
    1342
    1287
    1388
    1315
    1297
    1328
    1369
    1374
    1334
    1327
    1262
    1414
    1302
    1296
    1353
    1376
    1334
    1265
    1314
    1369
    1384
    1344
    1305
    1238
    1283
    1253
    1275
    1181
    1244
    1245
    1189
    1244
    1187
    1188
    1190
    1194
    1138
    1181
    1194
    1175
    1150
    1116
    1133
    1084
    1126
    1129
    1062
    1136
    1178
    1211
    1078
    1037
    1144
    1069
    1102
    1101
    1057
    1056
    1042
    1052
    1038
    1059
    1091
    1093
    1076
    1030
    1078
    1076
    1052
    1053
    1117
    1114
    1059
    1100
    1029
    1046
    1054
    1071
    1065
    1040
    1085
    1052
    1049
    1058
    1071
    1042
    1004
    1052
    1013
    1103
    1042
    1064
     998
    1045
    1058
    1018
    1017
    1049
     969
    1046
    1010
    1016
    1015
    1027
    1054
    1024
    1021
     997
     971
     996
     935
     987
    1035
    1051
    1002
     990
    1033
     992
     924
     956
     931
     997
    1004
     939
     913
     979
     931
     976
    1017
     952
     942
     951
     995
     964
     956
     947
     930
     935
     916
     980
     982
     965
    1005
    1002
     928
    1000
     963
     950
     936
     977
     957
     946
     945
     994
     935
     985
     933
     979
     965
     919
     938
     962
     916
     923
     905
     951
     945
     926
     884
     911
     912
     846
     926
     896
     881
     872
     868
     846
     913
     879
     874
     934
     915
     856
     912
     943
     913
     898
     913
     913
     870
     944
     924
     951
     934
     928
     892
     927
    1000
     977
     937
     946
    1012
    1011
    1011
    1079
    1081
    1007
    1023
    1047
    1042
    1083
    1051
    1077
    1000
    1092
    1043
    1036
    1109
    1041
    1090
    1081
    1138
    1075
    1027
    1076
    1026
    1062
    1046
    1061
    1093
    1056
    1115
    1094
    1052
    1171
    1152
    1127
    1140
    1207
    1266
    1284
    1281
    1272
    1312
    1264
    1309
    1287
    1324
    1310
    1364
    1338
    1385
    1358
    1243
    1265
    1329
    1248
    1277
    1260
    1260
    1161
    1238
    1165
    1096
    1039
    1037
    1056
    1121
    1110
    1023
    1003
    1083
    1109
    1058
    1052
    1050
    1080
    1012
    1034
     984
    1085
    1117
    1020
    1041
    1054
    1033
    1091
    1057
    1035
    1095
    1118
    1086
    1082
    1122
    1065
    1090
    1038
    1084
    1066
    1103
    1114
    1090
    1135
    1062
    1023
    1061
    1039
    1056
    1033
    1026
    1009
    1022
    1021
     988
    1016
     990
    1037
    1032
     978
    1029
     957
     940
     946
     953
     939
     979
     938
     968
     948
     836
     917
     925
     915
     950
     930
     919
     952
     909
     905
     931
     945
     941
     932
     913
     928
     985
     884
     903
     951
     920
     860
     934
     902
     935
     936
     953
     915
     907
     885
     863
     879
     960
     912
     891
     818
     843
     899
     867
     789
     878
     815
     865
     855
     871
     834
     835
     850
     838
     829
     827
     806
     834
     779
     872
     820
     835
     787
     869
     814
     823
     763
     824
     794
     807
     801
     785
     827
     835
     799
     822
     864
     843
     867
     819
     822
     769
     833
     804
     783
     839
     853
     819
     906
     842
     791
     804
     813
     763
     829
     840
     851
     804
     848
     854
     777
     818
     804
     791
     788
     838
     833
     835
     783
     758
     822
     789
     790
     791
     757
     752
     793
     777
     734
     767
     761
     731
     749
     737
     741
     736
     737
     673
     698
     707
     791
     718
     743
     704
     716
     757
     712
     753
     755
     680
     715
     713
     716
     718
     738
     785
     743
     684
     694
     717
     687
     730
     710
     723
     748
     716
     723
     760
     776
     749
     742
     692
     705
     709
     690
     745
     738
     663
     673
     748
     715
     626
     661
     710
     724
     703
     706
     706
     704
     697
     713
     667
     687
     699
     652
     682
     716
     686
     696
     682
     668
     668
     648
     687
     682
     641
     661
     644
     630
     619
     625
     624
     650
     619
     623
     642
     667
     607
     557
     629
     663
     590
     602
     658
     581
     621
     604
     587
     612
     635
     589
     601
     614
     617
     546
     593
     576
     594
     577
     582
     599
     574
     636
     634
     640
     601
     613
     627
     678
     689
     707
     718
     693
     684
     734
     745
     842
     805
     886
     863
     879
     930
     972
     998
     988
    1042
    1040
    1086
    1191
    1145
    1169
    1194
    1248
    1249
    1285
    1264
    1293
    1248
    1270
    1343
    1293
    1312
    1356
    1301
    1254
    1263
    1219
    1248
    1151
    1161
    1145
    1096
     997
     994
     990
     952
     950
     905
     870
     776
     803
     726
     715
     661
     616
     597
     569
     554
     577
     554
     473
     510
     452
     485
     426
     455
     423
     424
     435
     426
     405
     396
     431
     391
     400
     361
     400
     359
     392
     363
     380
     413
     391
     372
     397
     373
     347
     365
     362
     360
     374
     376
     373
     377
     361
     390
     345
     377
     359
     363
     384
     396
     352
     364
     346
     356
     353
     377
     357
     333
     349
     349
     345
     340
     374
     324
     356
     351
     396
     362
     350
     369
     349
     360
     340
     331
     339
     361
     348
     334
     351
     401
     365
     392
     389
     338
     387
     320
     350
     370
     355
     367
     352
     336
     335
     376
     361
     370
     343
     397
     370
     341
     356
     372
     391
     344
     364
     345
     318
     379
     377
     335
     364
     381
     357
     334
     370
     378
     411
     368
     388
     347
     347
     355
     347
     425
     353
     393
     358
     367
     360
     364
     369
     381
     364
     355
     363
     371
     408
     347
     385
     336
     357
     392
     360
     366
     381
     391
     357
     348
     381
     406
     370
     375
     411
     405
     379
     401
     371
     382
     391
     413
     378
     356
     411
     384
     374
     379
     398
     368
     406
     399
     375
     378
     393
     392
     422
     388
     382
     343
     381
     392
     363
     383
     393
     399
     375
     416
     392
     367
     369
     370
     376
     402
     367
     380
     384
     372
     378
     394
     356
     378
     349
     344
     406
     399
     379
     357
     374
     397
     413
     385
     414
     410
     405
     389
     390
     393
     429
     365
     353
     383
     383
     368
     371
     374
     377
     435
     349
     406
     402
     390
     377
     350
     394
     394
     340
     364
     340
     415
     377
     364
     410
     399
     404
     373
     386
     372
     394
     401
     412
     404
     390
     338
     408
     395
     411
     353
     403
     409
     379
     401
     418
     373
     392
     391
     382
     386
     388
     410
     401
     393
     399
     372
     383
     360
     380
     360
     347
     374
     363
     390
     377
     358
     344
     375
     363
     353
     361
     395
     319
     366
     334
     360
     342
     374
     389
     348
     339
     347
     366
     329
     372
     365
     332
     333
     331
     351
     340
     324
     307
     345
     344
     311
     334
     332
     311
     344
     318
     300
     316
     312
     320
     333
     317
     293
     307
     278
     302
     286
     317
     285
     308
     303
     306
     269
     264
     249
     232
     276
     243
     236
     263
     235
     245
     254
     223
     220
     258
     235
     222
     226
     220
     214
     211
     219
     239
     227
     195
     204
     217
     207
     191
     211
     179
     177
     223
     190
     228
     178
     189
     181
     184
     202
     188
     196
     171
     189
     162
     168
     172
     197
     165
     155
     173
     174
     149
     156
     149
     153
     168
     159
     143
     159
     150
     160
     133
     150
     148
     136
     143
     141
     139
     154
     134
     159
     118
     124
     129
     144
     136
     138
     121
     115
     114
     164
     136
     127
     136
     134
     105
     132
     151
     138
     110
     106
     119
     104
     118
      89
     117
      98
     104
     115
     111
     103
      85
     113
     107
      94
      96
     110
     109
     104
     103
      89
      97
     100
     101
      79
      95
      94
      77
      91
      86
      98
      95
      89
      79
      85
      78
      81
      83
      96
      76
      83
      87
      73
      76
      80
      95
      89
      80
      68
      76
      83
      70
      74
      59
      90
      73
      65
      88
      46
      65
      68
      80
      61
      58
      70
      60
      77
      67
      59
      84
      72
      71
      70
      62
      61
      72
      77
      69
      63
      68
      62
      60
      71
      65
      54
      58
      77
      52
      55
      62
      69
      66
      62
      46
      62
      74
      53
      56
      58
      72
      51
      63
      64
      64
      60
      42
      49
      55
      45
      55
      52
      53
      67
      60
      53
      64
      53
      64
      53
      64
      65
      64
      59
      59
      61
      48
      55
      62
      54
      61
      61
      63
      66
      65
      71
      79
      80
      82
      70
      88
      74
      79
      81
      74
      80
     104
      91
     111
      80
     115
     109
     128
     130
     145
     141
     139
     163
     172
     165
     189
     209
     235
     236
     263
     277
     285
     250
     346
     365
     369
     350
     341
     399
     447
     449
     482
     514
     530
     545
     535
     582
     575
     639
     607
     644
     660
     697
     687
     675
     700
     664
     678
     681
     695
     703
     722
     749
     760
     771
     778
     777
     784
     755
     832
     738
     784
     776
     796
     783
     812
     828
     820
     856
     844
     933
     914
     937
     885
     972
     976
     977
    1049
    1031
    1027
    1108
    1153
    1105
    1126
    1139
    1190
    1142
    1149
    1184
    1263
    1178
    1181
    1229
    1177
    1248
    1157
    1155
    1129
    1082
    1100
    1063
    1064
    1014
    1042
     986
     974
     864
     849
     854
     782
     762
     728
     650
     618
     610
     582
     533
     507
     453
     430
     365
     363
     333
     351
     282
     254
     215
     241
     225
     172
     181
     147
     137
     110
     103
     110
      94
      97
      70
      77
      69
      69
      62
      50
      66
      65
      50
      61
      38
      47
      49
      44
      44
      30
      38
      28
      43
      32
      37
      33
      42
      35
      30
      30
      24
      37
      32
      26
      35
      28
      46
      30
      33
      27
      27
      31
      40
      40
      34
      26
      34
      34
      37
      35
      28
      41
      32
      37
      25
      32
      32
      28
      24
      34
      27
      28
      30
      32
      35
      36
      30
      27
      31
      24
      27
      31
      22
      34
      34
      35
      30
      32
      30
      33
      27
      28
      35
      22
      27
      33
      37
      28
      30
      30
      30
      22
      28
      22
      24
      32
      31
      20
      32
      23
      17
      18
      25
      28
      32
      23
      24
      30
      25
      27
      24
      28
      20
      27
      34
      20
      31
      26
      31
      18
      28
      29
      24
      22
      29
      24
      27
      38
      26
      26
      27
      40
      29
      35
      30
      27
      19
      32
      25
      41
      23
      26
      33
      23
      22
      22
      27
      23
      20
      23
      26
      19
      26
      19
      20
      20
      27
      20
      21
      20
      23
      18
      25
      15
      18
      21
      20
      24
      18
      17
      21
      19
      19
      21
      12
      16
      25
      16
      18
      21
      22
      12
      18
      17
      15
      26
      18
      19
      18
      16
      21
      21
      16
      23
      10
      17
      23
      19
      18
      17
      27
      16
      24
      18
      23
      18
      20
      19
      19
      22
      21
      25
      25
      17
      19
      16
      30
      26
      27
      13
      23
      20
      15
      27
      24
      21
      23
      20
      23
      22
      24
      25
      11
      20
      20
      18
      29
      12
      11
      18
      23
      23
      21
      18
      19
      27
      20
      24
      19
      23
      26
      18
      27
      28
      21
      27
      19
      28
      15
      19
      26
      23
      20
      20
      21
      27
      30
      21
      22
      20
      27
      35
      21
      30
      22
      26
      23
      20
      20
      34
      20
      22
      26
      30
      24
      29
      18
      22
      33
      35
      27
      26
      39
      24
      37
      25
      24
      28
      28
      32
      41
      32
      35
      32
      37
      40
      36
      29
      37
      31
      27
      33
      27
      33
      47
      35
      37
      29
      44
      39
      50
      39
      45
      49
      43
      42
      47
      44
      39
      46
      45
      49
      49
      43
      34
      43
      61
      56
      46
      50
      38
      56
      42
      57
      63
      56
      44
      47
      66
      51
      62
      48
      60
      48
      40
      56
      61
      54
      43
      54
      70
      56
      57
      54
      50
      53
      52
      39
      65
      62
      48
      67
      60
      44
      51
      61
      59
      64
      48
      62
      55
      64
      58
      51
      61
      62
      63
      53
      49
      54
      66
      56
      66
      61
      60
      69
      56
      56
      46
      59
      65
      69
      63
      59
      66
      56
      70
      57
      60
      60
      64
      63
      64
      73
      70
      71
      58
      63
      71
      85
      77
      69
      63
      60
      69
      77
      75
      69
      54
      81
      68
      73
      67
      69
      63
      79
      77
     100
      86
      71
      77
      79
      70
      59
      90
      88
     105
      79
      83
      98
      86
      76
      83
      76
      89
      95
      87
      90
      91
      89
     112
      95
      75
      79
      75
      92
      92
      85
      98
     104
      81
      85
     109
     104
      76
      94
     104
      88
      97
     106
     105
     105
      94
     129
      92
      97
     108
      97
     113
     117
      83
     115
     111
     118
     111
     117
     123
     105
     111
     122
     118
     130
     122
     129
     123
     102
     138
     132
     128
     124
     135
     118
     129
     134
     134
     122
     106
     132
     107
     134
     101
     119
     143
     130
     145
     137
     129
     137
     150
     156
     131
     144
     138
     148
     143
     147
     177
     156
     148
     146
     180
     149
     173
     154
     133
     162
     162
     151
     162
     159
     158
     147
     159
     164
     166
     182
     178
     184
     196
     161
     172
     175
     165
     187
     165
     179
     175
     188
     184
     200
     179
     203
     181
     160
     164
     170
     173
     209
     151
     176
     177
     178
     194
     188
     182
     196
     166
     178
     199
     194
     167
     180
     199
     183
     185
     201
     183
     183
     195
     182
     190
     191
     184
     166
     190
     185
     219
     153
     184
     218
     187
     224
     181
     195
     222
     205
     198
     181
     227
     224
     202
     230
     207
     192
     208
     198
     210
     207
     216
     201
     225
     198
     192
     200
     225
     213
     184
     216
     210
     203
     239
     209
     224
     202
     220
     239
     238
     213
     224
     234
     230
     221
     233
     203
     253
     211
     218
     201
     236
     230
     224
     224
     242
     238
     217
     248
     242
     271
     253
     254
     262
     271
     263
     247
     293
     259
     245
     294
     293
     302
     292
     299
     280
     301
     289
     300
     309
     315
     306
     299
     302
     317
     325
     365
     338
     366
     298
     358
     342
     349
     341
     341
     371
     369
     357
     313
     346
     353
     365
     368
     383
     367
     352
     363
     368
     360
     394
     365
     387
     383
     348
     361
     383
     384
     360
     419
     372
     372
     411
     386
     397
     420
     378
     360
     381
     377
     353
     351
     344
     337
     315
     362
     353
     332
     336
     310
     326
     319
     307
     314
     326
     309
     297
     308
     292
     274
     292
     271
     263
     289
     255
     242
     243
     246
     252
     243
     226
     216
     222
     229
     245
     230
     190
     205
     206
     232
     172
     192
     217
     189
     171
     180
     181
     224
     196
     199
     181
     201
     180
     156
     184
     175
     155
     154
     172
     188
     189
     174
     174
     150
     159
     157
     189
     174
     172
     183
     213
     185
     183
     146
     206
     160
     168
     173
     159
     163
     180
     167
     180
     200
     172
     178
     170
     185
     190
     195
     212
     174
     207
     177
     206
     191
     173
     182
     185
     179
     198
     202
     173
     165
     204
     194
     186
     163
     197
     195
     175
     195
     198
     173
     178
     178
     175
     180
     181
     180
     171
     184
     190
     180
     195
     156
     168
     184
     198
     171
     195
     165
     169
     186
     174
     165
     192
     195
     177
     193
     186
     176
     172
     195
     165
     166
     186
     172
     188
     171
     192
     174
     193
     167
     188
     196
     191
     188
     179
     166
     187
     202
     207
     169
     193
     193
     211
     182
     200
     175
     193
     189
     167
     162
     225
     198
     219
     195
     177
     203
     200
     195
     203
     206
     223
     226
     229
     197
     216
     205
     197
     203
     212
     201
     213
     221
     229
     236
     240
     220
     221
     204
     235
     229
     223
     230
     200
     209
     238
     215
     237
     227
     212
     221
     245
     247
     223
     238
     237
     234
     208
     239
     237
     229
     223
     202
     228
     223
     237
     243
     222
     238
     246
     239
     238
     225
     211
     247
     215
     222
     242
     227
     234
     225
     258
     241
     247
     244
     219
     255
     259
     264
     261
     263
     253
     244
     274
     271
     262
     246
     263
     268
     233
     235
     248
     230
     264
     259
     248
     265
     295
     244
     241
     263
     279
     290
     280
     271
     257
     279
     277
     283
     292
     276
     296
     261
     308
     277
     293
     295
     318
     298
     308
     297
     319
     334
     310
     331
     317
     337
     340
     315
     301
     318
     324
     315
     348
     353
     297
     353
     331
     329
     370
     351
     298
     357
     314
     335
     363
     346
     342
     334
     313
     336
     364
     350
     313
     331
     325
     361
     333
     325
     331
     362
     325
     300
     331
     329
     308
     294
     313
     278
     269
     293
     302
     302
     274
     280
     246
     244
     278
     273
     263
     261
     239
     268
     252
     239
     208
     215
     227
     224
     217
     226
     217
     216
     232
     203
     211
     176
     221
     190
     222
     195
     210
     155
     182
     195
     180
     192
     197
     201
     199
     205
     180
     177
     197
     164
     171
     209
     179
     181
     201
     192
     173
     183
     175
     208
     223
     190
     209
     198
     201
     187
     219
     227
     230
     222
     188
     212
     203
     200
     199
     202
     215
     249
     223
     215
     220
     236
     237
     249
     234
     236
     232
     254
     238
     226
     255
     249
     236
     265
     235
     249
     224
     252
     235
     238
     230
     242
     271
     231
     239
     261
     218
     246
     245
     238
     216
     217
     223
     246
     233
     234
     201
     230
     190
     201
     182
     184
     192
     221
     187
     167
     178
     163
     163
     180
     136
     174
     158
     137
     161
     127
     129
     132
     117
     122
     130
     129
     122
     106
     125
     101
     112
     102
     120
     100
      96
     106
      81
      98
     108
      95
      99
     106
      72
     102
      95
      80
      81
      90
      86
      86
      84
      90
      88
      77
      85
      72
      73
      70
      64
      77
      65
      73
      64
      78
      79
      95
      79
      63
      73
      81
      83
      87
      89
      75
      83
      89
      83
      79
      82
      96
      83
      86
      90
      92
      84
      80
      86
      90
      96
      95
     105
      80
      87
      95
      91
     112
      98
      80
      92
      99
     107
     107
      87
      87
      87
      86
      99
     113
     104
      97
     113
     104
     114
     109
     100
     118
      99
     111
     108
     112
     117
     102
     104
     125
     129
     116
     107
     104
     129
     103
     118
     125
     110
     105
     106
     107
     122
     103
     111
     106
     110
      94
      98
     125
     120
     125
     123
     104
     132
     120
     115
     112
     113
     107
     115
     128
     121
     106
     129
     126
     110
     128
     139
     110
     126
     128
     118
     117
     124
     122
     130
     129
     130
     106
     105
     106
     112
     118
     122
     126
     133
      96
     126
     120
     136
     122
     118
      97
     119
     129
     130
     106
     121
     114
     110
     122
      99
     122
     139
     131
     124
     114
     112
     136
     126
     121
     113
     114
     136
     138
     117
     131
     126
     143
     134
     121
     136
     142
     131
     132
     129
     138
     132
     139
     146
     134
     144
     111
     118
     141
     148
     133
     135
     144
     132
     130
     140
     130
     136
     154
     158
     150
     151
     150
     143
     148
     154
     154
     135
     189
     131
     147
     161
     180
     159
     157
     158
     192
     175
     170
     182
     180
     157
     196
     198
     156
     168
     191
     195
     202
     211
     198
     194
     230
     197
     211
     222
     183
     229
     235
     239
     202
     232
     221
     243
     213
     258
     217
     240
     239
     228
     261
     251
     242
     256
     275
     258
     248
     262
     271
     278
     252
     275
     251
     274
     289
     284
     284
     291
     270
     276
     264
     291
     258
     300
     253
     267
     284
     284
     309
     302
     247
     256
     263
     255
     269
     263
     252
     222
     246
     255
     243
     239
     243
     213
     223
     205
     211
     198
     213
     192
     193
     167
     186
     182
     166
     169
     148
     129
     144
     141
     137
     147
     119
     124
     105
     122
     103
     113
     112
     114
     100
     104
      99
      83
      66
      74
      57
      72
      65
      55
      48
      45
      51
      51
      48
      50
      54
      35
      39
      43
      27
      28
      28
      33
      24
      20
      24
      28
      26
      20
      14
      17
      26
      15
      23
      18
      12
      15
      15
      12
       6
      16
       9
      10
       6
      12
       9
       9
       7
      11
       8
       6
       9
       5
       6
       5
      10
       7
       2
       4
       6
       4
       8
       5
       9
       2
       4
       3
       1
       2
       1
       3
       4
       5
       4
       1
       2
       4
       3
       4
       3
       1
       7
       4
       3
       3
       5
       2
       3
       2
       3
       4
       4
       8
       3
       2
       5
       2
       4
       2
       2
       1
       1
       3
       3
       2
       4
       1
       2
       1
       2
       4
       0
       1
       2
       3
       4
       1
       0
       2
       1
       5
       5
       1
       2
       1
       1
       2
       2
       1
       2
       1
       1
       3
       6
       1
       0
       2
       3
       3
       2
       2
       3
       3
       1
       1
       4
       2
       1
       2
       1
       2
       4
       1
       0
       2
       3
       1
       1
       2
       1
       2
       2
       1
       3
       0
       1
       2
       0
       2
       3
       1
       1
       2
       0
       1
       0
       3
       4
       2
       1
       1
       3
       6
       0
       3
       0
       1
       1
       1
       1
       3
       0
       5
       1
       3
       2
       2
       1
       4
       1
       1
       1
       2
       3
       0
       2
       2
       2
       1
       0
       3
       0
       3
       0
       2
       2
       2
       4
       1
       1
       0
       3
       0
       0
       3
       1
       4
       1
       2
       2
       2
       0
       2
       2
       2
       1
       2
       2
       1
       0
       1
       1
       1
       0
       0
       1
       2
       3
       2
       1
       3
       0
       1
       2
       2
       1
       2
       0
       1
       1
       1
       0
       0
       1
       2
       1
       3
       1
       0
       1
       0
       2
       0
       2
       2
       1
       1
       2
       0
       2
       4
       2
       0
       0
       1
       0
       2
       1
       3
       1
       1
       1
       1
       0
       1
       2
       0
       0
       1
       1
       2
       1
       2
       1
       1
       2
       2
       2
       0
       1
       1
       1
       3
       2
       2
       1
       2
       1
       1
       5
       0
       1
       0
       0
       1
       2
       2
       0
       2
       2
       1
       3
       2
       1
       2
       3
       1
       0
       1
$ENER_FIT:
1.284490 0.674180
$PRESETS:
Live Time (sec)
86400
0
$RT:
88020.560000
$DT:
1620559
$ISO_DECL_U:
SMPLNAM: IDB-1364
SEPDATE: 01/01/1900 00:00:00
U234: 0.147 
DU234: 0.6803
U235: 21.902 
DU235: 0.1644
U236: Unknown 
DU236: Unknown
U238: 77.951 
DU238: 0.0154
$ADC:
4096
0
4095