$APPLICATION_ID:
IDB v.1.0
$SPEC_REM:
Material type: U
Material form: powder
Material compound: U3O8
U isotopics:
234U 0.147
235U 21.902
236U Unknown
238U 77.951
Detector: LaBr3 (Geometry: Cylindrical, Size: 2 in (diam) x 0.5 in (len))
MCA: InSpector-2000
$DATE_MEA:
12/11/2015 15:13:13
$MEAS_TIM:
86400 88219
$DATA:
0 4095
       0
       0
       2
       7
    3167
   63923
  124552
  175945
  165586
  121772
  107434
  103250
  100987
   99280
   98038
   96315
   96205
   95291
   94276
   93847
   92333
   91184
   89344
   89154
   87325
   86754
   86043
   85596
   85362
   83530
   84528
   84516
   84764
   85880
   85833
   85074
   83577
   82359
   80425
   78770
   77037
   76380
   74891
   74237
   75601
   79235
   88631
  104357
  127171
  155017
  182023
  200675
  204753
  193264
  168470
  138708
  111487
   90215
   76321
   69293
   65422
   63928
   63717
   63720
   63479
   63830
   64350
   64268
   65453
   65391
   65558
   65540
   66181
   67105
   67427
   68512
   69018
   69477
   70614
   71802
   73546
   74560
   76738
   78156
   79630
   81510
   82950
   84291
   86370
   87047
   88254
   89391
   90811
   92551
   93339
   95048
   97079
   98369
  100461
  102517
  105931
  109329
  112757
  116661
  120481
  124875
  128548
  133595
  137857
  141534
  146205
  151273
  156001
  159980
  165856
  172220
  178897
  186155
  194056
  202890
  210381
  219502
  227451
  236654
  247095
  259881
  275301
  294085
  316105
  341430
  369462
  402506
  433895
  467026
  499950
  530155
  556895
  579594
  595459
  606179
  612370
  605098
  596013
  576612
  550615
  521203
  495262
  465199
  443788
  428365
  419114
  420245
  428864
  444422
  465158
  487756
  513050
  536366
  557238
  574988
  586623
  589615
  583772
  572374
  554421
  529577
  503941
  477275
  450583
  425954
  405801
  385688
  372348
  360294
  351390
  345468
  341893
  339845
  339081
  338161
  338098
  338250
  340338
  341867
  343556
  345799
  348727
  351619
  354882
  358157
  361983
  365641
  369196
  376343
  381075
  390859
  398430
  411060
  423626
  439802
  460803
  484614
  512180
  542772
  575324
  608333
  639337
  663868
  683200
  693450
  695469
  685700
  667300
  643100
  612336
  580918
  551374
  521112
  497091
  480418
  465142
  455876
  451566
  448161
  449902
  452538
  457208
  466425
  475735
  490121
  504760
  521032
  539817
  560334
  578707
  597590
  611661
  623153
  629720
  630430
  626383
  617104
  604628
  590255
  572519
  555080
  539394
  526316
  516035
  506825
  503533
  504738
  507790
  519191
  533875
  559897
  590625
  636829
  695637
  774332
  872446
  993914
 1139433
 1309658
 1496939
 1694970
 1900002
 2096618
 2272498
 2412746
 2512034
 2552355
 2532048
 2447087
 2307110
 2119989
 1892314
 1651333
 1403504
 1162367
  944070
  753769
  593135
  464366
  365629
  293588
  244086
  213778
  197691
  190638
  192678
  200646
  213482
  227576
  243695
  258111
  271921
  282699
  290979
  294977
  293636
  285288
  273468
  257223
  237132
  214148
  190385
  166146
  142856
  122190
  103066
   87394
   74350
   63437
   55893
   49824
   45681
   42950
   40804
   39934
   39130
   38275
   38383
   37191
   37218
   36497
   35860
   35413
   34683
   33918
   33388
   32953
   32254
   31628
   30800
   30745
   30112
   29679
   29789
   29533
   29067
   28910
   28598
   28657
   28759
   28308
   28707
   28078
   28532
   28388
   28449
   28445
   27926
   28059
   27853
   27727
   27220
   27211
   27065
   26269
   26219
   25787
   25656
   25129
   24520
   24292
   23924
   23778
   23151
   22954
   22722
   22479
   22127
   22037
   21915
   21585
   21641
   21244
   21351
   21066
   20969
   20922
   20484
   20372
   20012
   19888
   19434
   19179
   19029
   19082
   18620
   18743
   18463
   18193
   18059
   17860
   17827
   17897
   17803
   17614
   17472
   17519
   17295
   17038
   17164
   16840
   16612
   16599
   16495
   16529
   16446
   16111
   16115
   15976
   15706
   15575
   15648
   15536
   15451
   15294
   15345
   15134
   15118
   15001
   14987
   14894
   14708
   14554
   14546
   14442
   14282
   14239
   14069
   14029
   13897
   13890
   13590
   13355
   13141
   13231
   12833
   12940
   12587
   12634
   12411
   12329
   12237
   12224
   11921
   11920
   11909
   11839
   11399
   11607
   11677
   11570
   11335
   11393
   11171
   11058
   11063
   11021
   10837
   10718
   10766
   10723
   10774
   10615
   10443
   10465
   10327
   10465
   10199
   10279
   10288
   10231
   10142
   10223
   10053
   10038
    9660
    9733
    9758
    9561
    9679
    9547
    9553
    9592
    9253
    9327
    9482
    9305
    9369
    9281
    9245
    9142
    9117
    9199
    9317
    9195
    9218
    9208
    9369
    9212
    9096
    9360
    9358
    9120
    9263
    9319
    8980
    9094
    9080
    8929
    8785
    8941
    8661
    8602
    8445
    8375
    8156
    8160
    8025
    8047
    7851
    8038
    7835
    7702
    7699
    7769
    7539
    7445
    7250
    7373
    7152
    7292
    7347
    7210
    7239
    7199
    7297
    7113
    6949
    7198
    7101
    7184
    6932
    7062
    7036
    6880
    6768
    6732
    6544
    6546
    6643
    6651
    6486
    6442
    6266
    6359
    6420
    6427
    6255
    6316
    6396
    6217
    6177
    6281
    6298
    6175
    6106
    6124
    6033
    6008
    5963
    5890
    5777
    5897
    5789
    5766
    5720
    5621
    5720
    5738
    5515
    5480
    5437
    5394
    5488
    5439
    5493
    5276
    5435
    5319
    5352
    5420
    5153
    5267
    5133
    5100
    5093
    5142
    5040
    5089
    5155
    4915
    4893
    5082
    5041
    4916
    5036
    4992
    5001
    4871
    4940
    4768
    4953
    4800
    4709
    4790
    4770
    4748
    4546
    4676
    4814
    4386
    4513
    4728
    4640
    4621
    4514
    4500
    4354
    4459
    4490
    4355
    4435
    4384
    4429
    4317
    4352
    4288
    4394
    4370
    4261
    4223
    4172
    4280
    4175
    4160
    4146
    4184
    4093
    4193
    4093
    4026
    4058
    4128
    4062
    3988
    4032
    3963
    4092
    4020
    4046
    4120
    4019
    4030
    3984
    3923
    3944
    3862
    3894
    3904
    3884
    3925
    3826
    3818
    3820
    3762
    3731
    3681
    3676
    3780
    3714
    3689
    3592
    3701
    3682
    3605
    3590
    3667
    3554
    3572
    3597
    3686
    3404
    3593
    3567
    3569
    3482
    3542
    3540
    3417
    3468
    3524
    3481
    3437
    3357
    3390
    3334
    3447
    3389
    3410
    3330
    3237
    3352
    3363
    3322
    3216
    3261
    3263
    3191
    3333
    3164
    3198
    3198
    3324
    3178
    3180
    3181
    3219
    3294
    3138
    3185
    3303
    3100
    3148
    3183
    3303
    3107
    3199
    3253
    3231
    3306
    3159
    3234
    3119
    3235
    3233
    3114
    3065
    3185
    3129
    3020
    2996
    3073
    3157
    3094
    3025
    3032
    3008
    3082
    2974
    3027
    3062
    2988
    3065
    2911
    3031
    2883
    2985
    2917
    2911
    2866
    2895
    2840
    2887
    2842
    2933
    2924
    2960
    2754
    2868
    2819
    2865
    2779
    2783
    2813
    2820
    2750
    2655
    2756
    2781
    2816
    2759
    2803
    2812
    2684
    2693
    2745
    2753
    2795
    2694
    2677
    2663
    2713
    2688
    2671
    2671
    2638
    2528
    2702
    2600
    2559
    2614
    2610
    2655
    2621
    2644
    2614
    2670
    2589
    2504
    2616
    2672
    2683
    2593
    2638
    2694
    2546
    2597
    2603
    2570
    2596
    2667
    2498
    2607
    2528
    2611
    2502
    2515
    2514
    2476
    2439
    2490
    2423
    2418
    2483
    2396
    2453
    2354
    2363
    2396
    2406
    2289
    2325
    2210
    2269
    2286
    2304
    2227
    2254
    2254
    2270
    2226
    2188
    2254
    2132
    2142
    2139
    2175
    2090
    2190
    2110
    2148
    2111
    2066
    2076
    2107
    2239
    2156
    2123
    2157
    2141
    2106
    2155
    2244
    2086
    2088
    2070
    2176
    2106
    2080
    2043
    2127
    2039
    2078
    2034
    2075
    2073
    2017
    2026
    2021
    2083
    2033
    2030
    1988
    2017
    2031
    2038
    1953
    1918
    1914
    1863
    1888
    1886
    1825
    1894
    1934
    1920
    1809
    1849
    1866
    1869
    1944
    1786
    1880
    1791
    1813
    1781
    1806
    1788
    1792
    1759
    1829
    1787
    1855
    1768
    1796
    1701
    1767
    1728
    1714
    1721
    1733
    1751
    1708
    1713
    1693
    1706
    1662
    1760
    1731
    1781
    1702
    1721
    1779
    1700
    1700
    1725
    1698
    1711
    1649
    1759
    1661
    1719
    1714
    1693
    1694
    1735
    1681
    1650
    1657
    1623
    1725
    1731
    1708
    1588
    1621
    1631
    1656
    1577
    1667
    1609
    1668
    1639
    1554
    1682
    1597
    1562
    1606
    1588
    1614
    1622
    1597
    1581
    1590
    1603
    1571
    1561
    1564
    1558
    1549
    1554
    1557
    1640
    1525
    1508
    1565
    1564
    1516
    1588
    1493
    1595
    1642
    1552
    1533
    1618
    1567
    1613
    1630
    1561
    1577
    1546
    1532
    1617
    1517
    1582
    1594
    1575
    1446
    1651
    1567
    1528
    1568
    1553
    1513
    1498
    1489
    1528
    1514
    1513
    1527
    1542
    1446
    1379
    1471
    1471
    1471
    1486
    1429
    1458
    1433
    1417
    1525
    1459
    1399
    1451
    1494
    1470
    1435
    1496
    1475
    1447
    1431
    1426
    1413
    1476
    1496
    1465
    1582
    1551
    1505
    1553
    1539
    1580
    1590
    1599
    1673
    1698
    1717
    1651
    1697
    1654
    1755
    1791
    1830
    1720
    1789
    1802
    1806
    1835
    1839
    1809
    1845
    1881
    1798
    1852
    1886
    1825
    1847
    1829
    1855
    1842
    1848
    1854
    1825
    1903
    1857
    1923
    2049
    1963
    2052
    2041
    2086
    2181
    2165
    2254
    2350
    2349
    2275
    2394
    2498
    2503
    2451
    2617
    2486
    2485
    2565
    2528
    2595
    2535
    2525
    2410
    2425
    2377
    2427
    2305
    2283
    2227
    2192
    2104
    2115
    2119
    1960
    1907
    2001
    1851
    1774
    1839
    1804
    1764
    1759
    1691
    1695
    1672
    1655
    1669
    1634
    1610
    1656
    1580
    1573
    1590
    1609
    1609
    1574
    1566
    1588
    1531
    1559
    1529
    1527
    1595
    1531
    1428
    1507
    1434
    1524
    1445
    1433
    1418
    1370
    1367
    1435
    1445
    1352
    1362
    1328
    1350
    1352
    1270
    1342
    1260
    1321
    1302
    1329
    1281
    1218
    1280
    1249
    1270
    1302
    1274
    1278
    1294
    1201
    1232
    1203
    1219
    1185
    1286
    1224
    1211
    1246
    1210
    1203
    1172
    1184
    1174
    1140
    1186
    1164
    1166
    1179
    1166
    1170
    1114
    1162
    1165
    1173
    1153
    1095
    1095
    1177
    1120
    1163
    1087
    1075
    1090
    1054
    1109
    1044
    1127
    1049
    1049
    1091
    1095
     987
    1048
    1075
    1040
    1056
    1088
    1102
    1048
    1028
    1053
    1022
    1055
    1067
    1089
    1082
    1046
    1091
    1047
    1013
    1005
    1013
    1005
    1063
    1018
    1035
    1008
    1001
    1047
     987
    1033
    1118
    1014
    1091
    1085
    1041
    1089
    1031
    1073
    1064
    1083
    1083
    1062
    1079
    1044
    1079
    1086
    1096
    1084
    1105
    1133
    1129
    1045
    1049
    1126
    1125
    1095
    1064
    1060
    1003
    1037
     979
    1020
    1072
     948
     955
    1008
    1001
     983
     952
     952
     909
     974
     906
     923
     949
     895
     887
     906
     914
     893
     820
     912
     859
     906
     849
     883
     877
     876
     836
     851
     860
     886
     922
     889
     905
     897
     881
     901
     933
     933
     962
     867
     938
     951
     893
     861
     956
     949
     912
     931
     916
     927
     970
     935
     928
     943
     970
     928
     941
     952
     916
     902
     901
     932
     929
     902
     959
     924
     890
     932
     880
     860
     909
     826
     878
     878
     873
     921
     850
     905
     863
     864
     868
     889
     855
     859
     810
     877
     840
     844
     825
     831
     774
     854
     803
     724
     785
     805
     810
     736
     793
     785
     784
     761
     748
     787
     786
     701
     770
     730
     744
     804
     816
     722
     713
     784
     776
     749
     766
     794
     804
     795
     780
     840
     839
     813
     798
     809
     894
     929
     885
     960
     930
     974
    1087
    1044
    1085
    1180
    1151
    1203
    1297
    1446
    1438
    1503
    1625
    1657
    1779
    1876
    1838
    1970
    2127
    2156
    2198
    2326
    2385
    2452
    2493
    2545
    2549
    2659
    2730
    2620
    2742
    2805
    2768
    2682
    2588
    2674
    2590
    2492
    2439
    2406
    2315
    2245
    2121
    2084
    2069
    1818
    1862
    1655
    1662
    1596
    1460
    1289
    1300
    1233
    1139
    1072
     972
     933
     887
     798
     724
     722
     741
     652
     640
     580
     570
     519
     529
     540
     498
     498
     481
     500
     474
     448
     442
     452
     444
     433
     472
     451
     453
     472
     430
     439
     405
     444
     415
     396
     411
     440
     448
     445
     434
     425
     419
     418
     412
     422
     419
     412
     436
     417
     387
     405
     403
     400
     444
     407
     383
     448
     402
     400
     425
     433
     430
     416
     407
     426
     418
     406
     410
     410
     413
     400
     398
     411
     428
     408
     389
     422
     421
     407
     416
     462
     454
     394
     433
     389
     437
     384
     409
     406
     422
     401
     402
     387
     399
     417
     404
     363
     396
     423
     405
     407
     428
     408
     437
     418
     424
     360
     420
     424
     433
     422
     430
     396
     429
     437
     401
     421
     446
     397
     407
     385
     411
     390
     400
     457
     412
     424
     433
     434
     376
     398
     426
     437
     411
     423
     420
     433
     430
     414
     446
     421
     409
     416
     427
     419
     434
     434
     459
     468
     443
     431
     469
     480
     417
     418
     406
     423
     439
     431
     408
     420
     481
     459
     409
     405
     424
     457
     442
     422
     461
     391
     460
     399
     455
     447
     410
     407
     439
     402
     426
     432
     432
     428
     445
     457
     426
     433
     443
     391
     407
     435
     400
     402
     433
     414
     409
     428
     462
     440
     353
     434
     418
     427
     417
     452
     432
     429
     424
     398
     405
     427
     435
     424
     431
     444
     414
     428
     425
     434
     427
     411
     426
     417
     449
     424
     444
     459
     422
     431
     471
     448
     446
     430
     435
     403
     459
     453
     415
     481
     443
     430
     436
     460
     456
     471
     442
     456
     461
     465
     455
     465
     427
     449
     475
     452
     459
     461
     481
     457
     427
     481
     459
     426
     436
     411
     439
     428
     439
     428
     428
     430
     433
     419
     446
     423
     417
     439
     410
     443
     415
     407
     381
     410
     418
     403
     396
     403
     411
     390
     404
     398
     423
     411
     420
     432
     377
     421
     363
     374
     397
     388
     410
     385
     372
     393
     407
     360
     385
     359
     389
     372
     360
     378
     360
     379
     372
     347
     345
     337
     359
     361
     321
     339
     302
     314
     335
     331
     317
     313
     316
     309
     314
     305
     321
     278
     308
     293
     287
     275
     279
     298
     265
     274
     268
     264
     296
     265
     277
     287
     277
     273
     253
     255
     261
     245
     216
     234
     221
     238
     225
     204
     219
     193
     198
     208
     218
     184
     223
     208
     198
     205
     202
     225
     185
     215
     198
     193
     180
     213
     182
     165
     175
     197
     204
     194
     208
     193
     174
     165
     164
     200
     200
     176
     182
     161
     186
     206
     165
     161
     179
     144
     154
     168
     169
     205
     126
     148
     176
     165
     146
     172
     150
     142
     148
     159
     153
     141
     135
     147
     158
     146
     133
     140
     161
     132
     143
     148
     154
     158
     143
     115
     158
     137
     113
     134
     131
     121
     151
     140
     128
     140
     115
     130
     104
     128
     117
     140
     109
     130
     110
     117
     109
     101
     118
     115
     128
     104
     115
     117
     111
     126
      94
      83
     126
     100
      90
     103
     111
     110
     100
     101
     113
      87
     117
      86
      98
      84
      91
      96
     114
      99
      89
      82
     100
      91
      88
     120
     109
     102
     102
      98
      89
      88
      80
     102
      88
      95
      91
      87
      99
      75
      86
     106
      83
      83
      82
      83
      82
      77
      73
      71
      80
      81
      84
      71
      83
      77
      82
      71
      68
      66
      75
      93
      78
      75
      80
      93
      90
      81
      81
      77
      85
      79
      89
     103
      99
      82
      79
      73
      75
     105
      94
      80
      85
      92
      99
     105
      92
      95
      95
      95
     100
      96
     117
     101
      97
     102
      94
      82
     115
     106
     104
     128
     119
     118
     131
     154
     143
     166
     128
     151
     171
     182
     187
     199
     211
     217
     234
     244
     258
     269
     282
     264
     282
     328
     336
     336
     357
     399
     432
     430
     468
     494
     529
     530
     558
     543
     562
     611
     641
     652
     675
     676
     669
     686
     703
     761
     749
     753
     760
     794
     762
     784
     777
     817
     841
     761
     814
     822
     831
     780
     824
     833
     844
     790
     796
     809
     826
     800
     910
     855
     886
     901
     948
     940
     998
     987
    1004
    1031
    1020
    1068
    1049
    1033
    1100
    1178
    1119
    1207
    1147
    1194
    1226
    1266
    1226
    1261
    1203
    1298
    1192
    1291
    1204
    1170
    1124
    1135
    1102
    1106
    1027
    1023
    1021
     994
     931
     830
     884
     808
     776
     743
     676
     662
     633
     611
     575
     537
     492
     482
     435
     379
     372
     340
     301
     295
     271
     221
     221
     189
     167
     166
     160
     156
     145
     129
     115
     114
     103
     118
      98
      79
      76
      80
      77
      72
      70
      70
      80
      81
      78
      77
      68
      69
      62
      59
      76
      66
      69
      64
      56
      62
      60
      71
      61
      54
      49
      63
      52
      59
      62
      50
      54
      49
      51
      66
      56
      53
      71
      47
      55
      49
      54
      45
      55
      62
      58
      56
      51
      50
      50
      57
      42
      51
      48
      43
      56
      60
      49
      46
      45
      52
      47
      47
      62
      53
      47
      56
      61
      62
      56
      47
      57
      68
      49
      43
      48
      57
      42
      46
      55
      51
      44
      53
      57
      44
      55
      47
      48
      43
      43
      46
      55
      52
      58
      56
      49
      43
      58
      46
      49
      46
      40
      43
      49
      43
      51
      49
      54
      46
      43
      67
      40
      43
      47
      48
      31
      45
      37
      40
      53
      44
      52
      32
      42
      32
      28
      41
      37
      50
      41
      51
      41
      43
      34
      38
      48
      47
      38
      43
      45
      41
      44
      30
      44
      36
      41
      26
      42
      30
      33
      29
      49
      40
      26
      36
      28
      28
      30
      41
      35
      31
      32
      39
      27
      28
      36
      29
      28
      32
      27
      31
      33
      24
      24
      29
      28
      41
      26
      31
      27
      28
      25
      28
      35
      22
      32
      26
      32
      30
      37
      36
      38
      36
      37
      38
      27
      22
      33
      26
      25
      36
      28
      30
      24
      29
      24
      22
      20
      27
      29
      36
      31
      28
      23
      37
      36
      33
      28
      33
      31
      21
      39
      27
      35
      28
      41
      26
      31
      22
      35
      31
      18
      23
      28
      33
      27
      40
      30
      29
      23
      32
      31
      30
      28
      41
      42
      28
      34
      43
      19
      38
      39
      28
      36
      23
      27
      37
      40
      40
      31
      32
      39
      39
      35
      32
      24
      36
      26
      43
      45
      32
      39
      40
      34
      28
      31
      35
      38
      30
      34
      27
      36
      43
      31
      41
      41
      31
      36
      23
      40
      38
      34
      45
      35
      37
      50
      33
      40
      33
      37
      55
      53
      41
      55
      47
      36
      45
      56
      46
      57
      45
      52
      62
      62
      65
      66
      58
      58
      49
      69
      61
      74
      70
      66
      62
      55
      61
      78
      88
      77
      83
      80
      65
      62
      57
      57
      68
      58
      77
      72
      72
      64
      75
      76
      76
      62
      63
      75
      74
      71
      69
      71
      78
      69
      63
      65
      61
      72
      70
      65
      70
      72
      70
      65
      63
      73
      76
      75
      70
      72
      89
      73
      82
      67
      74
      84
      75
      65
      81
      77
      73
      68
      69
      73
      70
      79
      70
      59
      64
      64
      66
      53
      58
      72
      74
      77
      69
      58
      70
      65
      69
      83
      72
      72
      66
      64
      82
      78
      77
      79
      82
      56
      80
      71
      59
      82
      71
      86
      74
      82
      84
      86
      89
      83
      83
      74
      78
      70
      85
      86
     101
      85
     104
      92
      95
      95
      93
      89
      97
      74
     105
     112
      89
      91
     104
      91
     100
      93
     101
     117
      99
     101
     103
     115
      90
     120
     117
     119
     118
     107
      95
     105
      97
     123
     114
     103
     105
     106
     122
     113
     119
     109
     124
     109
     110
     105
     120
     122
     104
     132
     136
     124
     113
     134
     106
     113
     141
     126
     129
     138
     127
     137
     110
     143
     129
     157
     131
     123
     146
     149
     148
     172
     129
     149
     128
     131
     170
     178
     146
     151
     155
     163
     130
     158
     160
     160
     166
     170
     144
     181
     151
     138
     158
     162
     154
     152
     145
     158
     140
     179
     169
     179
     179
     159
     183
     171
     169
     169
     178
     181
     161
     159
     184
     148
     170
     170
     177
     173
     163
     182
     175
     189
     166
     181
     166
     191
     185
     165
     176
     202
     177
     198
     186
     171
     172
     177
     187
     191
     155
     188
     182
     199
     191
     201
     199
     216
     205
     197
     215
     192
     208
     205
     182
     182
     194
     179
     195
     201
     199
     197
     220
     195
     194
     205
     226
     186
     202
     208
     204
     192
     199
     215
     215
     200
     197
     217
     206
     210
     237
     201
     215
     200
     207
     193
     218
     240
     194
     217
     200
     226
     239
     191
     198
     210
     236
     217
     226
     219
     212
     233
     218
     251
     207
     235
     219
     238
     235
     254
     242
     201
     224
     240
     225
     226
     240
     250
     224
     285
     258
     223
     245
     250
     269
     257
     246
     265
     240
     267
     243
     257
     279
     256
     292
     288
     270
     280
     295
     302
     320
     282
     267
     323
     288
     318
     323
     312
     304
     333
     339
     313
     315
     323
     324
     349
     346
     354
     326
     372
     336
     353
     351
     286
     334
     354
     356
     335
     385
     402
     397
     378
     396
     377
     395
     373
     358
     399
     384
     370
     351
     404
     389
     401
     356
     407
     401
     367
     371
     365
     380
     389
     404
     381
     380
     380
     319
     345
     366
     357
     380
     347
     346
     323
     323
     347
     299
     331
     316
     275
     313
     298
     316
     270
     273
     292
     269
     280
     279
     269
     258
     274
     274
     249
     256
     225
     217
     209
     222
     253
     223
     208
     213
     210
     219
     179
     198
     209
     195
     181
     225
     172
     189
     177
     183
     229
     200
     209
     149
     190
     178
     172
     211
     202
     177
     183
     160
     166
     152
     183
     159
     178
     171
     163
     197
     183
     169
     166
     158
     173
     176
     157
     183
     175
     181
     171
     193
     192
     179
     181
     182
     197
     180
     206
     188
     189
     191
     201
     187
     198
     185
     162
     185
     176
     174
     198
     162
     191
     205
     204
     216
     218
     188
     169
     193
     190
     158
     180
     202
     187
     170
     175
     178
     174
     177
     165
     188
     178
     179
     180
     193
     189
     189
     183
     191
     193
     195
     182
     186
     163
     180
     187
     186
     186
     180
     192
     185
     203
     213
     183
     183
     188
     185
     206
     166
     191
     195
     165
     158
     192
     178
     199
     197
     199
     187
     183
     192
     187
     178
     194
     221
     202
     183
     193
     196
     214
     204
     232
     196
     214
     197
     220
     237
     226
     201
     212
     213
     214
     217
     216
     220
     192
     224
     225
     231
     230
     231
     205
     229
     245
     218
     229
     240
     210
     218
     217
     202
     242
     229
     197
     207
     228
     250
     256
     210
     226
     221
     254
     238
     220
     242
     246
     236
     238
     231
     244
     249
     217
     242
     246
     217
     233
     219
     223
     225
     215
     220
     273
     232
     227
     226
     211
     241
     231
     222
     270
     241
     222
     215
     230
     237
     236
     252
     258
     246
     211
     253
     241
     232
     244
     224
     225
     226
     255
     255
     277
     279
     276
     242
     262
     261
     278
     238
     237
     239
     276
     264
     242
     231
     284
     288
     298
     302
     286
     267
     296
     294
     302
     289
     289
     284
     290
     305
     309
     305
     300
     316
     299
     300
     316
     323
     308
     355
     313
     324
     341
     331
     358
     350
     331
     348
     371
     355
     314
     358
     365
     329
     357
     338
     365
     336
     341
     368
     331
     338
     353
     366
     357
     316
     344
     347
     355
     337
     324
     376
     345
     371
     315
     329
     302
     361
     288
     291
     341
     287
     316
     279
     304
     272
     294
     270
     300
     242
     249
     265
     261
     257
     261
     278
     229
     218
     226
     219
     208
     240
     198
     210
     197
     216
     201
     199
     181
     201
     225
     197
     185
     179
     185
     218
     183
     196
     182
     194
     185
     208
     194
     189
     188
     211
     212
     159
     186
     158
     219
     183
     210
     202
     185
     170
     179
     184
     192
     217
     202
     215
     209
     206
     188
     218
     210
     213
     223
     215
     236
     221
     223
     241
     237
     227
     256
     220
     223
     238
     232
     228
     242
     227
     215
     251
     218
     247
     237
     248
     215
     232
     235
     257
     233
     253
     236
     230
     249
     242
     244
     254
     235
     243
     244
     226
     222
     235
     227
     235
     228
     242
     201
     206
     223
     206
     179
     185
     199
     193
     211
     190
     171
     186
     170
     157
     188
     179
     165
     172
     123
     120
     145
     135
     127
     132
     136
     142
     120
     110
     118
     112
     128
     106
     108
     100
     110
     104
      86
     109
      80
     103
      99
      81
      94
     104
      84
      72
      76
      86
      82
      73
      84
      81
      65
      90
      80
      83
      79
      84
      83
      86
      73
      76
      72
      93
      62
      76
      73
      80
      71
      68
      85
      84
      89
      89
      81
      69
      92
      87
      80
      78
      84
      92
      78
      74
      69
      73
      95
     103
      97
      86
      95
      91
     101
      78
      95
      81
      93
      87
      76
      96
      98
      93
     101
      94
      97
      96
      82
      89
     103
      91
     104
     112
     122
     105
      86
      99
     102
      95
     109
      83
     106
     114
     105
     115
      96
     120
     100
     102
     110
     103
     119
      97
      92
     101
     114
     108
     131
     122
     119
     110
     108
     109
     113
      93
     113
     105
     112
      91
      99
      97
     114
      99
     120
     101
     110
     110
     111
     104
     112
     113
     126
     117
     116
     125
     118
     128
     124
     114
     118
     105
     130
     115
     111
     112
     124
     124
     108
     110
     131
     130
     116
     122
     127
     122
     108
     113
     132
     128
     106
     117
     111
     122
     117
     120
     133
     110
     110
     105
     122
      97
     102
     115
     111
     118
     112
     115
     128
     118
     123
     117
     127
     131
     116
     136
     117
     131
     118
     117
     127
     131
     107
     125
     112
     129
     125
     107
     123
     126
     117
     126
     152
     136
     136
     144
     117
     127
     159
     136
     123
     151
     149
     149
     164
     149
     148
     129
     116
     150
     140
     158
     153
     155
     148
     156
     152
     157
     170
     189
     151
     169
     164
     171
     151
     178
     169
     174
     195
     182
     187
     185
     203
     197
     230
     199
     187
     204
     210
     197
     184
     196
     212
     211
     229
     224
     228
     204
     231
     221
     241
     206
     225
     240
     226
     215
     222
     227
     226
     243
     243
     259
     277
     271
     260
     260
     245
     246
     290
     237
     266
     261
     252
     260
     271
     290
     260
     255
     245
     246
     241
     251
     260
     282
     255
     252
     264
     259
     266
     214
     243
     233
     244
     219
     237
     210
     226
     221
     211
     213
     185
     200
     189
     186
     187
     171
     184
     159
     189
     169
     138
     158
     142
     148
     126
     119
     124
     149
     124
      93
     120
     116
     110
      82
      99
      95
      73
      79
      73
      70
      77
      58
      63
      37
      55
      58
      39
      45
      34
      43
      29
      34
      25
      40
      32
      28
      25
      32
      29
      22
      28
      31
      20
      23
      17
      20
      17
       7
       8
       8
      14
       8
      18
       9
      15
       8
       6
      12
       4
       6
       7
       8
      11
       8
      12
       6
       8
       4
      11
       5
       6
       3
       8
       8
       7
       5
       4
       2
       2
       6
       8
       6
       4
       5
       4
       5
       7
       3
       3
       8
       6
       4
       1
       1
       4
       2
       2
       2
       1
       3
       6
       4
       4
       1
       4
       4
       1
       1
       1
       0
       4
       1
       3
       4
       6
       1
       3
       1
       1
       2
       1
       4
       4
       2
       2
       2
       8
       2
       1
       0
       3
       1
       2
       1
       2
       1
       1
       1
       3
       2
       2
       4
       1
       3
       3
       5
       0
       1
       0
       5
       0
       4
       2
       2
       2
       2
       3
       5
       0
       2
       0
       1
       0
       6
       0
       4
       1
       3
       1
       2
       1
       1
       0
       2
       2
       3
       2
       1
       3
       1
       1
       2
       2
       2
       3
       1
       2
       1
       2
       2
       1
       2
       0
       1
       2
       2
       1
       0
       2
       0
       1
       2
       0
       2
       0
       1
       6
       1
       4
       1
       0
       0
       1
       2
       4
       2
       0
       0
       5
       1
       2
       3
       1
       2
       2
       0
       1
       1
       2
       3
       1
       0
       3
       1
       3
       1
       3
       3
       1
       2
       2
       1
       1
       1
       2
       0
       1
       2
       2
       1
       2
       0
       5
       2
       4
       0
       1
       2
       2
       0
       1
       2
       2
       2
       1
       0
       2
       2
       1
       1
       1
       2
       4
       1
       2
       3
       1
       3
       0
       1
       1
       1
       2
       1
       2
       1
       2
       1
       0
       0
       1
       1
       2
       1
       1
       0
       1
       2
       3
       2
       2
       1
       2
       4
       0
       3
       1
       0
       2
       0
       2
       1
       0
       0
       0
       2
       1
       0
       3
       2
       1
       2
       1
       0
       0
       1
       2
       2
       2
       1
       0
       0
       1
       1
       1
       1
       0
       1
       2
       2
       1
       2
       2
       2
       4
       1
       1
       0
       0
       1
       1
       0
       2
       0
       1
       4
       1
       1
       0
       0
       3
       1
       1
       0
       0
       1
       1
       2
       0
       0
       2
       1
       2
       2
       1
       1
       0
$ENER_FIT:
-2.328790 0.680960
$PRESETS:
Live Time (sec)
86400
0
$RT:
88219.080000
$DT:
1819080
$ISO_DECL_U:
SMPLNAM: IDB-1377
SEPDATE: 01/01/1900 00:00:00
U234: 0.147 
DU234: 0.6803
U235: 21.902 
DU235: 0.1644
U236: Unknown 
DU236: Unknown
U238: 77.951 
DU238: 0.0154
$ADC:
4096
0
4095