$APPLICATION_ID:
IDB v.1.0
$SPEC_REM:
Material type: U
Material form: powder
Material compound: U3O8
U isotopics:
234U 0.68
235U 45.112
236U Unknown
238U 54.208
Detector: LaBr3 (Geometry: Cylindrical, Size: 2 in (diam) x 0.5 in (len))
MCA: InSpector-2000
$DATE_MEA:
12/22/2015 10:16:00
$MEAS_TIM:
1000 1163
$DATA:
0 4095
       0
       0
       0
       0
       0
      94
    8831
    9197
    8097
    7515
    7447
    6942
    6826
    6989
    7213
    8134
    9134
   11158
   14361
   18293
   22519
   24883
   23873
   21208
   18091
   15771
   14079
   12473
   10756
    9341
    8281
    8040
    8575
    9442
   10061
   10580
   10268
    9709
    8499
    7492
    6862
    6372
    6045
    5913
    5728
    5746
    5641
    5670
    5886
    6194
    6448
    6704
    6856
    6730
    6422
    6259
    5956
    5560
    5465
    5493
    5465
    5442
    5605
    5627
    5782
    6159
    6503
    6996
    7614
    8600
    9688
   11294
   12571
   13980
   15009
   15657
   15724
   14806
   13841
   13124
   12180
   11841
   11688
   11924
   12168
   12805
   13397
   14449
   14845
   15162
   15638
   15993
   16304
   16410
   16705
   16677
   16993
   17047
   17735
   18269
   19045
   19654
   20736
   21713
   22230
   23153
   23634
   24127
   24915
   25168
   26027
   26743
   28761
   30515
   33517
   36647
   40472
   44457
   48423
   51812
   54731
   56548
   57549
   58063
   57705
   57743
   58829
   61609
   66044
   73074
   81690
   93257
  105381
  118491
  131912
  145430
  156586
  166970
  174213
  179679
  180570
  178707
  171517
  163165
  150841
  135301
  119007
  103372
   87718
   75203
   65524
   59147
   55449
   54843
   57120
   60784
   65435
   70598
   76062
   81161
   84322
   85002
   85580
   83269
   79159
   74231
   67892
   60734
   54451
   47593
   41407
   35786
   31437
   27809
   25200
   22624
   20496
   19157
   18038
   16838
   16016
   14932
   14260
   13575
   12923
   12398
   12226
   11491
   11112
   10978
   10854
   10671
   10509
   10673
   10813
   10979
   11270
   12085
   13057
   14314
   16037
   18028
   20538
   24039
   27232
   30680
   34165
   37912
   40183
   42372
   43639
   42953
   41557
   39312
   36450
   32771
   28700
   24505
   21627
   18364
   15793
   14029
   12567
   11647
   11115
   10761
   10946
   11044
   11787
   12340
   13322
   14516
   16057
   17718
   19520
   21087
   23024
   24135
   24973
   25142
   25353
   24594
   23641
   22224
   20357
   18382
   16941
   15049
   13688
   12203
   11411
   10802
   10807
   11071
   11801
   13313
   15239
   18318
   22706
   28168
   35468
   44894
   56297
   69911
   86255
  102612
  122417
  141069
  159050
  175552
  189106
  198964
  204663
  204293
  198918
  187819
  173324
  154452
  135488
  114922
   95552
   77659
   61268
   47830
   37115
   28918
   22890
   18646
   16101
   14559
   13953
   14098
   15178
   15984
   17232
   18520
   19953
   20802
   22139
   22883
   23571
   23241
   22844
   21983
   20912
   19559
   17881
   15688
   14003
   12164
   10346
    8800
    7592
    6672
    5598
    5081
    4585
    4295
    3906
    3765
    3669
    3618
    3641
    3494
    3507
    3514
    3469
    3359
    3298
    3269
    3261
    3297
    3174
    3071
    2997
    3018
    3010
    2905
    2987
    2814
    2872
    2921
    2850
    2945
    2884
    2873
    2916
    2894
    2743
    2803
    2898
    2953
    2814
    2872
    2840
    2818
    2819
    2765
    2734
    2722
    2701
    2644
    2594
    2584
    2494
    2565
    2371
    2522
    2461
    2343
    2400
    2321
    2316
    2223
    2284
    2215
    2248
    2243
    2120
    2204
    2144
    2021
    2114
    2093
    2191
    2102
    2113
    2013
    2087
    1970
    2006
    1979
    2010
    1968
    2034
    2057
    1941
    2029
    2110
    2007
    2000
    2040
    1996
    2042
    2058
    2032
    1993
    1933
    2004
    1931
    1974
    1965
    1910
    1823
    1785
    1694
    1633
    1680
    1547
    1553
    1430
    1382
    1304
    1268
    1281
    1229
    1189
    1186
    1078
    1051
    1091
    1040
    1046
    1066
    1001
     952
     920
     876
     797
     850
     803
     733
     717
     650
     650
     630
     577
     475
     521
     485
     491
     439
     426
     467
     446
     411
     421
     347
     386
     372
     372
     336
     349
     332
     354
     329
     307
     315
     333
     331
     272
     314
     313
     273
     281
     304
     299
     316
     270
     301
     300
     303
     259
     296
     316
     307
     242
     281
     267
     272
     239
     259
     247
     274
     258
     249
     264
     264
     246
     264
     243
     289
     262
     248
     268
     272
     290
     267
     260
     262
     292
     266
     294
     286
     298
     261
     233
     233
     236
     258
     273
     223
     202
     220
     230
     229
     224
     202
     213
     206
     220
     206
     199
     205
     232
     220
     227
     232
     252
     265
     241
     290
     260
     268
     274
     264
     283
     258
     274
     294
     237
     279
     258
     242
     234
     213
     183
     206
     194
     178
     158
     200
     167
     187
     183
     184
     163
     157
     184
     184
     173
     178
     140
     159
     163
     182
     154
     172
     163
     166
     149
     149
     138
     160
     134
     112
     123
     104
     113
     122
     108
     111
     123
     105
      96
      88
      94
     124
     119
      96
      85
      97
      97
     103
      89
      98
     101
      89
      92
     110
      90
      93
      99
     106
      82
     104
     102
      97
      74
      80
     108
      89
      97
      96
      95
      58
     104
      81
      76
      90
      91
      74
      89
      90
      95
      79
      81
      68
      86
      78
      55
      70
      69
      80
      72
      75
      84
      93
      75
      84
      76
      56
      59
      81
      81
      74
      73
      91
      81
      69
      53
      92
      73
      85
      70
      61
      74
      67
      83
      61
      75
      83
      74
      73
      76
      79
      62
      78
      67
      82
      63
      71
      70
      69
      73
      63
      52
      73
      48
      60
      79
      64
      70
      78
      79
      70
      60
      79
      66
      65
      66
      60
      50
      67
      74
      76
      69
      62
      52
      78
      65
      63
      67
      63
      46
      80
      55
      67
      54
      50
      62
      68
      61
      52
      67
      53
      51
      50
      62
      36
      59
      63
      60
      48
      56
      53
      62
      44
      67
      54
      60
      65
      48
      74
      53
      53
      33
      47
      42
      45
      61
      51
      57
      63
      56
      54
      65
      57
      56
      59
      46
      54
      42
      61
      53
      63
      59
      49
      49
      47
      67
      48
      46
      41
      61
      47
      38
      50
      46
      48
      45
      42
      54
      47
      46
      50
      51
      54
      52
      42
      60
      51
      60
      47
      39
      54
      46
      38
      46
      55
      48
      57
      45
      47
      46
      54
      46
      61
      47
      37
      58
      43
      36
      53
      46
      42
      49
      58
      53
      49
      41
      41
      41
      41
      38
      50
      52
      51
      39
      43
      52
      46
      51
      63
      42
      47
      33
      46
      44
      46
      51
      47
      41
      53
      47
      45
      46
      53
      37
      37
      28
      38
      35
      40
      31
      45
      47
      51
      41
      38
      46
      45
      47
      38
      37
      34
      44
      42
      47
      33
      35
      45
      42
      29
      47
      40
      36
      34
      48
      26
      42
      46
      34
      40
      46
      33
      46
      37
      35
      35
      37
      47
      37
      48
      34
      45
      41
      48
      38
      37
      42
      35
      24
      40
      36
      35
      30
      25
      43
      34
      37
      40
      30
      40
      30
      33
      36
      33
      37
      37
      23
      27
      26
      36
      28
      28
      33
      40
      32
      41
      33
      28
      34
      30
      36
      36
      24
      33
      29
      26
      34
      28
      40
      27
      30
      37
      29
      39
      36
      33
      34
      21
      33
      26
      26
      30
      34
      30
      30
      40
      37
      35
      23
      22
      42
      23
      21
      29
      33
      24
      37
      21
      29
      38
      18
      42
      35
      40
      36
      33
      32
      25
      24
      25
      26
      24
      26
      27
      33
      22
      29
      29
      28
      35
      30
      26
      30
      29
      32
      24
      23
      31
      27
      17
      30
      35
      24
      23
      27
      28
      30
      25
      31
      23
      27
      25
      21
      25
      26
      28
      37
      33
      30
      31
      22
      37
      29
      24
      16
      24
      28
      27
      23
      18
      31
      23
      20
      23
      23
      24
      24
      24
      29
      32
      24
      35
      26
      33
      26
      24
      23
      19
      27
      25
      21
      20
      22
      19
      21
      24
      30
      24
      27
      37
      25
      34
      24
      21
      34
      27
      20
      22
      28
      23
      21
      25
      30
      27
      30
      30
      25
      24
      31
      28
      36
      36
      27
      38
      34
      36
      28
      26
      24
      39
      25
      37
      40
      23
      26
      43
      39
      28
      28
      30
      35
      28
      30
      36
      32
      32
      35
      39
      41
      37
      26
      33
      52
      43
      28
      33
      40
      36
      51
      37
      52
      36
      37
      37
      35
      43
      48
      62
      45
      56
      40
      66
      43
      43
      52
      45
      48
      43
      43
      45
      36
      31
      48
      44
      42
      27
      26
      37
      28
      32
      34
      23
      23
      34
      27
      31
      32
      28
      33
      30
      22
      34
      31
      29
      32
      29
      37
      29
      29
      18
      30
      23
      26
      29
      29
      27
      21
      25
      20
      27
      39
      21
      26
      29
      25
      18
      26
      23
      23
      22
      23
      23
      24
      27
      22
      24
      26
      23
      23
      25
      20
      29
      15
      22
      17
      24
      18
      27
      19
      17
      23
      29
      22
      18
      18
      18
      16
      19
      19
      19
      13
      16
      20
      19
      15
      18
      25
      18
      24
      26
      26
      18
      24
      27
      19
      19
      21
      20
      14
      12
      20
      16
      22
      10
      17
      17
      23
      18
      19
      25
      18
      20
      17
      31
      15
      12
      17
      19
      19
      15
      20
      16
      25
      11
      17
      22
      25
      17
      20
      20
      20
      18
      11
       8
      14
      19
      16
      22
      16
      16
      13
      14
      22
      25
      20
      18
      13
      10
      21
      21
      21
      19
      17
      19
      22
      18
      20
      17
      13
      11
      16
      14
      17
      15
      18
      13
      13
      13
      16
      11
      13
      13
      12
      18
      29
      11
      23
      15
      20
      13
      15
      13
      14
      20
      16
      17
      11
      14
      13
      16
      13
      10
      15
      21
      12
      13
      16
      10
      15
      11
       5
      22
      15
      16
       8
      14
      11
      11
      17
      12
      21
      15
      14
      18
       9
      16
       8
      14
      11
      19
      14
      21
      12
      11
      13
      17
      21
       9
      17
      17
      13
      20
      15
      14
      11
       9
      17
      10
      11
      12
      15
       6
      22
      13
       8
      10
      10
      13
      22
      13
      12
      12
      11
      10
      14
      10
      15
      16
      10
       7
      10
       5
      22
      12
      11
      16
      14
      13
      12
      15
      12
      12
      13
       9
      12
      14
       7
      13
      11
       8
      11
      11
       6
       7
      23
       5
       9
      20
      10
      12
      13
      18
       9
      11
      15
       6
      10
      13
      21
      17
      18
      12
      11
      13
      21
      13
      26
      23
       7
      21
      26
      22
      24
      19
      19
      23
      28
      40
      28
      39
      43
      32
      20
      51
      41
      29
      42
      46
      32
      39
      41
      62
      50
      50
      47
      39
      57
      57
      39
      35
      43
      36
      29
      36
      45
      30
      33
      31
      33
      14
      22
      29
      20
      33
      17
      12
      19
      20
      17
      16
       6
      17
       9
      11
       9
      13
      12
       8
       7
      10
       7
      13
       6
       4
      12
       9
       7
       9
       6
       7
       8
       5
       9
       5
      11
       9
      11
      11
       6
       8
       5
       8
       7
      14
       8
      11
      10
       8
       8
      10
       7
       3
       4
       6
      10
       3
       5
      16
       3
       5
       8
      12
       9
       5
       7
       8
       8
      10
       6
      10
       5
       8
       8
       8
       8
       6
      10
       9
       3
       7
      10
      11
       6
       6
       5
       4
       7
      10
       5
       3
      11
       5
       4
       4
       6
       6
       5
       2
       3
      10
       3
      11
       8
       5
       5
       9
       7
       7
       4
       7
       1
       8
       4
       7
       6
       9
       9
       9
       6
       6
       8
       3
       9
       5
       7
       3
       5
       6
       9
       4
       5
       9
      10
       9
       7
       6
       5
       3
       7
       5
       6
       5
       4
       2
       7
       9
       2
       7
       4
       3
      10
       7
      11
       6
       4
       6
       6
       9
       5
       3
       6
       6
       7
      10
       5
       7
       8
       8
       7
       9
      11
       4
       6
       9
       5
       3
      10
       3
       3
       6
       6
       5
       7
       7
       6
       5
       4
       6
       5
       8
      12
       5
       5
       5
       7
       6
       9
       6
       3
       6
       7
       4
       5
       7
       6
      10
       3
       4
       3
       6
       5
       7
       7
       6
       4
       8
       3
       6
       5
       1
       3
       3
      10
       4
       3
       8
      10
       6
       9
       6
       4
       5
       7
       5
       4
       4
       4
       7
       9
       6
       6
       8
       7
      14
       3
       4
       5
       8
       6
       4
       8
       3
       7
       8
       4
       7
       4
       8
      10
       9
      12
       5
       4
       5
       8
       6
       8
       3
       1
      10
       4
       6
       6
       2
       9
       6
       6
       2
       7
       7
       9
       7
       8
       4
       7
       3
       9
       8
      11
       7
       6
       6
       4
       6
       6
       6
       5
       6
       7
       7
       6
       8
       5
       3
       7
       6
       2
       6
       4
       5
       2
       6
       5
       3
       8
       3
       5
       5
       3
       5
       4
       9
       7
       6
       2
       5
       9
       6
       4
       8
       4
       3
      11
       4
       3
       5
       9
       4
       5
       6
       5
       7
       5
       2
       3
       5
       6
       2
       6
       4
       3
       3
       0
       2
       4
       7
       4
       3
       0
       1
       5
       2
       2
       3
       3
       3
       4
       2
       6
       3
       6
       1
       7
       2
       3
       2
       2
       2
       0
       2
       5
       2
       5
       4
       4
       4
       1
       3
       4
       2
       4
       0
       1
       2
       2
       2
       6
       1
       3
       3
       4
       2
       2
       8
       2
       4
       2
       1
       1
       1
       1
       0
       4
       3
       3
       6
       1
       1
       2
       2
       0
       2
       4
       4
       0
       3
       3
       5
       2
       4
       3
       2
       2
       4
       4
       0
       3
       3
       1
       6
       4
       3
       4
       2
       1
       1
       2
       2
       7
       3
       2
       1
       1
       2
       2
       2
       3
       2
       3
       1
       1
       2
       3
       0
       1
       1
       2
       4
       1
       1
       5
       0
       1
       0
       2
       1
       1
       2
       0
       0
       2
       4
       0
       0
       1
       0
       2
       0
       1
       1
       3
       1
       3
       0
       2
       2
       1
       2
       3
       0
       3
       0
       1
       1
       3
       4
       2
       2
       0
       3
       1
       5
       1
       1
       0
       1
       3
       0
       3
       2
       1
       0
       2
       0
       4
       1
       1
       0
       1
       0
       1
       3
       2
       0
       0
       1
       1
       0
       2
       0
       2
       1
       2
       2
       1
       1
       0
       0
       1
       2
       1
       1
       2
       1
       3
       2
       2
       1
       3
       0
       1
       2
       2
       1
       0
       4
       1
       0
       2
       3
       1
       2
       1
       1
       0
       5
       2
       1
       0
       0
       1
       4
       1
       3
       2
       5
       1
       3
       2
       3
       3
       7
       3
       1
       6
       5
       5
       4
       8
       5
       3
       5
       3
       7
      13
       9
       8
       5
       9
      10
       4
      11
       5
       6
      10
      11
      12
       5
       6
       7
       7
      16
       6
      13
       5
      11
      12
      16
       8
       9
      11
      13
       8
      12
      17
      10
       7
      13
      11
      12
       9
      11
       9
      13
       8
       9
      12
       5
      16
      13
      15
      16
      15
      16
      14
      13
      13
      28
      19
      14
      22
      15
       9
      13
       8
      21
      15
       8
      15
      11
      15
      10
      13
       9
      16
       8
      17
       9
      11
      11
      14
      11
       9
       7
       6
       6
       6
      10
       2
      11
       6
       4
       4
       8
       5
       4
       7
       3
       5
       4
       3
       3
       0
       2
       1
       3
       1
       2
       0
       2
       2
       2
       0
       1
       1
       2
       1
       1
       3
       0
       0
       3
       3
       5
       2
       1
       1
       2
       0
       4
       0
       1
       2
       1
       1
       0
       2
       2
       2
       1
       0
       2
       1
       0
       0
       1
       0
       1
       1
       2
       1
       2
       1
       0
       3
       3
       0
       0
       2
       1
       6
       1
       1
       1
       0
       2
       0
       1
       1
       1
       0
       2
       2
       1
       0
       0
       0
       1
       5
       2
       2
       0
       3
       1
       0
       1
       0
       1
       2
       0
       0
       3
       2
       0
       2
       1
       2
       1
       1
       4
       0
       0
       1
       0
       1
       0
       1
       3
       1
       2
       2
       1
       1
       2
       1
       0
       2
       1
       2
       0
       0
       0
       1
       1
       0
       1
       3
       0
       2
       0
       1
       1
       1
       0
       0
       0
       1
       0
       2
       0
       1
       2
       1
       0
       0
       0
       0
       0
       1
       1
       0
       1
       2
       0
       1
       0
       0
       1
       0
       0
       1
       0
       0
       0
       0
       0
       1
       0
       1
       1
       0
       0
       0
       1
       1
       0
       0
       1
       0
       0
       0
       1
       1
       2
       0
       0
       1
       0
       0
       0
       0
       1
       0
       1
       1
       1
       0
       1
       2
       2
       0
       1
       0
       0
       1
       0
       0
       1
       1
       0
       0
       1
       0
       1
       0
       0
       1
       0
       1
       2
       0
       0
       0
       0
       0
       0
       0
       2
       2
       0
       0
       1
       0
       0
       0
       0
       0
       1
       0
       0
       1
       0
       0
       0
       0
       1
       0
       0
       1
       2
       0
       1
       0
       0
       0
       0
       0
       0
       1
       0
       0
       0
       0
       0
       0
       0
       0
       1
       1
       0
       0
       0
       0
       1
       0
       0
       1
       0
       0
       0
       1
       2
       0
       0
       2
       0
       0
       0
       0
       0
       1
       1
       0
       0
       0
       0
       0
       1
       0
       0
       1
       0
       1
       0
       1
       0
       0
       2
       0
       2
       0
       0
       4
       0
       0
       1
       0
       0
       3
       0
       2
       0
       0
       1
       0
       0
       0
       0
       1
       0
       0
       0
       0
       3
       2
       2
       1
       1
       0
       2
       1
       0
       2
       1
       2
       2
       2
       3
       0
       1
       2
       1
       1
       1
       1
       0
       3
       2
       2
       0
       2
       0
       4
       0
       0
       0
       2
       1
       0
       0
       2
       0
       1
       1
       0
       0
       1
       3
       0
       1
       1
       0
       2
       0
       1
       3
       1
       0
       1
       1
       1
       2
       2
       0
       1
       0
       1
       2
       0
       0
       0
       0
       0
       1
       1
       1
       2
       1
       2
       0
       0
       3
       1
       4
       1
       0
       3
       1
       1
       0
       4
       0
       1
       0
       2
       1
       1
       3
       1
       0
       1
       2
       0
       6
       1
       1
       1
       1
       1
       2
       0
       0
       0
       1
       2
       2
       2
       0
       4
       0
       4
       2
       2
       3
       2
       1
       1
       1
       3
       1
       0
       2
       1
       0
       1
       2
       2
       2
       0
       2
       1
       1
       0
       2
       1
       0
       1
       1
       0
       0
       2
       3
       3
       4
       3
       0
       3
       0
       1
       5
       0
       2
       1
       1
       2
       2
       2
       4
       1
       2
       2
       1
       1
       2
       4
       2
       2
       2
       2
       4
       3
       1
       2
       1
       1
       2
       2
       1
       3
       2
       1
       3
       2
       3
       2
       3
       1
       1
       1
       1
       3
       3
       1
       2
       4
       1
       1
       3
       1
       1
       1
       1
       2
       3
       2
       5
       2
       2
       3
       2
       2
       1
       3
       3
       1
       1
       0
       0
       5
       5
       3
       1
       4
       1
       3
       8
       1
       2
       0
       3
       1
       3
       5
       4
       2
       3
       2
       5
       3
       4
       4
       3
       1
       5
       7
       1
       1
       3
       1
       2
       2
       3
       4
       1
       4
       3
       4
       5
       3
       1
       5
       1
       1
       2
       5
       4
       1
       2
       2
       5
       3
       5
       3
       2
       3
       2
       1
       3
       4
       2
       1
       2
       4
       2
       5
       2
       3
       2
       2
       2
       2
       1
       1
       6
       1
       2
       2
       1
       3
       0
       3
       1
       3
       5
       3
       3
       2
       6
       2
       1
       2
       3
       2
       0
       4
       0
       3
       1
       2
       4
       4
       3
       4
       1
       4
       4
       1
       6
       4
       0
       3
       4
       3
       2
       0
       1
       4
       0
       2
       5
       3
       5
       4
       5
       2
       1
       5
       5
       5
       7
       3
       2
       3
      10
       3
       4
       4
       7
       2
       1
       2
       8
       7
       4
       3
       7
       3
       3
       6
       3
       4
       4
       2
       3
       9
       3
       4
       5
       1
       5
       7
       4
       5
       1
       6
       8
       3
       2
       0
       3
       8
       2
       4
       7
       7
       7
       4
       6
       5
       4
       7
       5
       2
       6
       3
       3
       4
      10
       2
       4
       4
       3
       1
       6
       0
       4
       4
       4
       3
       5
       3
       4
       3
       5
       3
       3
       4
       1
       2
       2
       2
       4
       3
       2
       1
       1
       0
       0
       8
       1
       2
       3
       3
       3
       2
       2
       4
       5
       1
       1
       6
       1
       0
       2
       3
       4
       3
       4
       1
       3
       2
       2
       4
       1
       1
       1
       0
       4
       6
       2
       3
       3
       2
       3
       1
       0
       4
       3
       1
       2
       2
       2
       3
       3
       4
       1
       3
       1
       3
       4
       2
       3
       3
       3
       1
       4
       0
       3
       2
       2
       3
       2
       2
       1
       1
       2
       3
       2
       5
       3
       0
       6
       2
       1
       6
       2
       3
       0
       3
       1
       3
       1
       1
       3
       3
       1
       2
       6
       2
       4
       4
       6
       3
       1
       3
       1
       3
       3
       1
       0
       1
       0
       3
       3
       2
       1
       4
       1
       5
       3
       0
       3
       1
       3
       1
       1
       2
       1
       3
       1
       1
       6
       1
       4
       1
       1
       2
       2
       2
       3
       3
       5
       4
       3
       9
       2
       4
       0
       2
       5
       3
       5
       2
       8
       2
       4
       0
       2
       4
       6
       1
       1
       0
       2
       1
       4
       5
       3
       1
       3
       1
       4
       1
       3
       3
       4
       2
       2
       3
       6
       5
       3
       6
       3
       4
       0
       2
       2
       5
       3
       5
       2
       5
       2
       4
       1
       4
       3
       3
       6
       1
       2
       2
       4
       3
       3
       4
       4
       3
       3
       2
       1
       2
       0
       2
       4
       7
       5
       2
       4
       2
       5
       0
       4
       3
       3
       2
       3
       4
       4
       2
       3
       2
       5
       4
       4
       4
       2
       1
       2
       4
       4
       4
       1
       4
       0
       6
       1
       3
       6
       3
       4
       2
       4
       5
       5
       3
       5
       6
       7
       4
       8
       2
       7
       1
       7
       4
       4
       5
       3
       3
       3
       1
       3
       5
       3
       3
       4
       3
       7
       4
       8
       3
       1
       4
       4
       5
       9
       2
       3
       4
       3
       6
       3
       6
       5
       3
       9
       3
       3
       1
       3
      10
       3
       3
       5
       3
       2
       4
       4
       3
       4
       3
       6
       6
       2
       5
       3
       4
       2
       2
       5
       3
       4
       5
       5
       6
       2
       1
       3
       4
       6
       0
       5
       1
       0
       3
       3
       3
       0
       4
       1
       3
       4
       1
       4
       4
       1
       3
       2
       2
       4
       1
       3
       2
       3
       1
       2
       2
       2
       0
       3
       2
       4
       3
       6
       1
       2
       5
       4
       3
       4
       1
       2
       2
       2
       3
       3
       1
       2
       5
       4
       3
       5
       6
       4
       2
       1
       6
       1
       4
       3
       2
       5
       3
       4
       7
       3
       1
       2
       5
       0
       3
       4
       2
       1
       1
       3
       3
       1
       5
       1
       2
       5
       4
       4
       1
       2
       6
       5
       3
       2
       4
       4
       2
       1
       6
       3
       2
       3
       5
       0
       2
       0
       6
       4
       0
       5
       2
       4
       2
       0
       0
       2
       2
       2
       4
       1
       3
       3
       1
       2
       2
       1
       1
       1
       1
       3
       0
       0
       4
       0
       0
       1
       1
       0
       0
       3
       1
       1
       0
       0
       0
       1
       0
       2
       2
       2
       0
       3
       2
       1
       0
       2
       2
       3
       0
       3
       2
       0
       2
       1
       1
       1
       2
       1
       1
       1
       0
       2
       1
       1
       1
       0
       1
       1
       0
       2
       1
       0
       2
       2
       2
       5
       1
       2
       0
       0
       3
       1
       0
       2
       3
       1
       0
       1
       1
       1
       1
       1
       1
       0
       0
       5
       0
       3
       2
       4
       1
       2
       2
       2
       2
       0
       0
       2
       3
       0
       2
       4
       0
       2
       2
       2
       1
       1
       0
       0
       1
       2
       2
       0
       2
       1
       5
       0
       1
       1
       1
       1
       2
       4
       1
       2
       0
       0
       1
       1
       2
       2
       4
       0
       2
       2
       2
       0
       2
       1
       2
       0
       2
       0
       2
       1
       2
       3
       1
       2
       0
       1
       1
       2
       2
       2
       3
       1
       0
       0
       2
       1
       2
       2
       0
       3
       4
       2
       1
       3
       2
       1
       0
       1
       2
       0
       2
       1
       1
       2
       2
       2
       1
       2
       1
       0
       2
       4
       1
       1
       1
       1
       1
       2
       1
       1
       4
       1
       2
       2
       2
       4
       2
       2
       1
       1
       3
       3
       3
       2
       4
       1
       4
       1
       0
       2
       1
       4
       3
       1
       1
       2
       4
       6
       2
       0
       3
       2
       2
       1
       2
       2
       0
       5
       3
       2
       3
       2
       3
       5
       5
       3
       0
       3
       3
       3
       4
       0
       5
       5
       2
       1
       3
       2
       5
       2
       5
       2
       1
       3
       1
       2
       3
       3
       4
       2
       5
       2
       2
       2
       3
       2
       3
       3
       2
       4
       3
       4
       3
       2
       2
       4
       3
       6
       4
       3
       3
       3
       3
       4
       2
       4
       4
       3
       3
       2
       2
       3
       3
       6
       6
       1
       2
       2
       2
       5
       2
       7
       0
       3
       4
       3
       1
       5
       6
       2
       3
       1
       1
       0
       2
       3
       2
       1
       1
       0
       3
       1
       0
       2
       2
       3
       1
       4
       1
       1
       1
       1
       1
       0
       2
       1
       3
       3
       3
       0
       1
       1
       1
       1
       0
       0
       1
       0
       1
       0
       1
       0
       0
       0
       0
       0
       0
       0
       1
       0
       0
       0
       0
       0
       0
       1
       0
       0
       0
       1
       0
       0
       0
       0
       0
       0
       0
       0
       0
       0
       0
       0
       0
       0
       0
       1
       0
       0
       0
       1
       0
       0
       0
       0
       0
       2
       0
       0
       0
       1
       0
       1
       1
       0
       0
       0
       0
       0
       0
       1
       0
       0
       0
       0
       0
       0
       1
       0
       0
       0
       0
       0
       0
       0
       1
       0
       0
       0
       0
       0
       1
       0
       0
       0
       0
       0
       0
       1
       0
       0
       0
       0
       0
       0
       0
       0
       0
       0
       0
       0
       0
       1
       0
       0
       0
       1
       0
       0
       1
       0
       0
       0
       0
       0
       0
       0
       1
       0
       0
       0
       0
       0
       0
       0
       0
       0
       0
       0
       0
       0
       0
       0
       0
       0
       0
       0
       0
       0
       0
       0
       0
       0
       0
       0
       0
       0
       0
       0
       0
       0
       0
       0
       0
       0
       0
       0
       0
       0
       0
       0
       0
       0
       0
       0
       0
       0
       0
       0
       0
       0
       0
       0
       0
       0
       0
       0
       0
       0
       0
       0
       0
       0
       0
       0
       0
       0
       0
       0
       0
       0
       0
       0
       0
       0
       0
       0
       0
       0
       0
       0
       1
       0
       0
       0
       0
       0
       0
       0
       0
       0
       0
       0
       0
       0
       0
       0
       0
       0
       0
       0
       0
       0
       0
       0
       0
       0
       0
       0
       0
       0
       0
       0
       0
       0
       0
       0
       0
       0
       0
       0
       0
       0
       0
       0
       0
       0
       0
       0
       0
       0
       0
       0
       0
       0
       0
       0
       0
       0
       0
       0
       0
       0
       0
       0
       0
       0
       0
       0
       0
       0
       0
       0
       0
       0
       0
       0
       0
       0
       0
       0
       0
       0
       0
       0
       0
       0
       0
       0
       0
       0
       0
       0
       0
       0
       0
       0
       0
       0
       0
       0
       0
       0
       0
       0
       0
       0
       0
       0
       0
       0
       0
       0
       0
       0
       0
       0
       0
       0
       0
       0
       0
       0
       0
       0
       0
       0
       0
       0
$ENER_FIT:
0.598240 0.679460
$PRESETS:
Live Time (sec)
1000
0
$RT:
1162.760000
$DT:
162760
$ISO_DECL_U:
SMPLNAM: IDB-1402
SEPDATE: 01/01/1900 00:00:00
U234: 0.68 
DU234: 0.1471
U235: 45.112 
DU235: 0.0798
U236: Unknown 
DU236: Unknown
U238: 54.208 
DU238: 0.0221
$ADC:
4096
0
4095