$APPLICATION_ID:
IDB v.1.0
$SPEC_REM:
Material type: U
Material form: powder
Material compound: U3O8
U isotopics:
234U 1.1
235U 89.303
236U Unknown
238U 9.588
Detector: LaBr3 (Geometry: Cylindrical, Size: 2 in (diam) x 0.5 in (len))
MCA: InSpector-2000
$DATE_MEA:
12/07/2015 17:12:53
$MEAS_TIM:
1000 1322
$DATA:
0 4095
       0
       1
     131
    2204
   15389
   15845
   16011
   15473
   14912
   14100
   13648
   13178
   12977
   12840
   12811
   12714
   12469
   12729
   12557
   12650
   12614
   12266
   12323
   12281
   12069
   11875
   11942
   12073
   11835
   11865
   11807
   11953
   12077
   12135
   12346
   12363
   11913
   11673
   11527
   11225
   10806
   10689
   10312
   10043
    9859
    9874
    9598
    9675
    9716
    9907
   10142
   10082
   10258
   10031
    9858
    9372
    9362
    8806
    8773
    8629
    8430
    8453
    8414
    8416
    8597
    8589
    8480
    8835
    9113
    9121
    9325
    9212
    9355
    9491
    9588
    9698
   10068
   10205
   10380
   10863
   11255
   11511
   12230
   12605
   12894
   13616
   14130
   14579
   14581
   15626
   15919
   16324
   16466
   16972
   17293
   17572
   18089
   18650
   18862
   19649
   20544
   21526
   22350
   23367
   24619
   25907
   27293
   28386
   29774
   31358
   32822
   34018
   35785
   37790
   39618
   42005
   44654
   47373
   49515
   52456
   54635
   57569
   59615
   62068
   63567
   65886
   68711
   72872
   77484
   84409
   92333
  101294
  111134
  122419
  134923
  146940
  158917
  169478
  178026
  183808
  188255
  189562
  186549
  181529
  172721
  161003
  147763
  134331
  120667
  109381
  100324
   93940
   91635
   92200
   94722
   99591
  105982
  113325
  120707
  127772
  132908
  136502
  137970
  136573
  132865
  126387
  119592
  110810
  101610
   92099
   83775
   76339
   69431
   63694
   59053
   55766
   52883
   50838
   49569
   48504
   47678
   47175
   46460
   45992
   45524
   45586
   45061
   45082
   45305
   45242
   45457
   45223
   45537
   45782
   46172
   47095
   47692
   48168
   49880
   51598
   53938
   55998
   59760
   63585
   68480
   73169
   78161
   83475
   87003
   90896
   92552
   93158
   92511
   90611
   86620
   82369
   77220
   72088
   66763
   62285
   58590
   55583
   52606
   51293
   49996
   49235
   49701
   49762
   51127
   52002
   53887
   55590
   57949
   59918
   62662
   66113
   68834
   71137
   73329
   74618
   75180
   74889
   74137
   72302
   70346
   67589
   64043
   61899
   59051
   56589
   54945
   54291
   53249
   53439
   54572
   56515
   59566
   64380
   70653
   79705
   90236
  105059
  124134
  145260
  172420
  201923
  235672
  271210
  307230
  339755
  371540
  395931
  411531
  419747
  417745
  403557
  380383
  350048
  313590
  274330
  233162
  193758
  157568
  125607
   97958
   76159
   58775
   46465
   38193
   32595
   29182
   28530
   28366
   29990
   32239
   35328
   37768
   40829
   43755
   45534
   47078
   48513
   48293
   47497
   45369
   42650
   39127
   35332
   31232
   26675
   22824
   18860
   15147
   12325
    9630
    7688
    6076
    4950
    4092
    3502
    3158
    2921
    2770
    2609
    2513
    2460
    2404
    2248
    2158
    2102
    2079
    1935
    1869
    1693
    1523
    1483
    1418
    1437
    1354
    1321
    1291
    1297
    1301
    1337
    1437
    1431
    1454
    1465
    1484
    1452
    1570
    1547
    1644
    1662
    1620
    1677
    1683
    1744
    1674
    1655
    1619
    1539
    1610
    1498
    1424
    1365
    1294
    1317
    1228
    1171
    1098
    1048
    1034
     936
     904
     898
     898
     841
     838
     807
     809
     785
     795
     743
     803
     885
     743
     846
     822
     844
     836
     869
     903
     904
     933
     926
     996
    1008
     995
    1024
    1032
    1082
    1102
    1106
    1129
    1166
    1145
    1187
    1234
    1246
    1266
    1260
    1237
    1286
    1236
    1271
    1268
    1240
    1226
    1215
    1113
    1152
    1145
    1098
    1044
    1151
    1130
    1140
    1152
    1153
    1103
    1101
    1047
    1114
    1076
    1083
    1037
     992
    1004
     999
    1005
     941
     920
     866
     894
     825
     831
     747
     731
     769
     716
     687
     636
     684
     641
     587
     574
     576
     585
     598
     570
     571
     609
     565
     558
     551
     505
     528
     531
     496
     519
     534
     542
     555
     583
     543
     605
     539
     580
     545
     550
     540
     657
     612
     581
     618
     609
     576
     587
     581
     586
     522
     553
     554
     536
     576
     588
     531
     573
     536
     585
     575
     638
     606
     644
     619
     696
     707
     719
     753
     736
     711
     742
     747
     741
     765
     697
     692
     707
     703
     676
     646
     622
     589
     548
     581
     556
     560
     547
     492
     511
     514
     542
     511
     499
     566
     565
     570
     605
     649
     665
     733
     743
     801
     803
     816
     778
     813
     874
     823
     823
     813
     782
     729
     718
     662
     608
     601
     510
     475
     435
     412
     413
     390
     375
     311
     321
     313
     340
     309
     282
     333
     319
     332
     321
     335
     279
     329
     320
     299
     329
     273
     273
     227
     257
     202
     174
     211
     180
     194
     176
     180
     170
     146
     156
     126
     132
     116
     108
     136
     120
     132
     117
     106
      97
     108
     100
      91
     100
      93
     102
      86
      97
     100
      82
      63
      91
      76
      92
      90
      98
      65
      78
      76
      70
      64
      83
      85
      74
      76
      84
      71
      67
      69
      76
      76
      65
      72
      71
      66
      62
      84
      67
      72
      87
      72
      78
      57
      76
      81
      52
      75
      58
      68
      73
      76
      67
      63
      61
      72
      66
      66
      59
      59
      62
      50
      53
      70
      74
      64
      63
      81
      68
      66
      69
      78
      60
      67
      56
      65
      56
      53
      48
      57
      53
      51
      46
      69
      64
      48
      59
      65
      39
      49
      47
      62
      56
      49
      45
      68
      49
      46
      55
      49
      68
      52
      46
      40
      47
      51
      51
      50
      51
      41
      47
      56
      42
      43
      50
      46
      35
      41
      49
      43
      49
      54
      46
      61
      47
      41
      49
      55
      41
      44
      44
      52
      50
      47
      54
      62
      44
      41
      49
      53
      46
      47
      53
      39
      51
      55
      61
      63
      57
      56
      63
      54
      65
      53
      60
      54
      55
      59
      57
      63
      55
      65
      55
      49
      51
      51
      49
      53
      45
      46
      44
      44
      43
      56
      45
      40
      43
      36
      48
      38
      41
      33
      43
      35
      55
      49
      42
      30
      35
      35
      40
      41
      37
      40
      32
      38
      55
      41
      48
      40
      42
      33
      46
      44
      45
      45
      45
      37
      38
      41
      33
      36
      53
      35
      37
      36
      37
      44
      32
      40
      51
      36
      45
      28
      42
      40
      31
      41
      47
      29
      34
      32
      37
      41
      36
      34
      36
      40
      34
      28
      39
      41
      37
      41
      44
      37
      45
      55
      46
      42
      42
      40
      46
      38
      33
      31
      39
      47
      32
      48
      35
      45
      47
      44
      47
      55
      38
      48
      40
      44
      44
      48
      32
      46
      40
      39
      48
      33
      40
      30
      25
      34
      31
      30
      35
      36
      51
      53
      43
      34
      45
      37
      34
      43
      29
      40
      37
      48
      39
      44
      37
      51
      41
      35
      41
      43
      40
      40
      30
      43
      42
      33
      32
      31
      28
      35
      27
      31
      33
      25
      24
      26
      32
      18
      29
      25
      28
      26
      32
      27
      26
      27
      23
      12
      25
      27
      20
      22
      24
      15
      35
      24
      24
      27
      28
      10
      23
      25
      30
      28
      24
      25
      21
      28
      29
      17
      20
      15
      29
      22
      21
      19
      19
      25
      19
      27
      25
      21
      19
      18
      24
      26
      23
      28
      16
      24
      23
      18
      21
      28
      26
      22
      21
      15
      22
      21
      20
      16
      16
      18
      23
      23
      22
      14
      17
      18
      14
      20
      20
      11
      26
      13
      19
      16
      18
      30
      24
      14
      19
      28
      18
      18
      20
      26
      28
      25
      21
      24
      23
      23
      18
      19
      23
      20
      17
      24
      26
      21
      21
      28
      23
      16
      22
      26
      24
      21
      24
      23
      25
      17
      26
      23
      20
      18
      24
      14
      12
      27
      23
      22
      19
      28
      17
      20
      17
      11
      30
      21
      25
      20
      23
      22
      24
      31
      20
      19
      15
      22
      23
      24
      28
      26
      17
      20
      17
      18
      24
      23
      19
      21
      25
      21
      24
      21
      22
      27
      18
      30
      26
      19
      22
      17
      26
      22
      16
      27
      33
      25
      27
      11
      16
      26
      24
      12
      23
      28
      18
      25
      26
      20
      22
      26
      29
      27
      27
      32
      16
      28
      30
      27
      31
      26
      30
      28
      30
      31
      26
      24
      29
      26
      38
      35
      26
      23
      39
      39
      39
      27
      29
      26
      31
      36
      40
      26
      28
      31
      20
      35
      19
      28
      22
      23
      11
      25
      28
      23
      24
      30
      25
      18
      20
      32
      22
      18
      28
      18
      22
      19
      24
      19
      24
      26
      28
      27
      26
      22
      23
      18
      26
      12
      18
      12
      17
      28
      27
      17
      18
      28
      28
      13
      12
      22
      21
      18
      16
      10
      18
      19
      18
      17
      20
      14
      23
      16
       9
      11
      16
      14
      13
      16
      14
      15
      15
      14
      12
      17
      18
      18
      22
      17
      13
      18
      14
      20
      20
      30
      15
      23
      20
      18
      28
      16
      18
      20
      22
      12
      12
      10
      20
      18
      20
      18
      26
      19
      14
      21
      14
      13
      11
      16
      21
      11
      13
      13
      14
      18
       7
      12
      16
      19
      18
       8
      22
      18
      18
      14
      19
      11
      17
      10
       9
      18
      11
      10
      17
      21
      24
      14
      16
      10
      16
      12
      16
       9
      18
      11
      17
      24
      15
      19
       9
      16
      12
      13
      16
      16
      11
      18
      14
      15
       7
      15
      11
      14
      16
       7
      13
      17
      16
      13
      18
      14
      12
      18
      15
      16
       9
      10
       9
      11
      19
       7
      14
      15
      17
      16
      15
      14
      11
      14
      12
      15
      19
      14
      10
      16
       7
      15
      18
      11
      14
      16
      14
      20
      10
      13
       7
      11
      15
      10
       7
      13
      14
      10
      15
      16
      13
      19
      11
      15
       7
      14
      13
      14
      17
      18
       6
      13
      12
       4
       9
      10
      11
      11
      16
      10
       8
      16
      16
      13
       8
      14
      17
      20
       9
      12
      14
      16
      12
      16
       3
      10
      11
       9
      10
      11
      15
       8
      16
      10
      10
      12
      10
      12
      12
       8
      15
       8
      15
      10
       8
      12
       5
       9
      13
       7
      11
      12
      12
      11
      11
      14
       6
      19
      13
      11
       5
       6
      10
      10
      13
      10
      11
       5
      11
      10
      10
       8
       9
      11
       5
      12
      13
      14
       8
      11
      13
      10
      13
      22
      10
      11
      16
      14
      22
      15
      20
      20
      28
      12
      18
      14
      15
      20
      25
      20
      19
      25
      27
      26
      39
      44
      23
      33
      40
      30
      33
      31
      31
      30
      39
      32
      30
      33
      28
      28
      29
      29
      34
      21
      29
      26
      34
      23
      18
      30
      21
      21
      18
      16
      24
      19
      12
      14
      12
      15
      13
      12
      11
      18
       6
      10
       1
       7
       3
       8
       4
       8
       7
       8
       4
       9
       7
       9
       2
      10
       8
       3
       9
       6
       7
       3
       7
       5
      10
       8
       7
       2
      10
       7
       5
       7
       4
       7
       5
       5
       6
       6
       5
       9
       7
       7
       8
       6
       5
       4
       7
       8
       9
      10
      13
       5
       8
       4
       5
      10
       7
       4
       6
       7
       5
      12
       2
       9
       8
       1
       4
       6
       7
       4
       7
       6
       5
       3
       5
       6
       9
       6
       4
       5
       8
       5
       6
       8
       5
       9
      10
       3
       4
       8
       7
       6
       2
       6
       6
       9
       6
       7
       3
       8
      10
       4
       4
       8
       9
       5
       4
       7
       5
       4
       9
       5
       9
       9
       6
       5
       8
       5
      10
       7
      10
      11
       9
      10
       6
      11
      14
       8
       9
       9
       9
       8
       8
       7
       7
       8
       6
       3
      10
       9
       3
       9
      11
      12
       2
       6
       4
       8
       7
      12
       6
       5
       5
       6
       6
       6
       9
       6
       4
      10
       8
       6
      14
       3
       2
       7
       5
       9
       4
       6
       8
       4
       8
       6
       7
       6
       8
       3
       5
       6
       6
       9
       8
       6
       8
       7
       5
       5
       4
       4
       7
       7
       5
       3
       4
       8
       1
       9
       6
       4
       8
       9
       3
      10
      10
       3
      10
       1
       7
       7
       8
       5
       2
       8
       6
       6
       9
       8
       8
       7
       3
       7
       6
       5
       5
       3
       6
       5
       6
       8
       4
       5
       6
       6
       3
       8
       5
       5
       9
       3
       6
       4
       6
       3
       6
       7
       5
       1
       6
       7
       3
       9
       3
       7
       7
       6
       9
       7
       6
       9
       8
       5
      10
       7
       2
       5
       5
       1
       5
       4
       7
       5
       4
       4
       6
       3
       5
       3
       9
       8
       2
       8
       7
       4
       8
       3
       8
       7
       7
       4
      11
       9
       7
       6
       3
       7
       4
       1
       3
      11
       4
       4
       6
       8
       4
       1
       7
       8
       2
       6
       5
       7
       8
       6
       7
       2
       4
       3
       7
       4
       6
       5
       6
       3
       4
       5
       5
       6
       4
       5
       3
       9
       6
       4
       3
       2
       4
      10
       4
       4
       3
       5
       3
       6
       3
       3
       4
       6
       4
       3
       6
       4
       4
       4
       5
       6
       3
       3
       1
       3
       3
       2
       8
       4
       3
       9
       4
       1
       5
       2
       2
       7
       1
       3
       4
       0
       6
       8
       2
       5
       5
       2
       5
       1
       1
       2
       1
       5
       6
       5
       1
       7
       3
       3
       3
       4
       3
       3
       0
       9
       4
       2
       4
       5
       5
       1
       2
       2
       2
       3
       1
       0
       2
       5
       0
       5
       1
       1
       4
       1
       3
       4
       2
       3
       1
       3
       2
       1
       3
       3
       2
       2
       1
       4
       5
       2
       1
       3
       3
       4
       1
       4
       3
       1
       0
       2
       0
       2
       0
       2
       2
       2
       5
       2
       0
       1
       0
       5
       0
       1
       4
       1
       2
       0
       1
       5
       0
       2
       3
       2
       4
       2
       2
       2
       3
       1
       2
       3
       4
       4
       2
       5
       5
       3
       1
       0
       0
       1
       1
       3
       1
       1
       1
       3
       3
       4
       5
       0
       4
       1
       1
       4
       1
       1
       1
       0
       0
       4
       3
       0
       3
       0
       3
       3
       3
       3
       2
       3
       3
       1
       3
       3
       1
       3
       1
       2
       1
       2
       2
       1
       6
       0
       1
       3
       1
       3
       0
       2
       1
       3
       4
       0
       0
       0
       0
       2
       1
       1
       5
       6
       2
       2
       4
       1
       0
       1
       1
       0
       0
       4
       3
       0
       0
       4
       0
       0
       0
       1
       3
       3
       3
       4
       6
       2
       5
       4
       5
       5
       3
       4
       3
       2
       3
       2
       3
       3
       8
       5
       4
       6
      14
       3
       5
       7
      10
      11
       7
      12
       8
       6
       7
       5
       6
       7
       8
      17
      12
      12
       8
      11
      10
       7
      15
      10
       9
       9
       9
      10
       8
       6
      10
      13
      10
       8
       8
       6
      10
       7
      13
      10
       8
      13
       9
       7
      11
      14
      12
      15
      11
      11
      13
      16
      10
      17
      15
      12
      15
      10
       9
      16
      14
      12
      12
      12
      10
      21
      11
      11
      12
      10
       8
      15
      13
      11
       7
       8
      14
      15
      12
      13
      11
       7
       6
       9
       9
       5
       6
       9
       5
       9
       7
       3
       3
       2
       0
       3
       2
       4
       1
       4
       4
       2
       4
       1
       3
       1
       1
       1
       2
       2
       1
       0
       2
       2
       2
       0
       1
       1
       2
       2
       0
       2
       5
       1
       2
       1
       3
       1
       2
       1
       1
       1
       3
       2
       2
       1
       0
       1
       2
       2
       0
       1
       2
       2
       0
       1
       1
       2
       5
       2
       0
       2
       1
       2
       1
       0
       2
       3
       2
       1
       2
       2
       2
       1
       2
       2
       1
       0
       1
       0
       1
       1
       3
       0
       0
       1
       1
       1
       0
       2
       2
       0
       0
       3
       2
       0
       1
       2
       0
       2
       3
       0
       1
       3
       1
       0
       3
       1
       2
       1
       0
       2
       1
       3
       3
       3
       1
       0
       3
       0
       3
       0
       0
       2
       2
       1
       1
       0
       3
       2
       0
       1
       1
       0
       1
       0
       2
       0
       3
       2
       2
       3
       2
       0
       0
       2
       2
       1
       1
       1
       1
       1
       3
       1
       0
       1
       2
       2
       2
       0
       2
       2
       2
       2
       0
       0
       1
       1
       2
       0
       0
       5
       0
       0
       0
       1
       1
       2
       0
       2
       1
       2
       0
       1
       5
       0
       2
       0
       1
       0
       0
       0
       0
       1
       0
       2
       0
       0
       0
       0
       1
       0
       0
       1
       0
       0
       0
       2
       0
       0
       2
       0
       1
       1
       0
       2
       1
       3
       4
       1
       1
       2
       1
       1
       0
       0
       0
       1
       0
       2
       1
       0
       1
       0
       0
       0
       0
       1
       0
       2
       0
       0
       0
       1
       1
       2
       0
       1
       1
       0
       0
       0
       0
       0
       0
       0
       0
       0
       0
       2
       1
       0
       0
       1
       0
       0
       1
       0
       0
       1
       0
       0
       1
       1
       1
       0
       2
       0
       1
       0
       0
       0
       0
       1
       0
       1
       0
       0
       2
       1
       0
       1
       0
       0
       0
       1
       0
       1
       0
       0
       0
       1
       1
       2
       1
       1
       1
       0
       1
       1
       0
       0
       2
       0
       1
       1
       1
       1
       0
       0
       1
       0
       2
       0
       1
       0
       1
       0
       2
       0
       1
       1
       1
       0
       2
       2
       0
       2
       4
       1
       0
       1
       0
       3
       0
       1
       1
       1
       1
       0
       1
       0
       2
       1
       0
       2
       1
       0
       2
       1
       0
       0
       2
       2
       0
       0
       0
       1
       3
       2
       1
       1
       0
       1
       0
       1
       1
       1
       1
       0
       2
       2
       1
       2
       0
       1
       0
       1
       0
       1
       1
       1
       0
       1
       0
       0
       1
       1
       0
       1
       0
       1
       2
       1
       0
       0
       1
       0
       0
       0
       0
       1
       2
       1
       0
       0
       1
       2
       1
       0
       0
       2
       1
       1
       0
       1
       3
       1
       0
       0
       1
       0
       1
       0
       1
       0
       0
       2
       0
       1
       1
       1
       0
       2
       2
       0
       1
       0
       0
       0
       0
       0
       0
       0
       0
       0
       1
       1
       2
       1
       1
       1
       0
       1
       0
       0
       0
       1
       1
       2
       4
       0
       2
       1
       3
       1
       2
       0
       1
       0
       0
       0
       0
       0
       0
       0
       0
       1
       0
       1
       0
       0
       1
       0
       2
       1
       2
       1
       1
       2
       2
       1
       2
       0
       1
       0
       1
       2
       1
       1
       0
       0
       2
       2
       0
       0
       2
       2
       2
       0
       1
       0
       1
       0
       0
       2
       1
       1
       0
       1
       1
       0
       1
       1
       1
       0
       0
       1
       0
       0
       0
       0
       0
       0
       2
       1
       0
       0
       2
       0
       2
       0
       1
       0
       2
       1
       0
       3
       1
       0
       2
       0
       1
       0
       1
       1
       0
       0
       0
       1
       2
       0
       0
       0
       0
       0
       2
       2
       0
       0
       1
       2
       0
       0
       1
       0
       0
       0
       1
       0
       1
       2
       0
       1
       1
       1
       2
       0
       1
       0
       1
       0
       1
       1
       0
       0
       1
       1
       0
       2
       0
       0
       0
       0
       0
       0
       0
       0
       1
       2
       2
       0
       1
       0
       1
       0
       0
       1
       0
       0
       0
       1
       2
       2
       0
       0
       0
       1
       1
       1
       0
       0
       0
       0
       1
       0
       0
       2
       1
       2
       1
       0
       0
       0
       2
       0
       1
       0
       0
       0
       3
       1
       0
       0
       0
       0
       0
       0
       0
       0
       0
       0
       0
       2
       0
       0
       0
       1
       0
       0
       0
       0
       0
       1
       1
       2
       2
       0
       1
       0
       1
       1
       0
       3
       2
       0
       2
       1
       0
       0
       2
       1
       0
       1
       1
       2
       1
       0
       1
       1
       1
       0
       0
       1
       0
       1
       0
       0
       0
       0
       0
       2
       1
       1
       0
       2
       1
       1
       2
       0
       0
       1
       0
       2
       1
       0
       1
       0
       0
       1
       0
       1
       0
       2
       1
       0
       0
       2
       0
       0
       1
       2
       1
       1
       1
       2
       0
       0
       0
       1
       2
       0
       1
       0
       0
       0
       0
       1
       0
       1
       0
       0
       0
       1
       0
       1
       1
       0
       0
       1
       0
       1
       0
       2
       1
       0
       0
       0
       1
       0
       0
       0
       0
       0
       0
       0
       0
       0
       1
       0
       1
       0
       0
       0
       1
       1
       1
       0
       1
       0
       0
       0
       0
       0
       0
       1
       0
       1
       0
       1
       2
       0
       0
       1
       2
       0
       0
       2
       0
       2
       0
       0
       0
       0
       0
       0
       0
       1
       1
       2
       0
       0
       0
       0
       1
       0
       0
       0
       0
       0
       0
       0
       0
       0
       2
       0
       1
       0
       1
       0
       0
       0
       0
       0
       0
       0
       0
       1
       1
       0
       0
       0
       0
       0
       1
       1
       0
       2
       0
       0
       0
       1
       0
       1
       0
       0
       1
       0
       1
       1
       0
       0
       0
       0
       1
       0
       0
       0
       0
       1
       0
       1
       0
       0
       0
       0
       0
       0
       0
       0
       0
       1
       0
       0
       1
       0
       0
       1
       0
       0
       0
       0
       0
       1
       0
       1
       1
       0
       0
       1
       1
       0
       0
       0
       0
       0
       1
       0
       0
       1
       1
       0
       0
       1
       0
       0
       0
       0
       0
       0
       1
       0
       1
       1
       0
       1
       0
       0
       1
       0
       0
       0
       0
       0
       0
       0
       0
       1
       0
       0
       1
       0
       0
       2
       2
       1
       0
       0
       0
       0
       3
       3
       0
       0
       0
       1
       0
       0
       1
       0
       0
       0
       1
       0
       0
       0
       0
       0
       1
       0
       2
       0
       0
       0
       0
       0
       0
       0
       2
       0
       2
       1
       2
       1
       1
       1
       1
       1
       0
       0
       0
       1
       0
       1
       0
       0
       0
       0
       0
       0
       0
       0
       0
       0
       0
       0
       1
       0
       0
       0
       0
       0
       0
       0
       0
       0
       1
       0
       0
       0
       0
       0
       1
       0
       0
       1
       0
       1
       1
       1
       1
       2
       0
       0
       0
       0
       0
       0
       0
       2
       0
       3
       0
       0
       0
       0
       2
       0
       2
       0
       0
       0
       1
       1
       0
       0
       0
       1
       0
       0
       1
       1
       0
       1
       1
       0
       0
       0
       2
       0
       0
       1
       0
       1
       0
       0
       0
       0
       0
       0
       0
       1
       1
       0
       0
       0
       1
       0
       0
       1
       0
       0
       0
       1
       0
       1
       1
       1
       0
       0
       0
       0
       0
       0
       0
       0
       0
       0
       0
       0
       0
       0
       0
       1
       1
       0
       0
       0
       0
       0
       0
       2
       0
       0
       1
       0
       1
       0
       0
       0
       0
       0
       0
       0
       1
       0
       0
       0
       0
       0
       0
       0
       0
       0
       0
       0
       0
       0
       0
       0
       0
       0
       1
       1
       0
       0
       1
       1
       0
       0
       0
       0
       0
       0
       0
       0
       0
       0
       0
       0
       0
       0
       1
       0
       0
       0
       0
       3
       0
       0
       0
       0
       1
       0
       1
       0
       0
       1
       0
       1
       1
       0
       0
       0
       0
       0
       1
       0
       1
       0
       0
       0
       0
       0
       1
       0
       0
       0
       0
       0
       0
       0
       1
       0
       0
       0
       0
       0
       0
       0
       0
       0
       0
       0
       0
       1
       0
       0
       0
       0
       0
       0
       0
       0
       0
       0
       0
       0
       1
       0
       0
       1
       1
       1
       0
       0
       0
       0
       0
       0
       0
       0
       0
       0
       0
       0
       0
       0
       0
       0
       0
       0
       0
       1
       0
       0
       0
       0
       1
       0
       0
       0
       0
       0
       0
       0
       0
       0
       0
       0
       0
       1
       0
       0
       0
       0
       0
       0
       0
       0
       0
       0
       0
       0
       0
       0
       0
       0
       3
       0
       1
       0
       1
       0
       0
       0
       0
       0
       0
       0
       1
       0
       0
       0
       0
       0
       0
       0
       1
       0
       1
       1
       2
       0
       0
       0
       0
       1
       0
       0
       1
       2
       1
       0
       0
       0
       0
       1
       0
       0
       0
       1
       0
       0
       0
       0
       0
       0
       0
       0
       0
       0
       0
       0
       0
       0
       0
       0
       0
       0
       0
       0
       0
       0
       0
       0
       0
       0
       0
       0
       2
       0
       0
       0
       0
       0
       0
       0
       1
       0
       0
       0
       0
       0
       0
       0
       0
       0
       0
       0
       0
       0
       0
       0
       0
       2
       1
       0
       0
       0
       0
       0
       0
       2
       0
       0
       0
       0
       0
       1
       0
       0
       0
       0
       0
       0
       0
       0
       0
       0
       0
       0
       0
       0
       0
       0
       0
       1
       0
       0
       0
       0
       0
       0
       0
       0
       2
       0
       0
       0
       1
       0
       0
       0
       0
       0
       1
       0
       0
       0
       0
       0
       1
       1
       0
       0
       0
       0
       0
       0
       0
       1
       1
       2
       1
       0
       0
       0
       0
       1
       0
       0
       0
       0
       0
       0
       0
       0
       0
       0
       0
       1
       0
       0
       1
       0
       0
       1
       0
       0
       0
       3
       0
       1
       1
       0
       0
       0
       0
       0
       0
       0
       0
       0
       1
       0
       0
       0
       0
       0
       0
       0
       1
       0
       0
       0
       0
       0
       3
       0
       0
       0
       0
       0
       0
       0
       0
       0
       0
       0
       0
       2
       0
       0
       0
       0
       0
       0
       0
       0
       0
       0
       0
       0
       0
       0
       0
       0
       0
       0
       0
       0
       0
       0
       0
       0
       0
       0
       0
       0
       0
       0
       0
       0
       0
       0
       0
       0
       0
       0
       0
       0
       0
       0
       0
       0
       0
       0
       0
       0
       0
       0
       0
       0
       0
       0
       0
       0
       0
       0
       0
       0
       0
       0
       0
       0
       0
       0
       0
       0
       0
       0
       0
       0
       0
       0
       0
       0
       0
       0
       0
       0
       0
       0
       0
       0
       0
       0
       0
       0
       0
       0
       0
       0
       0
       0
       0
       0
       0
       0
       0
       0
       0
       0
       0
       0
       0
       0
       0
       0
       0
       0
       0
       0
       0
       0
       0
       0
       0
       0
       0
       0
       0
       0
       0
       0
       0
       0
       0
       0
       0
       0
       0
       0
       0
       0
       0
       0
       0
       0
       0
       0
       0
       0
       0
       0
       0
       0
       0
       0
       0
       0
       0
       0
       0
       0
       0
       0
       0
       0
       0
       0
       0
       0
       0
       0
       0
       0
       0
       0
       0
       0
       0
       0
       0
       0
       0
       0
       0
       0
       0
       0
       0
       0
       0
       0
       0
       0
       0
       0
       0
       0
       0
       0
       0
       0
       0
       0
       0
       0
       0
       0
       0
       0
       0
       0
       0
       0
       0
       0
       0
       0
       0
       0
       0
       0
       0
       0
       0
       0
       0
       0
       0
       0
       0
       0
       0
       0
       0
       0
       0
       0
       0
       0
       0
       0
       0
       0
       0
       0
       0
       0
       0
       0
       0
       0
       0
       0
       0
       0
       0
       0
       0
       0
       0
       0
       0
       0
       0
       0
       0
       0
       0
       0
       0
       0
       0
       0
       0
       0
       0
       0
       0
       0
       0
       0
       0
       0
       0
       0
       0
       0
       0
       0
       0
       0
       0
       0
       0
       0
       0
       0
       0
       0
       0
       0
       0
       0
       0
       0
       0
       0
       0
       0
       0
       0
       0
       0
       0
       0
       0
       0
       0
       0
       0
       0
       0
       0
       0
       0
       0
       0
       0
       0
       0
       0
       0
       0
       0
       0
       0
       0
       0
       0
       0
       0
       0
       0
       0
       0
       0
       0
$ENER_FIT:
0.942330 0.676320
$PRESETS:
Live Time (sec)
1000
0
$RT:
1321.880000
$DT:
321880
$ISO_DECL_U:
SMPLNAM: IDB-1407
SEPDATE: 01/01/1900 00:00:00
U234: 1.1 
DU234: 0.0909
U235: 89.303 
DU235: 0.0403
U236: 0.01 
DU236: 10.0000
U238: 9.588 
DU238: 0.1252
$ADC:
4096
0
4095