$APPLICATION_ID:
IDB v.1.0
$SPEC_REM:
Material type: Pu
Material form: Pellet
Material compound: PuO2
Pu isotopics:
238Pu 0.0572
239Pu 85.0134
240Pu 14.2908
241Pu 0.2779
242Pu 0.3607
241Am 0.9487
Detector: CZT (Geometry: Quasi-hemispherical, Size: 500 mm3)
MCA: InSpector-2000
$DATE_MEA:
09/19/2013 13:35:46
$MEAS_TIM:
100000 102268
$DATA:
0 4095
       0
       0
       0
       0
       0
       0
       0
       0
       0
       0
       0
       0
       0
       0
       0
       0
       0
       0
       0
       0
       1
       0
      15
     129
     367
     724
    1091
    1524
    2055
    2525
    3383
    4114
    5075
    6148
    7385
    8710
   10289
   12142
   14127
   15802
   19126
   44216
   74989
   79424
   80863
   83980
   85822
   89335
   92484
   96002
  100688
  105943
  110829
  118208
  125646
  134189
  143990
  156673
  171571
  190698
  212448
  238297
  265385
  292953
  318184
  337670
  349087
  351905
  345406
  333121
  317922
  302155
  287454
  275727
  265032
  256408
  244978
  231664
  218584
  202627
  186387
  171380
  158775
  147503
  141001
  136831
  136376
  137035
  142386
  148676
  155463
  163829
  169225
  175349
  178153
  179842
  180179
  179170
  179447
  180678
  184280
  189026
  195064
  200676
  206131
  209163
  207645
  203894
  196132
  187512
  177590
  170655
  164524
  162715
  162587
  165991
  172100
  179814
  188447
  198265
  208002
  218572
  228728
  239160
  248750
  259851
  269482
  279442
  291292
  303873
  315591
  327435
  343496
  361007
  376752
  395637
  417096
  436663
  456267
  474511
  491399
  505804
  514929
  519830
  518290
  511600
  501364
  485296
  469071
  450766
  433747
  417476
  405334
  397700
  396492
  398734
  406489
  420083
  440593
  469830
  508706
  560062
  628960
  716863
  832384
  972469
 1145586
 1343925
 1562967
 1788946
 2001839
 2183058
 2307370
 2346467
 2298803
 2160345
 1940595
 1664896
 1364634
 1070179
  808327
  590788
  424426
  306468
  228426
  182866
  156190
  142900
  137702
  136746
  136716
  139598
  141828
  144834
  147302
  150094
  153522
  156579
  159914
  162823
  166992
  170756
  174674
  177787
  180889
  184342
  188914
  192464
  195644
  199386
  203150
  205257
  209427
  211966
  214756
  217101
  218498
  221107
  222096
  223480
  225467
  225749
  227489
  226098
  227465
  227012
  227620
  227793
  228306
  228005
  227882
  228859
  229245
  232093
  232469
  233817
  235488
  237184
  239612
  240972
  243181
  245245
  248235
  251480
  255659
  259014
  263568
  267592
  272359
  275954
  280758
  285709
  289397
  295919
  299580
  305273
  309709
  316195
  322051
  326956
  333077
  339575
  347758
  357497
  366559
  376153
  389425
  400930
  419221
  437088
  454828
  478833
  503454
  531406
  560759
  591997
  625445
  659542
  693003
  731191
  770592
  814985
  866634
  926550
  991842
 1060429
 1126837
 1186430
 1237421
 1269164
 1281639
 1271504
 1244662
 1202647
 1161286
 1118576
 1087358
 1064600
 1057692
 1061227
 1066713
 1067893
 1057700
 1030615
  982395
  914410
  826794
  728958
  629917
  534610
  450073
  380501
  327416
  290230
  268124
  256756
  254684
  260319
  271123
  284863
  304237
  321626
  340817
  358892
  374854
  389039
  397389
  404363
  406234
  407900
  407236
  408310
  409309
  413327
  419287
  425305
  429454
  432812
  432589
  429250
  421886
  411939
  397595
  378809
  358762
  336341
  311122
  286372
  263205
  242502
  225180
  209892
  199729
  192298
  185936
  181695
  178210
  173902
  171232
  167650
  165871
  164651
  165011
  166358
  169492
  172663
  176136
  178204
  181009
  183169
  183673
  184864
  186909
  189594
  194265
  200099
  207247
  213974
  216885
  217900
  214145
  204927
  191413
  174477
  155367
  137311
  119873
  105341
   93484
   85466
   79530
   75671
   73756
   72756
   72611
   72080
   72055
   72709
   72942
   72983
   73223
   73610
   73727
   74275
   74946
   74823
   75628
   76097
   76788
   77665
   78090
   79162
   80028
   80805
   81865
   83583
   84934
   86455
   88226
   89704
   91986
   93467
   95835
   97737
   99539
  101365
  102963
  104794
  106500
  107773
  108947
  110929
  111676
  113010
  113210
  113352
  113259
  110821
  107905
  104790
  100393
   97012
   93077
   89780
   85967
   84317
   82684
   81471
   80877
   79764
   80102
   79667
   78613
   78544
   78380
   76961
   77104
   76470
   76596
   76908
   77288
   77579
   77986
   79271
   80015
   80460
   81990
   83277
   84067
   84953
   85500
   85403
   85206
   85329
   84472
   84112
   82776
   81203
   79616
   79452
   79476
   78103
   78030
   77382
   77419
   76127
   74615
   73823
   72389
   71260
   70170
   68949
   68527
   67598
   67586
   67689
   67767
   67351
   67905
   67697
   67660
   67448
   66931
   66534
   65965
   65080
   64401
   63552
   62776
   62266
   61241
   60873
   60374
   59889
   60000
   59998
   59466
   59978
   59858
   59792
   59932
   60375
   60272
   60226
   60279
   60671
   60006
   60255
   60491
   60301
   59663
   60423
   58925
   58937
   58955
   58900
   58867
   58508
   58948
   58243
   59049
   58720
   58767
   59068
   59266
   59326
   59670
   59581
   60538
   60361
   60366
   60333
   60409
   61136
   61225
   62208
   62199
   62487
   62536
   62905
   62702
   62278
   62603
   62502
   62740
   63330
   63505
   63701
   63592
   64289
   65314
   65475
   66376
   66733
   67227
   68182
   68730
   69357
   69780
   70242
   70588
   70956
   70923
   71441
   72452
   73744
   74255
   76188
   78043
   80607
   83430
   85874
   88872
   93190
   97028
  100835
  105379
  109810
  113810
  116977
  121394
  124281
  127976
  132057
  136125
  141452
  148992
  156024
  163163
  169780
  173344
  175974
  174124
  167555
  156640
  142242
  126077
  108768
   92349
   77085
   64058
   53140
   45346
   40214
   36348
   34010
   32608
   31936
   31246
   30760
   30682
   30553
   30657
   30456
   30250
   29953
   30027
   29981
   29725
   29834
   29819
   29573
   29621
   29375
   29710
   29281
   29392
   29174
   29226
   29233
   29229
   28820
   28466
   28507
   28179
   28290
   28007
   27799
   27568
   26815
   27040
   26826
   26788
   26683
   26097
   26128
   25953
   25565
   25483
   25144
   25127
   24883
   24579
   24753
   24368
   24493
   24261
   24126
   23776
   24026
   23710
   23650
   24150
   23995
   23510
   23510
   23398
   23419
   23322
   23256
   23075
   23208
   23053
   22953
   22817
   22521
   22583
   22596
   22487
   22311
   22199
   22356
   22141
   21857
   21996
   21907
   21625
   21634
   21343
   21597
   21223
   21242
   21300
   21290
   21253
   21184
   20903
   20916
   20772
   20760
   20767
   20252
   19950
   19791
   19357
   19289
   19073
   19072
   19138
   18976
   19020
   18870
   18956
   18874
   18936
   18864
   18614
   18573
   18618
   18675
   18657
   18287
   18624
   18323
   18463
   18947
   18930
   18885
   19058
   18939
   18812
   18683
   18814
   18443
   18380
   17871
   17316
   16988
   16987
   16289
   16047
   15757
   15359
   15481
   15339
   15294
   15416
   15311
   15458
   15549
   15432
   15404
   15827
   15724
   15949
   16228
   16138
   16225
   16345
   16445
   16623
   16781
   16573
   16589
   17019
   16895
   16711
   16402
   16539
   16273
   15716
   15199
   14660
   14271
   13590
   13008
   12738
   12317
   12292
   12288
   11799
   11695
   11733
   11705
   11629
   11574
   11398
   11496
   11335
   11558
   11582
   11349
   11466
   11548
   11548
   11582
   11417
   11204
   11264
   11259
   11178
   11311
   11199
   11167
   11066
   10920
   11043
   10999
   11142
   10895
   11133
   10964
   10957
   11180
   11051
   11109
   11098
   11135
   11179
   11171
   11004
   11205
   11175
   11080
   11020
   11029
   11202
   11223
   11229
   11028
   11160
   11202
   11295
   11225
   11506
   11588
   11530
   11448
   11603
   11820
   11567
   11844
   11830
   11882
   11976
   11985
   12293
   12272
   12324
   12400
   12663
   12631
   12851
   13055
   13244
   13200
   13091
   13290
   13586
   13254
   13300
   13024
   12807
   12941
   12912
   12931
   12557
   12616
   12608
   12627
   12499
   12558
   12688
   12644
   12627
   12591
   12720
   12731
   13172
   13349
   13497
   13370
   13578
   13848
   14145
   14234
   14423
   14953
   15354
   15207
   15682
   15903
   16570
   16738
   17340
   17536
   17794
   17797
   17955
   18450
   17796
   17870
   17576
   16821
   16369
   16136
   15808
   15300
   15068
   15224
   15147
   14986
   15438
   15715
   15599
   16063
   16196
   16301
   16679
   16668
   17449
   17729
   17978
   18717
   18866
   19024
   19621
   19477
   19901
   20057
   20202
   20348
   20314
   20227
   20102
   19821
   19940
   19800
   20028
   19901
   19959
   20270
   20730
   20998
   21288
   22152
   22897
   23445
   24291
   25764
   26546
   27742
   29041
   30451
   31658
   33179
   35055
   35926
   37388
   37807
   38197
   38194
   37614
   36846
   35456
   33961
   32200
   30941
   29258
   27451
   25969
   24260
   22885
   21470
   20001
   19359
   18034
   17635
   16897
   16780
   16699
   16762
   16940
   17050
   17584
   18161
   18428
   18884
   19671
   20175
   20768
   21709
   22034
   22405
   22636
   22990
   22505
   22412
   21387
   20964
   19097
   17808
   16337
   14899
   13712
   12716
   11835
   11174
   10589
   10149
   10095
   10089
    9779
   10023
   10064
   10152
   10287
   10325
   10380
   10382
   10742
   10650
   10838
   10958
   11208
   11253
   11652
   11607
   11919
   11804
   12019
   12489
   12628
   12629
   13028
   13461
   13742
   13976
   14195
   14490
   14871
   15134
   15360
   15752
   16072
   16481
   16524
   17074
   17441
   17983
   18452
   18763
   19362
   19567
   20426
   21076
   21931
   22647
   23558
   24407
   25047
   26198
   26535
   27553
   28125
   28807
   28948
   29637
   29845
   29882
   30460
   30926
   31252
   31871
   32667
   33976
   34896
   36455
   38335
   39861
   41977
   43269
   44992
   46528
   47175
   46431
   45673
   44211
   41483
   38828
   35999
   32526
   29476
   26761
   24046
   22304
   20968
   19774
   19018
   18614
   18290
   18220
   17654
   17332
   17091
   16525
   16332
   15651
   15229
   14614
   13856
   13342
   12578
   12142
   11378
   10869
   10578
   10242
   10111
    9951
    9928
    9885
   10026
   10275
   10527
   11148
   11262
   11930
   12568
   12849
   13241
   13969
   14579
   15254
   15607
   16046
   16421
   16530
   16399
   16046
   15582
   14846
   13508
   12616
   11682
   10667
   10024
    9322
    8550
    8228
    7970
    7716
    7550
    7443
    7429
    7519
    7596
    7550
    7642
    7724
    7826
    7980
    8069
    8139
    8267
    8658
    8920
    9119
    9180
    9540
    9712
    9994
   10420
   10540
   11316
   11474
   11907
   12235
   12544
   12855
   13531
   14120
   14672
   15022
   15511
   16271
   17307
   18097
   18767
   19733
   20947
   22306
   23727
   25143
   26354
   27377
   28741
   29434
   29615
   29411
   28539
   27087
   25232
   23064
   20385
   17756
   15004
   12921
   10610
    8638
    7187
    5898
    5046
    4442
    4214
    3630
    3590
    3634
    3553
    3488
    3698
    3665
    3780
    3819
    3762
    3784
    3745
    3585
    3517
    3414
    3159
    3026
    2803
    2681
    2625
    2435
    2347
    2273
    2212
    2022
    2003
    1945
    1881
    1734
    1690
    1624
    1602
    1584
    1500
    1496
    1481
    1494
    1428
    1452
    1415
    1460
    1416
    1425
    1434
    1434
    1484
    1481
    1411
    1504
    1589
    1533
    1589
    1534
    1544
    1563
    1565
    1614
    1496
    1630
    1677
    1649
    1702
    1653
    1757
    1777
    1805
    1802
    1878
    1942
    2005
    2032
    2015
    2078
    2117
    2200
    2145
    2302
    2429
    2325
    2359
    2445
    2528
    2621
    2607
    2649
    2780
    2868
    3037
    3219
    3394
    3343
    3548
    3597
    3662
    3770
    3738
    3687
    3660
    3373
    3265
    3078
    2732
    2498
    2128
    1897
    1688
    1480
    1315
    1161
    1089
     956
     943
     926
     905
     856
     833
     859
     782
     811
     815
     768
     769
     760
     825
     774
     782
     745
     796
     761
     801
     723
     682
     741
     715
     680
     706
     703
     714
     708
     714
     699
     662
     717
     687
     716
     657
     720
     676
     662
     683
     679
     658
     602
     632
     640
     633
     629
     601
     614
     628
     682
     606
     610
     620
     563
     525
     564
     565
     610
     566
     586
     563
     581
     540
     603
     558
     594
     570
     543
     552
     587
     545
     570
     560
     507
     577
     516
     516
     538
     506
     541
     509
     512
     497
     486
     488
     451
     439
     457
     514
     462
     506
     474
     437
     426
     460
     452
     425
     445
     446
     429
     468
     381
     432
     456
     382
     425
     421
     433
     428
     413
     390
     414
     422
     417
     429
     432
     398
     415
     418
     451
     378
     413
     415
     376
     451
     408
     410
     395
     397
     417
     417
     380
     377
     399
     434
     374
     415
     411
     379
     393
     375
     391
     385
     403
     382
     388
     346
     399
     378
     409
     373
     400
     393
     376
     377
     416
     353
     361
     416
     384
     373
     393
     403
     380
     359
     373
     381
     333
     393
     368
     357
     386
     356
     344
     398
     345
     298
     358
     309
     321
     314
     318
     324
     317
     323
     331
     322
     298
     314
     309
     307
     321
     294
     308
     314
     326
     317
     278
     293
     301
     288
     292
     288
     300
     305
     296
     302
     301
     286
     269
     284
     259
     267
     247
     268
     309
     271
     273
     286
     251
     273
     249
     257
     226
     223
     232
     242
     238
     233
     233
     228
     222
     238
     206
     244
     232
     231
     270
     229
     203
     213
     232
     242
     207
     183
     211
     218
     213
     199
     207
     195
     203
     208
     220
     197
     202
     231
     213
     213
     203
     194
     210
     213
     186
     191
     224
     217
     211
     200
     210
     194
     189
     195
     178
     210
     190
     178
     196
     201
     211
     202
     176
     180
     180
     202
     178
     214
     204
     185
     194
     183
     187
     203
     185
     191
     184
     185
     170
     202
     191
     175
     193
     173
     195
     178
     176
     209
     184
     197
     201
     197
     185
     199
     205
     176
     190
     168
     178
     194
     168
     200
     185
     174
     205
     180
     215
     209
     211
     173
     177
     203
     187
     187
     174
     201
     171
     201
     168
     188
     181
     187
     198
     185
     195
     187
     195
     183
     189
     227
     199
     174
     179
     214
     207
     193
     204
     204
     180
     203
     189
     177
     196
     198
     201
     188
     207
     193
     218
     188
     196
     234
     207
     243
     224
     211
     180
     247
     220
     226
     221
     216
     211
     230
     220
     224
     259
     222
     228
     212
     215
     224
     241
     212
     236
     235
     242
     227
     232
     220
     221
     214
     240
     258
     243
     274
     232
     251
     232
     261
     269
     268
     257
     257
     258
     274
     275
     288
     292
     263
     281
     295
     269
     274
     272
     277
     301
     244
     283
     290
     247
     272
     273
     270
     260
     274
     256
     289
     280
     262
     261
     300
     276
     309
     306
     334
     300
     306
     335
     311
     309
     325
     337
     343
     360
     355
     349
     370
     346
     369
     363
     393
     384
     399
     384
     417
     400
     430
     467
     485
     468
     514
     506
     528
     523
     535
     532
     570
     590
     505
     568
     578
     539
     483
     514
     483
     483
     456
     448
     439
     379
     384
     356
     373
     336
     386
     360
     336
     333
     348
     335
     316
     326
     342
     353
     354
     383
     395
     384
     391
     361
     391
     405
     391
     429
     445
     404
     418
     459
     425
     441
     402
     466
     447
     465
     492
     449
     514
     455
     498
     507
     511
     561
     529
     562
     559
     549
     581
     612
     629
     579
     649
     636
     606
     687
     690
     647
     700
     674
     692
     711
     697
     677
     706
     690
     694
     678
     659
     708
     681
     666
     648
     688
     722
     662
     701
     662
     739
     690
     703
     735
     778
     817
     859
     809
     798
     868
     839
     828
     891
     931
     919
     923
     885
     958
     931
     885
     965
     914
     964
     953
     985
    1022
    1034
    1052
    1076
    1115
    1184
    1197
    1233
    1314
    1366
    1391
    1464
    1470
    1489
    1586
    1464
    1479
    1480
    1462
    1352
    1256
    1131
    1072
     951
     870
     686
     661
     551
     483
     416
     319
     316
     294
     256
     178
     177
     174
     162
     158
     132
     129
     133
     139
     130
     126
     143
     136
     148
     152
     149
     167
     157
     159
     134
     141
     148
     162
     157
     165
     176
     179
     181
     137
     189
     182
     162
     180
     185
     165
     198
     177
     194
     182
     187
     188
     196
     195
     186
     208
     214
     217
     232
     245
     225
     219
     226
     240
     232
     279
     233
     277
     253
     280
     275
     256
     241
     254
     254
     224
     227
     231
     232
     236
     235
     177
     208
     245
     198
     191
     188
     191
     189
     172
     204
     200
     182
     162
     192
     195
     197
     190
     223
     197
     218
     200
     203
     205
     232
     212
     203
     187
     234
     204
     225
     236
     199
     220
     222
     236
     231
     265
     227
     237
     234
     231
     279
     246
     251
     256
     272
     281
     261
     236
     301
     293
     248
     268
     269
     269
     297
     285
     264
     319
     322
     314
     355
     321
     323
     356
     366
     328
     364
     353
     416
     417
     405
     413
     437
     433
     479
     515
     517
     540
     541
     593
     593
     595
     631
     636
     697
     643
     622
     631
     680
     664
     586
     547
     484
     472
     425
     373
     309
     270
     242
     214
     196
     176
     155
     146
     106
     126
      84
      64
      84
      73
      64
      61
      56
      63
      70
      69
      62
      63
      61
      74
      65
      59
      54
      58
      96
      53
      78
      67
      70
      66
      57
      69
      74
      84
      81
      74
      66
      80
      59
      57
      61
      67
      58
      60
      65
      59
      53
      65
      55
      61
      65
      46
      56
      59
      55
      42
      55
      53
      49
      78
      50
      42
      56
      66
      66
      73
      45
      64
      77
      65
      73
      64
      63
      81
      76
      80
      83
      73
      88
      75
      88
      93
      99
      69
     106
      95
     101
     105
      90
     102
      90
      96
      89
      96
      95
      83
      89
      81
      61
     102
      58
      73
      98
      76
      96
      82
      78
      79
      86
      82
      99
      87
      98
      77
     109
      98
      97
     100
     120
     106
     115
     111
      98
     116
     106
     110
     108
     100
      92
      91
      96
      88
      68
      67
      73
      73
      64
      56
      47
      43
      48
      30
      35
      41
      33
      25
      21
      25
      28
      22
      28
      22
      17
      14
      20
      14
      24
      21
      13
      22
      17
      23
      18
      17
      12
      20
      14
      16
      24
      26
      18
      19
      21
      20
      27
      21
      20
      25
      22
      23
      21
      18
      14
      25
      15
      18
      24
      26
      17
      19
      18
      12
      14
      20
      27
      21
      13
      12
      19
      16
      23
      19
      22
       9
      16
      12
      20
      23
      21
      18
      18
      21
      20
      26
      20
      12
      17
      19
      20
      20
      16
      15
      19
      28
      17
      13
      16
      25
      27
      20
      24
      22
      15
      27
      23
      37
      15
      18
      18
       7
       9
      23
      22
      15
      14
      23
      13
      15
      13
      26
      21
      13
      19
      15
      20
      17
      12
      15
      21
      14
      15
      12
      15
      17
      14
      11
      17
      18
      20
      15
      20
      25
      11
      12
      19
      12
      14
      17
      17
      17
      21
      25
      15
      17
      10
      13
       9
      15
      14
      18
      23
      16
      15
      14
      18
       7
      16
      20
      19
      18
      21
      19
      15
      17
      16
      24
      17
      19
      19
      10
      16
      12
      15
      14
      13
      16
       5
      15
      14
      16
       7
      18
      16
      15
      16
      13
      15
       7
      13
      12
      13
      15
      18
      14
      13
      19
      14
      18
      18
      12
      16
      18
      12
      11
      19
      17
      14
      20
      12
      15
      13
      21
      16
      23
      21
      18
      17
      22
      10
      13
      13
      16
      18
      11
      17
      10
      15
      15
      16
      16
      11
      17
      12
      13
      13
      15
      13
      21
      16
      17
      10
       9
      15
      17
      15
       7
      13
      15
      17
       8
       7
      12
      10
      14
      16
      11
      11
      11
      12
      13
      15
      19
      11
      19
      14
      26
      17
      15
      13
      19
      11
      15
      15
      12
      16
       8
      10
      15
      15
      10
      18
      11
       8
      14
      14
      14
      11
      12
       8
      10
       8
      17
      15
       7
      16
      12
      18
      12
      12
      14
      16
       7
      11
      16
      21
       5
       6
      13
       8
       9
      14
      15
      18
      10
       8
       6
       8
      11
      16
      10
       9
      10
      14
      11
      10
       9
      14
      14
       9
      15
      11
      12
      18
      14
      13
      14
      10
       9
      12
      10
       7
       9
       9
       7
      13
       9
      13
      14
       6
       9
      16
       7
       8
       9
      13
      13
      11
      13
      11
       8
      14
      11
      17
      11
       9
      12
      16
      18
      10
       4
      17
       7
       6
       9
      12
       6
      12
      11
       8
       7
      12
      17
       7
       8
       9
       9
      10
      11
      10
       8
      10
      12
      16
      13
      14
      13
       9
       9
       7
       5
      14
       8
       9
       5
       9
       6
      18
      10
      13
       4
      13
      10
      13
      13
       5
      13
      10
       6
      10
      10
      10
      17
       9
      16
       5
      11
       9
       8
      11
      12
       9
      11
      14
      10
      13
      12
      13
      10
       7
       9
       8
       5
      15
      12
      14
       5
       8
      15
       3
      16
      12
       8
      10
      13
       5
      10
       7
      15
      11
      17
       4
       5
       5
       8
       7
      19
      10
       9
       5
       3
       6
       5
       8
       9
      10
      10
       7
       7
      10
      10
       4
      12
       6
      10
       9
      12
       6
       8
       7
      10
       8
      10
       8
       8
      12
       7
       9
       9
      11
       6
      10
      16
       9
       8
      13
       4
       5
      13
       6
      12
      14
       6
      13
      12
       9
       6
       6
       9
       9
      10
      14
       3
      11
      11
      11
       6
      10
      16
      18
      10
      13
       8
       6
       9
       9
      16
       3
      18
      14
      11
      10
       7
       4
       7
       7
      11
       4
      17
      13
       8
       5
       9
       6
      11
       9
      14
       6
       8
      10
       4
       5
      10
      10
      14
       5
       6
       7
       4
      16
       7
       6
       3
       6
       7
       7
       4
       7
       6
       8
       6
      13
      13
      12
       8
       8
       9
       8
      10
       9
       5
       3
      15
       7
       6
       9
      13
      10
       9
       6
      10
       9
      12
       8
       9
      13
       5
       9
      11
      10
      14
      13
      10
       9
       6
       6
       8
       8
       8
      12
      10
      13
       9
       8
       4
      13
       3
       9
      10
       6
      10
      10
       9
      14
       8
       1
       7
      15
       7
      14
       5
       7
       9
      11
      11
       8
      12
       6
       6
       7
       5
       8
       9
       7
       9
      12
       8
       6
       5
      12
       5
       6
       7
       6
      10
       7
       8
       6
       6
       4
       7
       8
      10
       7
       9
       4
       9
       7
       5
       9
      10
      10
       9
       6
      11
       9
       9
       9
      11
       9
       8
       4
       8
       6
       7
       8
       4
       5
      12
      12
       8
      13
       6
       7
       3
       9
      10
       9
       8
       5
       6
       7
       7
       5
       2
       4
       9
       5
       7
      14
       5
      10
       5
       4
       9
      11
       8
       8
       7
       8
       7
       3
       9
       4
      11
       5
       9
       6
       6
       5
       8
       9
       5
       9
      10
       5
       8
       4
       6
       6
       6
      11
       4
       5
       5
       8
       7
       2
       8
       5
      10
      11
      14
       8
       7
       7
      13
       7
       4
       7
      10
       7
       2
       8
       8
      11
       4
       9
       8
       7
       8
       6
       7
       8
       9
       7
      12
      10
       6
       5
       6
       6
       9
      10
       7
       9
       6
       5
       7
       7
       7
      11
       4
       4
       7
       2
       5
       7
       6
       8
      10
       7
       3
      11
      11
       4
       7
      11
       6
       6
       9
       8
       4
       3
       6
       5
       2
       9
       4
       5
       6
       7
       7
       2
      12
       5
       8
       8
       3
       7
       6
       9
       8
       5
       7
      15
      13
       5
       7
       9
       9
       2
       8
       9
       6
       8
       8
      13
       2
       5
       8
       4
       7
      10
       7
       5
       7
       8
       5
       1
       5
       4
       6
       5
      11
       6
       8
       8
       5
       3
       7
       6
       6
       7
       7
       2
      10
       8
       5
       8
       8
       4
       7
       6
       6
       6
       6
       5
       9
       2
       5
       7
       9
       5
      13
       3
      10
       6
       8
       5
       8
       5
       7
       5
       5
       8
       4
       8
       7
       6
       9
      11
       5
       6
       4
       8
       3
       5
      11
       9
       7
       6
       9
       4
       5
       8
       7
       4
       2
       3
      10
       6
       5
       7
       4
       3
       5
       4
       5
      10
       5
      10
       6
       6
      11
       7
       5
       6
       8
       8
       1
       8
       6
       8
       5
      10
       5
       6
       6
       5
       9
       8
       5
       7
       5
       8
       4
       8
       6
       6
       7
       5
       7
       3
      10
       2
       4
       5
       9
       4
      11
       4
       9
       5
       6
       8
       3
       4
      13
       5
       8
       6
       8
      10
      10
       8
       5
       7
       6
       5
       8
       4
       6
       7
       5
       4
       3
       6
       4
       8
       8
       5
       4
       4
       8
       2
       8
       3
       6
      10
       4
       5
       6
       8
       6
      11
       7
      10
       4
       4
       6
       3
       2
       4
       2
       7
      10
      14
       3
       8
      10
       6
       8
       7
      11
       4
       8
      10
      11
       3
       3
       7
       5
       6
       3
       4
       5
       5
       2
       5
       3
       7
       6
       5
       7
       6
       5
       4
       7
       6
       4
       6
       6
       9
       4
       3
       2
       5
       8
       2
       3
       3
       8
       5
       4
       1
       4
       4
       4
       9
       2
       6
       1
       3
       3
       6
       2
       5
       3
       4
       6
       5
       5
       5
       6
       7
       6
       9
       7
       7
       8
       4
       6
       4
       4
       9
       7
       7
       5
       4
       6
       6
       4
       7
       5
       5
       3
       4
       6
       4
       9
       3
       4
       5
       6
       5
       5
       7
       8
       7
       5
       3
       6
       5
       6
       4
       9
       4
       3
       5
       4
       7
       5
       5
       4
       0
       4
       3
       7
       5
       7
       7
       4
       1
       3
       5
       4
       5
       4
       5
       7
       5
       6
       3
       2
       7
       4
       5
       7
       5
       5
       5
       4
       8
       7
       3
       6
       3
       4
       6
       5
       3
       5
       8
       5
       7
       9
       8
      10
       8
       4
       5
       8
       6
       9
       2
       7
       5
       8
       6
       2
       3
       2
       9
       6
       5
       5
       8
       3
       5
       6
       4
       4
       5
       5
       4
       5
       3
       7
       4
       2
       5
       5
       8
       1
       7
       6
       2
       4
       3
       5
       6
       5
       5
       3
       3
       3
       7
       6
       4
       6
       2
       3
       8
       7
       5
       4
       4
       3
       2
       4
       5
       3
       9
       2
       7
       4
       4
       5
       8
      10
       2
       1
       4
       7
       7
       5
       7
       4
       5
       3
       9
       5
       9
       7
       4
       0
       3
       2
       5
       7
       7
       5
       4
       6
       5
       2
       3
       7
       6
       2
       7
       8
       7
       4
       2
       4
       5
       6
       4
       5
       9
       7
       6
       1
       5
       4
       5
       1
       4
       5
       5
       3
       6
       8
       3
       7
       5
       5
       4
       5
       4
       1
       7
       6
       4
       2
       8
       2
       4
       6
       5
       2
       5
       3
       3
       6
       4
       7
       6
       1
       2
       3
       2
       5
       6
       3
       4
       4
       2
       6
       3
       6
       6
       5
       6
       7
       2
       1
       4
      10
       5
       4
       3
       4
       3
       5
       4
       5
       4
       3
       3
       4
       9
       3
       7
      10
       3
       4
       5
       1
       3
       2
       8
       1
       6
       6
       4
       5
       7
       4
       4
       3
       4
       7
       4
       4
       2
       8
       5
       5
       3
       4
       2
       4
       7
       2
       4
       7
       6
       3
       5
       9
       3
       6
       5
       3
       6
       6
       1
       6
       4
       7
       5
       5
       4
       3
       3
       3
       3
       5
       2
       5
       2
       2
       5
       2
       4
       1
       3
       4
       2
       9
       5
       7
       1
       5
       3
       3
       3
       4
       6
       5
       2
       6
       5
       5
       6
       4
       5
       2
       5
       6
       3
       3
       9
       8
       4
      11
       1
       3
       5
       4
       5
       4
       2
       3
       4
       5
       7
       4
       4
       2
       6
       5
       1
       3
       5
       4
       5
       6
       1
       4
       5
       5
       5
       3
       6
       2
       5
       5
       9
       1
       2
       9
       3
       3
       6
       4
       6
       1
       2
       2
       8
       3
       2
       5
       2
       3
       6
       7
      10
       8
       8
       6
       6
       3
       4
       0
       6
       4
       3
       1
       0
       3
       5
       6
       5
       2
       7
       3
       5
       5
       3
       8
       2
       4
       4
       0
       4
       8
       4
       6
       5
       2
       5
       6
       3
       5
       5
       4
       4
       4
       3
       2
       4
       4
       3
       2
       2
       3
       2
       3
       4
       3
       3
       3
       5
       7
       6
       3
       2
       6
       4
       3
       4
       1
       4
       6
       2
       2
       3
       4
       5
       6
       4
       5
       5
       3
       7
       0
       7
       6
       4
       6
       3
       4
       2
       4
       4
       0
       3
       3
       1
       3
       3
       8
       1
       0
       1
       2
       7
       1
       7
       7
       9
       3
       4
       6
       3
       8
       5
       4
       4
       7
       3
       3
       3
       1
       6
       5
       4
       3
       4
       2
       2
       4
       3
       3
       4
       5
       6
       1
       4
       4
       3
       7
       5
       2
       1
       4
       4
       6
       4
       9
       3
       4
       4
       2
       5
       2
       2
       2
       3
       7
       5
       3
       0
       5
       2
       1
       3
       4
       4
       3
       3
       3
       5
       5
       1
       4
       2
       4
       4
       6
       3
       2
       1
       3
       8
       3
       5
       3
       4
       5
       2
       3
       7
       4
       2
       6
       4
       2
       0
       1
       2
       4
       5
       5
      10
       4
       4
       3
       3
       2
       2
       4
       2
       5
       3
       4
       2
       1
       5
       3
       3
       5
       3
       3
       1
       4
       2
       5
       6
       6
       4
       2
       4
       8
       2
       5
       4
       4
       5
       5
       5
       4
       3
       7
       3
       3
       2
       5
       4
       5
       5
       3
       3
       6
       4
       7
       4
       5
       3
       2
       1
       6
       4
       4
       1
       6
       4
       1
       7
       2
       5
       6
       4
       2
       4
       1
       1
       2
       2
       4
$ENER_FIT:
0.000000 0.339870
$PRESETS:
Live Time (sec)
100000
0
$RT:
102267.500000
$DT:
2267500
$ISO_DECL_PU:
SMPLNAM: IDB-1446
SEPDATE: 01/01/1900 00:00:00
PU238: 0.0703 
DPU238: 0.8535
PU239: 84.3377 
DPU239: 0.0100
PU240: 14.2069 
DPU240: 0.0598
PU241: 1.0275 
DPU241: 0.4672
PU242: 0.3576 
DPU242: 0.2796
AM241: 0.2173 
DAM241: 1.0124
DATE: 06/20/1986 00:00:00
PU240EFF: 14.9848
DPU240EFF: 0.0587
$ADC:
4096
0
4095