$APPLICATION_ID:
IDB v.1.0
$SPEC_REM:
Material type: Pu
Material form: Pellet
Material compound: PuO2
Pu isotopics:
238Pu 0.0095
239Pu 93.5798
240Pu 6.3112
241Pu 0.06
242Pu 0.0396
241Am 0.2603
Detector: CZT (Geometry: Quasi-hemispherical, Size: 500 mm3)
MCA: InSpector-2000
$DATE_MEA:
10/02/2013 11:48:42
$MEAS_TIM:
100000 101260
$DATA:
0 4095
       0
       0
       0
       0
       0
       0
       0
       0
       0
       0
       0
       0
       0
       0
       0
       0
       0
       0
       0
       0
       0
       0
       7
      62
     337
     872
    1620
    2429
    3149
    4272
    5150
    6115
    7399
    8586
    9843
   11400
   12817
   14309
   16126
   17703
   19292
   21255
   25088
   37444
   47792
   49651
   50668
   51948
   52558
   54099
   55953
   57274
   59517
   61712
   64206
   67817
   71250
   76028
   81359
   88054
   95519
  104762
  114662
  124304
  133196
  139646
  143894
  144480
  142155
  138760
  133120
  126843
  121495
  116988
  113126
  108471
  104195
   99488
   94921
   88895
   83072
   77216
   72979
   68723
   66430
   64627
   64323
   64346
   65821
   67054
   69332
   71068
   72762
   74416
   75376
   75683
   75882
   76308
   75944
   76789
   77227
   78873
   80464
   81973
   83570
   83925
   84008
   81979
   81083
   78190
   75955
   73580
   71917
   70573
   71187
   72025
   73505
   76376
   78739
   80843
   83581
   86760
   89648
   92601
   95788
   99438
  102050
  105277
  108345
  112707
  116282
  120181
  124717
  129723
  135942
  142021
  147516
  153678
  160114
  165494
  170854
  175689
  179088
  181058
  180714
  179316
  175832
  171246
  166274
  160437
  156381
  151532
  147791
  146153
  144702
  145316
  147109
  150908
  157253
  165422
  177025
  191851
  212024
  237926
  271514
  311576
  362204
  418199
  480554
  545913
  607306
  658917
  693217
  707284
  697704
  660520
  600462
  524852
  441262
  358024
  283685
  220969
  171009
  136593
  113631
   98957
   90624
   86912
   85261
   85753
   86381
   88154
   89381
   91310
   92914
   94390
   95997
   98161
   99817
  102119
  103775
  105686
  107754
  110148
  111587
  113874
  115620
  118527
  120279
  121433
  123694
  125487
  126838
  128341
  129554
  130625
  131894
  132416
  133479
  134607
  136064
  135303
  136595
  136451
  136618
  137037
  137077
  137859
  138322
  138357
  139148
  139438
  140201
  140268
  141808
  143169
  143507
  145793
  146928
  147868
  149331
  151423
  153464
  155461
  157484
  158854
  161195
  163996
  166519
  168541
  171484
  172842
  175485
  179076
  180714
  183683
  186298
  189511
  192344
  196243
  199897
  203409
  207810
  213603
  219211
  224295
  233818
  241200
  251370
  263076
  277129
  291941
  307896
  326884
  344502
  364834
  383033
  401447
  418394
  433812
  452642
  472388
  495014
  518713
  549941
  582546
  613575
  642117
  663549
  673741
  672365
  658367
  635557
  602069
  570401
  539457
  516088
  497454
  489894
  491923
  498380
  505076
  508461
  504564
  494061
  472027
  440917
  402920
  361145
  318378
  281129
  247231
  221328
  203618
  192929
  189083
  191836
  196850
  205289
  217003
  230747
  245877
  260036
  272729
  284749
  292276
  297641
  298606
  297103
  293469
  289088
  285462
  283978
  285002
  288151
  294474
  299763
  305947
  311602
  310928
  309404
  304461
  294346
  280560
  264823
  245480
  226054
  207032
  189460
  173711
  160643
  150371
  144050
  137980
  133498
  130467
  127257
  123275
  120218
  116979
  114183
  112760
  112201
  113005
  114443
  116858
  120240
  124164
  129041
  134125
  140446
  147178
  156186
  165280
  175864
  186457
  198175
  208144
  214478
  215853
  212400
  203783
  189484
  172595
  151180
  130570
  110827
   94721
   80932
   71259
   63935
   59732
   57189
   55157
   54364
   54108
   54077
   54363
   53927
   54429
   54544
   54584
   55480
   54975
   55473
   55968
   55913
   56948
   56841
   57829
   58557
   58941
   59716
   60964
   61789
   62469
   63145
   64775
   65727
   66866
   68104
   69589
   70446
   71648
   71863
   72086
   72262
   72090
   71180
   70720
   70649
   69874
   69569
   68616
   67377
   67337
   66756
   65836
   65323
   64260
   63685
   62760
   62015
   61242
   60349
   60212
   59783
   59463
   59739
   59982
   59920
   59900
   60033
   60086
   59418
   59789
   60224
   59969
   60291
   60659
   60753
   60628
   61631
   61620
   61952
   63088
   63110
   64045
   64117
   64995
   64977
   65617
   65484
   65459
   64642
   63955
   63551
   62448
   61555
   60379
   59444
   58859
   58069
   57118
   56973
   56704
   56404
   55522
   55138
   54823
   54182
   54359
   54709
   54246
   54338
   54484
   54940
   54733
   55200
   55711
   55347
   55353
   55074
   54864
   54932
   55052
   53638
   53162
   52511
   52130
   51438
   50816
   50199
   49470
   49125
   49413
   49255
   49240
   49221
   49338
   49372
   48897
   49418
   49960
   49406
   49937
   49482
   49572
   49247
   48961
   49064
   48740
   48029
   47901
   47775
   46942
   46950
   47082
   46772
   46723
   47001
   46574
   46460
   47012
   46612
   46630
   46813
   47412
   47331
   47510
   47565
   48037
   48400
   47948
   48535
   48644
   48712
   48782
   48467
   48489
   48562
   47753
   47447
   47533
   46846
   47235
   46633
   47052
   47090
   46972
   48006
   48169
   48903
   48886
   49465
   49368
   49988
   49843
   50135
   50317
   49362
   49748
   49359
   49567
   50096
   50230
   51319
   51621
   52638
   54035
   55368
   57117
   59421
   61368
   63289
   65816
   67574
   69368
   70791
   71103
   70992
   70209
   68800
   67171
   65828
   64121
   63720
   63308
   63064
   63589
   63632
   63471
   62582
   61052
   58811
   56146
   52267
   48450
   44158
   40494
   37529
   35048
   33411
   31461
   30574
   29716
   29546
   29046
   29006
   28932
   28564
   28285
   28207
   28318
   28085
   28113
   28014
   28159
   27933
   27613
   27638
   27479
   27773
   27474
   27250
   27164
   27035
   27096
   26765
   26947
   26558
   26387
   26652
   26484
   26007
   25926
   25878
   25676
   25641
   25356
   25853
   25714
   25234
   25085
   25068
   24773
   24556
   24496
   24155
   23815
   23887
   23614
   23316
   23653
   23056
   22877
   23024
   22578
   22508
   22351
   22313
   22112
   22116
   21847
   22034
   21636
   21551
   21266
   21409
   21471
   21556
   21486
   21619
   21364
   21297
   21331
   20975
   20783
   21154
   21247
   20958
   20808
   20498
   20574
   20558
   20499
   20196
   20049
   20224
   20203
   19763
   19667
   19898
   19850
   19839
   20117
   19707
   19415
   19395
   19095
   18829
   18963
   18436
   18180
   18406
   18093
   17679
   17531
   17360
   17567
   17301
   17477
   17562
   17251
   17354
   17130
   16987
   17017
   16897
   17027
   16848
   16940
   16920
   17022
   16815
   16935
   17318
   17129
   17335
   17527
   17191
   17372
   17233
   16906
   16741
   16246
   15598
   15141
   15003
   14104
   14194
   13732
   13674
   13520
   13194
   13123
   13010
   12940
   12886
   13001
   12726
   12793
   12704
   13008
   12875
   12975
   12944
   13062
   13038
   12737
   12527
   12694
   12756
   12605
   12190
   12472
   12019
   11892
   11670
   11655
   11553
   11374
   11082
   11028
   10838
   10888
   10654
   10564
   10557
   10296
   10410
   10270
   10421
   10482
   10151
   10038
   10073
   10118
   10180
   10230
   10152
   10023
   10036
    9947
   10143
   10166
   10268
   10116
    9958
    9995
    9896
    9918
    9758
    9628
    9703
    9611
    9659
    9551
    9597
    9577
    9613
    9491
    9519
    9559
    9511
    9486
    9353
    9495
    9328
    9262
    9406
    9370
    9232
    9334
    9490
    9394
    9403
    9469
    9433
    9449
    9386
    9529
    9534
    9362
    9589
    9570
    9328
    9654
    9647
    9720
    9762
    9774
    9785
    9941
    9911
   10028
   10130
   10278
   10237
   10247
   10712
   10705
   10781
   10933
   10962
   11000
   11135
   11003
   11063
   10787
   10771
   10702
   10629
   10609
   10119
   10105
   10241
   10031
    9929
   10018
    9913
   10293
   10075
   10083
   10288
   10105
   10195
   10243
   10295
   10275
   10648
   10595
   10823
   10769
   10888
   10920
   11090
   11119
   11346
   11559
   11821
   11919
   12000
   12131
   12424
   12553
   12487
   12790
   12903
   12953
   13149
   13028
   13016
   12517
   12847
   12504
   12446
   12462
   12234
   12502
   12392
   12604
   12743
   12823
   13065
   13116
   13292
   13312
   13820
   14114
   14387
   14331
   14754
   14814
   15028
   15306
   15536
   15953
   15980
   15789
   15898
   16409
   16168
   16215
   15993
   16194
   16183
   16197
   16073
   16455
   16638
   16773
   16839
   17426
   17274
   18001
   18647
   19024
   19600
   20295
   21135
   22013
   22930
   24331
   25012
   26091
   27381
   28371
   29075
   29787
   30466
   30497
   29741
   29380
   28114
   26961
   25482
   24512
   23525
   21915
   20728
   19685
   18782
   18318
   17883
   16942
   16707
   16419
   16186
   16117
   16308
   16591
   16898
   17150
   18026
   18341
   18627
   19415
   20168
   20959
   21780
   22285
   23033
   23476
   23949
   23978
   24194
   23620
   22881
   21798
   20516
   19032
   17425
   16066
   14609
   12812
   12094
   11332
   10617
   10048
    9888
    9739
    9532
    9473
    9733
    9618
    9570
    9907
    9904
   10132
   10214
   10349
   10529
   10577
   10881
   10852
   11007
   11349
   11641
   11551
   11891
   12146
   12418
   12644
   12889
   13067
   13358
   13786
   13909
   14235
   14571
   14781
   14998
   15535
   15518
   15918
   16348
   16573
   16919
   17303
   17582
   18065
   18743
   19328
   19931
   20223
   20881
   21931
   22627
   23157
   23785
   24737
   25226
   26177
   26225
   27265
   27723
   28450
   28492
   29196
   29801
   30348
   31095
   31956
   33096
   34352
   36066
   37418
   39005
   41096
   43590
   45190
   47617
   48554
   49034
   49823
   48676
   47165
   44741
   41665
   38899
   35143
   31938
   28929
   26100
   24001
   22204
   21222
   20336
   19587
   19167
   18868
   18881
   18446
   18187
   17764
   17085
   16776
   16367
   15583
   14701
   13913
   13393
   12585
   11972
   11551
   11066
   10781
   10525
   10379
   10352
   10334
   10534
   10731
   11143
   11513
   11767
   12468
   12721
   13456
   14286
   14453
   15241
   16129
   16421
   16988
   17569
   17512
   17611
   17327
   16746
   15929
   14842
   13919
   12708
   11614
   10640
    9677
    9242
    8670
    8200
    7887
    7599
    7600
    7600
    7504
    7524
    7732
    7728
    7939
    7932
    8063
    8286
    8354
    8550
    8800
    9107
    9243
    9536
    9888
   10139
   10443
   10841
   11096
   11388
   11826
   12275
   12807
   13187
   13762
   14189
   14549
   15151
   15763
   16541
   17316
   17821
   18796
   20011
   21028
   22338
   23517
   24978
   26575
   27602
   29016
   30739
   31223
   32080
   31645
   31020
   29629
   27481
   25329
   22808
   19936
   17186
   14211
   11710
    9441
    7782
    6292
    5194
    4368
    3811
    3319
    3107
    3068
    3065
    2997
    3080
    3236
    3261
    3323
    3385
    3415
    3347
    3350
    3216
    3023
    2855
    2559
    2537
    2256
    2102
    1910
    1836
    1716
    1633
    1481
    1450
    1387
    1369
    1315
    1253
    1200
    1133
    1096
    1086
    1033
    1030
    1000
    1014
    1099
     958
    1049
    1000
     970
    1026
    1103
    1113
    1123
    1043
    1064
    1045
    1109
    1049
    1133
    1114
    1149
    1185
    1185
    1185
    1225
    1206
    1249
    1273
    1352
    1358
    1460
    1368
    1444
    1510
    1472
    1642
    1635
    1644
    1686
    1730
    1765
    1864
    1922
    2003
    2027
    2007
    2075
    2318
    2268
    2228
    2407
    2519
    2631
    2757
    2950
    2990
    3184
    3262
    3317
    3425
    3448
    3627
    3611
    3403
    3145
    2937
    2686
    2467
    2184
    1850
    1569
    1369
    1169
     928
     805
     673
     616
     535
     449
     412
     422
     370
     375
     336
     360
     373
     345
     355
     343
     309
     343
     347
     333
     308
     324
     278
     337
     310
     286
     295
     277
     310
     274
     274
     247
     268
     275
     292
     277
     253
     267
     252
     261
     271
     262
     289
     213
     233
     247
     265
     271
     269
     250
     299
     245
     262
     254
     243
     236
     265
     263
     273
     243
     237
     242
     244
     254
     261
     264
     226
     235
     273
     253
     247
     249
     248
     252
     237
     266
     266
     280
     267
     273
     260
     217
     250
     255
     244
     207
     205
     217
     194
     190
     178
     190
     181
     197
     187
     178
     181
     186
     206
     192
     196
     185
     191
     170
     194
     154
     179
     167
     166
     189
     175
     186
     192
     184
     158
     169
     165
     181
     159
     173
     149
     167
     165
     155
     159
     166
     178
     147
     162
     144
     190
     157
     158
     168
     175
     167
     152
     162
     136
     157
     141
     146
     172
     170
     164
     146
     159
     161
     161
     144
     175
     176
     152
     153
     143
     168
     150
     163
     159
     158
     153
     162
     143
     146
     144
     159
     160
     167
     177
     161
     173
     181
     167
     144
     152
     168
     157
     133
     153
     118
     151
     142
     127
     136
     142
     119
     153
     142
     126
     130
     118
     132
     117
     128
     126
     127
     105
     124
     120
     135
     124
     144
     138
     141
     106
     112
     119
     118
     140
     124
     143
     123
     122
      96
     114
     100
     121
     113
     134
     127
      99
     145
      98
     119
     101
     127
     123
     103
     113
     104
     127
     119
     110
     107
     114
      96
      99
     100
      97
      99
      84
     113
     102
     107
      98
     103
     102
     115
      97
      93
     102
      97
     104
     107
     114
      97
      88
     106
     108
      96
      89
     108
     100
      98
     102
     102
      85
     104
      89
      95
     100
     100
     103
     101
      89
      94
     116
      93
      88
      89
      98
      92
      92
      97
     127
      78
     118
     104
      73
      91
      82
      97
      82
     107
     107
      92
      84
      96
     102
      95
      99
      92
      85
      72
     102
      97
      89
      76
     106
      98
      81
      92
      82
      91
      92
      82
      89
      85
      85
      83
      88
     110
      92
      76
      91
      89
      89
      94
      72
      70
      88
      77
      95
      84
      89
     107
      77
      90
      77
     103
      89
     104
      86
     114
      87
      80
      98
      95
      83
      98
      90
      87
      95
     105
      93
      88
      81
      90
      91
      85
      95
      89
     102
      89
      86
     106
     107
      84
      87
      98
     106
     101
     103
      82
      91
     115
      99
     106
     108
      75
      85
     107
     100
      97
      79
     122
      99
      96
     111
     118
     102
     115
      89
     107
     109
     107
      94
     119
     108
     112
     101
     116
     122
     114
     114
     118
      99
     116
     115
     132
     109
     125
     111
     126
     112
     127
     130
     126
     119
     135
     118
     116
     144
     135
     104
     112
     112
     119
     138
     105
     149
     130
     126
     124
     137
     142
     119
     126
     136
     123
     137
     137
     112
     139
     126
     144
     139
     126
     141
     138
     152
     147
     125
     134
     149
     169
     137
     157
     149
     159
     146
     168
     178
     160
     186
     168
     174
     192
     201
     182
     200
     166
     194
     189
     219
     219
     222
     184
     245
     220
     205
     252
     254
     253
     211
     236
     233
     212
     237
     214
     179
     198
     178
     169
     209
     157
     188
     167
     152
     175
     158
     161
     154
     173
     165
     182
     168
     172
     164
     204
     207
     170
     186
     184
     204
     190
     196
     215
     203
     219
     231
     207
     248
     221
     236
     256
     247
     244
     230
     241
     246
     248
     258
     267
     290
     306
     298
     256
     326
     284
     317
     319
     312
     286
     367
     330
     317
     324
     329
     308
     349
     311
     295
     308
     341
     341
     343
     341
     352
     337
     312
     308
     351
     337
     331
     330
     290
     301
     348
     339
     336
     330
     339
     354
     339
     280
     311
     311
     286
     322
     312
     299
     331
     342
     300
     339
     323
     310
     369
     325
     349
     347
     311
     340
     333
     389
     379
     351
     399
     395
     359
     370
     442
     416
     423
     479
     413
     452
     482
     485
     452
     469
     429
     431
     421
     407
     362
     325
     294
     270
     234
     206
     192
     172
     159
     127
     110
      92
      83
      83
      72
      65
      69
      49
      60
      52
      56
      59
      61
      48
      52
      55
      51
      48
      53
      50
      54
      51
      66
      71
      52
      63
      55
      60
      46
      56
      56
      50
      76
      67
      57
      52
      68
      56
      65
      73
      72
      68
      74
      69
      87
      73
      74
      75
      76
      72
      73
      60
      86
      79
      77
      96
      95
      88
      96
      90
     107
      99
      97
      83
     102
      95
      72
      75
      89
      81
      84
      86
      70
      76
      76
      79
      81
      65
      73
      65
      76
      82
      64
      89
      78
      73
      54
      83
      92
      69
      77
      83
      93
      65
      92
      85
      79
      85
      97
      77
      91
      98
      94
     111
      98
      77
     105
     105
      79
     113
     117
      97
      90
     107
      83
      87
      70
      91
     101
      98
      91
      91
      88
      86
      97
      87
      92
     110
      85
      89
      96
     101
      92
     100
      99
      94
     105
     106
     109
     112
     115
     127
     107
     137
     119
     150
     136
     155
     149
     149
     145
     162
     159
     215
     158
     187
     182
     190
     173
     197
     175
     184
     198
     186
     184
     177
     168
     165
     142
     110
     104
     104
      83
      74
      84
      61
      63
      53
      44
      46
      42
      31
      32
      33
      31
      32
      29
      25
      20
      33
      22
      22
      33
      28
      43
      28
      32
      29
      27
      32
      30
      37
      31
      30
      40
      34
      38
      33
      36
      29
      29
      35
      30
      34
      27
      34
      25
      34
      34
      29
      27
      33
      36
      33
      22
      36
      28
      35
      43
      38
      40
      41
      33
      39
      30
      38
      42
      35
      36
      46
      41
      31
      41
      39
      38
      54
      47
      48
      35
      43
      43
      42
      51
      45
      48
      45
      49
      57
      56
      65
      53
      45
      60
      45
      54
      57
      58
      55
      55
      48
      59
      31
      58
      50
      43
      53
      39
      50
      38
      41
      45
      49
      51
      44
      50
      58
      68
      52
      63
      66
      53
      75
      52
      75
      71
      83
      57
      76
      70
      76
      85
      84
      76
      67
      78
      60
      49
      61
      56
      56
      44
      42
      37
      33
      26
      26
      22
      20
      20
      12
      11
      18
       7
       8
      10
      12
      13
       7
       5
       9
       6
      11
      16
       9
       7
      12
      11
       8
      12
      11
      10
       4
       9
       6
       9
       2
       8
      14
      10
       5
       3
       6
       9
      11
      10
      10
       8
      10
      12
       9
      13
       7
       6
      12
      10
       6
       9
      12
      10
       7
       9
      15
       6
      15
       6
       8
      12
      11
      12
      10
       9
      13
      13
       9
      10
       5
       9
       9
       7
      12
       8
       7
       9
      10
      10
      11
       4
      11
      16
      10
       6
      13
       7
       4
       5
       7
       4
       4
       9
       4
       7
       5
       8
       9
       6
       5
       6
      10
       8
      15
       7
       4
      11
      11
      11
       7
       5
      11
      11
      10
       3
       3
       6
       5
      15
      13
       5
      12
       6
       5
       6
      10
       6
       6
       5
       7
       6
       6
       6
       7
       8
       4
       4
       8
       5
       2
      10
      10
       5
      11
      10
      12
       6
      10
       5
       6
       9
       8
       5
       7
      10
      11
       3
       3
       9
      11
       7
       4
       6
       7
       4
       4
       7
       6
      10
       7
       4
       7
       7
       8
       6
       8
       7
       9
       8
       6
       8
       6
       5
       6
      11
       7
      12
       2
       4
       8
      12
       9
       6
      13
       5
      10
       5
       7
       4
       9
       6
       7
       6
      12
       5
       9
       8
       9
       9
       2
       7
       8
       5
       5
       5
       8
      12
       9
       5
      11
       8
       9
       6
      10
       5
       9
      10
      11
      12
      11
       7
       4
       4
       7
       3
       3
       7
       6
       5
       7
       7
      10
       8
       6
       7
       7
       2
       4
       5
       3
       9
       7
       4
       3
       9
       5
      10
       2
       6
       4
       3
       6
       7
       5
       4
       4
       5
       4
       8
       9
       5
       2
       6
       6
       7
       9
       9
       1
       1
       2
       9
      11
       6
       5
       3
       6
      11
       2
       1
       9
      11
       6
      11
       8
       6
       2
       5
      11
       6
       6
       5
       4
       7
       7
       7
       6
       6
       6
       8
       8
       8
       7
       7
       5
       7
       7
       9
       7
       2
       5
       9
       4
       3
       5
       7
       3
       7
       7
       7
       7
       2
       6
       7
       6
      11
       4
       8
      10
       8
       3
       6
       7
       2
       4
       4
       2
       9
       4
       6
       4
       3
       1
       2
       5
       4
       8
       6
       5
       4
       5
       6
       3
       5
       8
       7
       4
       4
       9
       6
       8
       3
       4
       5
       3
       7
       5
       6
       9
       8
       5
       2
       5
       8
       2
       5
       5
       4
       5
       3
       5
       2
       7
       5
       4
       4
       4
       9
       4
       8
       6
       6
       6
       5
       7
       9
       4
       3
       5
       4
       8
       4
       3
       3
       5
       4
       2
       4
       5
       3
       8
       4
       4
       4
       3
       2
       8
       5
       6
       6
       2
       6
       2
      12
       4
       5
       2
       6
       8
       1
       1
       6
       3
       3
       5
       7
       5
       6
       5
       4
       3
       4
       3
       4
      11
       4
       5
      12
       2
       4
       5
       2
       8
       7
       2
       6
       7
       6
       7
       6
       3
       5
       5
       2
       3
       9
       5
       3
       5
       3
       5
       1
       7
       2
       4
       6
       7
       4
       4
       8
      11
       2
       7
       5
       5
       8
       3
       7
       5
       8
       7
       8
       7
       6
       6
       6
       4
       5
       5
       3
       7
       5
       2
       3
       5
       7
       6
       6
      11
       3
       3
       6
       5
       5
       3
       3
       8
       4
       3
       5
       8
       4
       5
       5
       4
       5
       8
       1
       8
       0
       2
       3
       6
       5
       5
       3
       9
       6
       3
       1
       6
       6
       2
       6
       7
       4
       3
       4
       2
       6
       2
       4
       4
       3
       3
       3
       3
       7
       3
       3
       9
       4
       5
       7
       3
       3
       3
       4
       6
       0
       4
       2
       4
       6
       5
       7
       8
       5
       8
       7
       8
       4
       7
       4
       5
       8
       4
       4
       3
       4
       7
       8
       1
       2
       1
       2
       6
       5
       6
       4
       4
       3
       3
       6
       5
       2
       4
       4
       3
       4
       5
       4
       4
       1
       5
       5
       3
       7
       6
       5
       1
       3
       5
       9
       5
       3
       3
       5
       6
       1
       1
       8
       4
       5
       4
       6
       3
       6
       3
       3
       5
       2
       1
       3
       2
       3
       5
       6
       5
       8
       6
       2
       5
       3
       5
       3
       3
       5
       4
       2
       6
       5
       4
       8
       0
       2
       2
       5
       5
       4
       4
       6
       4
       2
       5
       4
       2
       0
       4
       4
       3
       2
       3
       3
       3
       2
       8
       1
       6
       5
       4
       3
       3
       5
       1
       6
       6
       6
       6
       5
       4
       5
       6
       2
       3
       3
       4
       5
       0
       3
       3
       3
       6
       3
       7
       2
       6
       5
       2
       4
       6
       6
       5
       3
       0
       1
       5
       1
       3
       3
       5
       2
       4
       3
       2
       3
       1
       2
       5
       3
       7
       3
       1
      10
       6
       3
       4
       4
       3
       3
       3
       1
       1
       4
       4
       7
       0
       4
       5
       6
       1
       3
       3
       4
       4
       4
       2
       4
       3
       3
       4
       4
       2
       1
       3
       4
       5
       2
       7
       2
       5
       1
       3
       4
       8
       4
       3
       6
       2
       4
       2
       8
       3
       4
       2
       5
       4
       0
       3
       5
       4
       3
       5
       4
       6
       2
       1
       8
       2
       3
       6
       6
       2
       6
       4
       3
       1
       4
       3
       0
      10
       7
       5
       3
       5
       5
       1
       2
       2
       3
       6
       8
       0
       4
       1
       1
       2
       2
       4
       2
       3
       5
       3
       6
       3
       4
       2
       2
       4
       4
       3
       4
       5
       3
       3
       2
       1
       1
       2
       8
       2
       3
       1
       1
       2
       5
       8
       0
       3
       1
       3
       3
       3
       3
       3
       0
       3
       1
       1
       3
       3
       4
       7
       2
       4
       2
       5
       2
       0
       3
       3
       3
       3
       6
       2
       5
       0
       4
       9
       1
       3
       6
       4
       2
       5
       3
       2
       2
       3
       5
       1
       3
       8
       4
       3
       5
       2
       0
       3
       5
       2
       3
       0
       1
       7
       1
       3
       4
       7
       3
       1
       7
       5
       2
       5
       5
       3
       5
       6
       6
       2
       7
       5
       1
       4
       2
       5
       2
       6
       2
       1
       3
       4
       4
       2
       5
       5
       2
       2
       1
       3
       6
       1
       2
       3
       1
       2
       6
       3
       3
       9
       2
       3
       5
       2
       3
       2
       5
       3
       3
       1
       5
       3
       1
       2
       4
       2
       6
       3
       7
       4
       3
       2
       3
       2
       0
       5
       3
       3
       4
       1
       4
       3
       1
       0
       2
       4
       4
       0
       5
       2
       2
       1
       1
       2
       4
       3
       2
       5
       5
       4
       7
       1
       3
       4
       2
       1
       2
       1
       2
       4
       1
       1
       2
       2
       3
       6
       5
       2
       4
       2
       2
       2
       1
       4
       4
       3
       0
       0
       4
       4
       3
       2
       3
       4
       2
       5
       3
       2
       7
       2
       6
       0
       0
       2
       2
       1
       1
       5
       1
       3
       2
       1
       6
       2
       1
       3
       2
       3
       3
       1
       4
       4
       4
       1
       0
       3
       4
       0
       2
       1
       4
       2
       2
       1
       3
       2
       0
       3
       3
       1
       3
       6
       4
       2
       1
       1
       4
       0
       1
       5
       0
       0
       1
       4
       4
       3
       4
       4
       4
       2
       2
       0
       2
       0
       3
       3
       3
       3
       2
       8
       6
       0
       4
       3
       2
       2
       4
       5
       2
       3
       1
       1
       2
       2
       3
       1
       1
       2
       2
       3
       3
       3
       4
       4
       0
       5
       2
       1
       4
       3
       1
       4
       5
       2
       1
       4
       4
       3
       3
       5
       2
       3
       1
       3
       3
       1
       5
       5
       0
       4
       2
       2
       0
       2
       4
       1
       3
       4
       3
       3
       2
       1
       1
       2
       2
       3
       1
       2
       3
       3
       4
       4
       2
       0
       5
       2
       0
       2
       6
       2
       1
       1
       3
       2
       2
       3
       4
       3
       5
       4
       3
       2
       1
       5
       5
       1
       2
       4
       4
       4
       2
       0
       1
       2
       5
       2
       0
       3
       2
       2
       5
       2
       2
       4
       2
       0
       1
       4
       3
       2
       5
       0
       4
       2
       1
       4
       4
       3
       7
       2
       3
       3
       4
       3
       4
       5
       1
       2
       4
       0
       5
       3
       2
       3
       2
       4
       3
       1
       4
       5
       2
       2
       1
       0
       2
       2
       2
       3
       0
       4
       1
       1
       3
       2
       2
       4
       2
       1
       3
       6
       1
       1
       2
       2
       3
       0
       4
       2
       4
       4
       3
       3
       3
       2
       1
       0
       0
       4
       4
       5
       3
       3
       3
       2
       2
       3
       3
       1
       2
       3
       2
       3
       7
       5
       3
       2
       1
       3
       2
       4
       4
       2
       4
       0
       4
       3
       6
       0
       2
       0
       3
       3
       0
       1
       3
       2
       1
       1
       2
       1
       4
       2
       1
       2
       1
       4
       2
       4
       2
       1
       3
       3
       1
       3
       2
       4
       2
       0
       0
       1
       1
       4
       1
       1
       3
       3
       3
       2
       3
       1
       2
       5
       1
       4
       5
       6
       2
       3
       1
       1
       2
       1
       1
       0
       4
       4
       3
       1
       4
       3
       3
       2
       3
       5
       4
       4
       3
       2
       2
       1
       2
       3
       3
       2
       1
       3
       2
       4
       1
       5
       2
       6
       1
       1
       4
       2
       2
       4
       7
       1
       3
       2
       0
       2
       2
       4
       1
       1
       1
       2
       2
       2
       5
       2
       1
       4
       5
       3
       6
       2
       1
       2
       3
       2
       4
       4
       2
       1
       2
       3
       2
       3
       4
       4
       1
       4
       4
       3
       3
       6
       2
       6
       7
       1
       0
       5
       5
       2
       1
       2
       4
       5
       3
       3
       3
       2
       5
       3
       2
       2
       1
       4
       2
       4
       2
       2
       0
       1
       6
       3
       3
       0
       3
       3
       2
       4
       5
       1
       0
       1
       2
       4
       3
       3
       3
       2
       3
       5
       8
       2
       3
       5
       1
       3
       1
       2
       3
       4
       3
       1
       3
       2
       1
       5
       4
       2
       0
       3
       2
       1
       0
       5
       1
       2
       3
       2
       1
       3
       0
       1
       4
       4
       1
       2
       4
       2
       2
       0
       2
       2
       3
       3
       2
       0
       2
       2
       1
       1
       3
       3
       2
       1
       3
       2
       1
       2
       1
       3
       2
       3
       0
       0
       1
       4
       2
       0
       0
       1
       0
       2
       1
       1
       2
       3
       1
       1
       2
       2
       4
       3
       2
       0
       6
       3
       3
       1
       4
       2
       7
       2
       2
       1
       4
       3
       4
       2
       2
       2
       0
       2
       3
       0
       1
       2
       1
       0
       3
       2
       2
       0
       3
       0
       1
       5
       1
       2
       3
       1
       6
       2
       4
       2
       0
       2
       0
       1
       2
       3
       4
       3
       1
       0
       2
       4
       1
       1
       1
       1
       1
       1
       4
       2
       0
       1
       1
       2
       2
       0
       0
       0
       0
       2
       0
       3
       2
       1
       0
       3
       2
       0
       1
       3
       4
       2
       0
       3
       0
       4
       2
       2
       1
       0
       0
       3
       2
       2
       2
       2
       2
       4
       1
       2
       2
       2
       1
       3
       1
       3
       3
       2
       3
       2
       3
       2
       2
       4
       0
       1
       2
       2
       1
       1
       0
       3
       6
       4
       5
       4
       2
       2
       1
       1
       3
       4
       4
       0
       3
       4
       2
       2
       2
       2
       4
       1
       2
       5
       0
       4
       0
       1
       3
       0
       0
       1
       2
       1
       1
       1
       2
       2
       4
       5
       1
       1
       3
       2
       0
       0
       1
       2
       3
       0
       2
       2
       2
       1
       1
       1
       2
       2
       3
       1
       2
       2
       0
       0
       2
       1
       2
       5
       2
       1
$ENER_FIT:
0.000000 0.339870
$PRESETS:
Live Time (sec)
100000
0
$RT:
101260.340000
$DT:
1260339
$ISO_DECL_PU:
SMPLNAM: IDB-1451
SEPDATE: 01/01/1900 00:00:00
PU238: 0.0117 
DPU238: 2.5641
PU239: 93.4123 
DPU239: 0.0043
PU240: 6.3131 
DPU240: 0.0618
PU241: 0.2235 
DPU241: 0.1790
PU242: 0.0395 
DPU242: 0.7595
AM241: 0.1047 
DAM241: 2.0057
DATE: 06/20/1986 00:00:00
PU240EFF: 6.4089
DPU240EFF: 0.0624
$ADC:
4096
0
4095