$APPLICATION_ID:
IDB v.1.0
$SPEC_REM:
Material type: Pu
Material form: Pellet
Material compound: PuO2
Pu isotopics:
238Pu 0.0095
239Pu 93.5798
240Pu 6.3112
241Pu 0.06
242Pu 0.0396
241Am 0.2603
Detector: CZT (Geometry: Quasi-hemispherical, Size: 500 mm3)
MCA: InSpector-2000
$DATE_MEA:
10/04/2013 08:11:49
$MEAS_TIM:
100000 101258
$DATA:
0 4095
       0
       0
       0
       0
       0
       0
       0
       0
       0
       0
       0
       0
       0
       0
       0
       0
       0
       0
       0
       0
       0
       0
       0
       8
      66
     285
     616
    1133
    1705
    2249
    2834
    3526
    4310
    5254
    6278
    7336
    8374
    9877
   11362
   12523
   14444
   15640
   17600
   25038
   36693
   45140
   49293
   52092
   53173
   54396
   55577
   57545
   59479
   62046
   64568
   67422
   71422
   76364
   81666
   88087
   96532
  105001
  114759
  123514
  131669
  138552
  142587
  143389
  141203
  137962
  132912
  126966
  121176
  116737
  112731
  108966
  104137
   99464
   94370
   89070
   83168
   77780
   72872
   69405
   66974
   65213
   64491
   64841
   65934
   67030
   69066
   71219
   72812
   74322
   75736
   75986
   76143
   75943
   76386
   75966
   77851
   78176
   80828
   81885
   83037
   83761
   83890
   82684
   80903
   78923
   76506
   73941
   72906
   72523
   71902
   72795
   74535
   76902
   78559
   81969
   84379
   87096
   90314
   93803
   97008
   98774
  102643
  105377
  108877
  112687
  116654
  120970
  125054
  130634
  136126
  142236
  148625
  154226
  160076
  166069
  170460
  175626
  179167
  179657
  179865
  177230
  175575
  171179
  166210
  160749
  155891
  151588
  148391
  145714
  144474
  145844
  147819
  151641
  157268
  166281
  177744
  192684
  213552
  239110
  273126
  312210
  363146
  417727
  480989
  540988
  601924
  652273
  686704
  702168
  691693
  654932
  596788
  525961
  446040
  365723
  291325
  227610
  179110
  142405
  117384
  102266
   93291
   88865
   86395
   86461
   87468
   89115
   89947
   91675
   93593
   94477
   96875
   98154
  100004
  102087
  103924
  105791
  108381
  109898
  111789
  114260
  116642
  117667
  120158
  122250
  124158
  125583
  126473
  128829
  130503
  131252
  131249
  133696
  134066
  134351
  135985
  135561
  136414
  136253
  136851
  137012
  137677
  138071
  138102
  137958
  138548
  139441
  139838
  141518
  141905
  143086
  143849
  145684
  146718
  148092
  149773
  151663
  153283
  155636
  156810
  159728
  161830
  164409
  167336
  169149
  171443
  174029
  176266
  178451
  181224
  184056
  186609
  189330
  193124
  195844
  199742
  204600
  207908
  212772
  218609
  225330
  233429
  241386
  252564
  263932
  277281
  291398
  309039
  325707
  344300
  363502
  381444
  399247
  417375
  433950
  451954
  470769
  493406
  520069
  548437
  578875
  609932
  637149
  658950
  668376
  667478
  655523
  634367
  604843
  574119
  542262
  519254
  502770
  494647
  493815
  497935
  502359
  505295
  502241
  491473
  469361
  440368
  403685
  363827
  323195
  285995
  252542
  224992
  206620
  195950
  191665
  191824
  197967
  206166
  216552
  230113
  243997
  257590
  271971
  281964
  290618
  295863
  297599
  297296
  293157
  289854
  286445
  285930
  285843
  289618
  294158
  299970
  304810
  309105
  309606
  309132
  303492
  293021
  280142
  264132
  247125
  227269
  208909
  191615
  176087
  162978
  152309
  144677
  138377
  133779
  130239
  126708
  123391
  120095
  116963
  114923
  113066
  112944
  113645
  114479
  116591
  120262
  124597
  129299
  134072
  140115
  147089
  155605
  164251
  174477
  185812
  196117
  205878
  212450
  214206
  211520
  202296
  189781
  172174
  152646
  132681
  113424
   97477
   83798
   73241
   65382
   60583
   57386
   55633
   54463
   53981
   53932
   54130
   54089
   54661
   54600
   54415
   54827
   54746
   55213
   56210
   56310
   56983
   57539
   57925
   58206
   59033
   59163
   60828
   61364
   62420
   63558
   64793
   65661
   67064
   68279
   69063
   70263
   71025
   71860
   71992
   72358
   72043
   71383
   71320
   70536
   69714
   69801
   68577
   67754
   67525
   66870
   66258
   65553
   64378
   63477
   63013
   62390
   61487
   60711
   60139
   60308
   59745
   59246
   59701
   59976
   59758
   59677
   59570
   59832
   60168
   60428
   60603
   60515
   60530
   60542
   61139
   61665
   61539
   61912
   62978
   63261
   63440
   63887
   64583
   65208
   65596
   65335
   64627
   64238
   64326
   63538
   62523
   61634
   60222
   59963
   58648
   58270
   57669
   57173
   56365
   56047
   55823
   55291
   54985
   54997
   54357
   54772
   54322
   54456
   54842
   54393
   55241
   54740
   55193
   55430
   55579
   54976
   55135
   54721
   54813
   54043
   53075
   52633
   52141
   51424
   50749
   50304
   50009
   50049
   49253
   49302
   49294
   49416
   49114
   49264
   49574
   49568
   49534
   49691
   50110
   49687
   49524
   49339
   49148
   49036
   48403
   48123
   48062
   47295
   47205
   46922
   47166
   46890
   46850
   46422
   46368
   46983
   46622
   46967
   47006
   47124
   47210
   47413
   47341
   47838
   47680
   48102
   48550
   48292
   48412
   49063
   48362
   48916
   49141
   48514
   47974
   47576
   47789
   47189
   47302
   46939
   46736
   47553
   47226
   48114
   48082
   48550
   49031
   49654
   49655
   49850
   49990
   49452
   49561
   49985
   49547
   49674
   49461
   49867
   50238
   50840
   51635
   52548
   54172
   55692
   57018
   58833
   60940
   63000
   64594
   67193
   68882
   70246
   70305
   70336
   69741
   68654
   67057
   65684
   64925
   63630
   62927
   62774
   63038
   63122
   62675
   62610
   60703
   58613
   55300
   52296
   48569
   44622
   41481
   38286
   35612
   33607
   31861
   30759
   30006
   29500
   29149
   28954
   28655
   28448
   28524
   28245
   28056
   28039
   28054
   27903
   27706
   27754
   27795
   27644
   27391
   27778
   27456
   27337
   26963
   26992
   26863
   26603
   26972
   26791
   26937
   26433
   26182
   26009
   25761
   25819
   25519
   25686
   25633
   25255
   25357
   24977
   25146
   25117
   24747
   24519
   24636
   24076
   24137
   24056
   23836
   23769
   23266
   23297
   23020
   23072
   22675
   22398
   22306
   22410
   22279
   21951
   21915
   21974
   21759
   21644
   21588
   21466
   21447
   21225
   21256
   21337
   21506
   21292
   21243
   20917
   20955
   20939
   20737
   20979
   20725
   20811
   20643
   20534
   20454
   20112
   20220
   20036
   19935
   19824
   19885
   19633
   19889
   19755
   20003
   19698
   19583
   19125
   18967
   19018
   18900
   18547
   18240
   18166
   17957
   17903
   17836
   17550
   17293
   17284
   17132
   17102
   17377
   17112
   17111
   16962
   16975
   16928
   17030
   16955
   16963
   16855
   17148
   17363
   16675
   17160
   17259
   17107
   17325
   17356
   17251
   17087
   17073
   16472
   16419
   15932
   15244
   14810
   14388
   13933
   13769
   13584
   13413
   13334
   13091
   13161
   13131
   12884
   12836
   13007
   12830
   13000
   12908
   13147
   12971
   12957
   12831
   13040
   13072
   12762
   12762
   12406
   12427
   12305
   12057
   11943
   11893
   11737
   11713
   11638
   11198
   11236
   11281
   11121
   10802
   10726
   10596
   10476
   10511
   10260
   10262
   10323
    9924
   10327
   10167
   10149
   10231
   10229
   10190
   10235
   10162
   10056
    9987
   10000
   10189
   10092
   10105
   10148
   10119
    9960
    9769
    9953
    9784
    9681
    9520
    9461
    9692
    9631
    9566
    9428
    9611
    9561
    9604
    9523
    9620
    9323
    9385
    9277
    9314
    9388
    9486
    9272
    9281
    9264
    9447
    9352
    9418
    9385
    9367
    9408
    9429
    9585
    9438
    9558
    9560
    9407
    9680
    9760
    9606
    9639
    9747
    9678
    9855
   10125
   10156
   10075
   10066
   10440
   10538
   10628
   10595
   10571
   11057
   10798
   11028
   11029
   10966
   11035
   11102
   10965
   10754
   10560
   10501
   10141
   10026
    9979
   10182
    9911
    9917
    9974
    9973
   10047
    9902
   10072
   10324
   10157
   10384
   10347
   10307
   10470
   10545
   10709
   10702
   10839
   11110
   11034
   11350
   11182
   11466
   11507
   11969
   11950
   12259
   12266
   12598
   12708
   12681
   12953
   12999
   12959
   12857
   12964
   12887
   12778
   12617
   12629
   12402
   12344
   12367
   12597
   12664
   12698
   13040
   13063
   13261
   13384
   13607
   13610
   13880
   14182
   14575
   14580
   14869
   15249
   15321
   15762
   15744
   16045
   15631
   16189
   15943
   16034
   16057
   16130
   16340
   16385
   16345
   16229
   16046
   16689
   16389
   16684
   17032
   17455
   17962
   18352
   18926
   19263
   20178
   20893
   21399
   22837
   23663
   24813
   26151
   26929
   27653
   28772
   29519
   30029
   30177
   29855
   29372
   28375
   26899
   25855
   24563
   23160
   22331
   21370
   20130
   19292
   18450
   17635
   17177
   16638
   16448
   16394
   16184
   16419
   16597
   16942
   17346
   17661
   18481
   18783
   19265
   19925
   20479
   21406
   21720
   22930
   23062
   23741
   24062
   24023
   23852
   22906
   22135
   20694
   19447
   17695
   16418
   14778
   13574
   12662
   11405
   10706
   10360
   10075
    9718
    9802
    9484
    9637
    9618
    9725
    9754
    9883
   10165
   10379
   10286
   10599
   10622
   10612
   11049
   11042
   11238
   11497
   11571
   11942
   12169
   12400
   12309
   12939
   13125
   13409
   13470
   13920
   14194
   14392
   14668
   14700
   15441
   15436
   15317
   16078
   16288
   16878
   17325
   17707
   18079
   18668
   18807
   19707
   20180
   21219
   21486
   22338
   22910
   23744
   24347
   25161
   26169
   26391
   26967
   27857
   27960
   28254
   28783
   29414
   29872
   30773
   31342
   32564
   34031
   35133
   36971
   38883
   40525
   42704
   44560
   46900
   48003
   48825
   48405
   48356
   47139
   45086
   42083
   38751
   36007
   32389
   29019
   26676
   24395
   22385
   21310
   20524
   19681
   19241
   18934
   18747
   18789
   18429
   17815
   17268
   16743
   16027
   15471
   14882
   13994
   13388
   12926
   12197
   11377
   11100
   10752
   10501
   10479
   10245
   10182
   10549
   10617
   10938
   11522
   11537
   12046
   12533
   13289
   13599
   14427
   15035
   15839
   16384
   16788
   17417
   17295
   17082
   17042
   16558
   16021
   15056
   13848
   12870
   11900
   10872
    9922
    9311
    8891
    8209
    8098
    7702
    7456
    7532
    7503
    7543
    7616
    7628
    7827
    7901
    8127
    8277
    8363
    8612
    8793
    8968
    9327
    9497
    9966
   10056
   10492
   10791
   11109
   11401
   11930
   12094
   12463
   12860
   13425
   13761
   14325
   15039
   15499
   16024
   16999
   17593
   18594
   19387
   20493
   21803
   22908
   24105
   25659
   27453
   28587
   29702
   30742
   31299
   31271
   31075
   29401
   27785
   25733
   23213
   20495
   17638
   14901
   12603
   10065
    8219
    6735
    5565
    4529
    3895
    3551
    3184
    3051
    2928
    2987
    3128
    3046
    3255
    3403
    3300
    3339
    3361
    3390
    3103
    3064
    2873
    2705
    2560
    2365
    2121
    2030
    1854
    1683
    1594
    1513
    1401
    1444
    1319
    1271
    1279
    1205
    1121
    1097
    1085
    1007
    1037
    1037
    1073
     998
     951
     964
    1025
    1065
     997
    1028
    1037
     995
    1019
    1068
    1067
    1063
    1112
    1047
    1137
    1185
    1153
    1143
    1194
    1244
    1284
    1246
    1213
    1346
    1319
    1361
    1350
    1433
    1446
    1491
    1524
    1601
    1698
    1614
    1736
    1803
    1803
    1915
    1969
    1839
    1949
    2124
    2115
    2258
    2341
    2317
    2400
    2528
    2670
    2788
    3035
    3066
    3131
    3362
    3450
    3477
    3544
    3428
    3340
    3294
    3064
    2902
    2537
    2236
    1971
    1656
    1386
    1191
     978
     836
     713
     637
     567
     484
     408
     392
     405
     366
     388
     386
     345
     341
     334
     365
     359
     340
     330
     349
     294
     311
     346
     286
     291
     329
     278
     288
     287
     312
     273
     266
     270
     272
     281
     237
     308
     291
     288
     254
     258
     249
     285
     254
     267
     272
     245
     253
     251
     244
     246
     261
     235
     263
     285
     243
     248
     272
     251
     253
     247
     231
     234
     251
     232
     254
     250
     277
     285
     226
     278
     265
     277
     269
     270
     257
     244
     244
     289
     261
     242
     253
     232
     236
     238
     223
     219
     205
     221
     221
     181
     214
     207
     199
     192
     177
     191
     203
     183
     189
     181
     163
     207
     204
     169
     189
     184
     182
     174
     184
     167
     187
     181
     180
     171
     169
     191
     164
     166
     167
     184
     183
     158
     160
     141
     165
     170
     171
     177
     151
     156
     172
     153
     166
     163
     171
     150
     150
     159
     132
     147
     163
     162
     160
     159
     154
     167
     156
     167
     169
     148
     159
     168
     162
     174
     149
     148
     189
     178
     178
     151
     165
     164
     145
     183
     179
     156
     178
     170
     172
     151
     166
     145
     161
     134
     182
     130
     154
     157
     152
     140
     123
     133
     146
     126
     144
     144
     135
     116
     123
     114
     135
     123
     126
     144
     123
     155
     144
     132
     130
     139
     132
     113
     136
     147
     125
     133
     120
     130
     112
     149
     113
     133
     131
     133
     117
     109
      99
     113
     127
     123
     120
      95
     107
     115
     117
     106
     119
     120
     110
     117
     111
     110
     102
      91
     105
      86
     102
     107
      93
      99
     121
     115
     101
      91
     114
     100
     109
      91
     113
     116
     108
      99
     117
     101
     111
      97
     104
      97
      92
     118
      89
      93
      88
      95
      99
      95
     101
      78
      87
     109
     108
      95
      98
      93
     110
     100
      91
     100
     102
     104
      97
     103
      88
      94
      81
     100
     102
      94
     112
      79
      92
     104
     103
     102
     107
     100
      95
      87
     100
      74
      86
     102
     106
     108
      87
      96
      96
      92
      92
      99
      94
      72
      99
      73
      92
     107
      93
      94
     125
      76
      98
      88
      80
      92
      89
     112
      93
      89
      75
      97
      77
      78
      78
      96
      93
      79
      97
      89
      98
      79
      82
      82
      88
      85
      96
      81
      82
      95
     111
      83
      97
      93
      92
      89
      84
      94
      98
     113
      86
      97
      82
     102
     105
      83
      94
      87
      87
     106
      85
      84
      85
      92
     113
      94
     112
     100
     115
      97
      93
      92
      93
      85
     102
     111
     101
     103
     107
      93
      93
      89
     119
     114
      94
     110
      93
     106
      88
     108
      88
      95
      94
     109
     100
     109
      96
     112
     131
     118
     106
     108
     124
     105
     116
     131
     127
     141
     126
     127
     118
     135
     139
     131
     123
     126
     122
     132
     134
     122
     104
     145
     131
     141
     131
     148
     124
     138
     107
     116
     121
     108
     118
     127
     157
     137
     131
     117
     154
     152
     129
     142
     141
     148
     131
     150
     152
     152
     168
     152
     146
     154
     151
     148
     167
     182
     167
     175
     173
     197
     193
     173
     190
     188
     198
     207
     188
     224
     248
     234
     227
     238
     227
     221
     241
     254
     240
     231
     223
     201
     219
     222
     207
     174
     192
     200
     177
     182
     175
     200
     174
     169
     176
     156
     176
     185
     175
     171
     166
     155
     180
     188
     178
     201
     169
     195
     202
     188
     169
     207
     206
     200
     206
     227
     217
     232
     242
     225
     246
     259
     232
     251
     238
     248
     264
     268
     290
     263
     237
     252
     314
     292
     309
     328
     325
     299
     333
     337
     352
     304
     345
     347
     333
     313
     325
     310
     356
     323
     337
     334
     377
     317
     337
     339
     349
     305
     353
     317
     312
     328
     293
     320
     317
     320
     316
     289
     331
     309
     307
     290
     321
     309
     331
     292
     341
     345
     322
     353
     296
     322
     334
     334
     349
     319
     322
     319
     335
     336
     348
     418
     366
     356
     388
     405
     394
     421
     440
     401
     457
     449
     414
     442
     507
     454
     431
     430
     432
     365
     333
     338
     274
     272
     215
     222
     176
     162
     141
     102
     128
      75
      84
      74
      68
      67
      55
      72
      46
      55
      43
      52
      63
      57
      58
      55
      49
      57
      54
      66
      43
      55
      55
      62
      60
      51
      72
      63
      59
      54
      64
      60
      57
      57
      72
      47
      60
      66
      61
      67
      61
      52
      51
      69
      79
      54
      67
      82
      78
      79
      78
      66
      95
      89
      86
      86
      85
      89
      74
     107
     103
     103
      82
     111
      93
      97
      92
     105
      84
      69
      93
      87
      90
      89
      77
      76
      64
      67
      88
      78
      74
      70
      76
      89
      71
      60
      65
      84
      84
      84
     101
      88
      83
      83
      89
      79
      73
     103
      79
     100
      99
      84
      98
      99
     101
      92
      85
     107
      98
      83
      86
      90
      83
     104
      92
      95
      79
      82
     102
      90
      90
      78
      80
     103
      88
      81
      88
      86
      86
      99
     105
      90
      95
     125
     125
     112
     113
     123
     121
     113
     126
     126
     111
     127
     128
     125
     148
     154
     158
     142
     172
     163
     169
     176
     174
     180
     148
     179
     202
     191
     206
     191
     166
     182
     174
     163
     154
     132
     145
     121
      87
      98
      89
      75
      66
      53
      54
      45
      43
      29
      43
      35
      31
      40
      35
      24
      26
      28
      37
      28
      33
      35
      33
      28
      25
      32
      44
      41
      34
      31
      28
      32
      27
      36
      31
      31
      35
      30
      36
      42
      29
      34
      29
      43
      28
      24
      42
      31
      26
      32
      38
      22
      39
      45
      28
      32
      38
      45
      28
      28
      34
      38
      42
      33
      44
      27
      46
      33
      36
      35
      38
      42
      32
      53
      41
      38
      39
      31
      42
      48
      48
      41
      36
      42
      48
      48
      53
      55
      56
      53
      46
      48
      55
      60
      58
      51
      62
      50
      57
      59
      58
      49
      36
      46
      50
      49
      43
      42
      43
      48
      36
      50
      55
      57
      52
      38
      84
      54
      63
      50
      61
      59
      66
      78
      68
      67
      69
      70
      81
      65
      60
      67
      70
      52
      74
      54
      65
      48
      42
      47
      31
      41
      37
      31
      23
      22
      27
      19
      17
      20
      10
      17
      15
       7
       7
       9
      11
       7
      13
       7
      15
       8
       9
       9
      13
       8
       8
       8
       2
      11
      10
       7
      10
       6
       8
      12
       6
       8
       8
      10
       9
      14
       9
      11
       9
      14
       9
       6
       7
       9
       7
       6
       8
      11
       6
      11
       6
      13
       7
      12
       8
      10
       3
       9
       6
       7
      10
       8
       6
       6
      11
       7
       6
      10
       9
       8
       9
       9
       8
      15
      11
       7
      10
       6
       7
       8
       6
       6
       3
      10
       6
      12
       7
       9
       4
       3
      10
       8
      11
       8
       5
       9
       5
      10
       7
       7
      13
       3
       7
      12
       4
       8
       4
       6
       5
       9
       8
      11
       8
       8
      15
       9
       9
      10
       5
       6
      12
       6
       2
       5
      11
       7
      13
      14
       5
       5
       8
       5
       8
       5
       6
       7
       8
       6
      12
       9
      10
       8
       7
       8
       8
       5
       6
       9
       6
       7
       8
       6
       8
       4
       5
      14
       7
       7
       6
       8
      12
       8
       7
      10
       6
       8
       7
       8
       7
      11
      15
       6
       6
       7
       5
       8
       3
       4
      10
       9
       3
       8
       7
       9
      13
      11
       7
       8
      11
      10
       7
       6
       8
       4
       8
       2
       8
       7
       6
       4
       3
       5
       9
       3
       6
       3
       7
       6
       5
      11
      11
      13
       6
      11
       7
       7
       6
      10
       4
      10
      11
       6
       9
      14
      10
       6
       3
       6
       3
       5
       8
       3
       7
      10
       5
       6
       4
       5
       2
       5
       5
       6
       5
      13
       5
       6
       6
       9
       8
       8
       8
       8
       6
       8
       9
      11
       8
       3
       6
       7
      16
       5
       6
      20
       6
       9
       5
      10
       7
       4
       7
       4
      11
       6
       5
       6
       4
       4
       3
       5
       4
      11
       5
       5
       5
       7
       8
       4
       6
       4
       6
      12
       7
       5
       7
       2
       6
      10
      13
       8
       7
       3
       5
       2
       8
       9
       7
       5
       4
       5
       9
       5
       4
      10
       4
       8
       6
       9
      11
       7
       6
       5
       5
       8
       6
      11
       7
       4
       4
       3
       4
       2
       5
       5
       4
       2
       5
       4
       7
       5
       5
      11
       6
       5
       6
       5
       7
       6
       2
       5
       7
       4
       6
       6
       7
       7
       5
       9
       7
       4
       8
       1
       6
       2
       5
       6
       4
       4
       5
       7
       3
       2
       5
       3
       5
       6
       7
       7
       4
       4
       3
       4
       5
       8
       1
       5
       8
       3
       8
       5
       2
       8
       2
       4
       6
       6
       9
       7
      10
       3
       8
      14
      11
       2
       2
       5
       4
       5
       7
       8
       6
       7
       4
       7
       6
       4
       6
       2
       6
       3
       4
       7
       6
       2
       4
       7
       4
       4
       3
       6
       3
       4
       7
       3
       3
      11
       3
       2
       8
       8
       7
       8
       5
       4
       9
       5
       2
       4
       5
       5
       2
       4
       7
       5
       8
      10
       3
       4
       4
       4
       3
       6
       8
       1
       2
       8
       9
       3
       6
       4
       7
      10
       8
       4
       7
       4
       3
       3
      11
       2
       5
       2
       7
       3
       5
      10
       5
       5
       6
       7
       3
       1
       3
       2
       6
       3
       2
       7
       6
       5
       4
       7
       4
       2
       2
       5
       3
       6
       4
       2
       8
       8
       2
       3
      11
       6
       5
       6
       3
       3
       5
      10
       1
       7
       5
       3
       3
       5
       5
       3
       2
       2
       6
       3
       6
       3
       5
       4
       5
       5
       4
       2
       5
       2
      10
       2
       3
      10
       4
       1
       2
       2
       3
      10
       5
       4
       3
       5
       4
      10
       9
       3
       2
       3
      11
       5
       5
       0
       7
       3
       4
       5
       6
       2
       4
       6
       6
       3
       3
       5
       6
       2
       2
       5
       5
       7
       7
       8
       4
       1
       1
       2
       4
       3
       6
       3
       5
       2
       5
       3
       6
       3
      11
       7
       8
       3
       4
       3
       5
       6
       6
       3
       7
       1
       5
       4
       7
       5
       4
       4
       5
       8
       1
       3
       1
       3
       4
       6
       3
       6
       3
       6
       3
       5
       5
       1
       7
       3
       1
       3
       2
       4
       2
       6
       2
       5
       4
       6
       3
       5
       2
       1
       0
       7
       4
       2
       6
       4
       4
       4
       3
       3
       2
       2
       3
       7
       2
       3
       6
       3
       3
       0
       4
       2
       4
       2
       4
       2
       5
       5
       4
       5
       3
       7
       2
       3
       5
       4
       2
       5
       4
       2
       1
       3
       3
       4
       4
       2
       7
       4
       3
       5
       4
       2
       3
       4
       3
       3
       6
       4
       4
       5
       5
       3
       1
       3
       2
       4
       5
       6
       1
       4
       7
       3
       6
       6
       4
       2
       4
       1
       6
       3
       5
       4
       5
       3
       3
       2
       6
       6
       2
       5
       4
       5
       5
       3
       2
       3
       7
       6
       2
       3
       4
       4
       4
       7
       5
       1
       7
       5
       5
       4
       3
       1
       4
       7
       3
       2
       1
       6
       5
       4
       1
       9
       2
       6
       1
       3
       2
       3
       3
       3
       3
       2
       2
       2
       3
       2
       3
       4
       3
       5
       2
       0
       0
       2
       3
       4
       4
       2
       1
       2
       2
       2
       3
       4
       3
       3
       2
       2
       2
       3
       1
       3
       3
       3
       7
       2
       3
       2
       4
       4
       7
       3
       2
       1
       5
       5
       4
       4
       1
       5
       2
       3
       3
       6
       4
       4
       2
       8
       5
       3
       8
       4
       2
       3
       4
       3
       3
       4
       6
       3
       2
       3
       2
       4
       3
       1
       1
       8
       7
       3
       4
       1
       5
       0
       4
       2
       7
       2
       2
       4
       2
       1
       1
       2
       2
       4
       5
       4
       6
       8
       2
      10
       2
       1
       3
       6
       5
       4
       3
       6
       2
       4
       4
       3
       3
       4
       2
       4
       5
       2
       2
       0
       4
       1
       5
       3
       4
       5
       2
       0
       4
       1
       1
       1
       6
       1
       5
       4
       1
       3
       8
       3
       2
       4
       2
       2
       7
       4
       1
       4
       3
       3
       4
       4
       3
       5
       3
       7
       6
       2
       6
       6
       6
       3
       1
       5
       3
       3
       4
       1
       1
       4
       2
       2
       2
       2
       1
       6
       5
       4
       1
       1
       0
       4
       3
       1
       5
       2
       4
       6
       8
       2
       3
       5
       2
       2
       7
       0
       4
       2
       1
       4
       0
       3
       1
       3
       6
       2
       2
       6
       3
       2
       4
       2
       2
       2
       0
       4
       4
       2
       6
       4
       1
       1
       1
       1
       4
       3
       3
       2
       2
       3
       3
       3
       0
       6
       2
       4
       2
       4
       3
       2
       1
       7
       9
       3
       2
       2
       4
       3
       1
       8
       5
       1
       1
       2
       2
       4
       4
       1
       3
       4
       6
       1
       4
       3
       1
       2
       1
       1
       5
       4
       1
       4
       3
       1
       3
       2
       3
       3
       6
       1
       6
       4
       1
       3
       1
       1
       3
       2
       3
       2
       2
       4
       3
       2
       4
       4
       2
       3
       1
       3
       3
       4
       3
       5
       2
       3
       3
       2
       3
       4
       5
       1
       4
       0
       1
       3
       2
       1
       5
       2
       3
       5
       0
       5
       3
       0
       4
       3
       4
       4
       7
       4
       4
       3
       1
       3
       4
       5
       3
       3
       2
       4
       2
       0
       5
       4
       2
       6
       0
       4
       2
       4
       0
       1
       2
       0
       5
       0
       7
       0
       6
       4
       4
       2
       4
       2
       2
       3
       4
       2
       4
       3
       1
       3
       2
       0
       5
       5
       3
       2
       3
       2
       3
       1
       3
       2
       2
       1
       0
       1
       1
       4
       2
       7
       3
       4
       1
       1
       4
       4
       2
       0
       1
       3
       3
       2
       6
       0
       1
       2
       6
       2
       3
       3
       1
       1
       1
       5
       3
       4
       3
       1
       0
       0
       1
       3
       2
       2
       4
       5
       4
       3
       5
       3
       0
       3
       2
       1
       0
       0
       5
       1
       1
       1
       2
       0
       2
       4
       1
       4
       5
       0
       1
       0
       4
       4
       0
       6
       1
       1
       5
       4
       2
       4
       2
       1
       5
       4
       6
       5
       2
       1
       2
       3
       2
       1
       4
       4
       2
       3
       1
       5
       1
       4
       3
       2
       2
       0
       1
       3
       1
       5
       1
       1
       4
       1
       6
       4
       2
       2
       6
       2
       1
       3
       5
       3
       2
       4
       1
       2
       0
       2
       5
       1
       3
       1
       1
       3
       4
       2
       4
       2
       3
       3
       3
       6
       3
       1
       5
       5
       2
       3
       3
       2
       5
       2
       0
       4
       2
       4
       2
       3
       6
       2
       2
       2
       2
       1
       1
       4
       2
       1
       2
       3
       2
       1
       4
       1
       5
       2
       5
       3
       5
       3
       5
       4
       3
       4
       3
       2
       0
       6
       2
       0
       7
       3
       0
       3
       6
       2
       3
       1
       1
       2
       2
       1
       1
       3
       1
       2
       5
       1
       0
       2
       4
       2
       2
       0
       3
       1
       1
       2
       2
       1
       1
       2
       4
       2
       2
       4
       1
       3
       2
       5
       6
       6
       5
       0
       3
       2
       2
       1
       1
       3
       3
       3
       4
       3
       4
       4
       4
       3
       4
       1
       3
       1
       2
       0
       3
       3
       1
       2
       1
       4
       2
       1
       3
       3
       1
       6
       3
       6
       0
       3
       3
       4
       2
       2
       5
       1
       3
       2
       4
       2
       1
       0
       4
       3
       1
       3
       2
       4
       3
       4
       6
       1
       3
       1
       1
       4
       1
       2
       3
       4
       2
       3
       3
       5
       5
       2
       3
       5
       5
       0
       1
       3
       4
       3
       0
       2
       6
       3
       0
       2
       5
       4
       3
       3
       2
       5
       3
       1
       3
       1
       0
       1
       3
       3
       0
       6
       1
       1
       2
       2
       3
       5
       3
       3
       3
       1
       1
       1
       2
       0
       1
       2
       1
       1
       1
       1
       1
       3
       4
       2
       6
       3
       1
       3
       3
       0
       2
       0
       2
       0
       1
       2
       2
       4
       3
       2
       1
       2
       3
       1
       1
       1
       2
       2
       3
       2
       2
       2
       1
       2
       2
       4
       1
       3
       3
       1
       1
       1
       1
       2
       0
       0
       2
       2
       1
       2
       2
       0
       3
       3
       3
       3
       1
       1
       2
       2
       2
       1
       2
       2
       0
       2
       0
       2
       5
       1
       1
       2
       1
       4
       2
       1
       1
       3
       3
       2
       1
       0
       1
       3
       0
       3
       1
       1
       1
       4
       0
       1
       3
       2
       5
       2
       0
       2
       2
       1
       1
       3
       4
       3
       2
       4
       3
       4
       1
       1
       1
       2
       1
       2
       1
       0
       2
       3
       2
       1
       3
       2
       1
       3
       2
       2
       3
       3
       3
       0
       2
       4
       6
       4
       0
       1
       4
       2
       2
       3
       0
       3
       4
       0
       0
       2
       3
       5
       2
       2
       4
       0
       1
       0
       1
       2
       2
       2
       1
       4
       2
       3
       1
       1
       1
       2
       1
       1
       0
       3
       1
       2
       4
       2
       4
       3
       2
       4
       4
       0
       2
       2
       1
       2
       0
       2
       4
       3
       0
       2
       1
       0
       2
       3
       1
       2
       2
       1
       2
       0
       1
       1
       2
       1
       2
       4
       3
       1
       1
       1
       2
       4
       4
       1
       1
       0
       1
       2
       1
       2
       1
       3
       5
       1
       2
       2
       1
       1
       2
       0
       2
       1
       1
       1
       3
       6
       1
       3
       4
       1
       0
       1
       0
       3
       1
       4
       2
       4
       1
       1
       3
       3
       3
       0
       2
       0
       2
       1
       3
       2
       3
       1
       2
       0
       4
       3
       1
       3
       2
       1
       1
       1
       2
       5
       0
       5
       4
       0
       1
       0
       2
       1
       1
       2
       3
       0
       1
$ENER_FIT:
0.000000 0.339870
$PRESETS:
Live Time (sec)
100000
0
$RT:
101257.960000
$DT:
1257960
$ISO_DECL_PU:
SMPLNAM: IDB-1452
SEPDATE: 01/01/1900 00:00:00
PU238: 0.0117 
DPU238: 2.5641
PU239: 93.4123 
DPU239: 0.0043
PU240: 6.3131 
DPU240: 0.0618
PU241: 0.2235 
DPU241: 0.1790
PU242: 0.0395 
DPU242: 0.7595
AM241: 0.1047 
DAM241: 2.0057
DATE: 06/20/1986 00:00:00
PU240EFF: 6.4089
DPU240EFF: 0.0624
$ADC:
4096
0
4095