$APPLICATION_ID:
IDB v.1.0
$SPEC_REM:
Material type: Pu
Material form: Pellet
Material compound: PuO2
Pu isotopics:
238Pu 0.0094
239Pu 93.5839
240Pu 6.3108
241Pu 0.0563
242Pu 0.0396
241Am 0.2634
Detector: HPGe (Geometry: Coaxial, Size: 50% (rel.eff.))
MCA: Lynx (Canberra)
$DATE_MEA:
01/19/2015 12:46:03
$MEAS_TIM:
150000 160622
$DATA:
0 8191
      12
      11
      24
      61
      47
      34
      53
      46
     104
     873
   65007
  527920
 1090199
 1578781
 1716495
 1681317
 1623915
 1560720
 1504637
 1454303
 1403624
 1365073
 1322382
 1286518
 1253348
 1222634
 1195559
 1168475
 1143635
 1123136
 1100155
 1084309
 1070074
 1054137
 1033852
 1018402
 1005550
  991159
  974186
  961492
  947401
  935969
  922759
  910550
  900750
  890471
  879285
  869853
  860073
  851008
  843953
  838568
  830359
  824312
  815188
  810556
  804105
  798067
  791982
  786869
  782851
  777828
  771837
  768613
  763512
  760287
  757614
  753084
  749672
  743496
  740115
  734295
  731141
  727002
  723551
  717347
  713683
  708480
  702703
  698000
  693682
  688399
  683048
  679354
  674032
  668996
  666923
  661632
  657278
  653376
  647742
  644735
  640889
  636871
  633670
  631308
  627545
  624485
  622653
  617052
  611735
  609827
  606621
  603260
  599067
  595690
  594048
  591642
  588077
  587560
  584928
  580373
  580010
  577577
  576571
  575198
  574687
  573146
  570688
  570122
  570035
  570796
  568739
  569464
  569104
  569605
  570396
  569419
  569103
  570740
  569730
  572981
  574713
  576872
  582653
  587695
  595049
  602450
  609515
  613842
  616679
  616933
  618098
  616801
  616779
  617590
  619656
  627211
  633412
  634420
  623871
  607490
  591999
  581318
  579356
  585545
  596715
  614720
  640983
  673458
  713519
  755128
  794680
  894373
 1669309
 4216175
 5855978
 3491345
 1123346
  536375
  481829
  480928
  480487
  479941
  481284
  482966
  484906
  487284
  487668
  490946
  492461
  495848
  498713
  500947
  503912
  506749
  510888
  513583
  518125
  520434
  525466
  532972
  537433
  541824
  545813
  548722
  553638
  560287
  566838
  576809
  590783
  636360
  741500
  803006
  725755
  646379
  640935
  723512
  937281
 1065277
  885553
  693039
  638662
  631708
  638912
  652857
  668821
  669151
  666648
  666496
  663870
  664578
  669425
  674123
  680417
  684525
  690435
  694966
  701620
  706157
  712089
  716755
  722539
  739612
  795041
  905523
 1011860
  999347
  871356
  783153
  767596
  781517
  823239
  882042
  891920
  857351
  834463
  835951
  848705
  869762
  890604
  903351
  917916
  936406
  953985
  975699
  995057
 1019145
 1043198
 1067356
 1102865
 1199842
 1605529
 2559600
 3083044
 2323883
 1481056
 1215571
 1209066
 1286201
 1441959
 1520286
 1744701
 3141156
 5804332
 7172200
 6057233
 4268858
 2894932
 1808463
 1349005
 1487037
 1569683
 1293554
 1079711
 1367663
 2630730
 4121991
 4667336
 5143694
 4880655
 3326440
 1710139
  961704
  808457
  809245
  824975
  819473
  806070
  802943
  803144
  809368
  815271
  822539
  835283
  883641
 1096876
 1608025
 2093643
 2456614
 2974606
 2662348
 1629347
 1014985
  861790
  895428
  974937
 1136535
 1581349
 2009409
 1985378
 1981440
 2122607
 2296544
 2649769
 2463942
 2298970
 2395411
 1844987
 1135683
  820501
  724356
  697548
  726660
  827820
 1057014
 1305258
 1265667
 1021413
  869444
  758067
  677922
  682010
  707598
  686150
  649478
  642466
  684624
  814200
 1010684
  986920
  754921
  616849
  584257
  577285
  574567
  573265
  588748
  797278
 1955946
 4284552
 4889298
 2730433
 1003240
  554836
  508416
  505458
  504391
  504761
  505684
  505226
  504756
  505634
  507166
  507741
  508391
  508502
  508687
  509304
  510172
  511543
  511715
  511126
  512045
  513492
  514298
  513940
  514253
  514802
  516960
  515711
  517365
  515862
  520447
  536102
  551264
  546474
  529526
  527005
  537969
  574101
  684270
  822529
  792553
  631677
  550621
  577898
  664590
  714041
  674057
  595078
  547771
  552056
  619589
  734505
  746036
  632222
  561650
  550402
  556158
  550980
  544238
  545390
  548173
  555268
  572456
  589756
  583966
  569180
  566214
  566958
  568382
  572117
  574249
  576207
  578573
  580969
  582537
  584383
  586215
  589985
  593448
  593751
  596258
  597690
  622643
  688023
  762461
  754050
  725101
  775653
  784002
  692363
  622507
  604444
  602627
  601360
  613423
  648204
  690557
  680432
  634008
  608826
  604963
  604176
  598891
  596319
  596163
  598764
  598188
  597383
  601185
  619188
  641060
  631640
  609676
  623190
  700760
  793363
  763578
  655923
  596990
  586911
  585915
  587327
  587168
  584853
  583840
  586723
  585468
  582566
  577473
  576328
  578059
  575365
  575376
  575233
  578307
  596272
  652854
  706894
  681146
  612377
  577088
  571649
  570979
  570640
  568323
  567020
  567776
  566419
  565862
  565312
  565245
  567437
  566991
  566806
  564688
  565738
  565274
  562237
  558467
  559025
  562664
  571604
  578065
  588868
  635988
  722548
  728035
  638015
  567281
  546118
  540806
  541640
  544916
  544432
  539108
  535276
  532878
  531205
  529535
  529585
  533393
  566461
  677267
  794410
  753585
  614869
  536091
  516889
  514577
  515606
  514227
  509889
  506067
  502974
  499858
  498041
  496122
  495357
  494406
  495598
  494083
  493258
  522603
  737301
 1377173
 2041069
 1803667
 1020545
  580930
  481681
  468498
  465814
  464927
  464673
  476902
  596871
 1119433
 2052096
 2329203
 1529708
  752573
  489924
  453518
  448828
  443225
  437970
  436656
  434725
  431792
  432365
  431789
  430450
  429523
  428043
  426759
  425545
  423499
  422380
  420911
  420275
  419073
  416921
  417689
  415284
  413263
  412724
  410658
  408576
  406895
  406111
  404254
  401716
  402016
  402312
  410287
  418365
  414649
  401408
  392594
  388310
  384438
  381085
  377783
  378237
  382715
  399419
  420838
  414785
  387539
  369892
  364738
  362352
  367085
  377444
  382512
  374281
  358472
  352388
  349074
  347382
  345758
  344770
  343972
  341946
  341114
  341235
  340652
  341170
  338927
  336993
  335605
  335135
  333800
  332435
  330040
  328531
  328460
  327276
  329500
  339648
  363351
  375780
  357339
  331379
  322357
  318789
  317314
  315964
  315779
  312983
  313266
  318923
  330759
  340975
  340552
  355454
  391550
  397694
  357952
  326177
  320803
  325618
  317358
  309289
  302854
  302760
  301826
  300022
  300434
  300938
  304311
  316490
  323426
  316255
  304900
  300923
  298742
  297375
  295514
  293771
  292346
  291340
  289720
  288524
  287586
  285882
  285946
  294727
  345679
  477725
  590370
  534778
  384150
  296191
  272776
  268218
  265969
  265344
  265677
  265674
  265268
  260749
  259298
  258112
  257511
  256733
  256387
  254693
  253267
  252683
  252833
  255471
  275281
  319965
  355519
  333363
  286067
  262330
  256912
  254121
  250160
  249243
  261466
  297856
  332796
  317575
  274701
  247817
  240243
  239252
  238832
  238906
  238201
  237981
  237496
  239042
  237523
  235820
  236253
  235327
  235353
  235086
  236091
  234743
  235410
  234449
  236948
  239115
  238751
  238141
  240503
  251527
  263502
  260188
  244896
  234039
  231202
  229751
  228528
  229801
  230549
  234643
  237865
  236489
  230993
  228692
  226227
  226219
  226096
  225734
  225414
  225717
  227901
  231627
  233609
  232430
  226974
  224414
  223987
  221742
  223653
  221909
  222104
  221005
  221084
  220690
  219248
  220815
  219555
  220454
  220928
  220316
  220053
  221707
  226181
  227997
  223126
  218105
  217111
  215857
  215718
  215406
  215732
  216336
  218324
  231667
  287875
  389404
  439015
  370058
  271818
  226068
  215231
  218341
  232845
  247276
  243787
  228259
  215380
  212061
  210898
  215159
  225417
  233095
  229403
  218911
  210933
  210636
  210065
  210486
  209006
  208036
  208043
  207106
  209255
  216147
  226710
  232329
  223886
  212744
  206723
  205153
  205464
  204694
  207676
  224889
  293828
  432604
  537582
  474313
  327297
  237586
  210923
  207260
  203702
  201143
  201699
  206220
  213724
  226716
  248692
  261332
  243930
  216042
  201536
  196795
  195948
  196741
  199910
  210065
  227798
  263871
  346540
  432382
  414440
  313786
  258666
  276801
  306541
  305479
  338086
  420303
  433856
  337475
  238773
  198484
  188758
  188150
  187715
  185960
  185718
  185693
  185514
  185562
  186064
  184809
  184091
  184228
  185089
  184854
  183958
  186443
  194790
  250694
  507311
 1221353
 2264440
 2667137
 1891690
  848398
  329267
  220337
  283027
  466974
  700334
  857219
  835340
  608955
  346478
  211381
  175781
  170438
  169970
  169212
  168512
  166486
  169807
  182727
  206399
  268251
  385728
  475651
  417536
  277915
  190557
  164694
  164609
  198364
  398236
 1084726
 2234408
 2802384
 2057713
  923367
  326020
  172004
  148286
  144760
  144834
  143465
  142557
  142049
  141096
  140845
  140822
  141778
  143570
  144553
  141862
  138937
  137514
  136469
  136840
  135464
  135236
  136967
  138627
  136833
  134461
  131615
  130809
  130050
  129569
  129420
  129154
  127927
  128317
  128207
  127758
  127277
  127341
  129481
  128045
  126759
  124908
  127881
  140833
  164447
  177890
  165534
  144573
  132515
  129239
  125015
  122922
  121504
  119935
  119875
  120338
  132359
  186351
  328559
  499222
  526713
  424230
  439268
  624392
  704691
  516244
  273460
  152899
  127869
  142344
  161398
  159965
  139912
  124177
  122583
  125288
  126664
  137414
  244876
  847887
 2798260
 5973852
 7557095
 5588900
 2453543
  744200
  283874
  192310
  138186
  104489
   91817
   91191
  104278
  177697
  455943
 1030893
 1507884
 1337894
  718356
  277856
  165166
  325076
  770974
 1240989
 1217514
  734236
  306965
  131450
   85712
   73682
   70300
   69438
   69104
   68412
   68301
   67985
   68117
   67798
   67330
   66938
   66315
   65476
   65503
   65978
   67608
   69396
   72704
   88987
  187507
  518691
 1168487
 1924929
 2274595
 1886615
 1033965
  381652
  123161
   67128
   60943
   61474
   59306
   56002
   53640
   53147
   52756
   53977
   56553
   61338
   66129
   74378
   81114
   77799
   66114
   55212
   51035
   50001
   49615
   49349
   49931
   49775
   49683
   49872
   50256
   50554
   49827
   49069
   49124
   48635
   49918
   50413
   51518
   52216
   51383
   50539
   49419
   49575
   49394
   49037
   49546
   49942
   54202
   61619
   70071
   70415
   65283
   73913
  173982
  704123
 2397907
 5242098
 6959984
 5547695
 2687612
  855796
  234773
   90400
   54940
   42529
   36133
   32612
   31407
   30911
   30971
   33305
   39643
   47801
   48110
   40175
   32697
   29157
   30289
   41101
   95633
  252497
  482300
  584382
  434703
  203907
   72637
   32564
   25895
   24699
   26247
   34248
   60279
  107543
  143198
  128887
   80980
   44764
   32090
   28611
   27518
   28844
   33599
   39729
   42247
   38045
   29790
   24719
   22729
   22114
   21893
   21614
   21823
   21785
   22017
   22289
   22707
   22412
   22182
   21360
   20931
   21169
   20974
   20646
   21067
   20603
   20642
   20763
   20465
   20443
   20397
   20353
   20590
   20565
   20487
   20792
   20646
   20690
   21630
   22324
   22272
   21441
   20840
   20217
   21843
   27849
   41340
   56733
   58424
   45410
   32235
   25356
   22325
   20514
   20104
   19733
   19787
   19952
   21010
   25684
   54575
  171202
  453122
  792700
  868127
  586701
  250833
   77084
   27405
   19149
   19145
   20618
   23246
   23059
   20719
   18077
   16908
   16907
   17792
   20030
   22948
   24449
   21894
   18908
   17256
   17555
   18313
   18265
   18128
   20234
   23871
   26284
   23991
   19792
   16828
   15816
   16048
   16203
   16454
   16291
   15664
   15299
   15161
   15210
   14727
   14950
   14972
   15007
   15562
   16222
   16487
   16282
   15676
   15250
   14999
   14757
   14812
   14525
   14349
   14715
   14259
   14735
   14721
   15169
   15329
   15538
   15205
   14980
   14654
   14267
   14148
   13682
   13762
   13515
   13391
   13256
   13598
   13399
   13604
   13790
   13659
   13396
   13085
   12750
   13296
   16364
   22801
   30904
   32429
   26820
   18397
   13966
   12587
   12456
   12298
   12289
   12104
   11955
   12177
   12516
   12927
   13251
   13144
   13354
   13104
   12340
   12094
   11691
   11473
   11632
   11433
   11464
   11688
   11530
   11639
   11572
   11483
   12008
   12889
   14337
   14973
   14101
   12515
   11261
   10824
   10791
   10747
   11053
   10959
   11062
   11082
   11267
   10959
   10995
   10648
   10379
   10547
   10582
   10503
   10462
   10182
   10316
   10192
   10348
   10329
    9953
    9965
   10100
   10408
   10490
   10604
   10408
   10389
   10089
    9992
    9879
    9845
    9664
    9833
    9982
    9690
    9887
   10434
   10196
   10261
   10790
   11444
   12036
   12329
   12581
   12517
   12462
   12590
   12570
   12050
   11264
   10685
   10494
   10580
   10823
   10567
    9807
    9106
    8921
    9268
    9312
    9143
    9436
    9189
    9054
    8860
    8731
    8552
    8510
    8707
    8638
    8602
    8490
    8575
    8852
    8977
    9142
    9120
    8750
    8718
    8390
    8300
    8336
    8496
    8423
    8296
    8430
    8250
    8445
    8313
    8201
    8109
    7977
    8037
    8335
    8373
    8450
    8384
    8440
    8387
    8201
    7642
    7448
    7408
    7430
    7356
    7290
    7296
    7335
    7285
    7381
    7365
    7344
    7600
    7418
    7442
    7251
    7184
    6979
    7044
    7439
    7557
    8077
    8190
    7816
    7262
    6915
    6889
    6959
    6880
    6776
    6834
    6827
    6838
    7086
    6848
    6762
    6541
    6326
    6478
    6446
    6480
    6624
    6727
    6550
    6400
    6504
    6334
    6203
    6289
    6121
    6420
    6245
    6571
    7118
    7741
    7886
    7312
    6523
    6224
    6033
    6241
    6202
    6105
    6046
    5960
    5895
    6074
    6066
    5921
    5753
    5792
    5647
    5823
    5959
    5734
    5747
    5697
    5572
    5599
    5505
    5497
    5559
    5529
    5528
    5384
    5441
    5390
    5440
    5366
    5463
    5586
    5680
    5597
    5521
    5463
    5476
    5319
    5559
    5591
    5529
    5634
    5444
    5325
    5353
    5168
    5179
    5187
    5221
    5145
    5239
    5288
    5129
    5222
    5138
    5114
    5108
    4982
    5143
    5155
    5560
    5666
    5532
    5326
    5179
    4961
    4803
    4901
    4723
    4626
    4701
    4841
    4765
    4845
    4862
    5006
    5075
    4940
    4701
    4533
    4584
    4621
    4698
    5005
    5792
    6501
    6933
    6473
    5316
    4817
    4500
    4431
    4445
    4615
    4921
    5288
    5573
    5284
    4805
    4429
    4224
    4394
    4486
    4447
    4731
    5137
    5708
    5879
    5397
    4720
    4070
    4049
    3909
    3896
    3887
    3900
    3898
    3964
    4046
    3980
    3987
    4324
    4578
    4785
    5307
    6978
   10074
   12698
   13194
   11424
    8119
    6082
    5093
    4759
    4491
    4279
    4087
    4144
    3953
    3986
    3984
    4023
    3936
    3863
    3880
    3873
    3627
    3783
    3680
    3693
    3702
    3831
    4161
    4077
    3914
    3910
    3934
    3985
    3993
    4185
    3900
    3798
    3682
    3501
    3465
    3416
    3630
    4227
    5298
    6524
    7145
    6165
    4814
    3883
    3501
    3532
    3383
    3432
    3777
    4642
    6188
    8425
   10235
   12197
   17021
   27296
   39575
   45318
   38176
   22967
   11300
    5359
    3779
    3396
    3377
    3419
    3222
    3100
    2986
    2974
    3188
    3641
    4336
    4827
    4572
    3842
    3349
    3011
    3121
    3099
    3303
    3124
    3024
    2863
    2755
    2806
    2847
    2780
    2866
    3013
    2934
    2842
    3002
    3769
    5831
    9372
   12235
   12154
    9283
    5671
    3707
    3061
    3045
    3142
    3160
    3168
    3677
    5377
    8294
   11645
   12263
    9857
    7600
    9645
   17866
   28596
   33185
   27383
   17664
   11804
   10810
   12526
   14736
   14158
   10680
    6572
    4060
    3241
    4432
    9202
   21513
   41270
   56080
   52297
   34609
   16708
    7245
    4100
    3115
    3142
    3681
    4779
    5363
    5110
    4381
    4511
    6174
   11355
   19848
   28753
   34039
   33706
   30010
   22011
   13624
    9021
    9172
   10556
    9610
    7005
    4348
    2826
    2486
    2600
    3228
    5766
   12340
   24379
   36006
   36614
   26283
   13674
    6191
    4616
    7897
   23626
   65165
  134381
  195220
  193630
  130922
   61858
   22247
   10165
    8400
    7777
    5733
    3680
    2465
    2173
    1996
    1895
    1968
    2039
    2065
    2023
    1878
    1933
    1855
    1988
    1938
    1852
    1706
    1718
    1586
    1638
    1644
    1682
    2009
    2508
    3170
    3482
    3016
    2401
    2021
    1934
    1906
    1928
    1782
    1704
    1724
    1666
    1678
    1485
    1625
    1888
    2367
    2962
    3147
    2792
    2160
    1665
    1452
    1456
    1427
    1396
    1452
    1419
    1290
    1363
    1428
    1952
    2763
    3741
    4693
    4523
    3607
    3440
    4621
    6978
   11109
   16406
   19183
   16306
   10568
    5562
    3652
    3541
    3348
    2870
    2153
    1887
    1863
    2264
    2761
    3369
    3169
    2640
    2024
    1810
    1791
    2339
    3087
    3889
    4113
    3544
    2792
    2203
    1825
    1647
    1603
    1635
    1687
    1819
    2118
    2679
    3149
    3174
    2570
    2180
    2517
    4501
    8668
   13359
   14931
   12030
    7205
    3463
    1905
    1363
    1286
    1372
    1485
    1451
    1632
    1618
    1783
    2277
    3155
    4287
    4647
    3902
    2655
    1872
    1427
    1320
    1315
    1332
    1375
    1440
    1590
    1491
    1383
    1506
    1502
    1432
    1384
    1344
    1416
    1930
    3448
    6131
    9353
   10363
    8515
    5275
    2845
    1824
    1789
    2211
    3466
    7918
   21689
   49186
   82285
   97877
   83890
   51289
   23743
    9376
    4161
    2699
    2219
    1731
    1388
    1298
    1094
    1026
    1044
    1168
    1275
    1392
    1427
    1409
    1461
    1493
    1687
    1567
    1317
    1208
    1089
    1162
    1167
    1067
     967
     952
     975
     942
    1018
     905
     956
     882
     964
    1106
    1470
    2201
    3223
    4447
    4827
    4254
    2860
    1809
    1133
     931
     872
     863
     917
     878
     862
     910
     968
    1109
    1359
    1538
    1605
    1443
    1171
     946
     898
     852
     838
     945
    1048
    1139
    1117
    1139
    1100
     984
     918
     958
     928
    1139
    1210
    1362
    1302
    1016
     846
     723
     704
     718
     713
     776
     795
     767
     823
     936
    1378
    2708
    5416
   10004
   13993
   15246
   12054
    7121
    3329
    1728
    1301
    1318
    1502
    1534
    1613
    1335
    1030
     904
     708
     678
     667
     722
     735
     810
     821
     873
     831
     810
     731
     854
    1220
    2098
    3524
    4860
    5460
    5013
    4223
    4533
    7685
   16221
   27955
   36531
   33596
   22780
   12171
    6178
    3436
    2498
    2183
    2259
    1965
    1709
    1138
     806
     708
     632
     621
     614
     673
     653
     640
     618
     642
     700
     628
     623
     591
     667
     756
     912
    1047
    1000
     891
     759
     686
     648
     590
     557
     512
     535
     510
     501
     590
     526
     532
     574
     584
     749
     862
     929
     980
     961
     889
    1062
    1304
    1554
    1410
    1166
     770
     614
     500
     452
     433
     449
     495
     527
     581
     616
     645
     780
     631
     610
     523
     441
     466
     548
     602
     595
     628
     597
     574
     530
     494
     488
     506
     492
     494
     465
     426
     473
     592
     770
     958
    1017
     987
     856
     795
     693
     551
     500
     499
     561
     625
     672
     717
     761
     682
     658
     716
     795
     819
     767
     691
     586
     517
     458
     453
     440
     488
     570
     682
     669
     609
     570
     579
     563
     540
     479
     506
     567
     590
     532
     520
     455
     405
     411
     393
     373
     390
     384
     491
     534
     546
     467
     494
     512
     534
     513
     492
     459
     410
     438
     422
     394
     405
     384
     376
     435
     432
     506
     537
     700
     799
     928
     811
     837
     831
     834
     841
     686
     502
     418
     365
     383
     441
     459
     482
     491
     474
     452
     416
     392
     396
     400
     381
     450
     462
     499
     562
     637
     589
     653
     545
     477
     471
     424
     494
     520
     553
     584
     540
     499
     438
     449
     362
     373
     429
     508
     647
     772
     839
     720
     594
     498
     472
     508
     723
    1014
    1243
    1285
    1056
     713
     464
     365
     380
     318
     367
     385
     388
     469
     560
     634
     699
     589
     478
     371
     382
     350
     396
     408
     426
     378
     379
     351
     387
     353
     399
     387
     364
     380
     363
     361
     429
     355
     349
     376
     332
     324
     373
     380
     430
     492
     603
     620
     575
     492
     425
     410
     424
     377
     364
     381
     301
     278
     339
     274
     411
     407
     356
     333
     302
     300
     338
     356
     403
     406
     419
     419
     421
     403
     388
     417
     455
     534
     581
     548
     454
     407
     340
     337
     289
     300
     282
     303
     275
     278
     315
     337
     377
     362
     338
     297
     296
     306
     307
     260
     289
     307
     318
     391
     442
     570
     687
     683
     574
     411
     300
     300
     295
     322
     337
     346
     408
     377
     363
     295
     305
     272
     274
     285
     320
     311
     295
     290
     289
     311
     303
     307
     296
     278
     303
     286
     329
     302
     323
     309
     242
     247
     242
     275
     296
     335
     346
     328
     330
     293
     269
     250
     260
     258
     239
     246
     316
     336
     352
     337
     319
     265
     242
     231
     223
     260
     287
     271
     266
     252
     230
     209
     243
     223
     244
     244
     262
     265
     275
     243
     289
     288
     306
     354
     365
     408
     435
     434
     371
     308
     263
     298
     295
     301
     312
     269
     295
     261
     248
     232
     236
     258
     306
     333
     306
     293
     249
     241
     211
     225
     230
     226
     279
     273
     274
     232
     206
     209
     223
     227
     223
     250
     264
     261
     262
     283
     294
     291
     282
     278
     273
     248
     251
     236
     235
     254
     233
     253
     245
     271
     260
     258
     208
     241
     203
     224
     207
     222
     231
     217
     210
     229
     208
     219
     238
     213
     201
     202
     190
     240
     267
     290
     323
     320
     274
     291
     271
     238
     230
     238
     244
     251
     231
     236
     202
     241
     221
     239
     231
     263
     250
     221
     195
     239
     302
     347
     363
     383
     343
     325
     239
     213
     206
     192
     205
     193
     205
     218
     251
     228
     242
     283
     295
     310
     323
     377
     433
     472
     472
     410
     328
     302
     281
     283
     257
     264
     222
     202
     188
     201
     207
     242
     297
     322
     391
     375
     336
     268
     205
     173
     200
     203
     216
     207
     168
     190
     206
     222
     225
     228
     238
     280
     326
     340
     343
     340
     305
     295
     245
     220
     210
     186
     203
     197
     210
     203
     251
     293
     309
     340
     305
     267
     249
     191
     219
     199
     243
     209
     247
     244
     242
     248
     287
     289
     221
     214
     256
     215
     170
     197
     204
     200
     168
     193
     209
     178
     193
     178
     185
     186
     220
     247
     237
     249
     222
     237
     250
     212
     211
     186
     197
     178
     187
     197
     204
     202
     228
     241
     229
     296
     239
     249
     222
     187
     195
     186
     182
     175
     168
     179
     191
     200
     189
     198
     183
     177
     189
     193
     224
     191
     228
     211
     250
     283
     245
     233
     236
     176
     176
     157
     174
     161
     167
     191
     187
     242
     209
     221
     202
     192
     175
     202
     182
     194
     230
     235
     269
     280
     251
     261
     239
     225
     210
     186
     203
     226
     204
     204
     178
     194
     222
     216
     218
     192
     173
     175
     174
     177
     167
     176
     197
     180
     165
     173
     156
     167
     168
     182
     164
     166
     166
     202
     198
     231
     236
     185
     201
     206
     201
     185
     187
     182
     163
     168
     189
     183
     184
     173
     153
     153
     164
     155
     168
     179
     159
     148
     178
     169
     200
     206
     212
     194
     197
     180
     169
     168
     160
     172
     179
     162
     161
     162
     177
     203
     177
     190
     197
     173
     182
     204
     198
     180
     222
     187
     200
     192
     177
     207
     195
     203
     234
     203
     219
     234
     220
     230
     227
     177
     207
     205
     205
     231
     205
     221
     209
     222
     233
     205
     188
     173
     218
     196
     185
     183
     199
     171
     184
     211
     190
     191
     201
     196
     184
     189
     222
     211
     186
     172
     235
     221
     287
     277
     248
     222
     189
     181
     198
     207
     173
     185
     168
     176
     180
     190
     162
     185
     164
     158
     195
     205
     215
     180
     162
     185
     178
     192
     172
     151
     170
     168
     172
     161
     170
     130
     193
     167
     170
     170
     152
     160
     165
     183
     199
     241
     241
     205
     197
     165
     147
     170
     157
     144
     198
     185
     195
     167
     142
     165
     155
     173
     168
     161
     169
     164
     138
     127
     143
     147
     150
     161
     161
     146
     160
     173
     175
     158
     145
     131
     153
     161
     180
     161
     166
     176
     172
     143
     150
     164
     181
     148
     161
     175
     173
     169
     161
     130
     120
     130
     159
     142
     160
     164
     149
     141
     144
     153
     183
     167
     185
     225
     235
     194
     175
     176
     166
     163
     149
     136
     162
     151
     136
     124
     167
     164
     137
     213
     195
     227
     246
     215
     220
     179
     147
     145
     149
     147
     157
     159
     158
     151
     157
     143
     146
     156
     145
     162
     129
     144
     130
     124
     166
     181
     153
     145
     132
     149
     152
     163
     163
     152
     185
     178
     221
     223
     221
     197
     168
     149
     163
     153
     159
     166
     169
     168
     174
     178
     159
     167
     157
     158
     123
     130
     145
     152
     159
     144
     169
     157
     153
     166
     153
     140
     137
     147
     133
     140
     140
     114
     133
     160
     128
     134
     140
     111
     133
     157
     155
     193
     236
     190
     192
     159
     155
     159
     176
     168
     175
     159
     160
     167
     179
     174
     176
     177
     144
     141
     140
     146
     147
     153
     160
     155
     105
     140
     127
     118
     129
     123
     137
     133
     139
     133
     124
     135
     136
     135
     125
     127
     117
     138
     148
     130
     135
     139
     138
     125
     143
     123
     132
     134
     135
     134
     160
     151
     126
     137
     135
     111
     119
     121
     115
     146
     134
     124
     124
     135
     110
     131
     105
     129
     115
     106
     140
     155
     120
     120
     123
     121
     121
     119
     118
     127
     144
     144
     111
     144
     123
     122
     110
     141
     113
     111
     130
     134
     114
     114
     126
     124
     132
     106
     125
      95
     116
     100
     139
     125
     120
     114
     125
     112
     123
     119
     110
     110
     154
     125
     134
     113
     114
     114
     139
     114
     113
     105
     112
     106
     122
     117
     124
     122
     128
     124
     147
     173
     134
     160
     170
     124
     108
     131
     144
     123
     117
     123
     132
     118
     123
     128
     112
     129
     116
     113
     113
      95
     111
     111
      97
     101
     114
     111
     119
     109
     126
     111
     121
     109
     111
     113
     110
     110
     108
     115
     124
     105
     116
     106
     107
     137
     129
     110
     138
     142
     122
     136
      96
     107
     107
      98
     105
     107
     134
     124
     105
     110
     126
     117
     118
     132
     133
     141
     139
     152
     158
     168
     140
     138
     105
     115
     135
     146
     137
     126
     122
     116
     144
     116
     148
     143
     141
     139
     110
     113
     144
     116
     133
     120
     143
     120
     140
     109
     132
     132
     140
     132
     152
     130
     135
     124
     124
     129
     175
     145
     152
     139
     165
     154
     183
     166
     163
     163
     165
     175
     210
     224
     222
     215
     206
     162
     119
     138
     128
     136
     140
     134
     159
     103
     130
     123
     121
     136
      99
     113
     110
     126
     120
     117
     119
     113
     111
     110
     116
     130
     105
     136
     124
     107
     125
     106
     138
     148
     150
     135
     136
     119
     132
     149
     142
     142
     147
     138
     141
     135
     106
      98
     117
     126
     143
      98
     113
     107
     107
     131
     103
     113
     121
     116
      98
     103
     102
     128
     121
     109
     111
     135
     134
     102
     105
     114
     112
     116
     113
      94
     122
      97
     115
     113
      95
      88
      99
      96
      98
      96
     108
     119
     102
     108
     107
      94
      89
     111
     106
      94
     109
     119
     121
     107
     136
     152
     180
     165
     190
     153
     131
     130
     102
     124
      97
      87
      91
     103
      99
     111
     118
     105
     122
     105
      94
      87
     107
      64
     110
     102
     120
     104
     117
      84
     112
      86
     104
      93
     110
     123
     116
     149
     199
     281
     468
     605
     704
     682
     524
     377
     241
     132
     129
     115
     107
     124
     173
     214
     282
     291
     282
     254
     197
     160
     123
     111
     115
     113
     105
     106
     101
     118
     112
      97
     104
      91
      89
     100
     102
      92
     103
      95
      80
      76
      84
      99
      86
      89
      96
     109
     110
     110
     112
     110
      86
      83
      89
     105
      97
     111
     104
     126
     121
     124
      95
      86
      82
      94
      78
      70
      94
     107
     110
     121
      93
     103
      91
      91
      93
      89
      92
      98
     107
      93
     106
      88
      96
     104
      82
      97
      92
     120
     110
     115
     110
      84
      93
      93
      90
      87
     104
     113
     130
     125
     112
     106
     105
     102
      95
      83
     106
     128
     162
     210
     241
     207
     179
     145
     124
      91
      85
      91
      96
      84
      99
     102
      93
      97
      89
      92
      96
      77
      74
     103
      91
      96
     118
     109
     130
     102
      81
      90
      92
      88
      90
      91
      98
      77
     104
      89
      99
     120
     125
     127
     131
     113
      99
      98
      81
      94
      90
      88
      67
      89
      74
      84
      90
      94
      95
     123
     110
      93
     101
      79
      85
      71
      83
      92
      84
      82
      89
      95
      88
      90
      91
      95
      76
      72
      85
      98
      80
      95
      88
      73
      82
      88
      75
      89
      82
      91
     104
      98
      89
      81
      75
      92
      86
      91
      82
      95
      79
      84
      95
      73
      72
      88
      93
      94
      89
      90
      77
      92
      96
      80
      90
      90
      98
     104
      77
      76
      89
      87
      79
      95
      83
      67
      80
      78
      70
      83
      81
      85
      82
      97
      78
      72
      91
      64
      89
      76
      76
      86
      89
      94
      89
      91
      92
      99
      91
      86
      98
      72
      81
      77
      90
      93
     104
      78
      81
      91
      72
      76
      85
      73
      82
      89
      72
      86
      81
      87
      77
      60
      65
      99
      79
      76
      73
      88
     105
      71
      89
      87
      83
      90
      67
      96
      93
      83
      98
      92
      71
     106
      94
      99
      95
      72
      97
      92
     104
     113
     130
     150
     131
     135
     137
     128
     114
     104
     118
     105
     107
     133
     118
      96
     132
     127
     101
     113
     126
     133
     130
     125
     143
     121
     124
     143
     132
     136
     129
     143
     133
     145
     145
     142
     178
     138
     127
     160
     128
     161
     158
     139
     148
     159
     135
     171
     149
     164
     163
     151
     125
     122
     100
     130
     125
     113
     127
     114
     114
     117
      96
     119
      92
      76
      84
      78
      95
      94
     104
      76
     104
      81
      92
      82
      81
      56
      81
      78
      83
      73
      94
      94
      94
      86
     120
      73
      73
      83
      78
      75
      78
      95
      81
      82
      78
      83
      78
      66
      70
      59
      67
      74
      69
      66
      79
      74
      84
      67
      74
      72
      64
      80
      76
      73
      76
      66
      73
      63
      67
      79
      88
     107
     116
     142
     151
     175
     139
     140
      95
      80
      75
      64
      78
      72
      71
      70
      92
      70
      93
      88
     114
     110
     119
     135
     152
     168
     196
     240
     196
     158
     127
      97
      83
      79
      89
      83
      74
      69
      72
      51
      80
      88
      68
      87
      76
      84
      88
      71
      68
      74
      72
      72
      59
      81
      85
      78
      78
      63
      59
      61
      73
      65
     101
      84
      68
      59
      68
      62
      80
      72
      72
      68
      58
      70
      68
      66
      87
      70
      90
      84
      78
     109
      89
      88
      86
      84
      76
      91
      97
      80
      87
      99
      99
      94
     118
     168
     235
     243
     220
     196
     138
     114
      86
      90
      99
      80
      93
      82
      96
      83
      89
      77
      83
      76
      80
      79
      85
      79
      78
      86
      82
      68
      66
      72
      73
      72
      84
      76
      76
      67
      84
      67
      73
      85
      81
      64
      64
      87
      67
      69
      67
      75
      84
      62
      95
      65
      68
      66
      55
      83
      57
      79
      72
      81
      67
     109
      82
      93
      61
      65
      73
      76
      86
      65
      59
      72
      58
      44
      69
      67
      80
      65
      69
      78
      62
      77
      74
      77
      69
      69
      58
      69
      81
      77
      67
      67
      82
      66
      62
      83
      58
      70
      71
      71
      58
      84
      60
      54
      60
      63
      65
      49
      77
      65
      66
      71
      65
      75
      60
      58
      75
      81
      62
      70
      71
      66
      68
      70
      68
      64
      65
      62
      63
      56
      75
      60
      80
      75
      73
      66
      76
      75
      58
      70
      67
      66
      64
      65
      53
      65
      63
      70
      77
      57
      65
      78
      57
      46
      70
      64
      71
      72
      66
      74
      55
      58
      70
      61
      68
      62
      61
      60
      60
      68
      46
      66
      50
      63
      65
      58
      63
      68
      69
      61
      69
      64
      64
      61
      81
      61
      58
      59
      75
      54
      66
      63
      74
      69
      83
      67
      70
      70
      68
      62
      80
      62
      63
      68
      64
      51
      70
      59
      57
      78
      70
      65
      62
      66
      53
      65
      67
      55
      71
      74
      63
      65
      66
      60
      71
      63
      69
      61
      78
      70
      72
      73
      56
      66
      68
      59
      61
      65
      57
      78
      61
      65
      74
      72
      62
      73
      60
      72
      71
      61
      68
      54
      47
      66
      62
      50
      59
      63
      56
      52
      61
      66
      47
      47
      69
      62
      61
      62
      68
      55
      63
      57
      64
      62
      58
      62
      55
      61
      59
      68
      71
      70
      73
      75
      47
      37
      61
      58
      53
      63
      64
      47
      57
      52
      47
      64
      70
      40
      50
      72
      51
      56
      49
      62
      60
      64
      67
      54
      55
      59
      59
      48
      65
      70
      58
      48
      59
      72
      64
      53
      60
      58
      47
      64
      45
      44
      64
      74
      63
      52
      55
      69
      69
      51
      70
      63
      53
      52
      63
      72
      62
      52
      63
      75
      58
      46
      55
      70
      64
      47
      49
      56
      51
      49
      44
      54
      67
      73
      59
      77
      65
      64
      53
      69
      57
      74
      61
      62
      77
      78
      75
      79
      72
      65
      62
      58
      69
      74
      95
     134
     161
     185
     213
     144
     144
     120
      94
      69
      63
      56
      38
      62
      66
      58
      74
      54
      57
      59
      63
      64
      45
      62
      55
      57
      50
      49
      49
      51
      49
      63
      60
      60
      48
      41
      52
      57
      47
      49
      34
      66
      44
      41
      67
      67
      53
      53
      60
      65
      63
      85
      71
      66
      69
      72
      53
      58
      73
      68
      58
      60
      51
      59
      54
      48
      61
      63
      63
      66
      54
      62
      56
      48
      48
      63
      64
      59
      54
      57
      58
      73
      50
      57
      62
      48
      56
      64
      60
      64
      56
      54
      64
      60
      64
      55
      66
      56
      72
      71
      79
      71
      89
      86
     120
     134
     178
     199
     218
     206
     167
     122
     102
      79
      80
      71
      85
      64
      52
      66
      64
      49
      52
      64
      61
      68
      55
      52
      49
      59
      62
      69
      62
      55
      52
      63
      59
      71
      59
      56
      53
      54
      63
      42
      59
      55
      56
      46
      58
      47
      54
      57
      58
      49
      46
      40
      54
      55
      49
      44
      45
      52
      49
      58
      52
      58
      50
      43
      40
      56
      45
      45
      39
      49
      61
      59
      63
      57
      51
      49
      61
      39
      48
      48
      57
      54
      49
      48
      48
      56
      49
      52
      45
      50
      53
      48
      47
      44
      36
      41
      64
      50
      52
      59
      54
      50
      45
      54
      50
      50
      52
      51
      54
      57
      53
      67
      48
      44
      55
      45
      46
      50
      55
      54
      50
      56
      49
      66
      73
      63
      75
      72
      82
      79
      79
      71
      46
      36
      44
      58
      40
      45
      44
      59
      51
      55
      63
      50
      63
      52
      61
      51
      36
      43
      48
      57
      34
      41
      54
      45
      42
      46
      44
      42
      50
      53
      60
      34
      49
      47
      44
      45
      47
      47
      54
      56
      53
      48
      46
      49
      51
      43
      47
      51
      48
      57
      46
      53
      61
      54
      39
      52
      54
      46
      51
      57
      44
      57
      46
      55
      43
      56
      53
      57
      53
      64
      75
      57
      66
      59
      53
      55
      58
      53
      64
      40
      52
      58
      42
      59
      48
      52
      47
      62
      51
      54
      58
      62
      49
      61
      50
      53
      52
      47
      53
      54
      56
      42
      49
      59
      56
      56
      49
      76
      52
      60
      55
      53
      51
      50
      49
      47
      61
      64
      54
      44
      57
      55
      58
      57
      50
      54
      65
      58
      62
      57
      67
      69
      63
      41
      50
      62
      47
      61
      72
      53
      50
      58
      52
      69
      56
      53
      36
      59
      37
      50
      36
      39
      36
      48
      42
      43
      42
      45
      65
      54
      52
      74
      55
      53
      55
      47
      58
      45
      48
      62
      60
      57
      52
      48
      51
      63
      63
      57
      60
      57
      49
      52
      56
      52
      38
      49
      51
      51
      42
      48
      52
      40
      56
      43
      48
      68
      57
      62
      64
      74
      86
      66
      45
      48
      53
      46
      37
      46
      45
      48
      40
      58
      44
      58
      44
      55
      46
      52
      57
      48
      49
      40
      46
      34
      54
      36
      41
      34
      42
      38
      51
      43
      50
      49
      33
      61
      62
      78
      82
      71
      78
      47
      66
      54
      51
      65
      65
      70
      71
      73
      67
      65
      45
      47
      43
      43
      51
      41
      47
      49
      34
      44
      51
      48
      45
      44
      49
      49
      40
      57
      45
      37
      58
      50
      41
      49
      57
      60
      60
      51
      51
      61
      47
      36
      46
      52
      39
      45
      57
      45
      43
      50
      47
      47
      49
      47
      41
      56
      42
      34
      52
      33
      41
      37
      44
      50
      33
      48
      52
      44
      47
      50
      50
      55
      50
      55
      53
      49
      47
      45
      52
      30
      43
      46
      44
      32
      42
      30
      49
      45
      47
      49
      45
      54
      47
      48
      39
      33
      41
      35
      42
      44
      44
      40
      42
      47
      35
      48
      43
      53
      42
      57
      63
      56
      56
      57
      62
      63
      53
      54
      52
      44
      55
      59
      48
      51
      55
      48
      48
      52
      60
      59
      55
      50
      46
      41
      48
      51
      41
      41
      38
      43
      33
      37
      33
      40
      34
      38
      44
      44
      44
      39
      49
      40
      63
      57
      44
      32
      51
      41
      54
      43
      42
      40
      49
      40
      40
      48
      42
      36
      34
      35
      51
      42
      40
      46
      49
      42
      39
      47
      44
      43
      36
      44
      48
      33
      46
      49
      36
      37
      43
      35
      53
      43
      43
      45
      37
      54
      58
      38
      35
      49
      39
      44
      44
      44
      56
      28
      44
      49
      37
      51
      46
      52
      30
      38
      55
      41
      49
      34
      51
      45
      39
      36
      44
      55
      50
      37
      48
      40
      41
      56
      47
      53
      59
      38
      48
      49
      39
      34
      41
      45
      45
      53
      44
      47
      39
      48
      46
      51
      44
      46
      50
      45
      44
      34
      48
      40
      41
      45
      45
      40
      51
      42
      48
      34
      59
      50
      51
      45
      50
      59
      35
      32
      36
      38
      49
      48
      49
      50
      47
      34
      58
      43
      39
      43
      42
      51
      41
      38
      47
      33
      45
      38
      39
      42
      56
      38
      45
      43
      38
      55
      36
      57
      48
      39
      33
      45
      37
      30
      39
      40
      37
      47
      41
      41
      45
      34
      43
      45
      30
      35
      31
      45
      41
      44
      46
      35
      42
      43
      32
      33
      55
      41
      41
      45
      49
      35
      44
      47
      50
      33
      48
      38
      40
      34
      42
      44
      45
      27
      26
      39
      30
      47
      42
      36
      49
      34
      40
      47
      42
      40
      42
      35
      43
      38
      38
      45
      44
      43
      28
      37
      40
      41
      37
      39
      45
      51
      49
      35
      41
      33
      51
      38
      46
      45
      41
      37
      47
      43
      51
      41
      50
      40
      48
      47
      36
      41
      43
      38
      40
      40
      37
      43
      45
      43
      42
      44
      46
      49
      45
      39
      49
      40
      34
      40
      47
      35
      29
      34
      50
      42
      36
      38
      38
      46
      45
      27
      46
      47
      38
      35
      48
      41
      35
      39
      40
      43
      43
      44
      35
      31
      26
      38
      36
      38
      43
      44
      48
      51
      54
      41
      52
      44
      48
      45
      49
      49
      32
      46
      42
      45
      39
      38
      40
      34
      52
      41
      41
      40
      45
      37
      49
      43
      42
      32
      43
      43
      42
      38
      38
      30
      42
      36
      36
      32
      46
      38
      55
      36
      47
      38
      41
      35
      23
      48
      31
      31
      38
      51
      47
      49
      31
      37
      23
      42
      33
      43
      38
      32
      37
      42
      37
      46
      40
      43
      36
      37
      31
      35
      34
      44
      45
      34
      38
      42
      43
      38
      50
      32
      40
      42
      35
      43
      48
      27
      47
      43
      44
      42
      33
      29
      37
      32
      40
      38
      42
      29
      35
      35
      35
      37
      36
      34
      36
      37
      36
      32
      32
      45
      35
      44
      28
      46
      47
      40
      48
      48
      52
      51
      49
      38
      62
      42
      55
      48
      45
      38
      41
      33
      35
      33
      29
      24
      41
      42
      40
      39
      34
      37
      50
      39
      34
      32
      36
      33
      35
      38
      38
      30
      48
      57
      39
      44
      62
      53
      57
      70
      52
      46
      49
      45
      41
      35
      45
      50
      42
      33
      39
      43
      43
      38
      46
      43
      34
      33
      40
      46
      41
      41
      46
      31
      39
      44
      41
      38
      45
      29
      39
      36
      35
      31
      42
      32
      35
      47
      44
      36
      50
      44
      37
      47
      48
      35
      34
      45
      39
      30
      31
      36
      33
      38
      38
      36
      36
      45
      49
      41
      44
      58
      49
      48
      48
      37
      36
      39
      38
      32
      45
      29
      50
      41
      37
      53
      45
      58
      44
      29
      43
      49
      30
      43
      35
      43
      37
      32
      35
      59
      39
      41
      48
      60
      45
      39
      41
      39
      26
      40
      28
      38
      33
      27
      34
      39
      38
      31
      25
      38
      29
      32
      39
      27
      45
      27
      22
      29
      40
      47
      35
      29
      40
      37
      43
      41
      43
      42
      39
      29
      35
      40
      34
      36
      32
      40
      34
      41
      42
      50
      42
      47
      30
      36
      42
      44
      40
      41
      32
      41
      23
      44
      38
      37
      37
      37
      37
      30
      29
      28
      37
      33
      39
      21
      37
      36
      39
      24
      29
      50
      42
      28
      36
      35
      46
      34
      45
      40
      25
      34
      46
      47
      32
      33
      43
      35
      34
      29
      29
      34
      27
      43
      35
      39
      41
      28
      43
      34
      33
      39
      32
      41
      45
      32
      36
      37
      31
      30
      33
      43
      38
      44
      47
      35
      41
      31
      34
      31
      23
      32
      41
      22
      36
      30
      46
      27
      33
      38
      40
      32
      38
      33
      44
      23
      40
      27
      32
      41
      34
      35
      34
      26
      42
      32
      16
      34
      36
      35
      27
      23
      33
      35
      27
      29
      22
      31
      38
      34
      32
      22
      30
      32
      33
      31
      33
      42
      43
      38
      24
      44
      43
      36
      39
      36
      42
      38
      56
      41
      41
      37
      32
      26
      23
      34
      28
      42
      35
      42
      27
      43
      42
      25
      34
      37
      30
      36
      41
      43
      26
      39
      44
      36
      36
      34
      33
      35
      44
      32
      29
      41
      37
      36
      32
      41
      39
      41
      36
      44
      28
      40
      40
      39
      29
      31
      40
      31
      43
      39
      31
      47
      39
      30
      43
      39
      41
      55
      50
      51
      64
      54
      56
      49
      51
      42
      46
      48
      39
      40
      34
      28
      29
      24
      31
      35
      33
      26
      33
      33
      39
      38
      37
      47
      46
      37
      37
      30
      34
      36
      31
      32
      28
      29
      35
      19
      32
      39
      28
      38
      36
      16
      35
      36
      38
      37
      36
      30
      35
      39
      30
      38
      28
      29
      34
      36
      50
      36
      35
      27
      29
      41
      39
      37
      25
      40
      35
      33
      36
      36
      33
      34
      27
      27
      39
      34
      38
      22
      29
      42
      32
      29
      36
      36
      32
      35
      40
      33
      37
      40
      36
      39
      31
      27
      38
      35
      25
      27
      28
      24
      34
      28
      31
      42
      27
      29
      33
      25
      35
      25
      19
      25
      34
      36
      36
      32
      27
      35
      33
      33
      38
      34
      54
      31
      29
      34
      24
      28
      28
      29
      42
      28
      29
      29
      34
      39
      28
      37
      32
      38
      31
      27
      32
      40
      24
      29
      40
      30
      25
      37
      23
      37
      46
      32
      28
      29
      28
      36
      31
      36
      30
      34
      34
      27
      36
      28
      34
      41
      28
      33
      35
      40
      51
      30
      39
      39
      48
      31
      32
      32
      25
      30
      27
      28
      32
      30
      36
      26
      23
      27
      31
      28
      30
      26
      22
      28
      30
      35
      38
      44
      32
      37
      36
      38
      29
      39
      23
      23
      23
      28
      22
      36
      26
      32
      28
      36
      21
      32
      28
      23
      34
      27
      28
      26
      40
      43
      32
      33
      37
      42
      35
      28
      28
      25
      25
      32
      27
      37
      37
      33
      29
      33
      31
      21
      36
      31
      30
      38
      25
      38
      21
      32
      29
      28
      32
      27
      44
      32
      43
      29
      36
      23
      29
      31
      26
      26
      36
      29
      30
      26
      36
      31
      27
      37
      43
      32
      32
      40
      24
      26
      40
      41
      53
      39
      27
      38
      38
      40
      33
      30
      29
      41
      26
      26
      32
      30
      36
      37
      37
      38
      22
      31
      36
      45
      41
      37
      23
      31
      40
      42
      38
      29
      24
      27
      26
      38
      44
      42
      44
      40
      53
      48
      37
      45
      35
      35
      21
      40
      38
      31
      39
      48
      67
      65
      63
      70
      81
      50
      41
      42
      30
      29
      33
      34
      27
      36
      32
      28
      39
      30
      33
      31
      36
      24
      26
      38
      35
      28
      24
      30
      30
      34
      29
      28
      35
      35
      32
      30
      35
      35
      38
      40
      30
      39
      42
      35
      52
      41
      34
      34
      41
      44
      31
      40
      37
      34
      31
      31
      19
      38
      20
      28
      31
      24
      40
      25
      28
      32
      29
      27
      33
      27
      30
      27
      31
      33
      27
      32
      23
      25
      38
      31
      34
      30
      27
      38
      28
      22
      34
      31
      27
      32
      35
      37
      20
      29
      26
      30
      28
      27
      31
      30
      32
      31
      30
      25
      22
      35
      33
      24
      28
      31
      41
      22
      20
      30
      23
      21
      30
      23
      28
      31
      25
      32
      23
      25
      32
      19
      31
      30
      30
      31
      28
      36
      26
      34
      26
      33
      36
      32
      26
      29
      28
      31
      24
      38
      36
      31
      22
      31
      26
      26
      28
      26
      29
      29
      32
      29
      31
      30
      29
      25
      39
      28
      40
      29
      28
      31
      24
      38
      30
      28
      30
      32
      27
      25
      28
      32
      30
      25
      25
      30
      32
      21
      26
      39
      23
      34
      38
      31
      27
      34
      26
      38
      34
      26
      27
      29
      33
      28
      35
      36
      24
      29
      29
      26
      27
      30
      20
      31
      25
      26
      38
      33
      32
      38
      22
      24
      31
      27
      24
      23
      28
      31
      28
      32
      26
      28
      26
      19
      23
      21
      36
      31
      23
      25
      28
      32
      28
      28
      29
      30
      26
      25
      21
      35
      29
      33
      30
      22
      13
      23
      29
      28
      29
      35
      30
      31
      29
      25
      24
      26
      18
      24
      26
      31
      29
      25
      29
      26
      26
      27
      33
      22
      27
      24
      25
      24
      26
      33
      29
      31
      34
      26
      32
      23
      25
      34
      33
      31
      25
      30
      35
      26
      35
      38
      39
      34
      35
      36
      22
      27
      25
      30
      29
      29
      28
      28
      22
      29
      31
      25
      25
      30
      24
      31
      25
      29
      26
      20
      20
      29
      19
      23
      30
      30
      31
      21
      25
      21
      33
      35
      33
      35
      33
      26
      22
      21
      25
      32
      23
      22
      26
      29
      34
      33
      29
      22
      25
      20
      26
      25
      20
      29
      33
      36
      20
      27
      32
      26
      35
      30
      29
      22
      20
      27
      22
      25
      31
      16
      19
      32
      18
      25
      28
      22
      27
      29
      18
      18
      35
      35
      23
      25
      40
      35
      21
      20
      31
      32
      27
      27
      33
      21
      24
      16
      22
      29
      30
      25
      28
      20
      25
      30
      36
      27
      25
      19
      17
      24
      29
      19
      35
      31
      32
      22
      18
      25
      24
      26
      25
      31
      19
      24
      24
      41
      23
      28
      22
      22
      24
      24
      26
      28
      17
      27
      27
      30
      29
      33
      25
      15
      21
      31
      23
      37
      29
      22
      23
      22
      25
      36
      21
      34
      27
      19
      30
      37
      22
      34
      20
      22
      36
      24
      31
      28
      26
      18
      33
      31
      26
      22
      34
      24
      32
      26
      26
      26
      33
      24
      23
      20
      32
      29
      24
      21
      28
      36
      24
      27
      30
      32
      37
      37
      33
      35
      21
      18
      22
      22
      24
      14
      22
      21
      18
      23
      24
      25
      28
      27
      32
      22
      20
      20
      21
      27
      31
      29
      27
      30
      32
      21
      35
      26
      25
      33
      26
      27
      27
      29
      19
      23
      18
      36
      29
      25
      30
      20
      24
      36
      36
      38
      26
      28
      19
      19
      22
      21
      25
      23
      27
      26
      18
      43
      28
      29
      27
      24
      20
      26
      19
      21
      23
      22
      27
      16
      26
      15
      21
      25
      20
      16
      29
      30
      26
      22
      24
      17
      26
      24
      32
      33
      22
      32
      19
      25
      28
      35
      23
      34
      34
      27
      25
      24
      28
      22
      25
      30
      22
      39
      46
      51
      61
      74
      90
      81
      70
      78
      67
      46
      40
      25
      24
      22
      29
      29
      29
      27
      31
      23
      25
      14
      30
      19
      27
      28
      15
      30
      29
      22
      23
      31
      20
      23
      25
      30
      27
      31
      20
      13
      14
      15
      21
      23
      15
      26
      21
      27
      22
      18
      19
      32
      21
      21
      29
      24
      26
      19
      29
      27
      23
      20
      19
      27
      19
      22
      22
      25
      20
      22
      22
      19
      22
      16
      19
      23
      17
      20
      26
      19
      26
      21
      25
      21
      19
      21
      23
      27
      23
      19
      24
      16
      25
      36
      18
      22
      25
      24
      20
      20
      20
      21
      23
      19
      16
      19
      15
      21
      20
      24
      19
      20
      20
      27
      23
      26
      24
      19
      20
      23
      17
      18
      31
      30
      17
      19
      32
      29
      23
      19
      31
       9
      19
      23
      21
      17
      24
      22
      21
      27
      21
      21
      32
      27
      16
      15
      17
      17
      17
      25
      23
      36
      23
      27
      19
      22
      24
      27
      22
      26
      25
      18
      21
      16
      15
      22
      18
      19
      21
      30
      27
      18
      23
      24
      21
      27
      22
      22
      18
      19
      23
      31
      18
      19
      18
      16
      17
      23
      14
      26
      21
      20
      20
      24
      12
      27
      27
      21
      19
      25
      23
      16
      19
      27
      24
      26
      25
      20
      20
      23
      21
      27
      28
      19
      23
      23
      22
      13
      19
      24
      27
      23
      20
      14
      11
      25
      19
      17
      11
      22
      20
      17
      20
      27
      18
      16
      24
      24
      21
      20
      22
      26
      24
      31
      16
      31
      24
      13
      20
      24
      20
      28
      19
      20
      13
      15
      16
      24
      25
      21
      15
      23
      27
      22
      23
      28
      20
      17
      24
      25
      22
      21
      33
      19
      28
      25
      19
      26
      27
      15
      19
      33
      19
      17
      30
      18
      16
      17
      20
      19
      22
      18
      20
      24
      25
      24
      25
      27
      25
      28
      23
      28
      22
      24
      27
      19
      13
      25
      22
      23
      16
      21
      17
      31
      19
       9
      17
      21
      29
      31
      20
      19
      23
      19
      26
      19
      17
      16
      22
      13
      25
      24
      15
      18
      18
      23
      17
      16
      26
      20
      16
      16
      25
      17
      22
      25
      13
      23
      21
      19
      21
      17
      17
      23
      19
      16
      16
      13
      16
      18
      29
      26
      27
      16
      15
      19
      21
      19
      16
      23
      18
      22
      21
      19
      18
      17
      24
      27
      24
      15
      12
      20
      19
      29
      18
      18
      21
      28
      17
      21
      17
      22
      21
      18
      15
      19
      21
      23
      24
      21
      23
      19
      13
      17
      20
      12
      18
      20
      17
      22
      16
      16
      14
      24
      20
      20
      24
      23
      22
      14
      14
      22
      18
      14
      15
      16
      19
      19
      24
      19
      21
      14
      14
      17
      24
      21
      19
      17
      20
      17
      26
      21
      24
      20
      16
      17
      21
      17
      24
      19
      18
      21
      23
      20
      22
      15
      16
      31
      20
      20
      24
      21
      21
      21
      17
      15
      20
      19
      24
      21
      19
      19
      16
      20
      13
      21
      14
      19
      23
      21
      21
      18
      17
      21
      28
      19
      27
      22
      18
      30
      23
      32
      35
      52
      79
     105
     134
     195
     202
     192
     189
     163
     126
      82
      64
      34
      23
      24
      17
      18
      24
      21
      13
      14
      22
      13
      24
      22
      10
      22
      24
      20
      11
      11
      30
      25
      20
      16
      31
      15
      25
      10
      19
      15
      32
      21
      19
      19
      22
      22
      20
      17
      19
      18
      13
      25
      17
      25
      23
      15
      28
      15
      26
      26
      20
      21
      17
      20
      12
      18
      18
      20
      13
      18
      24
      27
      23
      26
      32
      23
      27
      25
      19
      27
      17
      21
      23
      17
      11
      13
      29
      21
      18
      13
      13
      15
      18
      19
      13
      18
      19
      16
      24
      12
      15
      20
       9
      18
      11
      18
      15
       8
      19
      22
       8
      21
      17
      15
      20
      18
      16
      22
      23
      21
      21
      18
      16
      18
      23
      15
      13
      21
      17
      14
      14
      15
      15
      22
      12
      13
      19
      20
      25
      16
      12
      22
      16
      20
      16
      15
      14
      15
      17
      21
      16
      14
      22
      10
      18
      13
      15
      18
      23
      16
      15
      19
      22
      15
      20
      11
      14
      18
      17
      22
      18
      24
      12
      17
      18
      13
      19
      16
      13
      13
      16
      14
      19
      19
      19
      22
      23
      12
      14
      15
      19
      18
      14
      19
      13
      16
      14
      21
      17
      18
      10
      21
      16
      15
      20
      17
      18
      12
      17
      18
      19
      16
      19
      19
      13
      15
      19
      15
      18
      17
      20
      13
      14
      14
      20
      15
      20
      16
      12
      16
       7
       8
       9
      20
      20
      13
      15
      19
      13
      15
      14
      21
      23
      22
      18
      11
      15
      14
      23
      17
      20
      15
      15
      18
      17
      17
      18
      16
      14
      18
      15
      17
      22
      20
       6
      13
      21
      21
      22
      26
      14
      13
      13
      26
      16
       9
      13
      15
      16
      10
      12
      16
      13
      12
      13
      17
      14
      19
      20
      21
      13
      22
      22
      14
      11
      17
      21
      16
      17
      18
       9
      17
      15
      12
      16
      12
      18
      17
      15
      18
      11
      15
      14
      17
      14
      13
       8
      10
      18
       7
      15
      26
       9
      19
      10
      11
       9
      19
      12
      11
      14
      13
      24
      11
      17
      19
      10
      13
      12
      17
      14
      13
      13
      20
      13
      12
      11
      14
      17
      16
      10
       6
      20
      21
      22
      12
      11
      12
      15
      18
      10
      18
      16
      16
      14
      13
      15
      14
      22
      15
      12
      14
      14
      13
      13
      12
      12
      13
      10
      17
      18
      12
      13
      22
      15
      15
      18
      16
      16
      16
      17
      21
      18
      12
      19
      20
      23
      18
      18
      19
      12
      20
      11
      22
       9
      12
      21
      17
      20
      15
      16
       9
      14
      15
      12
       7
       8
      21
      13
       8
      10
      15
      14
       7
      16
      15
      13
      15
       9
      12
      16
      12
      15
      24
      14
      16
      16
      13
      18
      12
      17
      18
      17
      12
      20
      23
      14
      19
      19
      15
      11
      11
      14
      24
      11
      11
      21
      20
      18
      11
      18
      19
      15
      13
      18
      15
      21
      16
      16
      18
      11
      15
      16
      14
      15
      24
      13
      19
      14
      28
      18
      23
      17
      16
      25
      22
      13
      16
      27
      23
      32
      34
      35
      31
      35
      29
      33
      20
      15
      14
      30
      17
      17
      17
      16
      12
      19
      14
      14
      15
      11
      14
      15
      15
      20
      14
      20
      13
      12
      17
      25
      19
      19
      17
      10
      20
      27
      19
      23
      15
      13
      15
       6
      12
      16
      13
       9
      16
      14
      11
      19
      12
      18
      13
      14
      11
      13
      13
      14
      19
      17
      13
      15
      18
      22
      16
      26
      14
      18
      13
      12
      16
      21
       8
      17
      14
      10
      15
      10
      13
      17
      14
      14
      18
      15
      17
      10
      24
      15
      13
      16
      13
      13
      11
      12
      16
      17
      12
      16
      17
      13
      11
      15
      12
      16
       9
       7
       9
      12
       8
      16
      16
      11
      16
      12
      12
      11
      11
      10
      14
      17
      17
      17
      14
      12
      16
      21
       9
      13
      19
      14
       9
      14
      14
      11
       8
      18
      11
      10
      14
      12
      13
      18
      17
      12
       9
      15
      10
      14
      10
      12
      18
      14
      15
      14
      13
      22
       8
      15
       9
      13
      12
      11
      17
      13
      17
      10
      11
      13
      16
      18
      11
      15
      14
      22
      23
      13
      15
      10
      15
      14
      19
      17
      15
      11
      10
      12
      14
      17
      13
       7
      15
      10
      18
      10
      14
      10
      12
      11
      10
      12
      19
      12
      11
      10
      15
      17
      10
      12
       7
      16
      13
      10
      18
      15
      12
      14
      13
      19
      16
      19
      17
      12
      12
      15
      12
      11
      16
      11
      10
      21
      18
      10
      24
      13
      13
      12
      10
      10
      13
      13
      12
      15
      20
      12
      16
      18
      14
      16
      19
      13
      20
      16
      14
       7
       7
      11
      15
      10
      11
       8
      18
      11
      13
      13
      14
      14
      10
      17
      10
       9
      10
      14
      14
       9
      10
       9
      13
      17
      15
      18
      16
      12
      12
      13
      11
       8
      14
      13
      14
      19
       9
      16
      11
      13
      14
       6
      14
       7
      11
      11
      12
       9
      21
      15
      12
      14
      15
      10
      14
      13
      10
       5
      15
      13
      10
      16
       9
      18
      14
      12
      10
       6
      13
      13
      11
      11
      10
      14
      14
       9
      10
      15
      12
       4
       8
      16
       9
      13
      11
      17
      11
      13
      12
      11
       8
       9
      11
      11
      12
       8
       8
      19
      22
      13
      15
      21
      18
      16
      10
      12
      13
      14
      13
      19
      11
      14
      14
      10
       9
      10
      11
      14
      15
      15
       6
      18
      10
      13
      11
      12
      13
      14
       6
       7
      17
      12
      11
      11
       8
      17
      12
      16
      17
      15
      16
       8
$ENER_FIT:
-0.051090 0.357460
$PRESETS:
Live Time (sec)
150000
0
$RT:
160622.320000
$DT:
10622320
$ISO_DECL_PU:
SMPLNAM: IDB-1463
SEPDATE: 01/01/1900 00:00:00
PU238: 0.0117 
DPU238: 2.5641
PU239: 93.4123 
DPU239: 0.0043
PU240: 6.3131 
DPU240: 0.0618
PU241: 0.2235 
DPU241: 0.1790
PU242: 0.0395 
DPU242: 0.7595
AM241: 0.1047 
DAM241: 2.0057
DATE: 06/20/1986 00:00:00
PU240EFF: 6.4089
DPU240EFF: 0.0624
$ADC:
8192
0
8191