$APPLICATION_ID:
IDB v.1.0
$SPEC_REM:
Material type: Pu
Material form: Pellet
Material compound: PuO2
Pu isotopics:
238Pu 0.0387
239Pu 85.2204
240Pu 14.2224
241Pu 0.2826
242Pu 0.2359
241Am 1.3098
Detector: LaBr3 (Geometry: Cylindrical, Size: 2 in (diam) x 0.5 in (len))
MCA: InSpector-2000
$DATE_MEA:
03/25/2014 13:36:33
$MEAS_TIM:
100000 100230
$DATA:
0 4095
       0
       0
       0
       0
       0
       0
       0
       0
       0
       0
       0
       0
       0
       0
       0
       0
       0
       0
       0
       0
       1
       1
       3
       8
       2
       9
      14
      21
      34
      69
     101
     138
     185
     250
     309
     332
     403
     859
   11039
   64367
  143019
  176148
  168204
  160412
  160834
  170663
  185935
  206087
  228905
  253144
  277184
  301124
  319694
  333951
  341758
  348568
  354078
  363597
  378730
  402008
  435944
  480143
  533444
  596477
  666732
  746956
  831274
  925152
 1024614
 1130755
 1246209
 1366168
 1486575
 1605346
 1721589
 1824611
 1917203
 2001246
 2080543
 2157913
 2243886
 2332736
 2414739
 2462363
 2469035
 2397622
 2251148
 2023525
 1739609
 1426186
 1116524
  831099
  596382
  416815
  291166
  209225
  160743
  134884
  123931
  120217
  120035
  122759
  126500
  130927
  134601
  138720
  142268
  146734
  149556
  152439
  155727
  158042
  160756
  163205
  166686
  170297
  173292
  178403
  182946
  188804
  194505
  201815
  211536
  221211
  232399
  245357
  260020
  279429
  301766
  329468
  359946
  396982
  439522
  486868
  540874
  600012
  664032
  728461
  795931
  864052
  926530
  983579
 1030899
 1068187
 1089618
 1098541
 1089340
 1064162
 1024581
  976041
  917172
  848939
  776035
  703000
  631060
  567656
  507890
  459096
  420188
  393061
  374335
  362850
  358451
  355498
  355138
  353761
  352645
  348984
  342190
  333720
  322789
  309886
  295845
  280885
  265745
  251654
  239386
  228825
  219193
  214242
  209970
  205487
  203774
  200977
  199333
  196559
  192643
  188144
  182842
  175161
  165674
  155828
  145695
  133728
  123376
  113181
  103735
   96031
   89555
   85469
   81965
   79646
   79411
   79748
   81390
   83008
   84559
   87648
   90527
   92855
   96300
   98503
  101478
  102268
  103800
  104495
  104458
  104661
  103523
  101391
   99752
   96721
   95505
   92869
   91288
   88972
   87480
   86721
   85702
   84784
   85949
   86320
   85909
   87077
   87187
   87360
   87679
   88223
   87282
   88188
   86751
   86780
   85777
   84353
   83193
   82748
   81282
   80940
   78926
   77807
   76931
   75526
   75074
   73902
   72443
   71860
   70643
   70228
   69242
   68588
   67827
   67261
   66787
   66869
   66539
   65949
   65706
   65193
   65553
   65046
   65138
   65208
   64837
   65434
   65865
   65567
   65126
   65580
   65930
   66094
   66549
   66771
   67469
   67660
   69268
   70918
   72272
   74440
   76939
   80093
   84830
   89777
   95215
  101785
  109063
  116267
  124687
  131406
  139736
  147194
  154106
  160027
  163874
  166220
  166330
  165272
  161249
  155964
  148800
  138986
  129055
  118391
  106968
   95882
   85378
   75518
   67644
   60114
   54202
   48664
   44865
   41520
   39112
   37663
   36631
   34925
   34460
   33454
   33302
   32787
   32271
   31916
   31602
   31043
   30741
   30777
   30469
   29480
   29524
   29509
   28987
   28815
   28665
   28400
   28653
   27996
   27971
   27357
   27932
   27433
   27620
   27259
   26933
   27177
   26978
   26975
   26661
   26657
   26311
   26135
   25895
   25436
   25732
   25569
   25495
   25322
   25312
   25434
   25021
   25196
   24877
   25252
   24862
   24423
   24870
   24508
   24505
   24374
   24637
   24440
   24143
   24120
   24172
   24005
   23965
   23941
   23886
   23673
   23521
   23874
   23682
   23426
   23421
   23156
   23107
   22661
   22264
   21833
   21602
   21263
   20623
   20481
   19885
   19478
   19587
   18876
   18599
   18473
   17940
   18122
   17596
   17618
   17570
   17328
   17392
   17284
   17263
   16885
   17080
   17072
   16909
   16809
   17015
   16984
   16977
   16848
   16995
   17353
   17333
   17283
   17619
   17683
   17708
   18205
   17798
   18286
   18246
   18265
   18566
   18517
   18585
   18842
   18821
   18932
   19025
   19144
   19265
   19421
   19777
   20002
   20360
   20639
   20924
   21331
   21637
   22301
   22346
   22412
   22868
   22932
   23164
   22939
   23242
   23421
   23097
   23130
   23042
   23439
   23163
   23314
   23676
   23930
   24488
   24612
   25419
   26463
   27492
   28187
   29344
   30724
   31979
   33002
   34734
   36575
   37838
   39526
   41038
   41894
   43263
   44559
   45349
   45785
   46026
   45873
   45301
   45061
   44432
   43616
   42018
   40949
   40127
   38624
   36868
   35485
   34540
   32602
   31361
   30129
   28815
   27501
   26196
   24453
   23483
   22017
   20865
   19744
   18477
   17123
   16071
   15251
   14271
   13533
   13057
   12573
   12367
   12277
   12145
   12574
   12803
   13225
   14148
   15270
   16108
   17505
   18815
   20606
   22156
   24039
   26148
   28269
   30322
   32832
   35174
   37831
   39823
   42249
   44342
   46530
   47678
   49587
   50171
   52020
   51752
   52024
   51683
   51414
   50280
   49137
   47146
   46115
   44350
   42376
   39599
   37557
   35459
   33434
   31376
   29477
   27637
   26099
   24864
   23449
   22254
   21243
   20561
   19965
   19166
   18380
   17733
   17173
   17013
   16162
   15670
   15219
   14717
   14420
   13881
   13801
   13528
   13257
   12942
   13154
   13447
   13559
   14410
   14957
   15862
   16668
   17886
   19091
   20355
   21517
   23018
   24532
   25601
   26780
   27927
   28477
   29272
   29950
   29922
   29964
   29805
   29423
   28349
   27444
   26388
   25223
   23712
   22241
   20511
   18981
   17411
   16068
   14517
   13165
   11775
   10654
    9616
    8805
    7718
    6997
    6419
    5688
    5280
    4770
    4537
    4128
    3937
    3741
    3443
    3324
    3286
    3248
    3136
    3033
    3003
    3134
    3279
    3210
    3415
    3568
    3638
    3777
    3880
    4086
    4162
    4413
    4461
    4640
    4929
    4804
    5222
    5170
    5214
    5338
    5273
    5099
    5336
    5196
    5010
    4838
    4698
    4656
    4481
    4260
    4005
    3907
    3611
    3535
    3308
    3128
    3034
    2883
    2704
    2671
    2582
    2468
    2385
    2402
    2254
    2233
    2202
    2212
    2127
    2139
    2102
    2117
    2045
    2120
    2023
    2010
    2050
    2026
    1992
    1953
    1990
    1921
    2047
    1994
    1944
    1889
    1916
    1997
    1896
    1860
    1867
    1826
    1851
    1760
    1781
    1745
    1741
    1807
    1709
    1727
    1620
    1718
    1712
    1671
    1719
    1762
    1597
    1600
    1671
    1631
    1677
    1651
    1719
    1663
    1677
    1620
    1662
    1663
    1732
    1726
    1656
    1683
    1736
    1820
    1792
    1675
    1702
    1796
    1683
    1751
    1751
    1734
    1691
    1803
    1677
    1714
    1672
    1683
    1685
    1647
    1607
    1677
    1633
    1592
    1613
    1577
    1515
    1574
    1528
    1560
    1496
    1489
    1460
    1419
    1464
    1440
    1475
    1344
    1430
    1460
    1390
    1421
    1443
    1369
    1340
    1307
    1406
    1391
    1240
    1347
    1379
    1284
    1276
    1401
    1323
    1324
    1455
    1344
    1428
    1355
    1383
    1350
    1362
    1343
    1388
    1373
    1312
    1357
    1414
    1431
    1369
    1338
    1346
    1392
    1429
    1406
    1412
    1362
    1431
    1317
    1316
    1366
    1375
    1322
    1324
    1408
    1342
    1355
    1328
    1335
    1304
    1377
    1260
    1300
    1315
    1259
    1261
    1236
    1216
    1271
    1284
    1238
    1263
    1235
    1262
    1290
    1278
    1251
    1304
    1277
    1315
    1279
    1197
    1293
    1285
    1282
    1267
    1216
    1299
    1182
    1275
    1281
    1270
    1321
    1240
    1227
    1217
    1246
    1256
    1232
    1259
    1268
    1199
    1274
    1237
    1191
    1238
    1223
    1233
    1245
    1258
    1293
    1268
    1242
    1250
    1202
    1284
    1222
    1251
    1268
    1331
    1281
    1320
    1350
    1420
    1396
    1351
    1447
    1462
    1460
    1493
    1488
    1532
    1543
    1508
    1521
    1567
    1620
    1582
    1545
    1548
    1499
    1510
    1588
    1473
    1516
    1504
    1481
    1457
    1338
    1391
    1382
    1328
    1336
    1378
    1316
    1314
    1332
    1347
    1329
    1295
    1393
    1364
    1397
    1429
    1330
    1432
    1481
    1460
    1530
    1537
    1553
    1643
    1634
    1737
    1749
    1836
    1886
    1912
    2008
    2033
    2192
    2192
    2361
    2348
    2513
    2505
    2642
    2821
    2848
    3023
    3197
    3191
    3293
    3419
    3435
    3440
    3538
    3593
    3626
    3704
    3703
    3633
    3644
    3665
    3490
    3520
    3404
    3313
    3235
    3167
    2870
    2810
    2655
    2515
    2391
    2224
    2065
    2030
    1831
    1789
    1678
    1568
    1549
    1422
    1319
    1300
    1228
    1205
    1109
    1148
    1105
    1091
    1107
    1019
    1111
    1026
    1014
    1023
    1022
    1072
    1028
    1012
     985
    1014
    1041
    1002
     970
     927
     967
     999
    1012
     947
     927
     981
     919
     954
     971
     918
     948
     926
     936
     961
     973
     958
    1022
    1031
    1000
    1040
    1105
    1036
    1147
    1138
    1234
    1218
    1386
    1345
    1387
    1482
    1488
    1596
    1587
    1600
    1602
    1779
    1758
    1729
    1768
    1729
    1798
    1830
    1771
    1684
    1803
    1827
    1823
    1662
    1687
    1713
    1548
    1595
    1424
    1365
    1358
    1333
    1237
    1223
    1184
    1170
    1081
    1030
    1056
    1019
     935
     918
     889
     789
     807
     803
     730
     722
     719
     709
     710
     720
     671
     665
     682
     701
     699
     688
     719
     679
     673
     703
     674
     705
     768
     676
     653
     706
     722
     682
     682
     694
     704
     743
     773
     734
     676
     776
     753
     761
     801
     718
     725
     776
     730
     722
     737
     769
     732
     736
     731
     721
     732
     750
     724
     715
     721
     721
     721
     745
     697
     719
     698
     630
     719
     648
     752
     725
     720
     750
     752
     810
     791
     774
     805
     818
     778
     813
     838
     851
     817
     861
     870
     894
     915
     932
     851
     909
     904
     942
     942
     896
     978
     959
     984
     979
    1014
    1006
     927
     969
    1024
     967
    1013
     973
     969
     966
    1009
     965
    1007
     972
     992
     920
     999
     972
    1007
     909
     931
    1002
     930
     930
     939
     923
     953
     992
     904
     945
     969
     937
     947
     888
     934
     911
     910
     947
     946
     910
     883
     919
     903
     893
     903
     868
     902
     920
     943
     888
     927
     946
     930
     896
     882
     926
     894
     937
     930
     897
     918
     909
     889
     930
     832
     911
     849
     876
     826
     890
     881
     929
     877
     912
     897
     881
     897
     880
     861
     824
     908
     890
     853
     830
     892
     869
     881
     882
     846
     834
     889
     896
     864
     857
     855
     863
     865
     821
     831
     847
     864
     846
     830
     898
     821
     812
     776
     823
     837
     839
     797
     834
     872
     874
     869
     806
     859
     806
     752
     840
     813
     841
     792
     809
     779
     776
     827
     787
     832
     796
     779
     730
     813
     792
     816
     851
     799
     789
     833
     768
     777
     768
     795
     787
     783
     760
     810
     762
     780
     737
     782
     829
     765
     748
     756
     782
     802
     780
     785
     744
     768
     795
     738
     750
     819
     789
     809
     746
     759
     751
     735
     755
     781
     757
     720
     752
     744
     719
     731
     706
     747
     694
     744
     752
     758
     770
     707
     744
     739
     740
     736
     742
     678
     717
     711
     693
     736
     723
     734
     720
     757
     692
     755
     714
     699
     764
     723
     733
     707
     737
     666
     716
     671
     674
     726
     713
     732
     722
     680
     696
     709
     708
     675
     703
     717
     667
     694
     655
     648
     690
     696
     667
     709
     674
     681
     686
     674
     684
     661
     684
     724
     668
     703
     687
     674
     649
     629
     627
     653
     619
     662
     660
     601
     608
     599
     610
     593
     637
     621
     604
     614
     646
     601
     593
     617
     608
     599
     604
     613
     609
     622
     582
     553
     622
     572
     579
     578
     599
     535
     601
     537
     594
     536
     577
     535
     583
     573
     584
     551
     568
     532
     522
     574
     528
     478
     525
     508
     557
     549
     565
     541
     568
     564
     557
     506
     525
     476
     543
     525
     519
     509
     538
     529
     507
     531
     511
     515
     539
     495
     496
     444
     477
     515
     492
     480
     492
     497
     499
     476
     499
     485
     474
     497
     476
     461
     466
     461
     482
     461
     495
     463
     443
     448
     491
     478
     468
     465
     511
     502
     437
     471
     431
     448
     435
     441
     486
     439
     435
     442
     467
     449
     444
     434
     476
     439
     490
     411
     437
     417
     435
     459
     422
     439
     433
     431
     437
     455
     464
     463
     427
     465
     441
     433
     422
     451
     452
     452
     443
     467
     445
     446
     477
     459
     480
     419
     415
     485
     401
     446
     477
     438
     476
     471
     487
     472
     456
     495
     495
     458
     446
     435
     445
     448
     455
     416
     474
     450
     436
     463
     472
     460
     432
     458
     466
     473
     423
     431
     436
     476
     456
     466
     469
     418
     429
     483
     469
     460
     456
     508
     475
     492
     512
     482
     455
     462
     508
     445
     474
     445
     468
     435
     461
     459
     440
     507
     504
     481
     440
     411
     452
     500
     481
     456
     475
     455
     472
     446
     485
     431
     482
     507
     456
     484
     460
     485
     490
     502
     491
     454
     468
     511
     488
     439
     492
     471
     461
     461
     470
     486
     502
     498
     549
     472
     503
     481
     519
     480
     457
     522
     486
     470
     482
     502
     493
     489
     498
     471
     535
     523
     484
     528
     486
     495
     496
     440
     541
     523
     497
     499
     510
     502
     542
     471
     462
     514
     468
     516
     522
     498
     504
     568
     517
     459
     501
     493
     501
     501
     511
     510
     508
     515
     503
     533
     483
     507
     518
     521
     493
     516
     513
     493
     478
     532
     492
     516
     517
     466
     518
     534
     520
     515
     532
     500
     520
     531
     515
     485
     536
     569
     519
     544
     521
     484
     501
     493
     494
     505
     487
     512
     526
     512
     514
     520
     532
     505
     500
     503
     474
     487
     513
     525
     508
     470
     543
     506
     500
     433
     501
     492
     549
     517
     502
     506
     486
     496
     495
     503
     503
     466
     504
     455
     462
     500
     499
     459
     478
     475
     457
     486
     489
     479
     478
     457
     498
     453
     412
     391
     465
     455
     425
     485
     422
     433
     452
     461
     420
     420
     407
     423
     411
     390
     412
     416
     355
     422
     390
     366
     387
     334
     350
     331
     372
     350
     329
     346
     356
     332
     358
     339
     343
     301
     325
     313
     295
     313
     308
     297
     269
     302
     264
     310
     294
     301
     307
     267
     276
     278
     265
     262
     288
     249
     231
     265
     242
     272
     262
     221
     270
     233
     241
     240
     246
     262
     245
     236
     227
     220
     243
     246
     218
     214
     230
     228
     217
     225
     219
     206
     180
     210
     216
     176
     208
     196
     204
     201
     187
     208
     225
     211
     216
     199
     205
     209
     180
     201
     193
     162
     215
     145
     184
     172
     178
     164
     193
     167
     192
     173
     171
     200
     180
     159
     162
     164
     134
     177
     148
     149
     144
     169
     154
     152
     183
     145
     143
     146
     164
     182
     155
     149
     153
     132
     171
     150
     124
     149
     139
     155
     147
     146
     122
     137
     142
     141
     142
     137
     128
     140
     119
     120
     146
     136
     138
     133
     122
     144
     118
     111
     123
     110
     105
     119
     133
     105
      90
     123
     111
     109
     107
     126
     114
     105
     113
     113
     106
     107
     107
     108
     104
      84
      91
     111
      92
      98
      91
     110
      86
      93
      99
      95
      87
      90
      82
      85
      92
      87
      93
      94
      89
     107
      82
      81
      88
      86
      77
      78
      82
      91
      81
      94
      82
      70
      66
      84
      95
      82
      85
      84
      85
      80
      87
      84
      82
      97
      80
      69
      84
      56
      72
      93
      90
      72
      70
      72
      83
      91
      61
      79
      78
      69
      75
      77
      78
      86
      78
      91
      89
      77
      69
      89
      94
      82
      84
      88
      94
      86
      91
     118
     124
     109
     123
     100
     116
     115
     134
     143
     144
     158
     135
     157
     179
     177
     190
     198
     195
     229
     212
     227
     261
     267
     303
     319
     317
     347
     377
     393
     379
     445
     458
     507
     529
     518
     565
     561
     584
     607
     625
     684
     696
     714
     739
     753
     757
     808
     840
     884
     838
     880
     875
     924
     904
    1004
     946
     985
    1025
    1061
    1075
    1045
    1092
    1115
    1131
    1111
    1142
    1162
    1170
    1201
    1187
    1194
    1193
    1289
    1286
    1284
    1288
    1325
    1434
    1413
    1479
    1450
    1531
    1544
    1544
    1523
    1576
    1606
    1611
    1668
    1626
    1693
    1661
    1659
    1723
    1676
    1684
    1664
    1724
    1618
    1630
    1579
    1601
    1579
    1614
    1519
    1518
    1406
    1406
    1312
    1317
    1325
    1204
    1126
    1116
    1062
     972
     972
     916
     834
     802
     748
     762
     717
     656
     575
     591
     505
     480
     431
     366
     359
     339
     319
     278
     272
     228
     235
     177
     183
     159
     148
     149
      94
     131
     121
      88
      78
      84
      66
      60
      58
      48
      47
      74
      51
      52
      41
      38
      45
      44
      41
      43
      44
      39
      44
      30
      25
      43
      36
      44
      33
      35
      33
      34
      30
      33
      19
      35
      32
      33
      36
      35
      22
      39
      41
      47
      43
      33
      31
      42
      36
      25
      31
      30
      30
      31
      37
      25
      37
      31
      33
      43
      32
      32
      44
      31
      33
      38
      31
      38
      25
      28
      37
      38
      42
      31
      38
      34
      31
      34
      35
      37
      32
      31
      33
      48
      24
      27
      21
      36
      21
      39
      23
      33
      49
      22
      30
      27
      38
      36
      40
      32
      37
      37
      20
      32
      34
      39
      29
      43
      29
      34
      25
      39
      29
      36
      32
      23
      32
      28
      31
      28
      24
      39
      26
      37
      28
      25
      31
      26
      31
      29
      29
      38
      37
      39
      37
      34
      27
      32
      33
      31
      34
      40
      24
      31
      27
      45
      32
      26
      32
      32
      38
      28
      31
      32
      30
      38
      36
      24
      26
      23
      35
      28
      29
      35
      34
      38
      19
      35
      31
      20
      19
      29
      29
      28
      27
      29
      33
      35
      23
      29
      28
      25
      36
      28
      35
      33
      35
      23
      33
      33
      27
      26
      29
      38
      31
      27
      32
      28
      38
      31
      29
      30
      34
      28
      37
      25
      31
      39
      31
      36
      36
      31
      25
      29
      28
      39
      30
      23
      33
      31
      33
      30
      31
      35
      30
      39
      31
      35
      35
      43
      40
      24
      28
      34
      26
      35
      27
      47
      37
      37
      45
      38
      48
      37
      33
      38
      29
      36
      38
      38
      35
      33
      41
      30
      26
      37
      43
      42
      38
      33
      38
      37
      32
      43
      31
      39
      35
      38
      52
      37
      32
      49
      40
      38
      39
      39
      44
      51
      41
      46
      39
      43
      41
      44
      50
      50
      44
      37
      41
      43
      46
      42
      40
      27
      55
      35
      43
      60
      49
      40
      49
      57
      48
      38
      41
      53
      30
      53
      38
      51
      46
      39
      41
      48
      49
      46
      45
      58
      43
      48
      46
      57
      48
      53
      64
      54
      57
      47
      44
      45
      58
      48
      51
      55
      61
      65
      49
      57
      59
      59
      50
      38
      62
      58
      67
      52
      61
      70
      58
      56
      57
      66
      54
      62
      70
      51
      55
      64
      58
      69
      59
      62
      66
      67
      64
      59
      59
      54
      44
      63
      67
      70
      63
      81
      66
      72
      62
      69
      67
      66
      48
      74
      65
      76
      66
      63
      67
      65
      71
      66
      78
      66
      90
      77
      88
      79
      56
      72
      81
      74
      70
      94
      72
      84
      74
      69
      93
      91
      72
      73
      82
      87
      84
      83
      77
     110
      86
      85
      92
      89
      88
      91
      85
      92
      88
      83
     102
      68
     102
      97
      86
      90
      89
      86
      78
     122
      88
      64
      91
     110
      95
      94
      97
     110
      78
     110
      82
     104
      98
      99
     124
      89
      88
     121
      87
      90
     102
     116
      96
     106
      83
     102
     102
     100
     101
     118
     116
     128
      97
     112
      98
     121
     106
     127
     115
     106
     112
     118
     120
     134
     129
     125
     126
     127
     129
     125
     136
     128
     126
     109
     118
     128
     126
     118
     148
     144
     128
     116
     147
     140
     138
     140
     150
     143
     143
     151
     145
     148
     162
     142
     135
     151
     170
     142
     154
     143
     154
     153
     147
     134
     165
     163
     160
     151
     179
     157
     158
     158
     167
     172
     190
     161
     164
     167
     179
     176
     174
     155
     174
     146
     183
     187
     168
     194
     171
     161
     193
     184
     155
     170
     182
     168
     186
     178
     200
     162
     179
     167
     201
     189
     197
     174
     169
     173
     212
     186
     195
     177
     178
     200
     178
     199
     219
     192
     217
     199
     205
     219
     194
     216
     188
     195
     195
     207
     195
     205
     212
     240
     186
     204
     203
     224
     193
     200
     223
     235
     214
     229
     216
     218
     225
     214
     240
     213
     226
     251
     220
     224
     206
     216
     242
     222
     213
     208
     201
     186
     222
     195
     216
     231
     223
     240
     225
     226
     216
     250
     245
     230
     219
     187
     225
     244
     225
     235
     206
     248
     236
     221
     250
     220
     243
     236
     234
     231
     262
     262
     236
     240
     246
     247
     258
     263
     261
     213
     293
     267
     256
     265
     274
     263
     242
     272
     297
     291
     283
     319
     287
     267
     294
     280
     276
     337
     267
     341
     299
     300
     303
     317
     339
     349
     317
     354
     351
     367
     353
     362
     361
     366
     348
     353
     369
     373
     385
     373
     384
     394
     417
     384
     392
     372
     346
     384
     407
     403
     403
     389
     377
     426
     366
     425
     385
     393
     381
     409
     409
     391
     397
     425
     439
     382
     382
     398
     409
     392
     416
     380
     403
     361
     390
     355
     377
     345
     398
     398
     403
     366
     368
     359
     337
     347
     314
     348
     358
     306
     350
     333
     285
     295
     313
     301
     304
     285
     308
     287
     289
     286
     261
     279
     275
     247
     249
     227
     258
     231
     250
     254
     238
     235
     241
     238
     228
     229
     216
     209
     219
     205
     169
     187
     187
     202
     204
     200
     202
     194
     186
     193
     187
     167
     195
     191
     173
     174
     199
     202
     158
     224
     174
     200
     169
     199
     172
     191
     186
     200
     186
     183
     178
     200
     197
     160
     231
     181
     193
     190
     206
     195
     181
     213
     206
     186
     200
     207
     190
     201
     215
     210
     209
     182
     199
     219
     211
     206
     220
     232
     200
     194
     204
     230
     206
     217
     199
     201
     171
     206
     226
     204
     206
     208
     199
     198
     182
     189
     214
     181
     181
     216
     202
     185
     203
     217
     209
     175
     184
     207
     216
     185
     220
     207
     193
     192
     189
     219
     209
     210
     184
     220
     187
     189
     182
     200
     185
     193
     182
     188
     188
     197
     208
     214
     195
     197
     224
     201
     187
     189
     183
     190
     227
     207
     211
     207
     174
     222
     202
     219
     212
     202
     202
     219
     202
     225
     218
     233
     219
     212
     202
     218
     275
     243
     204
     246
     215
     215
     230
     208
     198
     241
     230
     211
     237
     231
     237
     252
     224
     256
     238
     230
     249
     236
     228
     225
     261
     229
     244
     258
     230
     218
     251
     229
     244
     235
     239
     240
     267
     227
     268
     282
     246
     232
     237
     251
     251
     233
     245
     212
     253
     238
     229
     246
     271
     241
     248
     241
     251
     245
     266
     262
     253
     232
     263
     241
     279
     227
     257
     265
     248
     238
     242
     217
     260
     263
     278
     253
     237
     249
     254
     270
     238
     251
     267
     252
     265
     252
     279
     274
     256
     263
     281
     251
     287
     294
     276
     271
     277
     286
     273
     294
     283
     326
     322
     301
     277
     305
     329
     293
     298
     303
     351
     332
     295
     356
     330
     314
     296
     296
     329
     273
     331
     322
     353
     346
     367
     347
     320
     360
     347
     347
     322
     345
     330
     361
     388
     399
     349
     379
     382
     394
     400
     353
     369
     360
     374
     356
     386
     388
     363
     378
     360
     355
     355
     394
     383
     343
     362
     357
     393
     364
     374
     360
     337
     336
     363
     324
     312
     334
     312
     346
     358
     343
     332
     338
     311
     287
     330
     262
     300
     252
     311
     286
     307
     265
     280
     256
     263
     263
     243
     260
     279
     254
     219
     252
     219
     244
     234
     251
     221
     238
     217
     210
     233
     228
     233
     240
     207
     189
     210
     200
     209
     207
     189
     194
     217
     190
     192
     171
     211
     187
     231
     200
     186
     195
     198
     205
     199
     205
     223
     204
     201
     204
     223
     198
     217
     199
     228
     220
     235
     228
     241
     272
     229
     209
     223
     244
     221
     244
     229
     243
     224
     222
     240
     229
     269
     248
     266
     240
     269
     260
     243
     270
     259
     263
     305
     246
     249
     248
     284
     277
     311
     268
     250
     310
     270
     293
     235
     316
     268
     296
     268
     288
     251
     232
     309
     295
     256
     270
     256
     229
     261
     228
     235
     241
     223
     236
     210
     206
     225
     225
     199
     240
     183
     217
     203
     168
     188
     173
     192
     167
     167
     166
     152
     161
     164
     136
     157
     145
     135
     148
     154
     148
     135
     142
     133
     119
     116
     118
     102
     104
     130
     102
      94
     120
     121
     103
     113
      88
     113
     109
      98
     120
      79
      89
      95
     107
      91
      96
      98
      83
      87
      80
      86
      76
      86
      93
      93
      79
      93
      95
      88
      94
      99
      96
      82
      82
      74
      84
      96
      86
      92
      87
      96
      96
     100
      92
     118
      87
      82
      98
     103
      92
      92
      83
     101
      90
      92
     109
     104
      99
     104
     101
     111
     106
     113
      92
     125
     122
      98
     101
     104
     102
     120
     120
     111
      89
     123
      90
      95
      97
     143
     109
      96
     107
      97
     101
     124
     101
     141
     112
     116
     128
     122
      97
     127
     120
     116
     109
     132
     111
     136
     128
     103
     125
     128
     135
     154
     112
     128
     151
     128
     131
     139
     148
     119
     134
     128
     121
     119
     133
     131
     124
     133
     115
     117
     156
     123
     107
     123
     120
     130
     149
     117
     163
     133
     136
     120
     135
     139
     136
     132
     129
     163
     129
     140
     123
     148
     130
     130
     136
     135
     128
     131
     135
     143
     127
     134
     151
     150
     136
     148
     148
     103
     132
     119
     148
     140
     146
     126
     144
     124
     149
     145
     129
     148
     124
     148
     139
     122
     137
     143
     120
     128
     125
     133
     122
     139
     140
     126
     125
     121
     152
     135
     120
     123
     121
     135
     164
     137
     149
     128
     145
     141
     160
     134
     161
     137
     123
     139
     165
     143
     133
     170
     164
     143
     169
     138
     148
     153
     146
     157
     152
     161
     134
     155
     143
     147
     169
     151
     173
     152
     180
     164
     135
     170
     166
     195
     186
     167
     200
     190
     190
     199
     162
     173
     203
     176
     210
     191
     195
     208
     207
     188
     204
     206
     215
     217
     226
     226
     211
     211
     213
     212
     228
     218
     232
     216
     234
     240
     244
     229
     211
     241
     237
     234
     296
     279
     262
     256
     297
     269
     303
     279
     236
     266
     298
     293
     275
     264
     288
     284
     249
     291
     280
     308
     300
     292
     310
     262
     281
     303
     311
     269
     315
     292
     300
     301
     300
     317
     259
     291
     304
     294
     263
     297
     268
     281
     270
     270
     288
     277
     257
     262
     252
     268
     229
     230
     250
     258
     227
     230
     228
     197
     204
     205
     195
     229
     191
     201
     178
     174
     170
     180
     161
     150
     144
     139
     147
     145
     122
     102
     130
     126
     113
     118
     109
     109
      93
      98
      94
      88
      71
      95
      83
      70
      65
      67
      69
      54
      69
      61
      62
      57
      40
      50
      55
      39
      54
      43
      44
      28
      41
      36
      33
      25
      35
      38
      29
      27
      25
      21
      34
      22
      23
      29
      12
      17
      29
      26
      21
      15
      17
      16
      22
      16
      21
      13
      12
      15
      15
       7
      17
      10
      20
      14
      15
      18
      13
       9
      15
       9
      15
      12
      15
       6
      12
      10
      10
      10
      15
      14
       9
       7
      16
       6
       7
       7
       9
       9
      10
       9
      10
      10
       8
      12
       9
      12
       5
      14
       9
      15
       7
      10
      11
       7
       9
      10
      11
      19
      10
      11
      10
      12
       8
       9
      13
       8
       8
      11
      10
       5
      14
      17
       8
       7
      15
      11
       8
      12
      16
       7
      10
      11
       8
      11
       6
      12
      15
       7
       7
      10
       9
       8
       7
       4
      14
      23
      10
       9
       8
      18
      13
      16
      13
      11
      13
       9
       5
      11
       7
      10
       8
      11
       8
       9
      14
      10
      10
       8
      12
      11
       7
      10
      10
      14
      10
       9
      10
      13
       4
       8
       8
       8
      10
      10
      12
       9
       8
      20
      11
      11
      10
       9
       8
       9
       5
      10
       8
       7
       5
      12
      10
      12
      10
       8
      15
       5
       6
       9
      14
      13
       7
      16
      15
       5
      10
      13
       6
       9
       9
       6
       4
      10
      11
       8
       9
      17
       6
       8
       9
      10
       5
      16
      11
       8
      14
       8
       8
      11
      10
       7
       7
       9
       9
       9
      17
       3
       7
       7
       7
       7
       9
      15
      12
      15
       9
       8
      16
       6
      12
      11
       9
      10
      11
       9
      10
      10
      11
       8
      10
       8
       8
       9
       6
      10
       6
       5
      14
       8
       8
       6
      13
       9
       9
      11
      12
       8
$ENER_FIT:
5.109740 0.664390
$PRESETS:
Live Time (sec)
100000
0
$RT:
100230.040000
$DT:
230039
$ISO_DECL_PU:
SMPLNAM: IDB-1473
SEPDATE: 01/01/1900 00:00:00
PU238: 0.0472 
DPU238: 0.8475
PU239: 84.58 
DPU239: 0.0106
PU240: 14.144 
DPU240: 0.0354
PU241: 0.995 
DPU241: 0.4020
PU242: 0.234 
DPU242: 3.4188
AM241: 0.628 
DAM241: 2.3885
DATE: 01/01/1988 00:00:00
PU240EFF: 14.6561
DPU240EFF: 0.0983
$ADC:
4096
0
4095