$APPLICATION_ID:
IDB v.1.0
$SPEC_REM:
Material type: Pu
Material form: Pellet
Material compound: PuO2
Pu isotopics:
238Pu 0.1085
239Pu 77.0802
240Pu 21.5075
241Pu 0.5906
242Pu 0.7132
241Am 3.1754
Detector: LaBr3 (Geometry: Cylindrical, Size: 2 in (diam) x 0.5 in (len))
MCA: InSpector-2000
$DATE_MEA:
03/31/2014 09:04:00
$MEAS_TIM:
100000 100488
$DATA:
0 4095
       0
       0
       0
       0
       0
       0
       0
       0
       0
       0
       0
       0
       0
       0
       0
       0
       0
       0
       0
       0
       0
       1
       0
       2
       2
       4
       7
      32
      51
      94
     151
     261
     398
     461
     572
     742
     884
     935
    1371
   11351
   63163
  179154
  288603
  328152
  332502
  343891
  366484
  400701
  440931
  484063
  527248
  570156
  613502
  652184
  689869
  730377
  777888
  832623
  900922
  986994
 1090952
 1217513
 1364618
 1530957
 1715866
 1921052
 2147357
 2385987
 2649620
 2933352
 3235482
 3553958
 3888978
 4214437
 4526172
 4804884
 5056801
 5277940
 5480297
 5689684
 5916357
 6149989
 6361968
 6507336
 6537262
 6383857
 6022685
 5454419
 4721161
 3898120
 3064343
 2297027
 1641558
 1131541
  766218
  520851
  372593
  289254
  247521
  230943
  228172
  228533
  234666
  241477
  249239
  255454
  263390
  270050
  277801
  283203
  289030
  294522
  300390
  306105
  312015
  318674
  327423
  335911
  345992
  357008
  371665
  385382
  402573
  421307
  444764
  472524
  501968
  538171
  582035
  637012
  699445
  771633
  856590
  953347
 1062914
 1182012
 1310325
 1447964
 1590540
 1731630
 1868489
 1997707
 2105898
 2191130
 2247979
 2274713
 2262220
 2221393
 2144406
 2038889
 1905701
 1757340
 1595603
 1431493
 1265345
 1112047
  972510
  856185
  757742
  685721
  633062
  598994
  580021
  571866
  566938
  565856
  563058
  560282
  552026
  543061
  527176
  510116
  491670
  471876
  452286
  433980
  417643
  402775
  391061
  379971
  371519
  363392
  357844
  347848
  338309
  325727
  313114
  298588
  283005
  264685
  246182
  228188
  209687
  193787
  177431
  163696
  153133
  143152
  135733
  130526
  127194
  125720
  126650
  128460
  132255
  135535
  140845
  147109
  152218
  158426
  164335
  170340
  174871
  180188
  183445
  185009
  186654
  185339
  182710
  180205
  175230
  170078
  163723
  159208
  152214
  146862
  142869
  139115
  136196
  133900
  133644
  131777
  132323
  132859
  133808
  133499
  134992
  135447
  135646
  135472
  133832
  133921
  132111
  131206
  130179
  128756
  125790
  123524
  121208
  118663
  117033
  114354
  112402
  110102
  107510
  105319
  103774
  102304
  100443
   99764
   98705
   97999
   96716
   96499
   95687
   95864
   95578
   95682
   95397
   95837
   95350
   95926
   95411
   96169
   96251
   96696
   96855
   97030
   97258
   97919
   98553
   99113
  100070
  101250
  103890
  105900
  110051
  114840
  120021
  126321
  134196
  144214
  155843
  168167
  182218
  197350
  213531
  231319
  248791
  265207
  279681
  294659
  304610
  312506
  315638
  314129
  308234
  300263
  285786
  267850
  249621
  226202
  204301
  180834
  158361
  137908
  118699
  103125
   89306
   78099
   68581
   61900
   57014
   52534
   49738
   47556
   45833
   44558
   43461
   42765
   42204
   41236
   40652
   40701
   39761
   39539
   38855
   38115
   37888
   37958
   37427
   36910
   36727
   36516
   36114
   36336
   36236
   35895
   35406
   35437
   35575
   35157
   34974
   34558
   34372
   34428
   34252
   33757
   33485
   33332
   32888
   33125
   32824
   32623
   32219
   32093
   31805
   31646
   31510
   31614
   31686
   31713
   31408
   31520
   31353
   31468
   31107
   31572
   31553
   31982
   31958
   32357
   32120
   32356
   32675
   32769
   32924
   33525
   34064
   33908
   33926
   34226
   33700
   33551
   33580
   33051
   32392
   31718
   31334
   30470
   29762
   29000
   28249
   27989
   27042
   26594
   25925
   25410
   24736
   24384
   24143
   23914
   23713
   23376
   22969
   23064
   22896
   22866
   22793
   22702
   22630
   22723
   22902
   23117
   23287
   23094
   23078
   23584
   23358
   23978
   23657
   24141
   24427
   24798
   24675
   25081
   25434
   25890
   25850
   26211
   26539
   26676
   27511
   27322
   27757
   28737
   29473
   29782
   30513
   31155
   32149
   32821
   33465
   34271
   35096
   36043
   36919
   36947
   37687
   37895
   37922
   37644
   37690
   37623
   37514
   36966
   36739
   36559
   36317
   36057
   35969
   35872
   35873
   36790
   37374
   38335
   39510
   40934
   42576
   43924
   46053
   48207
   50472
   52846
   55108
   57319
   59740
   61816
   63627
   64856
   66429
   66623
   67057
   66881
   66259
   65184
   63720
   61586
   59809
   57068
   54480
   51655
   48946
   46460
   43292
   40988
   38203
   36075
   33548
   31220
   29277
   27704
   25817
   24107
   22519
   21153
   19639
   18682
   17461
   16244
   15759
   15235
   14849
   14456
   14187
   14245
   14626
   15083
   15642
   16288
   17493
   18621
   19805
   21513
   22980
   25137
   27108
   29146
   31345
   33653
   35863
   38005
   40766
   43012
   44842
   47219
   48772
   50818
   52047
   52795
   53799
   54581
   54719
   54674
   53945
   53181
   52097
   51119
   48785
   47208
   45157
   42561
   40753
   38495
   36123
   33573
   31869
   30011
   28353
   26690
   25017
   23672
   22555
   21501
   20521
   19923
   19033
   18486
   17831
   17336
   16757
   16119
   15839
   15283
   14823
   14451
   14381
   13932
   13787
   13444
   13440
   13302
   13675
   13623
   14099
   14692
   15645
   16139
   17062
   18381
   19552
   20470
   21667
   22585
   23916
   24852
   26112
   27111
   27141
   27555
   28013
   28063
   27996
   27640
   26986
   26299
   25237
   24215
   23199
   21798
   20598
   19275
   18020
   16306
   15350
   14207
   12973
   11811
   10914
   10092
    9084
    8574
    7917
    7264
    6835
    6559
    5979
    5559
    5360
    5073
    4911
    4731
    4636
    4463
    4424
    4415
    4310
    4339
    4361
    4405
    4494
    4554
    4688
    4737
    4928
    5151
    5099
    5333
    5604
    5601
    5818
    5870
    5955
    6028
    6223
    6219
    6227
    6296
    6200
    6237
    5950
    5951
    5887
    5790
    5439
    5266
    5160
    4946
    4939
    4620
    4573
    4426
    4176
    4007
    3893
    3930
    3863
    3689
    3557
    3584
    3432
    3459
    3397
    3443
    3246
    3246
    3248
    3231
    3146
    3110
    3165
    3170
    3194
    3013
    3034
    3010
    2971
    2874
    2952
    2909
    2944
    2866
    2867
    2848
    2841
    2728
    2814
    2734
    2735
    2764
    2754
    2631
    2647
    2659
    2609
    2635
    2575
    2598
    2576
    2617
    2595
    2592
    2572
    2601
    2614
    2548
    2687
    2603
    2788
    2724
    2797
    2844
    2845
    2811
    2932
    3081
    3026
    3018
    3090
    3161
    3047
    3129
    3196
    3254
    3248
    2972
    3224
    3166
    3156
    3042
    3060
    3080
    2977
    2892
    2965
    2774
    2766
    2684
    2632
    2534
    2632
    2553
    2509
    2475
    2393
    2214
    2375
    2261
    2197
    2209
    2101
    2173
    2115
    2187
    2039
    2035
    2066
    2052
    2064
    2033
    1935
    1932
    1952
    1902
    1984
    1822
    1857
    1838
    1886
    1907
    1955
    1862
    1829
    1887
    1822
    1852
    1896
    1804
    1821
    1814
    1874
    1828
    1947
    1884
    1787
    1858
    1761
    1757
    1803
    1805
    1769
    1813
    1812
    1772
    1862
    1819
    1839
    1875
    1794
    1806
    1798
    1883
    1783
    1778
    1736
    1743
    1704
    1774
    1745
    1719
    1715
    1749
    1782
    1743
    1733
    1722
    1745
    1746
    1782
    1768
    1787
    1798
    1851
    1770
    1741
    1790
    1914
    1853
    1732
    1817
    1834
    1903
    1868
    1947
    1938
    1914
    1770
    1848
    1826
    1796
    1797
    1845
    1763
    1746
    1733
    1800
    1738
    1710
    1772
    1667
    1714
    1715
    1733
    1628
    1685
    1639
    1682
    1619
    1615
    1624
    1675
    1698
    1752
    1697
    1757
    1736
    1727
    1835
    1859
    1834
    1904
    1915
    1935
    1981
    2116
    2124
    2151
    2144
    2298
    2313
    2228
    2415
    2384
    2401
    2340
    2340
    2364
    2379
    2339
    2227
    2237
    2299
    2184
    2001
    2030
    2105
    1980
    1999
    1880
    1867
    1731
    1826
    1808
    1801
    1773
    1802
    1645
    1818
    1759
    1847
    1906
    1823
    1848
    1872
    1973
    1996
    2096
    2138
    2225
    2296
    2346
    2535
    2593
    2717
    2851
    3113
    3253
    3309
    3466
    3728
    3934
    4116
    4380
    4776
    4961
    5056
    5305
    5564
    5684
    6057
    6330
    6353
    6444
    6763
    6856
    6884
    7108
    7095
    6875
    7038
    6950
    6634
    6667
    6483
    6256
    6247
    5754
    5565
    5319
    5007
    4748
    4597
    4220
    3961
    3668
    3369
    3195
    2917
    2783
    2656
    2431
    2293
    2038
    1978
    1918
    1790
    1705
    1693
    1636
    1548
    1583
    1554
    1534
    1478
    1517
    1477
    1422
    1439
    1510
    1467
    1437
    1451
    1404
    1374
    1340
    1377
    1365
    1411
    1350
    1335
    1337
    1376
    1345
    1325
    1346
    1390
    1280
    1384
    1394
    1375
    1418
    1447
    1553
    1484
    1589
    1695
    1656
    1822
    1891
    1942
    2042
    2158
    2189
    2327
    2421
    2503
    2679
    2743
    2849
    2941
    3098
    3062
    3270
    3207
    3314
    3392
    3248
    3445
    3198
    3297
    3241
    3272
    3118
    2894
    2943
    2923
    2806
    2705
    2579
    2385
    2330
    2285
    2038
    1964
    1870
    1724
    1664
    1598
    1506
    1336
    1330
    1240
    1212
    1148
    1087
    1039
     979
     930
     950
     929
     880
     852
     823
     843
     849
     849
     809
     817
     825
     831
     828
     826
     876
     789
     809
     855
     844
     881
     888
     884
     891
     903
     942
     927
     936
     916
     920
     921
     907
     928
     932
     904
     908
     925
     947
     954
     933
     874
     900
     931
     873
     885
     873
     910
     896
     818
     879
     887
     859
     828
     848
     792
     832
     864
     873
     817
     739
     818
     826
     794
     913
     846
     927
     853
     926
     941
     843
     893
     914
     914
     874
     966
     986
    1023
     950
     976
     944
     964
     958
    1029
     949
    1050
    1001
     992
    1010
    1035
    1007
     994
    1077
    1025
     971
    1076
    1010
     995
    1059
    1034
    1013
    1060
    1044
     993
    1069
    1009
     982
    1017
    1053
    1002
    1050
     972
    1027
    1051
     985
     985
     946
     994
     975
    1023
     980
     936
    1016
     981
     972
     955
     999
    1027
     967
     992
     968
     972
     964
     963
     992
    1002
     965
     979
     924
     937
     947
     982
     907
     911
     941
     953
     873
     980
     954
     960
     898
     869
     985
     940
     941
     951
     996
     931
     948
     948
     947
     938
     974
     845
     918
     906
     948
     937
     900
     922
     966
     975
     934
     966
     953
     944
     926
     946
     916
     962
     919
     945
     986
     885
     955
     843
     868
     921
     942
     900
     926
     957
     908
     927
     883
     903
     869
     872
     906
     891
     841
     954
     861
     886
     872
     887
     890
     920
     882
     960
     849
     878
     856
     849
     899
     893
     870
     869
     851
     847
     872
     877
     861
     861
     853
     823
     825
     820
     845
     854
     833
     865
     858
     831
     787
     816
     845
     798
     820
     812
     816
     871
     843
     827
     784
     863
     766
     821
     823
     809
     783
     796
     780
     811
     817
     776
     791
     766
     836
     812
     798
     711
     797
     779
     780
     804
     811
     764
     759
     776
     831
     812
     753
     824
     828
     772
     821
     755
     767
     770
     836
     752
     802
     778
     740
     797
     780
     782
     763
     748
     793
     764
     738
     771
     817
     770
     755
     748
     764
     775
     790
     697
     711
     729
     772
     774
     767
     808
     737
     737
     708
     754
     713
     733
     745
     700
     731
     707
     770
     718
     704
     739
     678
     747
     779
     702
     773
     726
     711
     768
     708
     723
     706
     761
     699
     713
     687
     701
     677
     697
     614
     699
     668
     694
     638
     668
     650
     704
     655
     631
     721
     658
     732
     584
     666
     660
     621
     637
     641
     625
     632
     667
     630
     638
     590
     588
     584
     637
     625
     580
     583
     594
     633
     661
     594
     577
     596
     581
     619
     631
     578
     557
     553
     611
     593
     572
     547
     532
     577
     543
     629
     592
     593
     609
     560
     576
     570
     559
     597
     568
     571
     544
     535
     570
     541
     586
     504
     549
     489
     554
     564
     545
     518
     513
     527
     547
     574
     556
     558
     529
     560
     574
     530
     520
     512
     505
     518
     488
     547
     481
     515
     503
     503
     526
     495
     503
     524
     463
     521
     521
     491
     526
     535
     493
     489
     506
     527
     490
     517
     495
     488
     534
     480
     453
     479
     508
     492
     496
     500
     459
     499
     482
     517
     478
     518
     516
     470
     461
     502
     489
     491
     474
     515
     474
     484
     488
     503
     501
     458
     441
     499
     455
     495
     478
     493
     514
     475
     466
     517
     487
     482
     482
     445
     521
     441
     520
     459
     452
     475
     512
     429
     508
     452
     471
     433
     459
     444
     517
     485
     514
     528
     458
     482
     482
     511
     488
     510
     476
     476
     461
     462
     474
     501
     444
     495
     474
     504
     485
     453
     486
     505
     482
     491
     456
     466
     444
     463
     474
     477
     522
     481
     491
     504
     512
     512
     502
     470
     445
     461
     483
     479
     509
     457
     485
     468
     490
     522
     499
     481
     502
     490
     507
     493
     509
     498
     502
     483
     500
     505
     466
     497
     520
     481
     516
     440
     494
     464
     486
     534
     533
     515
     481
     476
     507
     529
     500
     513
     513
     506
     505
     486
     492
     521
     526
     495
     523
     525
     520
     526
     510
     499
     503
     534
     565
     462
     495
     543
     462
     535
     496
     541
     539
     547
     529
     550
     495
     524
     513
     535
     534
     517
     517
     528
     538
     545
     544
     514
     506
     513
     492
     464
     525
     515
     575
     526
     564
     516
     491
     484
     480
     544
     568
     553
     545
     517
     506
     510
     508
     537
     473
     504
     540
     559
     516
     528
     528
     495
     498
     546
     518
     531
     535
     513
     504
     535
     509
     526
     510
     606
     483
     561
     508
     529
     529
     504
     537
     517
     520
     484
     505
     506
     509
     500
     518
     519
     540
     549
     530
     549
     476
     495
     499
     497
     526
     516
     509
     473
     485
     538
     511
     484
     520
     494
     523
     475
     445
     500
     495
     532
     467
     479
     482
     452
     464
     484
     471
     459
     494
     474
     478
     440
     460
     479
     473
     458
     453
     412
     423
     439
     452
     430
     370
     389
     407
     425
     383
     434
     398
     438
     402
     410
     379
     385
     359
     411
     383
     361
     406
     339
     352
     365
     363
     335
     355
     340
     355
     352
     344
     366
     371
     389
     341
     375
     350
     348
     326
     360
     343
     386
     346
     332
     372
     344
     366
     375
     353
     369
     404
     332
     327
     421
     362
     373
     367
     367
     373
     354
     365
     351
     389
     328
     351
     366
     323
     345
     330
     332
     316
     318
     292
     300
     328
     299
     311
     269
     276
     301
     269
     247
     291
     232
     253
     236
     237
     230
     236
     210
     205
     212
     179
     229
     212
     194
     201
     188
     201
     222
     203
     174
     173
     198
     205
     191
     171
     172
     201
     172
     181
     184
     211
     183
     145
     158
     181
     175
     190
     150
     155
     150
     159
     160
     161
     146
     165
     136
     152
     154
     154
     154
     140
     140
     126
     160
     160
     120
     146
     143
     159
     148
     113
     131
     139
     147
     129
     133
     113
     136
     110
     143
     144
     126
     123
     118
     120
     124
     122
     109
     118
     112
     118
     113
     135
     110
     132
     105
     120
     121
     127
     115
     109
     129
     118
     108
     123
     112
     104
     115
     109
     105
     121
      96
     127
      97
     114
     119
     105
     113
     103
      93
      89
     117
      93
      93
      85
     112
      95
     102
     101
      88
      85
      97
      93
      92
     100
      84
      90
      96
      87
      77
      78
      99
      92
      95
      94
      91
      93
      76
      75
      81
      65
      81
      95
      71
      93
      86
      90
      82
      88
      85
      87
      92
     103
      96
      83
      94
      98
      96
     106
      82
      90
      92
      87
      94
      87
     116
     117
     121
      84
     115
     140
     119
     133
     141
     131
     137
     134
     170
     169
     177
     203
     190
     198
     193
     213
     264
     254
     249
     300
     298
     320
     329
     329
     376
     399
     392
     444
     452
     491
     521
     508
     527
     631
     556
     637
     617
     639
     648
     761
     714
     811
     825
     863
     863
     851
     895
     843
     884
     875
     929
     967
     990
    1002
     985
    1029
    1089
    1134
    1046
    1152
    1114
    1137
    1146
    1156
    1166
    1216
    1231
    1222
    1288
    1340
    1316
    1346
    1325
    1451
    1354
    1402
    1422
    1344
    1476
    1496
    1513
    1563
    1529
    1523
    1610
    1603
    1664
    1617
    1657
    1705
    1586
    1670
    1647
    1622
    1659
    1663
    1625
    1502
    1579
    1621
    1503
    1499
    1469
    1471
    1390
    1396
    1312
    1279
    1259
    1188
    1072
    1138
    1047
     969
     979
     915
     809
     722
     717
     671
     630
     648
     596
     530
     439
     469
     412
     393
     349
     297
     324
     255
     240
     218
     231
     198
     142
     137
     145
     134
     127
     113
      86
      85
     106
      82
      83
      75
      60
      52
      49
      71
      61
      54
      72
      44
      43
      48
      52
      53
      41
      47
      37
      42
      54
      56
      52
      44
      42
      38
      44
      43
      43
      33
      55
      45
      41
      52
      49
      50
      37
      43
      47
      39
      44
      47
      44
      49
      40
      36
      50
      44
      41
      32
      48
      37
      44
      29
      42
      38
      39
      39
      37
      43
      34
      41
      44
      39
      34
      49
      44
      39
      34
      40
      37
      29
      37
      28
      31
      42
      33
      42
      34
      43
      45
      46
      37
      37
      38
      38
      44
      35
      42
      38
      38
      39
      37
      40
      42
      53
      40
      30
      38
      36
      34
      50
      42
      36
      47
      45
      45
      44
      34
      39
      38
      35
      40
      48
      44
      44
      40
      52
      36
      46
      45
      51
      38
      36
      44
      46
      48
      40
      33
      53
      31
      33
      40
      36
      48
      44
      44
      48
      42
      43
      52
      46
      44
      47
      40
      41
      58
      39
      46
      50
      55
      44
      41
      42
      50
      41
      33
      49
      38
      33
      36
      48
      37
      41
      42
      47
      34
      32
      39
      46
      43
      33
      40
      33
      42
      39
      49
      34
      33
      31
      38
      45
      39
      29
      26
      47
      32
      27
      41
      48
      46
      36
      38
      38
      38
      41
      33
      37
      36
      32
      35
      43
      38
      27
      36
      36
      31
      32
      42
      41
      30
      41
      61
      47
      38
      40
      37
      45
      38
      28
      41
      44
      48
      40
      36
      32
      35
      48
      44
      42
      49
      32
      51
      45
      41
      45
      48
      38
      49
      46
      34
      43
      47
      44
      41
      31
      50
      39
      41
      38
      39
      45
      47
      45
      47
      37
      51
      42
      58
      43
      32
      36
      38
      52
      37
      43
      45
      49
      47
      40
      43
      52
      41
      42
      44
      26
      45
      40
      45
      48
      54
      56
      40
      42
      53
      54
      45
      48
      33
      45
      52
      65
      39
      55
      39
      59
      51
      51
      47
      53
      55
      49
      54
      55
      42
      41
      47
      40
      50
      47
      59
      57
      48
      61
      48
      52
      55
      54
      54
      51
      61
      50
      47
      55
      51
      71
      56
      38
      48
      62
      58
      59
      63
      72
      61
      56
      66
      62
      61
      62
      65
      59
      53
      62
      59
      70
      49
      70
      69
      65
      60
      77
      64
      71
      60
      55
      64
      60
      72
      66
      77
      68
      66
      60
      79
      80
      69
      77
      73
      69
      72
      77
      72
      92
      84
      73
      71
      69
      82
      74
      85
      81
      82
      79
      67
      86
      80
      78
      86
      59
      91
      63
     100
      95
      96
      99
      91
      97
      70
      84
      79
      80
      89
      89
      77
      68
      67
      95
      90
     101
      87
     100
      93
      94
      99
      88
      80
      91
      82
      89
      91
      91
     114
     107
     111
     102
      96
      92
     101
      90
      92
     101
      89
      95
      93
     128
      94
      86
      78
     118
      91
      84
     112
      97
     123
     121
     114
     105
      95
     114
      93
      90
     119
     102
      97
     101
     103
     107
     108
     104
     105
     124
     114
     115
     114
     125
     108
     152
     123
     133
     115
     144
     111
     129
     120
     138
     146
     131
     118
     122
     128
     137
     135
     123
     123
     106
     136
     163
     152
     152
     131
     150
     143
     157
     156
     156
     153
     149
     157
     159
     155
     145
     160
     148
     142
     152
     133
     139
     159
     156
     139
     161
     154
     150
     160
     137
     149
     174
     170
     181
     166
     166
     177
     175
     191
     192
     158
     177
     176
     186
     189
     184
     182
     166
     164
     169
     162
     194
     188
     152
     177
     191
     200
     194
     193
     178
     158
     177
     177
     165
     193
     170
     224
     183
     190
     183
     184
     219
     209
     210
     181
     185
     181
     210
     212
     204
     194
     212
     217
     215
     203
     200
     201
     207
     212
     220
     198
     219
     201
     207
     187
     220
     203
     223
     210
     209
     219
     184
     234
     241
     214
     214
     204
     193
     243
     202
     218
     199
     203
     220
     247
     211
     220
     245
     216
     222
     240
     221
     221
     249
     244
     214
     220
     207
     237
     239
     257
     226
     222
     224
     212
     222
     219
     229
     222
     202
     240
     254
     252
     232
     222
     257
     241
     245
     261
     248
     250
     236
     253
     236
     252
     261
     268
     238
     261
     249
     253
     269
     274
     254
     264
     294
     278
     278
     274
     265
     246
     283
     304
     274
     302
     305
     283
     280
     292
     322
     322
     285
     316
     329
     344
     302
     331
     331
     353
     327
     340
     362
     341
     363
     334
     391
     359
     346
     350
     352
     401
     348
     376
     351
     350
     342
     413
     403
     376
     425
     369
     359
     390
     406
     368
     430
     408
     395
     380
     411
     417
     420
     393
     382
     435
     414
     377
     400
     431
     446
     367
     383
     403
     386
     400
     448
     392
     371
     360
     420
     388
     363
     348
     405
     340
     361
     334
     373
     394
     331
     379
     372
     350
     344
     326
     290
     299
     295
     293
     318
     313
     256
     264
     268
     295
     302
     312
     263
     263
     278
     263
     230
     246
     249
     239
     230
     252
     247
     236
     238
     213
     222
     222
     196
     212
     220
     213
     204
     204
     177
     217
     198
     189
     200
     187
     193
     205
     190
     211
     174
     218
     183
     195
     181
     198
     186
     181
     192
     198
     200
     181
     189
     177
     192
     182
     196
     198
     163
     180
     193
     208
     209
     217
     221
     182
     193
     225
     202
     211
     189
     203
     196
     198
     195
     195
     203
     226
     221
     204
     217
     192
     197
     209
     219
     202
     203
     213
     199
     217
     183
     190
     209
     195
     205
     181
     217
     200
     224
     188
     209
     192
     211
     208
     222
     207
     202
     206
     202
     204
     193
     209
     198
     190
     213
     206
     185
     230
     204
     202
     198
     228
     191
     190
     205
     205
     193
     217
     180
     195
     200
     192
     225
     211
     205
     212
     209
     208
     190
     202
     194
     217
     190
     189
     222
     216
     205
     190
     211
     212
     228
     199
     218
     185
     182
     232
     230
     221
     215
     231
     234
     210
     242
     210
     218
     197
     217
     195
     228
     248
     221
     229
     218
     233
     231
     225
     218
     274
     237
     228
     240
     228
     232
     254
     215
     234
     249
     262
     285
     217
     233
     224
     231
     244
     229
     240
     246
     238
     249
     225
     255
     198
     246
     247
     233
     260
     256
     234
     238
     260
     259
     265
     259
     253
     259
     253
     260
     266
     249
     259
     256
     260
     253
     262
     247
     256
     273
     238
     236
     263
     241
     255
     239
     243
     240
     245
     255
     235
     258
     239
     263
     257
     254
     256
     249
     268
     277
     275
     275
     240
     284
     263
     246
     272
     277
     298
     262
     283
     279
     279
     298
     282
     284
     272
     277
     300
     263
     312
     297
     326
     299
     304
     310
     309
     285
     328
     319
     315
     299
     335
     326
     322
     334
     327
     324
     327
     382
     357
     332
     347
     324
     350
     342
     355
     355
     341
     343
     354
     339
     359
     383
     383
     369
     337
     398
     357
     396
     353
     360
     406
     348
     376
     379
     398
     384
     372
     350
     349
     380
     368
     361
     326
     374
     368
     371
     391
     376
     361
     365
     368
     342
     349
     370
     343
     308
     362
     345
     330
     329
     320
     329
     285
     334
     285
     298
     326
     301
     273
     293
     299
     260
     267
     235
     256
     254
     263
     249
     254
     257
     240
     239
     263
     225
     225
     208
     260
     227
     226
     204
     207
     199
     244
     219
     190
     198
     217
     237
     232
     215
     224
     199
     219
     200
     203
     194
     208
     204
     218
     205
     214
     181
     222
     212
     185
     202
     211
     194
     228
     207
     229
     197
     216
     241
     201
     220
     226
     211
     237
     229
     222
     246
     273
     238
     238
     253
     274
     228
     230
     235
     263
     247
     258
     274
     271
     231
     215
     246
     267
     252
     290
     284
     261
     262
     259
     283
     276
     276
     284
     279
     272
     287
     274
     262
     286
     276
     293
     270
     250
     259
     268
     283
     260
     259
     265
     234
     254
     249
     249
     249
     233
     222
     237
     212
     240
     231
     194
     212
     244
     228
     234
     201
     213
     210
     188
     186
     194
     174
     163
     158
     160
     156
     181
     151
     153
     176
     142
     151
     166
     137
     139
     141
     140
     107
     136
     133
     115
     117
     134
     107
     124
     102
     108
     109
     118
     100
     100
     126
     102
     106
      92
     104
      86
     101
     112
      96
      97
      93
     103
      82
      80
      84
      88
      84
      91
      90
     102
      98
      95
      91
     101
      86
     111
      91
      96
      95
      89
     101
     109
     105
     106
      98
      94
      94
     118
     115
      85
      96
     103
     110
     110
     102
     122
     110
     103
     106
     108
     127
      98
      92
     119
      95
     108
     108
      97
     118
     106
     109
      88
     109
     100
     114
     112
     116
     111
     123
     118
     133
      90
     145
     118
     117
     117
     121
     120
     132
     139
     133
     113
     136
     131
     135
     115
     134
     118
     144
     141
     120
     137
     117
     122
     105
     122
     144
     132
     117
     126
     139
     140
     143
     125
     129
     124
     113
     120
     142
     140
     111
     146
     118
     125
     145
     141
     141
     129
     144
     160
     137
     116
     125
     131
     143
     126
     145
     128
     144
     132
     145
     153
     120
     132
     121
     135
     163
     129
     129
     131
     149
     139
     148
     123
     143
     149
     121
     144
     127
     138
     147
     137
     137
     133
     136
     159
     126
     130
     129
     127
     134
     149
     149
     131
     116
     147
     153
     144
     134
     139
     127
     144
     146
     118
     142
     135
     128
     159
     125
     125
     142
     159
     139
     141
     140
     132
     161
     145
     135
     144
     150
     142
     146
     136
     136
     154
     138
     148
     173
     134
     126
     152
     136
     134
     147
     177
     161
     127
     159
     149
     157
     179
     168
     158
     160
     178
     160
     157
     147
     148
     172
     167
     166
     196
     183
     158
     193
     166
     172
     178
     178
     177
     191
     196
     188
     187
     185
     159
     180
     184
     219
     205
     180
     212
     236
     218
     224
     222
     201
     201
     214
     215
     221
     208
     241
     222
     234
     240
     233
     245
     234
     244
     247
     240
     239
     270
     255
     249
     227
     267
     283
     291
     285
     241
     291
     292
     265
     299
     284
     310
     284
     290
     281
     309
     292
     301
     304
     290
     293
     270
     333
     300
     302
     287
     325
     285
     316
     325
     282
     291
     286
     297
     258
     320
     248
     289
     302
     305
     278
     302
     291
     273
     270
     237
     256
     243
     237
     246
     229
     240
     225
     213
     201
     213
     216
     210
     208
     191
     211
     207
     185
     173
     197
     185
     177
     164
     167
     164
     152
     130
     134
     128
     122
     126
     123
     107
      99
     111
     104
     108
      93
      90
      91
      80
      81
      70
      68
      62
      69
      74
      70
      75
      64
      59
      59
      46
      63
      55
      52
      43
      45
      41
      41
      41
      23
      23
      31
      31
      25
      20
      27
      31
      21
      21
      19
      24
      19
      24
      21
      21
      24
      12
      21
      21
      20
      17
      12
      22
      20
      19
      15
      22
      23
      13
      12
      17
      14
      11
      13
      17
      13
      16
      10
      12
      13
      15
      14
      12
       7
      10
      11
       6
      11
       9
       7
       9
      10
      15
       8
      11
      14
      10
      23
       8
       7
      12
      13
      15
      13
      10
       8
      11
       9
       8
      17
      11
      15
      11
      15
       8
      14
      16
      16
       7
      10
       6
      17
      10
      10
       9
      13
       9
       9
      20
       9
      11
      11
       6
       5
      14
      13
       8
      13
       6
      14
      13
       7
       5
      11
       6
       9
      12
       7
       4
       9
      13
       8
      10
       8
       9
      10
       8
      11
      10
      12
      13
      10
       9
       7
      16
       8
      11
       8
      12
      11
      13
      13
      12
       7
      11
      12
       8
      10
       7
      10
      11
      13
      11
       8
      16
       5
      13
      16
       9
       7
      10
       4
      11
      11
      10
      17
      13
      16
       6
      11
      13
      10
      12
      11
      11
      11
      15
       9
      15
       6
       9
       7
      11
       7
       9
      12
       7
       4
      11
       7
       7
       8
      10
      10
      13
       6
       6
      16
       7
      12
       8
       4
      11
      10
      19
       8
      13
       9
      13
      14
      10
      10
      16
      11
      11
      15
      14
       9
      12
       9
       6
       7
       5
      13
      16
       6
      11
      13
       7
       9
       7
      15
      10
      15
       7
       7
      15
      11
       9
      17
      14
       7
      10
       3
      10
      14
       7
      10
       8
      10
       8
       7
       9
      14
      11
       9
       5
       9
       3
      17
       9
       8
$ENER_FIT:
5.109740 0.664390
$PRESETS:
Live Time (sec)
100000
0
$RT:
100488.400000
$DT:
488399
$ISO_DECL_PU:
SMPLNAM: IDB-1475
SEPDATE: 01/01/1900 00:00:00
PU238: 0.1314 
DPU238: 0.8371
PU239: 75.886 
DPU239: 0.0198
PU240: 21.217 
DPU240: 0.0566
PU241: 2.064 
DPU241: 0.1938
PU242: 0.7017 
DPU242: 0.2138
AM241: 1.75 
DAM241: 2.2857
DATE: 01/01/1988 00:00:00
PU240EFF: 22.727
DPU240EFF: 0.0554
$ADC:
4096
0
4095