$APPLICATION_ID:
IDB v.1.0
$SPEC_REM:
Material type: Pu
Material form: Pellet
Material compound: PuO2
Pu isotopics:
238Pu 0.057
239Pu 85.0184
240Pu 14.2912
241Pu 0.2727
242Pu 0.3608
241Am 0.9534
Detector: LaBr3 (Geometry: Cylindrical, Size: 2 in (diam) x 0.5 in (len))
MCA: InSpector-2000
$DATE_MEA:
02/10/2014 09:15:59
$MEAS_TIM:
100000 101133
$DATA:
0 4095
       0
       0
       0
       0
       0
       0
       0
       0
       0
       0
       0
       0
       0
       0
       0
       0
       1
       4
       4
       6
       9
      11
      18
      27
      38
      54
      78
     103
     115
     186
    1065
    8511
   47303
  261293
  766493
 1182976
 1257722
 1168505
 1042368
  901901
  771270
  666079
  595291
  563448
  561304
  581735
  613861
  654357
  697404
  741618
  784595
  826636
  864552
  899110
  931516
  966056
 1004995
 1056714
 1117836
 1199951
 1302089
 1427531
 1575875
 1744276
 1945319
 2166246
 2416345
 2691640
 2982939
 3295926
 3617045
 3948422
 4276996
 4594380
 4915067
 5215122
 5529443
 5846067
 6186380
 6548650
 6946292
 7334779
 7674740
 7889499
 7913186
 7679686
 7168542
 6407191
 5465642
 4450562
 3464871
 2601258
 1904972
 1395568
 1054140
  844459
  731438
  679882
  663581
  667373
  683055
  702554
  724329
  746660
  767893
  790016
  812612
  830855
  847394
  862378
  872724
  884220
  896780
  906377
  919621
  931757
  951710
  973274
  997585
 1024491
 1057851
 1093886
 1132269
 1176984
 1228641
 1289145
 1360671
 1445918
 1548277
 1671738
 1821179
 1999427
 2209857
 2452519
 2728294
 3036190
 3367778
 3720770
 4094174
 4463715
 4814958
 5140852
 5411059
 5634209
 5783795
 5857666
 5837393
 5738843
 5562421
 5315749
 5012512
 4673533
 4298884
 3928469
 3558277
 3220178
 2920964
 2674008
 2481195
 2348800
 2268398
 2233013
 2226312
 2239436
 2257792
 2274204
 2279118
 2267715
 2231415
 2181373
 2111708
 2023569
 1922158
 1819112
 1708699
 1606826
 1510730
 1426492
 1355320
 1301476
 1259668
 1231761
 1212735
 1204339
 1195196
 1187787
 1177252
 1161000
 1134740
 1100816
 1057417
 1005042
  948436
  885824
  825022
  765185
  710055
  664529
  624694
  595306
  574478
  561920
  556213
  558639
  563531
  574517
  586018
  603386
  618754
  636181
  653125
  671350
  687466
  699900
  712234
  719444
  723343
  724529
  720545
  715656
  707727
  698160
  685189
  673775
  663618
  653204
  645630
  642087
  638001
  636364
  637473
  639072
  642393
  646150
  647717
  652536
  654887
  653991
  654354
  652880
  650589
  645291
  641893
  636965
  632420
  625493
  619474
  613487
  606826
  601185
  594113
  586850
  582618
  575890
  571697
  564932
  559742
  554651
  549968
  543736
  541868
  537284
  533852
  530967
  528267
  526419
  523154
  523804
  521842
  520186
  517101
  516631
  514879
  516425
  515290
  515332
  516389
  515178
  515432
  516180
  514909
  515071
  516234
  517464
  520756
  524618
  530837
  541914
  552426
  568744
  589399
  615591
  644497
  682723
  724015
  769485
  819441
  871422
  926492
  980428
 1028542
 1072977
 1108530
 1135498
 1149436
 1148377
 1133762
 1104051
 1062032
 1008846
  944648
  873672
  801810
  725713
  656664
  589710
  528669
  476456
  431311
  393860
  362316
  338876
  322044
  307008
  297663
  290770
  285091
  279740
  276639
  273413
  271375
  267332
  265977
  263285
  259962
  257283
  256226
  253535
  251054
  248451
  246773
  246284
  244282
  242241
  241799
  239964
  239501
  238346
  237746
  236446
  236627
  236434
  233572
  234015
  232442
  232598
  231702
  230254
  230208
  228671
  227469
  227001
  225433
  223994
  223834
  223266
  221253
  221645
  221471
  221204
  220830
  220249
  219917
  219494
  218262
  217677
  217274
  216766
  215767
  214365
  214324
  213609
  212676
  212610
  210918
  210633
  210795
  210237
  210282
  209216
  209169
  209354
  207779
  206537
  204468
  203016
  201333
  198653
  195326
  192410
  189226
  186336
  183232
  179997
  177692
  174281
  172047
  169879
  168263
  166352
  164840
  163166
  162627
  160663
  159707
  159132
  157930
  158045
  157304
  156782
  156439
  155954
  156767
  156381
  156193
  156675
  157276
  157884
  158182
  159656
  160443
  160897
  161553
  163011
  163159
  164657
  165159
  166474
  166406
  166883
  166456
  168036
  167344
  167433
  167281
  168867
  168776
  168768
  170259
  170958
  172724
  174021
  174915
  176201
  179058
  180111
  182930
  183692
  186462
  188420
  189709
  190428
  191427
  191653
  193082
  193703
  193673
  194484
  195301
  196649
  198599
  199866
  203256
  207768
  211899
  215761
  222735
  231150
  237796
  247440
  257884
  270046
  282315
  293809
  307513
  320075
  333166
  346528
  359799
  368576
  378907
  386010
  392533
  395366
  396259
  395012
  391229
  387822
  380573
  372562
  362776
  354209
  343948
  332841
  323963
  312483
  300509
  291817
  280278
  269472
  258456
  246781
  236080
  224705
  212471
  201991
  189857
  178756
  167573
  157692
  147968
  138396
  130993
  124892
  120067
  116320
  112967
  112804
  113320
  115860
  118567
  123706
  130492
  139073
  148951
  160502
  173825
  188556
  205028
  222629
  242591
  262376
  284404
  305733
  328006
  351890
  374152
  396759
  417521
  435877
  451409
  466684
  477826
  486123
  490668
  493055
  490736
  482006
  472841
  461383
  446030
  429445
  410233
  390344
  370794
  349645
  329479
  308984
  289469
  271853
  255656
  241449
  228432
  217105
  207203
  198132
  191270
  184303
  178797
  173248
  167227
  163158
  157903
  152851
  148035
  143713
  137567
  132685
  129434
  124844
  121755
  120020
  118668
  120315
  121771
  125370
  131003
  138063
  147334
  157406
  169695
  181804
  195690
  209773
  223306
  237155
  251018
  262104
  274158
  283836
  290530
  294305
  296451
  295931
  293058
  286527
  278877
  268319
  257622
  241350
  226988
  211834
  196243
  179170
  164321
  148740
  133109
  119737
  107067
   95844
   85411
   75673
   67291
   59652
   52949
   47835
   43022
   38755
   35431
   32016
   29318
   26943
   25680
   24334
   22843
   22552
   22133
   21650
   21760
   22286
   22621
   23793
   24623
   25652
   26862
   28600
   30188
   31971
   33150
   34983
   36335
   38636
   39881
   41395
   42331
   43278
   43986
   44744
   44799
   44087
   43941
   42790
   41740
   40522
   39157
   37668
   35763
   34150
   32236
   29926
   27935
   26124
   24158
   22785
   21120
   19485
   18235
   17206
   16188
   15396
   14530
   13642
   13047
   12666
   12353
   11898
   11422
   11369
   11150
   11155
   10723
   10714
   10462
   10591
   10448
   10342
   10246
   10301
   10086
   10030
    9912
    9856
    9752
    9847
    9795
    9424
    9532
    9631
    9336
    9249
    9122
    9121
    9019
    8937
    8679
    8612
    8693
    8343
    8416
    8324
    8146
    8215
    8260
    7958
    7957
    8041
    7890
    7837
    7993
    7937
    7887
    7907
    7778
    7756
    7936
    7827
    7794
    7808
    8033
    7996
    7739
    7852
    7676
    7846
    7982
    7696
    7721
    7834
    7720
    7737
    7728
    7634
    7441
    7624
    7637
    7473
    7258
    7468
    7547
    7109
    7174
    7171
    7104
    6926
    7001
    6700
    6919
    6804
    6567
    6815
    6611
    6533
    6480
    6391
    6258
    6418
    6240
    6283
    6063
    6027
    5929
    5986
    6047
    5801
    5843
    5723
    5701
    5774
    5620
    5526
    5539
    5521
    5483
    5445
    5329
    5340
    5270
    5313
    5138
    5224
    5167
    5282
    5231
    5076
    5105
    5054
    4982
    4961
    5051
    5089
    4983
    4836
    4955
    4899
    4952
    4809
    4874
    4828
    4769
    4910
    4775
    4674
    4716
    4686
    4730
    4548
    4769
    4637
    4588
    4731
    4629
    4522
    4447
    4524
    4507
    4499
    4556
    4399
    4439
    4513
    4349
    4413
    4260
    4377
    4374
    4436
    4288
    4352
    4400
    4462
    4320
    4307
    4362
    4441
    4251
    4365
    4355
    4430
    4466
    4442
    4506
    4370
    4370
    4447
    4349
    4472
    4362
    4420
    4448
    4491
    4418
    4459
    4420
    4538
    4463
    4526
    4342
    4511
    4430
    4411
    4551
    4442
    4589
    4608
    4532
    4795
    4737
    4814
    5101
    5031
    5205
    5221
    5543
    5540
    5748
    5965
    6090
    6106
    6485
    6671
    6647
    6887
    7040
    7153
    7265
    7264
    7321
    7439
    7420
    7334
    7291
    7171
    7224
    7128
    6838
    6525
    6694
    6372
    6264
    6170
    6261
    5986
    5858
    5916
    5909
    5809
    5782
    5874
    5894
    5932
    6114
    6136
    6458
    6545
    6804
    6960
    7262
    7480
    7712
    8035
    8193
    8569
    8997
    9278
    9622
   10366
   10530
   11169
   11536
   11999
   12794
   13252
   13978
   14683
   15223
   16112
   16937
   17499
   18703
   19367
   20097
   20826
   21550
   22271
   22685
   23419
   23986
   24322
   24832
   24929
   25001
   25338
   24629
   24399
   23996
   23621
   22669
   22128
   21094
   20136
   19382
   18196
   17227
   16156
   14983
   13972
   12989
   11889
   10945
   10190
    9010
    8623
    7664
    7079
    6570
    6277
    5753
    5259
    5015
    4770
    4534
    4420
    4357
    4288
    4132
    4202
    4083
    4073
    4020
    4077
    4194
    4078
    4045
    4083
    4020
    4050
    3844
    3945
    3810
    3901
    3787
    3795
    3748
    3627
    3697
    3549
    3598
    3558
    3520
    3614
    3583
    3712
    3725
    3868
    3946
    3955
    4228
    4381
    4693
    4959
    5134
    5324
    5753
    6157
    6390
    6928
    7291
    7666
    8030
    8291
    8938
    9287
    9687
    9651
   10037
   10421
   10575
   10791
   10758
   11033
   10878
   10988
   10854
   10844
   10703
   10341
   10093
    9617
    9498
    8966
    8519
    8070
    7789
    7332
    6840
    6518
    6126
    5592
    5265
    4756
    4444
    4030
    3799
    3516
    3253
    3034
    2802
    2724
    2588
    2361
    2194
    2127
    2055
    2028
    1958
    1945
    1896
    1839
    1815
    1896
    1867
    1837
    1887
    1947
    1958
    2022
    2018
    2115
    2199
    2195
    2206
    2311
    2365
    2356
    2477
    2476
    2489
    2618
    2687
    2639
    2747
    2735
    2693
    2784
    2774
    2794
    2812
    2740
    2921
    2755
    2739
    2709
    2692
    2619
    2642
    2506
    2485
    2403
    2383
    2353
    2265
    2066
    2011
    1919
    1918
    1826
    1785
    1724
    1660
    1601
    1580
    1492
    1419
    1418
    1413
    1358
    1369
    1298
    1315
    1218
    1318
    1239
    1218
    1312
    1268
    1219
    1299
    1244
    1315
    1302
    1300
    1303
    1282
    1300
    1317
    1313
    1284
    1275
    1296
    1281
    1295
    1341
    1283
    1271
    1381
    1267
    1263
    1347
    1326
    1354
    1287
    1257
    1265
    1269
    1267
    1309
    1286
    1318
    1260
    1241
    1199
    1212
    1243
    1262
    1286
    1211
    1175
    1224
    1148
    1196
    1168
    1188
    1131
    1189
    1147
    1156
    1157
    1174
    1177
    1236
    1149
    1196
    1203
    1201
    1149
    1160
    1160
    1107
    1224
    1076
    1206
    1183
    1091
    1238
    1141
    1147
    1145
    1201
    1213
    1198
    1248
    1137
    1235
    1204
    1172
    1099
    1139
    1204
    1116
    1169
    1138
    1249
    1175
    1184
    1125
    1151
    1099
    1139
    1188
    1179
    1124
    1115
    1128
    1123
    1111
    1164
    1111
    1084
    1169
    1066
    1031
    1101
    1038
    1055
    1101
    1080
    1093
    1074
    1017
    1097
    1065
    1066
    1048
    1029
    1049
     999
    1035
    1126
    1043
    1134
    1037
    1053
    1039
    1045
    1060
    1039
    1051
    1003
    1018
    1029
    1090
    1086
     971
    1021
    1015
    1062
     950
    1003
    1013
     993
    1042
     949
     992
     971
    1013
    1018
     961
     964
     933
     977
     946
     953
     965
     931
     969
     960
     948
     942
     969
     925
     952
     958
     908
     922
     906
     953
     944
     901
     963
     918
     916
     949
     938
     933
     921
     857
     898
     894
     955
     893
     884
     949
     838
     897
     922
     906
     918
     931
     892
     960
     856
     893
     917
     869
     964
     848
     897
     961
     860
     861
     854
     877
     859
     844
     892
     849
     911
     846
     902
     841
     895
     918
     878
     888
     857
     870
     828
     884
     854
     874
     870
     836
     876
     858
     861
     809
     877
     770
     857
     852
     812
     840
     860
     878
     873
     824
     872
     838
     810
     850
     822
     832
     827
     866
     836
     794
     818
     839
     825
     806
     796
     824
     843
     824
     807
     836
     754
     830
     814
     776
     789
     764
     744
     789
     788
     769
     773
     792
     754
     750
     787
     745
     766
     760
     770
     721
     753
     732
     705
     709
     724
     711
     709
     686
     733
     720
     761
     736
     661
     685
     719
     643
     694
     695
     711
     687
     686
     689
     687
     652
     663
     613
     699
     636
     686
     655
     673
     618
     679
     643
     677
     647
     628
     686
     613
     661
     654
     638
     642
     649
     605
     609
     645
     632
     608
     633
     558
     613
     593
     618
     597
     610
     605
     620
     626
     586
     586
     601
     569
     628
     607
     573
     586
     568
     558
     593
     532
     547
     555
     600
     571
     578
     599
     585
     548
     565
     561
     571
     523
     560
     517
     604
     538
     531
     524
     542
     546
     544
     576
     553
     584
     546
     580
     528
     552
     524
     513
     585
     513
     601
     576
     547
     606
     560
     537
     545
     530
     554
     463
     528
     551
     544
     513
     544
     517
     531
     538
     529
     520
     530
     581
     554
     534
     495
     530
     530
     549
     537
     547
     557
     559
     556
     581
     566
     506
     598
     537
     564
     542
     548
     536
     565
     547
     563
     556
     486
     511
     539
     468
     551
     574
     558
     526
     539
     572
     546
     561
     557
     557
     578
     521
     597
     549
     509
     587
     560
     599
     567
     574
     560
     563
     571
     555
     522
     539
     569
     570
     520
     499
     562
     516
     562
     550
     565
     538
     556
     544
     517
     553
     563
     525
     589
     603
     575
     556
     614
     544
     585
     562
     555
     584
     572
     543
     569
     573
     566
     541
     592
     580
     534
     556
     516
     568
     557
     560
     577
     592
     599
     603
     560
     592
     545
     568
     612
     558
     571
     599
     536
     597
     555
     528
     595
     561
     597
     626
     558
     570
     610
     547
     525
     571
     555
     555
     512
     552
     549
     585
     554
     621
     589
     585
     574
     575
     551
     546
     537
     554
     567
     542
     579
     541
     551
     561
     617
     603
     579
     561
     593
     518
     594
     580
     539
     587
     530
     572
     564
     619
     571
     531
     589
     609
     564
     592
     571
     607
     615
     590
     588
     576
     616
     609
     597
     632
     614
     609
     593
     577
     551
     598
     575
     554
     562
     580
     570
     589
     570
     589
     586
     581
     592
     594
     597
     578
     594
     575
     582
     624
     568
     617
     561
     568
     555
     625
     565
     568
     590
     592
     565
     553
     576
     593
     570
     603
     565
     584
     582
     590
     577
     582
     505
     523
     577
     569
     584
     558
     548
     586
     575
     554
     550
     508
     531
     515
     494
     527
     530
     576
     549
     529
     494
     512
     512
     510
     485
     492
     504
     492
     488
     483
     499
     501
     453
     466
     454
     485
     444
     468
     446
     458
     458
     460
     433
     414
     433
     444
     415
     379
     442
     420
     381
     402
     382
     386
     383
     390
     402
     367
     366
     376
     364
     361
     349
     377
     369
     373
     349
     337
     342
     333
     344
     302
     346
     318
     323
     336
     320
     337
     329
     312
     303
     302
     269
     304
     287
     317
     278
     314
     313
     297
     278
     297
     293
     316
     284
     279
     276
     269
     308
     260
     273
     279
     269
     256
     281
     282
     306
     239
     266
     270
     262
     260
     215
     273
     298
     235
     273
     290
     235
     255
     248
     223
     274
     235
     238
     267
     220
     229
     217
     226
     236
     225
     235
     240
     219
     204
     229
     227
     215
     224
     209
     211
     230
     205
     232
     212
     216
     200
     222
     198
     188
     225
     209
     199
     201
     216
     201
     208
     175
     176
     196
     215
     191
     188
     192
     212
     181
     201
     191
     176
     177
     180
     191
     169
     174
     189
     174
     170
     191
     149
     156
     187
     167
     163
     156
     164
     162
     158
     167
     167
     147
     156
     172
     181
     149
     183
     160
     177
     154
     147
     145
     145
     148
     157
     147
     156
     152
     134
     151
     158
     177
     142
     141
     141
     155
     131
     154
     136
     140
     140
     146
     141
     147
     149
     129
     141
     133
     134
     131
     127
     133
     127
     140
     144
     156
     141
     129
     139
     139
     128
     133
     129
     144
     132
     138
     134
     147
     133
     141
     123
     143
     140
     145
     142
     137
     143
     149
     153
     152
     139
     145
     123
     136
     134
     142
     154
     137
     155
     141
     138
     126
     140
     134
     145
     145
     154
     158
     146
     152
     157
     168
     150
     173
     174
     190
     170
     175
     177
     189
     180
     222
     220
     203
     209
     225
     223
     247
     312
     267
     275
     299
     320
     289
     366
     355
     397
     406
     435
     447
     467
     471
     496
     554
     549
     550
     598
     602
     660
     680
     718
     716
     762
     774
     758
     821
     875
     827
     939
     890
     952
     921
    1009
     959
    1019
     958
    1022
    1001
    1035
    1024
    1014
    1105
    1109
    1170
    1133
    1160
    1199
    1155
    1226
    1187
    1204
    1316
    1272
    1329
    1313
    1415
    1395
    1450
    1452
    1478
    1466
    1496
    1466
    1510
    1577
    1611
    1569
    1630
    1681
    1646
    1623
    1677
    1655
    1698
    1710
    1716
    1745
    1795
    1754
    1715
    1689
    1671
    1610
    1636
    1531
    1569
    1528
    1483
    1451
    1423
    1262
    1304
    1241
    1192
    1218
    1031
    1153
    1020
     966
     940
     814
     817
     722
     740
     744
     621
     580
     544
     550
     509
     415
     395
     369
     370
     328
     284
     275
     276
     211
     215
     195
     201
     172
     180
     144
     157
     127
     125
     116
     108
     112
     109
      90
      91
     101
      97
     112
      89
      90
      89
      88
      82
      89
      75
      69
      68
      80
      75
      80
      82
      80
      76
      77
      78
      70
      60
      76
      75
      84
      70
      81
      71
      71
      68
      58
      60
      80
      63
      72
      83
      74
      55
      65
      65
      70
      69
      76
      70
      66
      77
      76
      70
      70
      56
      73
      65
      73
      65
      80
      79
      89
      67
      66
      74
      82
      80
      83
      67
      92
      83
      83
      74
      58
      71
      75
      80
      77
      69
      71
      78
      73
      78
      53
      67
      63
      65
      71
      59
      58
      73
      69
      57
      83
      72
      56
      65
      72
      63
      93
      64
      77
      66
      65
      62
      70
      74
      73
      60
      65
      68
      77
      83
      76
      73
      74
      58
      61
      75
      79
      76
      73
      75
      79
      71
      70
      75
      64
      62
      82
      76
      78
      70
      72
      70
      86
      73
      73
      67
      65
      85
      72
      73
      63
      73
      70
      89
      77
      69
      92
      60
      75
      62
      66
      66
      55
      57
      81
      57
      71
      66
      67
      58
      66
      60
      57
      49
      65
      67
      70
      61
      75
      70
      60
      70
      72
      67
      72
      65
      59
      63
      75
      80
      64
      72
      60
      60
      71
      67
      71
      66
      66
      63
      77
      74
      77
      62
      45
      56
      66
      65
      74
      72
      71
      64
      60
      73
      62
      64
      75
      65
      73
      65
      78
      75
      70
      63
      57
      59
      68
      67
      63
      65
      66
      74
      52
      72
      61
      69
      83
      66
      71
      74
      75
      75
      61
      61
      71
      71
      78
      75
      64
      72
      73
      75
      65
      67
      58
      62
      66
      73
      64
      58
      71
      72
      60
      65
      62
      72
      58
      63
      74
      61
      69
      63
      74
      72
      78
      80
      75
      67
      76
      66
      75
      65
      63
      81
      75
      80
      83
      78
      74
      74
      74
      74
      62
      68
      70
      67
      76
      71
      72
      76
      76
      71
      80
      61
      69
      93
      72
      72
     102
      68
      80
      81
      63
      75
      81
      76
      88
      82
      75
      80
      80
      68
      77
      76
      74
      97
      84
      80
      78
      81
      79
      74
      87
      60
      81
      67
      80
      97
      91
      76
      80
      84
      85
     100
      77
      94
      80
      83
      95
      99
      81
      81
      79
      95
      91
      86
      92
      93
      98
      92
     106
      94
      80
      89
     116
      94
     103
      98
      85
     104
      93
     113
      95
      96
     115
     101
      96
      72
      96
      97
      90
     102
     105
     103
      91
      84
     121
      91
     128
     113
     114
      90
     123
     103
     106
      90
     117
     114
     116
      96
     106
     112
     105
      86
     115
     100
     119
     113
     109
      91
     122
      85
     111
     106
     106
      97
      98
     109
     121
     109
     124
     119
     143
     106
     107
     113
     105
     113
     117
     106
     123
      99
     116
     115
     129
     117
     121
     123
     121
     103
     113
     113
     105
     117
     130
     139
     125
     114
     117
     102
     107
     104
     111
     117
     109
     102
     129
     141
     114
     123
     106
     132
     120
     119
     136
     137
     125
     125
     124
     110
     115
     128
     131
     138
     147
     121
     127
     130
     133
     129
     130
     135
     170
     134
     131
     152
     182
     146
     165
     130
     152
     149
     160
     152
     158
     150
     167
     151
     141
     155
     165
     162
     168
     158
     142
     161
     153
     168
     162
     170
     172
     175
     184
     169
     154
     153
     174
     170
     176
     162
     193
     188
     175
     178
     187
     195
     179
     182
     201
     183
     192
     193
     192
     201
     194
     195
     166
     202
     204
     186
     199
     203
     180
     190
     218
     191
     192
     194
     195
     198
     199
     204
     188
     211
     243
     215
     214
     222
     190
     196
     207
     194
     200
     197
     211
     208
     217
     208
     176
     206
     224
     230
     207
     215
     225
     223
     226
     206
     225
     240
     222
     227
     208
     226
     205
     217
     260
     240
     232
     223
     230
     220
     241
     237
     247
     231
     231
     254
     247
     232
     243
     230
     241
     229
     252
     220
     248
     230
     228
     224
     239
     232
     268
     269
     247
     255
     246
     248
     248
     222
     225
     236
     207
     235
     220
     238
     228
     214
     236
     259
     239
     268
     258
     232
     225
     242
     261
     262
     230
     266
     231
     283
     258
     237
     254
     284
     271
     271
     252
     268
     279
     287
     271
     273
     273
     247
     297
     313
     289
     296
     304
     297
     277
     289
     327
     334
     314
     297
     311
     334
     315
     320
     322
     326
     319
     356
     346
     345
     344
     318
     331
     324
     355
     366
     388
     367
     383
     354
     340
     388
     386
     387
     389
     365
     414
     367
     379
     385
     352
     429
     381
     415
     404
     402
     407
     427
     393
     422
     462
     450
     419
     452
     450
     386
     434
     403
     428
     426
     445
     429
     440
     454
     380
     408
     424
     394
     427
     410
     421
     384
     406
     392
     414
     385
     452
     399
     404
     398
     417
     362
     398
     367
     346
     375
     340
     345
     338
     373
     354
     357
     352
     312
     309
     338
     330
     346
     307
     318
     312
     282
     282
     294
     310
     291
     282
     261
     260
     245
     276
     258
     237
     247
     230
     218
     243
     204
     226
     235
     217
     227
     208
     224
     242
     215
     206
     240
     247
     225
     222
     201
     214
     226
     212
     207
     194
     222
     222
     237
     204
     202
     185
     209
     219
     186
     218
     196
     218
     205
     233
     208
     210
     217
     204
     227
     217
     194
     203
     195
     200
     235
     192
     219
     201
     224
     188
     227
     205
     239
     236
     221
     230
     232
     222
     243
     221
     233
     214
     223
     194
     219
     192
     232
     224
     219
     191
     229
     241
     213
     190
     238
     221
     224
     226
     216
     242
     199
     217
     238
     231
     222
     215
     229
     190
     239
     195
     229
     180
     233
     198
     198
     212
     212
     256
     214
     225
     213
     189
     245
     191
     218
     213
     205
     202
     230
     216
     210
     219
     211
     212
     225
     206
     217
     198
     212
     230
     244
     223
     227
     206
     219
     194
     229
     226
     219
     230
     221
     261
     222
     249
     236
     233
     237
     238
     216
     228
     211
     239
     239
     246
     206
     237
     252
     229
     273
     236
     236
     241
     232
     246
     244
     229
     239
     251
     239
     224
     243
     274
     240
     248
     233
     266
     254
     285
     238
     269
     270
     230
     222
     224
     268
     284
     255
     254
     238
     273
     262
     257
     218
     263
     261
     267
     290
     252
     272
     281
     267
     243
     240
     241
     254
     230
     267
     257
     279
     248
     260
     265
     258
     266
     231
     240
     287
     271
     273
     283
     256
     259
     271
     255
     294
     285
     262
     285
     273
     258
     252
     264
     279
     280
     303
     271
     297
     231
     273
     269
     263
     277
     276
     263
     298
     297
     267
     261
     306
     315
     296
     296
     267
     338
     305
     309
     302
     325
     331
     328
     279
     283
     318
     335
     355
     361
     313
     336
     361
     328
     324
     321
     354
     341
     346
     358
     380
     370
     354
     353
     390
     361
     340
     349
     364
     354
     328
     402
     375
     361
     361
     361
     359
     353
     400
     364
     374
     388
     369
     406
     382
     385
     354
     386
     396
     386
     385
     363
     351
     336
     369
     368
     343
     360
     391
     377
     354
     369
     392
     365
     370
     393
     343
     347
     328
     375
     360
     344
     353
     327
     349
     340
     293
     324
     308
     300
     291
     291
     305
     303
     275
     277
     291
     280
     278
     263
     266
     251
     273
     283
     265
     241
     217
     237
     266
     256
     224
     221
     246
     225
     220
     230
     220
     225
     223
     233
     224
     227
     228
     184
     200
     214
     207
     183
     217
     216
     223
     215
     236
     218
     234
     226
     216
     214
     217
     217
     229
     223
     205
     241
     238
     222
     232
     240
     235
     255
     214
     253
     216
     234
     233
     260
     256
     245
     260
     250
     271
     266
     246
     248
     296
     270
     270
     269
     264
     275
     257
     270
     276
     277
     264
     257
     292
     278
     282
     242
     325
     312
     287
     317
     289
     263
     299
     260
     280
     283
     270
     260
     261
     281
     266
     272
     270
     268
     254
     255
     249
     265
     278
     248
     244
     243
     241
     239
     255
     210
     217
     215
     220
     211
     203
     206
     212
     194
     212
     195
     210
     192
     204
     161
     169
     184
     181
     159
     157
     130
     159
     158
     144
     136
     146
     142
     113
     138
     122
     126
     115
     127
     123
     102
     132
     112
     116
     115
      87
     111
     101
     101
     103
     102
     104
      95
     108
     114
     103
      95
      98
     117
      95
     113
     113
     107
     108
     111
      89
     110
     100
      96
      91
     118
     101
     108
     101
      89
      78
      91
     102
     110
      81
     109
     100
     111
      89
     119
     109
     109
     111
     103
     105
      97
     108
      98
     113
     126
     101
     137
      94
     101
     118
      99
     121
     114
     124
     119
     129
     133
     112
     116
     110
     105
     125
     128
     117
     119
     139
     136
     137
     126
     146
     138
     134
     136
     137
     131
     136
     114
     130
     125
     148
     145
     136
     130
     130
     136
     143
     145
     148
     134
     143
     122
     141
     143
     143
     147
     128
     138
     132
     122
     154
     136
     160
     129
     129
     125
     127
     132
     132
     136
     165
     147
     135
     131
     135
     138
     134
     148
     135
     139
     154
     129
     158
     163
     126
     144
     169
     135
     147
     162
     150
     143
     170
     122
     158
     151
     142
     154
     127
     147
     146
     142
     129
     141
     137
     162
     145
     147
     153
     138
     148
     142
     170
     134
     136
     116
     160
     139
     118
     119
     144
     136
     135
     140
     132
     143
     153
     126
     145
     112
     162
     144
     139
     160
     158
     152
     130
     131
     128
     127
     142
     153
     141
     149
     137
     131
     130
     148
     137
     152
     149
     147
     118
     171
     137
     151
     146
     154
     133
     166
     142
     141
     148
     155
     140
     160
     154
     155
     134
     160
     146
     147
     150
     194
     161
     177
     185
     189
     171
     161
     158
     165
     173
     165
     179
     169
     195
     177
     180
     188
     168
     211
     184
     166
     191
     179
     189
     214
     179
     216
     190
     219
     187
     219
     227
     213
     227
     242
     207
     239
     209
     222
     239
     233
     244
     241
     253
     218
     241
     229
     222
     260
     254
     276
     258
     259
     255
     295
     282
     260
     264
     260
     300
     292
     274
     292
     291
     311
     277
     307
     309
     323
     289
     274
     338
     282
     308
     327
     305
     309
     282
     309
     308
     332
     316
     304
     315
     278
     329
     295
     309
     296
     278
     319
     311
     289
     284
     287
     291
     269
     282
     275
     270
     263
     293
     265
     225
     270
     266
     235
     242
     263
     247
     236
     226
     240
     230
     200
     220
     185
     171
     187
     186
     170
     172
     181
     163
     180
     145
     179
     138
     161
     162
     119
     119
     128
     141
     117
      98
     103
     116
     106
      95
     101
     100
      85
      82
      89
      76
      96
      72
      64
      68
      75
      78
      55
      62
      51
      49
      55
      66
      40
      42
      46
      55
      48
      39
      38
      40
      33
      35
      40
      35
      40
      31
      34
      40
      33
      30
      22
      28
      25
      28
      37
      23
      26
      23
      22
      23
      16
      24
      28
      17
      24
      23
      16
      34
      21
      23
      27
      28
      19
      16
      25
      19
      21
      16
      12
      23
      21
      15
      15
      24
      14
       9
      18
      14
      22
      17
      15
      21
      13
      23
      23
      18
      22
      14
      21
      25
      25
      20
      22
      18
      16
      15
      20
      23
      17
      14
      13
      19
      20
      11
      16
      14
      16
      16
      15
      16
      18
      13
      21
      15
      15
      25
      19
      17
      24
      16
      21
      18
      19
      25
      19
      19
      16
      16
      21
      14
      18
      22
      15
      16
       7
      18
      18
      10
      12
      19
      14
       9
      17
      15
      19
       8
      14
      15
      10
      15
      21
      14
      13
      17
      11
      16
      14
      26
      14
      12
      21
      14
      21
      19
      14
      21
      19
      14
      14
      21
      17
      27
      17
      13
      18
      19
      15
      22
      21
      24
      14
      15
      17
      21
      18
      20
      20
      19
      16
      21
       8
      18
      16
      30
      14
      18
      15
      19
      20
      28
      22
      16
      15
      18
      12
      11
      21
      12
      16
      26
      21
      28
      19
      16
      15
      16
      15
      15
      15
      15
      21
      13
      17
      16
      16
      12
      14
      15
      28
      17
      23
      13
      10
      22
      17
      13
      19
      22
       7
      15
      18
      12
      11
       8
      13
      17
      14
      16
      17
      16
      21
      14
      10
      18
      13
      12
      12
      20
      16
      13
      23
      16
      19
      22
$ENER_FIT:
5.109740 0.664390
$PRESETS:
Live Time (sec)
100000
0
$RT:
101132.900000
$DT:
1132899
$ISO_DECL_PU:
SMPLNAM: IDB-1495
SEPDATE: 01/01/1900 00:00:00
PU238: 0.0703 
DPU238: 0.8535
PU239: 84.3377 
DPU239: 0.0100
PU240: 14.2069 
DPU240: 0.0598
PU241: 1.0275 
DPU241: 0.4672
PU242: 0.3576 
DPU242: 0.2796
AM241: 0.2173 
DAM241: 1.0124
DATE: 06/20/1986 00:00:00
PU240EFF: 14.9848
DPU240EFF: 0.0587
$ADC:
4096
0
4095