$APPLICATION_ID:
IDB v.1.0
$SPEC_REM:
Material type: Pu
Material form: Pellet
Material compound: PuO2
Pu isotopics:
238Pu 0.057
239Pu 85.0185
240Pu 14.2912
241Pu 0.2726
242Pu 0.3608
241Am 0.9535
Detector: LaBr3 (Geometry: Cylindrical, Size: 2 in (diam) x 0.5 in (len))
MCA: InSpector-2000
$DATE_MEA:
02/13/2014 08:55:23
$MEAS_TIM:
100000 101138
$DATA:
0 4095
       0
       0
       0
       0
       0
       0
       0
       0
       0
       0
       0
       0
       0
       0
       0
       0
       1
       0
       2
       3
       7
      13
      23
      36
      38
      62
      77
     141
     190
     220
    3539
   76645
  299073
  667753
 1025564
 1244167
 1268641
 1185061
 1062418
  930371
  798364
  685018
  607582
  568486
  561116
  575837
  605423
  646055
  687655
  729291
  773270
  815767
  854102
  885968
  918959
  952344
  989793
 1035857
 1097296
 1169236
 1265104
 1380771
 1520747
 1681728
 1867134
 2081359
 2322461
 2579092
 2863130
 3163147
 3473250
 3799623
 4136030
 4455927
 4779386
 5097492
 5412316
 5721769
 6045874
 6386280
 6758183
 7140251
 7489869
 7746883
 7863320
 7745998
 7358632
 6715770
 5860046
 4878402
 3879960
 2961365
 2192513
 1603222
 1191527
  925865
  774913
  695339
  665217
  660538
  672008
  687885
  709146
  729404
  753490
  776488
  796163
  817578
  834867
  849384
  863064
  874885
  887600
  896474
  908358
  921189
  937185
  957290
  979117
 1004837
 1035099
 1067517
 1106596
 1147326
 1195080
 1249414
 1316405
 1389628
 1481409
 1594634
 1726762
 1882265
 2075764
 2292433
 2547023
 2831500
 3142490
 3482803
 3837561
 4201608
 4558685
 4893887
 5203757
 5465371
 5648190
 5774363
 5814583
 5773020
 5651869
 5454343
 5195430
 4886337
 4539433
 4179451
 3804839
 3451329
 3121795
 2842475
 2607042
 2435464
 2314893
 2246526
 2214571
 2216646
 2229496
 2247755
 2256033
 2261117
 2246805
 2212428
 2154954
 2080987
 1992750
 1892140
 1790269
 1683163
 1580542
 1487799
 1408510
 1338059
 1286079
 1249513
 1221092
 1203612
 1192963
 1185291
 1178740
 1169732
 1149499
 1125107
 1086054
 1042944
  991506
  934096
  875764
  813554
  757450
  703075
  655067
  619929
  589508
  570877
  558810
  552953
  555187
  560583
  570298
  584735
  599393
  614372
  633017
  648654
  666558
  682174
  699281
  707771
  715357
  718042
  721702
  718120
  711985
  705019
  693686
  682961
  671514
  658446
  651063
  642940
  637159
  633394
  632230
  631953
  635505
  638296
  641197
  644783
  648740
  649009
  650395
  650959
  649452
  647307
  643360
  638751
  635643
  630171
  623279
  616343
  611952
  605502
  599278
  593235
  586692
  582210
  574519
  568827
  564021
  557793
  553200
  548398
  543710
  540047
  535956
  532051
  530427
  526127
  524747
  521587
  520824
  518613
  515009
  515187
  514330
  514055
  513292
  513603
  512596
  511871
  511936
  510969
  511946
  512874
  513277
  512158
  514468
  516530
  522143
  527910
  534013
  547753
  560462
  581038
  604166
  630497
  666510
  705263
  749102
  798155
  847152
  902065
  953764
 1004923
 1050013
 1090793
 1119064
 1136852
 1142665
 1134509
 1111109
 1075560
 1024261
  969312
  901495
  830906
  756229
  684913
  615833
  551866
  497840
  449123
  408897
  374882
  348070
  327359
  311051
  300828
  291064
  284753
  280745
  276827
  273346
  271120
  267986
  263624
  262119
  260191
  257676
  255107
  253169
  250663
  248560
  247655
  245569
  243670
  243278
  241357
  240105
  238597
  237756
  236432
  237267
  235272
  235162
  234062
  232736
  232518
  231291
  231696
  230472
  229136
  228796
  227901
  226914
  224748
  223910
  223203
  222331
  220284
  220871
  221546
  220416
  218809
  219420
  219031
  218118
  218106
  216829
  217493
  216759
  215381
  215496
  214460
  213391
  212230
  211680
  210034
  210638
  209317
  209191
  208837
  208771
  208428
  208015
  208195
  206408
  206109
  203173
  201181
  199656
  196654
  194441
  190839
  187444
  184818
  181737
  178609
  175352
  173035
  170426
  168632
  165917
  164797
  162883
  162672
  160855
  159905
  159711
  158089
  157211
  157261
  156238
  156289
  154812
  155792
  155215
  155547
  155597
  156648
  156275
  156977
  158047
  158773
  159784
  159980
  160673
  162824
  163401
  164338
  164946
  165525
  166446
  166162
  166739
  166864
  166122
  166461
  167696
  167189
  167834
  169062
  169684
  170442
  171197
  172929
  174216
  175562
  177518
  179041
  181332
  183368
  185220
  186980
  188363
  189963
  191381
  191276
  192158
  192533
  192545
  193626
  194424
  195150
  197247
  199702
  201771
  205256
  210231
  214689
  221300
  228333
  235530
  243629
  254317
  265262
  276904
  289844
  303095
  315445
  328875
  342477
  354708
  365161
  376024
  382756
  388230
  391485
  394349
  392813
  390735
  386468
  380582
  371916
  364065
  354820
  345591
  334499
  323528
  313623
  302805
  293115
  281569
  271180
  261549
  249690
  239355
  227092
  216779
  205306
  192475
  181951
  170471
  161234
  150405
  141716
  133673
  127219
  120630
  116879
  113631
  112387
  111594
  113534
  116832
  121167
  127765
  134593
  142959
  154642
  166935
  180829
  196158
  212884
  229932
  251254
  272260
  294002
  315122
  338163
  360869
  382223
  404498
  423254
  442522
  456259
  469110
  479736
  485844
  491549
  489240
  485011
  477099
  468153
  454446
  437485
  419632
  400130
  379671
  360681
  338679
  319750
  298814
  282294
  263923
  249484
  235578
  223284
  212713
  202690
  195416
  188503
  182729
  176351
  170303
  166338
  161023
  156564
  150059
  145657
  141058
  135780
  131223
  127445
  123312
  120484
  118954
  118431
  119463
  121724
  125858
  131352
  138162
  147754
  158633
  170596
  183685
  196825
  211433
  225128
  239319
  251790
  263903
  273727
  283583
  289896
  294500
  295543
  293725
  291744
  285097
  276767
  266405
  253203
  239719
  224907
  209308
  192990
  177530
  161950
  145819
  131813
  118788
  106213
   95047
   83882
   74819
   66340
   58968
   53007
   47154
   42505
   38401
   34361
   31683
   29293
   27226
   25282
   23837
   22705
   22268
   21754
   21574
   21649
   21927
   22593
   23402
   24241
   25278
   27022
   27969
   29895
   31337
   32964
   34990
   36692
   38097
   39481
   40719
   41759
   43189
   43599
   44209
   44431
   44033
   43991
   43296
   41995
   40526
   39273
   37825
   35765
   34148
   31789
   30095
   28039
   25995
   24425
   22791
   21072
   19570
   18428
   17117
   16234
   15405
   14341
   13746
   13186
   12575
   12229
   12006
   11619
   11285
   11161
   10922
   10839
   10650
   10571
   10640
   10319
   10202
   10267
   10098
   10154
   10087
    9809
    9972
    9842
    9844
    9664
    9699
    9437
    9455
    9293
    9180
    9132
    9094
    8954
    8850
    8760
    8643
    8681
    8320
    8402
    8540
    8420
    8206
    8102
    8199
    7945
    7967
    8036
    7973
    8018
    7623
    7666
    7820
    7796
    7770
    7595
    7793
    7841
    7776
    7777
    7763
    7935
    7734
    7742
    7680
    7589
    7820
    7849
    7627
    7654
    7676
    7686
    7482
    7632
    7728
    7501
    7545
    7457
    7334
    7246
    7268
    7303
    7102
    7097
    7031
    7075
    6880
    6736
    6633
    6674
    6682
    6583
    6449
    6476
    6424
    6309
    6233
    6069
    6065
    5997
    6131
    5966
    5947
    5943
    5846
    5836
    5785
    5679
    5609
    5650
    5733
    5542
    5450
    5327
    5435
    5351
    5338
    5405
    5316
    5244
    5259
    5259
    5049
    5197
    5114
    5157
    4987
    4999
    5074
    5106
    4983
    5070
    4981
    4971
    5042
    4918
    4992
    4823
    4736
    4765
    4841
    4782
    4846
    4672
    4760
    4727
    4754
    4801
    4557
    4616
    4544
    4650
    4534
    4520
    4419
    4408
    4478
    4440
    4491
    4398
    4592
    4448
    4405
    4314
    4325
    4352
    4338
    4455
    4374
    4283
    4334
    4406
    4405
    4358
    4275
    4386
    4352
    4334
    4386
    4411
    4400
    4405
    4259
    4382
    4326
    4485
    4351
    4463
    4473
    4458
    4497
    4368
    4329
    4478
    4449
    4396
    4497
    4489
    4542
    4353
    4414
    4443
    4600
    4467
    4333
    4374
    4669
    4604
    4600
    4776
    4892
    4901
    5195
    5149
    5512
    5526
    5522
    5878
    5887
    6130
    6345
    6500
    6794
    6828
    6958
    7007
    7150
    7199
    7358
    7289
    7213
    7440
    7267
    7055
    7103
    6962
    6773
    6797
    6478
    6511
    6208
    6187
    6176
    6052
    6147
    5807
    5831
    5934
    5805
    5913
    5874
    5968
    6109
    6155
    6293
    6367
    6750
    6834
    7053
    7262
    7471
    7772
    8169
    8421
    8696
    9001
    9520
    9725
   10249
   10638
   11280
   11665
   12222
   12777
   13678
   14090
   15019
   15623
   16378
   17400
   18035
   18889
   19457
   20404
   21354
   22056
   22705
   23098
   23672
   24163
   24382
   24562
   24773
   24946
   24761
   24261
   24530
   23569
   23241
   22340
   21599
   20620
   19800
   18791
   17889
   16615
   15591
   14391
   13445
   12754
   11505
   10441
    9777
    8807
    8129
    7447
    6819
    6432
    5810
    5623
    5306
    4908
    4608
    4500
    4387
    4265
    4208
    4103
    4062
    3998
    4074
    4013
    4021
    3964
    4019
    4047
    3994
    3982
    3839
    3881
    3933
    3943
    3816
    3790
    3745
    3655
    3706
    3607
    3656
    3611
    3508
    3602
    3586
    3607
    3654
    3780
    3784
    3911
    3966
    4170
    4488
    4572
    4987
    5159
    5483
    5935
    6161
    6455
    6883
    7304
    7586
    8055
    8329
    8901
    8967
    9438
    9854
   10273
   10229
   10638
   10674
   10863
   11014
   11044
   10741
   10856
   10743
   10502
   10323
   10115
    9826
    9405
    9007
    8617
    8101
    7666
    7446
    6757
    6479
    5873
    5574
    5169
    4758
    4386
    4191
    3774
    3656
    3254
    3037
    2831
    2605
    2538
    2270
    2270
    2143
    1988
    1988
    1948
    1903
    1794
    1937
    1857
    1774
    1992
    1889
    1889
    1994
    1910
    1947
    2036
    2066
    2099
    2166
    2155
    2342
    2350
    2356
    2348
    2453
    2498
    2611
    2523
    2589
    2710
    2763
    2751
    2708
    2766
    2761
    2744
    2870
    2756
    2802
    2816
    2724
    2776
    2619
    2563
    2516
    2514
    2395
    2341
    2236
    2173
    2130
    2147
    1975
    1917
    1805
    1752
    1696
    1704
    1590
    1584
    1560
    1428
    1416
    1364
    1309
    1370
    1308
    1229
    1213
    1242
    1220
    1228
    1201
    1233
    1308
    1268
    1279
    1238
    1298
    1227
    1216
    1292
    1269
    1266
    1376
    1332
    1226
    1294
    1278
    1346
    1335
    1335
    1257
    1295
    1315
    1298
    1247
    1307
    1240
    1300
    1284
    1265
    1280
    1252
    1250
    1258
    1299
    1200
    1214
    1221
    1187
    1314
    1266
    1260
    1211
    1234
    1165
    1225
    1226
    1181
    1204
    1189
    1153
    1198
    1180
    1144
    1174
    1138
    1150
    1227
    1206
    1167
    1210
    1148
    1204
    1075
    1196
    1136
    1167
    1140
    1149
    1173
    1165
    1156
    1184
    1198
    1133
    1189
    1153
    1159
    1184
    1180
    1114
    1132
    1173
    1190
    1142
    1168
    1158
    1264
    1277
    1179
    1089
    1148
    1162
    1134
    1115
    1101
    1108
    1048
    1140
    1058
    1101
    1116
    1105
    1159
    1095
    1149
    1089
    1128
    1145
    1076
    1083
    1087
    1076
    1163
    1069
    1035
    1050
    1040
    1033
    1063
    1084
    1041
    1040
    1040
    1011
    1027
    1004
    1004
    1031
    1025
    1033
    1041
    1007
    1022
     992
     998
    1011
    1039
    1008
    1040
    1011
     991
    1018
    1069
     980
     962
    1051
     978
    1006
     943
     979
    1017
     999
     933
     935
     935
     995
     924
     966
     902
     959
     925
     936
     969
     938
     961
     934
     890
     990
     960
     936
     953
     937
     950
     904
     983
     981
     949
     892
     946
     915
     920
     896
     916
     910
     897
     930
     886
     890
     849
     894
     940
     926
     876
     885
     889
     922
     946
     912
     968
     909
     888
     943
     878
     843
     929
     859
     845
     844
     887
     974
     819
     854
     890
     892
     870
     875
     863
     796
     872
     887
     889
     875
     911
     884
     871
     821
     873
     901
     820
     839
     860
     852
     808
     856
     825
     869
     877
     793
     832
     827
     896
     816
     849
     862
     803
     874
     824
     904
     872
     837
     806
     811
     873
     849
     832
     820
     784
     795
     799
     759
     801
     829
     862
     783
     839
     795
     785
     781
     778
     843
     780
     811
     781
     853
     790
     760
     777
     799
     729
     741
     717
     713
     712
     778
     721
     736
     689
     669
     740
     689
     741
     704
     729
     678
     705
     681
     706
     691
     672
     682
     732
     712
     697
     685
     663
     728
     668
     675
     654
     655
     619
     622
     663
     677
     640
     613
     652
     653
     664
     663
     623
     610
     635
     640
     609
     660
     600
     613
     654
     602
     589
     625
     626
     597
     588
     588
     619
     572
     624
     560
     602
     576
     615
     611
     567
     603
     589
     620
     587
     586
     566
     565
     585
     611
     611
     567
     555
     597
     590
     556
     575
     560
     565
     568
     535
     549
     572
     484
     529
     541
     523
     589
     534
     536
     545
     556
     557
     545
     586
     579
     529
     562
     552
     554
     554
     527
     580
     599
     514
     509
     521
     538
     534
     514
     545
     539
     580
     497
     512
     545
     536
     543
     535
     546
     529
     518
     522
     543
     520
     524
     503
     546
     520
     536
     520
     571
     554
     521
     527
     543
     520
     532
     520
     539
     515
     500
     551
     554
     532
     544
     536
     560
     520
     529
     531
     585
     534
     550
     524
     517
     548
     518
     535
     584
     543
     554
     514
     541
     569
     565
     531
     534
     578
     553
     566
     544
     547
     540
     528
     549
     470
     547
     589
     555
     541
     539
     538
     565
     546
     545
     541
     517
     581
     536
     577
     571
     619
     582
     530
     576
     580
     541
     525
     554
     550
     567
     519
     599
     554
     530
     571
     569
     531
     561
     553
     579
     561
     550
     572
     583
     619
     622
     537
     609
     578
     547
     542
     553
     559
     566
     543
     614
     605
     558
     530
     538
     601
     543
     548
     551
     578
     586
     545
     545
     582
     541
     540
     598
     537
     590
     574
     559
     551
     564
     582
     589
     605
     579
     585
     544
     589
     574
     602
     560
     548
     584
     573
     573
     579
     611
     579
     543
     540
     556
     572
     547
     585
     568
     604
     583
     544
     582
     586
     578
     584
     555
     578
     607
     557
     531
     584
     618
     639
     579
     552
     572
     584
     605
     632
     580
     572
     570
     533
     570
     604
     618
     579
     609
     586
     593
     631
     574
     592
     582
     554
     561
     555
     558
     602
     626
     531
     555
     595
     578
     610
     582
     625
     619
     610
     574
     586
     605
     559
     599
     561
     597
     605
     598
     574
     605
     540
     548
     575
     576
     604
     599
     528
     597
     563
     606
     535
     596
     545
     564
     591
     566
     549
     537
     512
     549
     581
     503
     547
     505
     551
     514
     520
     539
     509
     526
     517
     545
     455
     540
     507
     533
     461
     468
     470
     471
     467
     502
     457
     475
     469
     464
     443
     458
     450
     424
     429
     431
     430
     448
     432
     414
     395
     373
     422
     393
     412
     414
     379
     394
     399
     390
     411
     384
     346
     375
     353
     363
     391
     343
     352
     281
     324
     336
     324
     354
     327
     326
     310
     310
     318
     338
     314
     313
     301
     303
     329
     299
     338
     308
     282
     306
     277
     327
     291
     294
     298
     322
     308
     301
     258
     243
     289
     292
     282
     280
     298
     238
     252
     284
     258
     285
     260
     266
     250
     252
     265
     256
     264
     282
     256
     245
     231
     271
     219
     262
     282
     242
     228
     204
     263
     234
     234
     208
     242
     221
     229
     254
     224
     227
     226
     208
     241
     234
     231
     257
     205
     206
     204
     219
     231
     214
     228
     208
     233
     195
     196
     214
     209
     210
     197
     213
     192
     212
     196
     182
     182
     170
     192
     187
     185
     193
     202
     202
     202
     173
     189
     189
     185
     199
     183
     200
     170
     182
     171
     155
     173
     172
     167
     167
     171
     157
     190
     142
     169
     124
     157
     151
     170
     177
     143
     161
     157
     151
     144
     177
     140
     144
     135
     152
     161
     155
     150
     143
     149
     130
     130
     142
     141
     138
     161
     150
     141
     130
     121
     137
     131
     156
     123
     184
     120
     162
     135
     157
     151
     122
     159
     145
     118
     157
     139
     138
     133
     130
     155
     154
     146
     140
     145
     133
     148
     135
     138
     156
     127
     173
     140
     149
     117
     132
     145
     131
     163
     143
     154
     136
     121
     137
     140
     139
     124
     153
     136
     141
     148
     138
     131
     161
     137
     142
     171
     141
     148
     145
     151
     166
     134
     147
     150
     191
     160
     175
     164
     156
     191
     175
     228
     197
     196
     240
     271
     270
     252
     273
     279
     285
     312
     307
     376
     366
     373
     386
     381
     420
     479
     476
     455
     492
     471
     580
     570
     614
     670
     634
     658
     741
     656
     742
     780
     793
     799
     843
     886
     847
     923
     903
    1013
     983
     945
    1050
    1014
    1045
    1075
    1055
    1047
    1084
    1120
    1159
    1144
    1121
    1121
    1189
    1208
    1164
    1230
    1227
    1295
    1286
    1299
    1284
    1325
    1419
    1422
    1413
    1416
    1476
    1480
    1499
    1515
    1568
    1614
    1585
    1705
    1686
    1688
    1739
    1658
    1652
    1722
    1739
    1732
    1714
    1746
    1635
    1679
    1641
    1659
    1602
    1598
    1611
    1562
    1531
    1418
    1430
    1364
    1321
    1362
    1272
    1153
    1145
    1120
    1088
     958
     943
     879
     878
     778
     767
     726
     690
     661
     622
     526
     531
     482
     468
     378
     399
     377
     341
     301
     300
     235
     252
     210
     187
     192
     188
     172
     163
     140
     112
     132
     121
     125
     100
     119
     112
     101
     113
     112
      93
      85
      78
     101
      96
      84
      88
      97
      78
      86
      68
      78
      74
      92
      64
      82
      76
      68
      78
      71
      80
      79
      85
      60
      95
      75
      93
      79
      67
      67
      63
      73
      71
      76
      69
      62
      64
      76
      85
      67
      72
      71
      80
      70
      73
      89
      71
      79
      57
      68
      60
      77
      58
      71
      74
      55
      67
      73
      66
      79
      57
      73
      65
      59
      70
      57
      69
      62
      67
      63
      50
      56
      66
      64
      63
      66
      64
      46
      83
      72
      71
      73
      61
      80
      66
      62
      66
      74
      66
      76
      58
      59
      79
      80
      73
      64
      53
      82
      74
      65
      81
      64
      83
      82
      62
      66
      67
      67
      63
      73
      88
      69
      72
      85
      72
      71
      61
      78
      77
      72
      76
      67
      76
      66
      69
      79
      85
      71
      67
      76
      81
      67
      75
      69
      72
      77
      66
      68
      74
      80
      70
      88
      67
      63
      74
      64
      84
      68
      68
      69
      73
      78
      72
      63
      69
      67
      60
      70
      67
      65
      76
      71
      65
      68
      71
      51
      88
      49
      58
      70
      60
      64
      88
      71
      74
      62
      66
      64
      71
      58
      77
      64
      67
      62
      82
      58
      46
      75
      63
      66
      70
      71
      63
      69
      71
      89
      59
      73
      62
      59
      70
      77
      69
      59
      72
      65
      73
      64
      56
      62
      66
      75
      60
      59
      45
      55
      71
      55
      72
      65
      64
      60
      70
      55
      59
      70
      70
      68
      61
      86
      80
      66
      71
      57
      63
      59
      68
      65
      64
      61
      71
      76
      60
      57
      61
      62
      72
      70
      74
      62
      65
      71
      70
      62
      62
      69
      73
      57
      74
      63
      74
      74
      69
      72
      77
      64
      74
      89
      65
      61
      64
      65
      60
      55
      86
      67
      61
      72
      85
      66
      70
      73
      80
      63
      73
      67
      77
      80
      82
      75
      80
      78
      60
      90
      69
      72
      82
      78
      65
      93
      71
      81
      89
      58
      78
      80
      75
      88
      65
      85
      78
      65
      71
      94
      75
      81
      86
      80
      82
      78
      70
      73
      59
      79
      76
      79
      74
      92
      82
      76
      93
     100
      93
      86
      91
      79
      81
      75
      75
      91
      83
      83
      85
      75
      74
     103
      92
      99
      84
     129
     100
      86
      80
     100
      89
      94
      86
      82
     112
      91
      80
     100
      79
     104
      94
     106
      92
      92
     108
      92
      94
     112
      95
     101
     100
      80
      92
     111
      91
     107
      95
      88
     113
     105
     104
      93
     119
     117
      94
      97
     112
      91
     105
     116
     119
      95
     124
     110
     100
     110
     106
      97
     120
      95
     122
     112
     124
     112
     116
     122
     122
     111
     124
     125
     123
     113
     135
     121
     104
     144
     107
     105
     109
     110
     118
     136
     132
     122
      92
     111
     116
     133
     121
     114
     114
     112
     111
     130
     127
     117
     105
     121
     131
      90
     139
     114
     114
     107
     144
     117
     138
     139
     128
     140
     131
     120
     116
     129
     122
     143
     119
     123
     143
     115
     120
     125
     160
     136
     128
     145
     146
     146
     158
     134
     151
     142
     157
     150
     149
     162
     146
     164
     146
     145
     165
     164
     170
     139
     145
     169
     160
     172
     175
     161
     169
     156
     172
     160
     182
     184
     179
     148
     175
     181
     160
     170
     172
     189
     188
     179
     180
     158
     160
     188
     197
     196
     185
     195
     190
     175
     150
     205
     221
     182
     153
     179
     184
     175
     199
     199
     196
     202
     220
     203
     198
     221
     200
     201
     214
     190
     189
     213
     206
     217
     226
     226
     217
     185
     204
     206
     228
     187
     232
     237
     212
     211
     179
     199
     212
     243
     220
     217
     188
     212
     225
     196
     239
     214
     205
     242
     229
     195
     243
     221
     234
     208
     220
     251
     248
     243
     226
     229
     246
     238
     213
     242
     228
     211
     234
     235
     249
     230
     237
     224
     250
     263
     207
     204
     234
     240
     242
     224
     232
     263
     242
     232
     233
     215
     252
     232
     254
     268
     226
     266
     225
     251
     240
     232
     224
     244
     225
     241
     272
     235
     266
     255
     241
     259
     250
     267
     270
     268
     253
     301
     239
     264
     263
     284
     257
     288
     281
     249
     325
     298
     268
     293
     276
     291
     281
     276
     265
     293
     280
     297
     336
     293
     295
     285
     321
     302
     302
     307
     324
     320
     340
     305
     286
     314
     337
     324
     323
     358
     340
     343
     356
     344
     368
     375
     336
     377
     345
     336
     371
     381
     375
     354
     392
     404
     413
     390
     408
     375
     395
     420
     415
     362
     396
     434
     424
     413
     407
     438
     443
     442
     387
     431
     410
     407
     434
     408
     401
     417
     399
     440
     467
     398
     440
     437
     386
     434
     387
     408
     417
     408
     403
     400
     379
     409
     402
     380
     375
     391
     332
     390
     371
     320
     348
     364
     334
     311
     311
     299
     273
     338
     289
     302
     308
     299
     288
     299
     293
     297
     275
     241
     270
     279
     287
     273
     257
     256
     232
     234
     227
     243
     212
     236
     233
     224
     223
     253
     212
     207
     210
     207
     245
     224
     193
     198
     219
     220
     189
     205
     199
     197
     214
     201
     200
     182
     189
     184
     202
     182
     197
     224
     223
     215
     207
     236
     226
     202
     183
     209
     217
     184
     210
     197
     188
     237
     228
     219
     196
     200
     213
     223
     217
     206
     206
     208
     199
     201
     184
     204
     209
     206
     214
     201
     246
     213
     242
     218
     216
     244
     203
     194
     225
     243
     202
     220
     225
     222
     210
     217
     212
     190
     224
     213
     236
     209
     226
     201
     214
     190
     228
     215
     203
     209
     205
     209
     223
     204
     218
     195
     209
     215
     200
     201
     187
     225
     229
     188
     183
     228
     209
     245
     222
     217
     209
     213
     199
     219
     205
     204
     218
     227
     205
     178
     214
     197
     225
     207
     201
     200
     214
     237
     206
     215
     195
     253
     237
     208
     219
     218
     249
     199
     240
     223
     204
     247
     212
     227
     200
     218
     217
     254
     230
     227
     215
     243
     230
     250
     241
     244
     237
     254
     252
     232
     270
     247
     266
     239
     259
     270
     254
     234
     247
     247
     238
     237
     239
     250
     259
     254
     267
     252
     260
     264
     271
     259
     282
     271
     252
     232
     268
     260
     262
     271
     288
     253
     262
     235
     262
     270
     263
     261
     258
     276
     243
     265
     254
     235
     282
     267
     278
     300
     271
     261
     268
     275
     245
     247
     276
     278
     307
     263
     300
     241
     248
     253
     240
     283
     277
     255
     291
     300
     254
     281
     278
     279
     274
     277
     274
     300
     262
     286
     245
     309
     276
     281
     308
     276
     287
     275
     304
     294
     291
     288
     289
     273
     327
     316
     300
     312
     319
     340
     303
     327
     365
     326
     344
     345
     311
     294
     373
     318
     338
     323
     334
     350
     304
     374
     321
     352
     357
     376
     374
     349
     339
     362
     371
     384
     377
     381
     391
     387
     382
     412
     416
     383
     393
     378
     367
     380
     372
     367
     381
     390
     386
     370
     387
     373
     353
     378
     389
     395
     374
     375
     380
     377
     352
     398
     356
     329
     358
     354
     368
     318
     289
     343
     301
     339
     308
     316
     316
     323
     306
     296
     293
     269
     272
     298
     252
     322
     284
     274
     262
     243
     284
     279
     232
     241
     233
     230
     275
     232
     259
     242
     226
     241
     222
     223
     189
     206
     224
     178
     222
     206
     210
     210
     195
     227
     227
     213
     187
     234
     211
     202
     201
     210
     220
     208
     207
     196
     209
     220
     222
     219
     206
     237
     246
     229
     242
     231
     216
     248
     231
     230
     235
     268
     278
     230
     252
     245
     229
     238
     243
     263
     275
     272
     266
     270
     278
     263
     239
     286
     277
     256
     259
     281
     276
     309
     296
     275
     278
     293
     286
     289
     284
     273
     272
     274
     252
     290
     285
     286
     267
     267
     283
     265
     248
     260
     263
     280
     270
     249
     255
     236
     259
     231
     253
     240
     233
     237
     208
     234
     213
     208
     228
     226
     216
     204
     180
     212
     214
     219
     213
     192
     180
     205
     163
     180
     161
     166
     180
     175
     183
     172
     139
     146
     157
     134
     149
     141
     135
     131
     126
     112
     123
     125
     127
     102
     122
     116
     109
     106
      96
     103
     104
      76
      99
     110
     118
      99
     112
      99
      97
      99
      93
     108
      97
      78
     126
      96
     104
     100
      91
     104
      85
      93
      97
      96
      96
     103
     107
     102
     104
     100
     111
     112
     111
     105
     103
      94
     103
     117
     101
      97
     112
     108
     100
     107
      80
      98
     105
      97
      99
      97
     144
     115
      87
      93
     119
     129
     145
     122
     113
     137
      87
      99
     121
     131
      97
     109
     114
     139
     133
     114
     123
     112
     120
     118
     132
     120
     135
     124
     141
     142
     139
     131
     137
     131
     123
     126
     138
     127
     144
     148
     139
     113
     136
     131
     148
     133
     132
     154
     138
     134
     147
     137
     132
     142
     125
     134
     139
     123
     142
     167
     138
     134
     157
     138
     151
     141
     132
     128
     124
     159
     139
     145
     145
     124
     126
     147
     139
     132
     138
     150
     143
     145
     146
     133
     134
     144
     136
     168
     152
     141
     148
     146
     153
     148
     128
     142
     151
     151
     140
     127
     133
     139
     130
     137
     146
     150
     122
     145
     127
     126
     132
     142
     177
     145
     150
     147
     141
     145
     137
     140
     139
     134
     130
     125
     145
     137
     141
     153
     148
     127
     159
     165
     133
     132
     133
     152
     147
     143
     155
     144
     148
     152
     126
     148
     134
     141
     154
     144
     121
     138
     148
     160
     152
     169
     132
     158
     151
     150
     167
     161
     145
     158
     172
     177
     162
     158
     145
     151
     180
     161
     150
     165
     173
     170
     165
     169
     171
     170
     177
     187
     190
     221
     201
     200
     182
     177
     201
     203
     188
     207
     229
     189
     219
     201
     178
     186
     201
     225
     247
     204
     219
     235
     217
     247
     265
     223
     246
     246
     248
     273
     251
     259
     261
     251
     246
     227
     292
     252
     282
     286
     306
     266
     302
     277
     306
     281
     277
     263
     271
     272
     271
     324
     300
     303
     320
     301
     317
     326
     315
     332
     305
     291
     315
     297
     267
     304
     296
     300
     309
     299
     300
     322
     311
     278
     314
     323
     306
     297
     284
     264
     282
     251
     273
     285
     295
     287
     288
     265
     266
     259
     233
     230
     234
     248
     248
     237
     223
     218
     234
     199
     197
     208
     173
     177
     184
     171
     160
     160
     148
     169
     154
     172
     138
     146
     134
     129
     134
     116
     115
     104
     108
     105
     107
     111
      93
      97
      73
      92
      78
      72
      70
      59
      69
      68
      57
      56
      56
      65
      64
      56
      50
      47
      55
      50
      48
      44
      46
      29
      41
      25
      42
      34
      42
      33
      40
      36
      28
      36
      36
      26
      39
      31
      19
      38
      31
      27
      20
      23
      26
      18
      24
      20
      23
      23
      35
      22
      13
      23
      19
      21
      14
      23
      19
      21
      14
      26
      23
      27
      30
      14
      11
      13
      26
      21
      15
      22
      18
      17
      22
      25
      19
      22
      20
      23
      19
      15
      19
      17
      18
      13
      14
      19
      15
      16
      15
      19
      13
      18
      19
      24
      18
      16
      25
      22
      17
      22
      23
      21
      20
      18
      20
      21
      19
      13
      14
      19
      17
      23
      19
      16
       8
      20
      13
      13
      19
      20
      12
      19
      15
      15
      16
      19
      12
      17
      12
      21
      28
      17
      13
      15
      15
      13
      13
      16
      15
      17
      16
      18
      15
      15
      23
      17
      21
      11
       8
      20
      17
      28
      15
      18
      25
      22
      13
      15
      11
      12
      19
      16
      18
       6
      13
      19
      14
      14
      16
      24
      10
      15
      14
      19
      22
       9
      25
      24
      16
      14
      20
      15
      15
      20
      22
       9
      21
      22
      13
      13
      15
      14
      17
      13
      21
      22
      16
      16
      21
      17
      13
      17
      12
      18
      15
      26
      17
      10
      19
      16
      22
      13
      17
      14
      18
      17
      11
      20
      18
      13
      13
      16
      12
      28
      23
      16
      13
      13
      12
      12
      17
      15
      18
      19
      17
      21
      16
      17
      18
       9
$ENER_FIT:
5.109740 0.664390
$PRESETS:
Live Time (sec)
100000
0
$RT:
101137.840000
$DT:
1137839
$ISO_DECL_PU:
SMPLNAM: IDB-1497
SEPDATE: 01/01/1900 00:00:00
PU238: 0.0703 
DPU238: 0.8535
PU239: 84.3377 
DPU239: 0.0100
PU240: 14.2069 
DPU240: 0.0598
PU241: 1.0275 
DPU241: 0.4672
PU242: 0.3576 
DPU242: 0.2796
AM241: 0.2173 
DAM241: 1.0124
DATE: 06/20/1986 00:00:00
PU240EFF: 14.9848
DPU240EFF: 0.0587
$ADC:
4096
0
4095