$APPLICATION_ID:
IDB v.1.0
$SPEC_REM:
Material type: Pu
Material form: Pellet
Material compound: PuO2
Pu isotopics:
238Pu 0.0094
239Pu 93.581
240Pu 6.3111
241Pu 0.0589
242Pu 0.0396
241Am 0.2612
Detector: LaBr3 (Geometry: Cylindrical, Size: 2 in (diam) x 0.5 in (len))
MCA: InSpector-2000
$DATE_MEA:
02/17/2014 15:23:22
$MEAS_TIM:
100000 100677
$DATA:
0 4095
       0
       0
       0
       0
       0
       0
       0
       0
       0
       0
       0
       0
       0
       0
       0
       0
       0
       0
       0
       4
       3
       5
       5
      17
      20
      32
      61
      66
      97
     105
     159
    1226
   14941
   63225
  161906
  332588
  468308
  508221
  487617
  447755
  407630
  373807
  351819
  340202
  342823
  352925
  367057
  387239
  409216
  430757
  453352
  472809
  488239
  498519
  500528
  498071
  492767
  490968
  494184
  504335
  521898
  551523
  586354
  630331
  684149
  743942
  811777
  888796
  968485
 1056413
 1147636
 1242322
 1338636
 1435604
 1526799
 1617836
 1708110
 1794764
 1889723
 1990478
 2097101
 2210361
 2317032
 2399540
 2441587
 2414373
 2320447
 2142830
 1904792
 1627104
 1347334
 1082859
  862684
  691002
  572011
  493685
  451912
  432014
  427324
  431292
  440965
  452227
  465603
  482326
  496478
  509873
  526365
  536513
  547247
  556841
  565129
  572412
  576734
  581090
  586984
  593781
  602892
  611227
  625065
  638375
  656006
  675392
  697074
  720863
  749462
  782602
  820041
  865986
  918632
  984640
 1062344
 1152979
 1259029
 1384390
 1518452
 1674417
 1837018
 2009815
 2184768
 2358425
 2521255
 2668650
 2796047
 2895222
 2960140
 2995998
 2986880
 2950892
 2875303
 2780505
 2657113
 2523547
 2378577
 2231051
 2085662
 1955019
 1836851
 1736611
 1663694
 1612258
 1583250
 1574147
 1579635
 1598211
 1614469
 1632849
 1640772
 1642511
 1632471
 1606585
 1566697
 1513581
 1448208
 1378181
 1301590
 1225016
 1153042
 1084575
 1026625
  982820
  951214
  934215
  927315
  931862
  942000
  959062
  971868
  985918
  989553
  986770
  972130
  945439
  904299
  854839
  799259
  738669
  679618
  621268
  570981
  525674
  491168
  462660
  447326
  435298
  431755
  430365
  433784
  441161
  447694
  454420
  463325
  470899
  477686
  481765
  486641
  489454
  491142
  492541
  490605
  489488
  487189
  484295
  482629
  480610
  479956
  477912
  478904
  478821
  483254
  484978
  488122
  491148
  494801
  498278
  503521
  504863
  506913
  508322
  509455
  509182
  508415
  506662
  505475
  503209
  500278
  497602
  494686
  492071
  489044
  485891
  482477
  481194
  479663
  476622
  472494
  469175
  467398
  463343
  460024
  456409
  452105
  448501
  445893
  442815
  440276
  436733
  433687
  430511
  428758
  426406
  423790
  423047
  420702
  418960
  418529
  416417
  414965
  415212
  414224
  412557
  411207
  412481
  410823
  411741
  411741
  411694
  412605
  416833
  419997
  423604
  430685
  436776
  446487
  457601
  468459
  481383
  495357
  509688
  522783
  534992
  547301
  555771
  562698
  566337
  564590
  560524
  553415
  542516
  526689
  508037
  488018
  466075
  441668
  418960
  394431
  373678
  353342
  336067
  320181
  304636
  293230
  283818
  275183
  268533
  264501
  260329
  258258
  254318
  252613
  250603
  248580
  247028
  245383
  242935
  242233
  239660
  237802
  234504
  233573
  230658
  229903
  227917
  225042
  224320
  222184
  221579
  220117
  218840
  218183
  217107
  216325
  215961
  214697
  213370
  213300
  212782
  212318
  211714
  210139
  209884
  209314
  208457
  207429
  206511
  205186
  204267
  204034
  202608
  203325
  201964
  201421
  200658
  201373
  200315
  200813
  199489
  199256
  197865
  197488
  195895
  195603
  192174
  190175
  189305
  186630
  184369
  182131
  179531
  177872
  176538
  174062
  172305
  169929
  169042
  166435
  166116
  164760
  163147
  160618
  159538
  157447
  156540
  155221
  153577
  151672
  150511
  149335
  148753
  147125
  146537
  145471
  144762
  144234
  143513
  142760
  141503
  141282
  140618
  139831
  140073
  139278
  137956
  137689
  137491
  137097
  136970
  137479
  137452
  137158
  137662
  138014
  139269
  139252
  139821
  140877
  141821
  142232
  142988
  144116
  144226
  144415
  145206
  145465
  144809
  145008
  144308
  143633
  142862
  143127
  142471
  142597
  142102
  142400
  142548
  142776
  143249
  143253
  144315
  145490
  146408
  146736
  147300
  148316
  150234
  150986
  151601
  152880
  154142
  155173
  156886
  157615
  159341
  161463
  162790
  166038
  168056
  172580
  174656
  180814
  185626
  191043
  196190
  204869
  212261
  220095
  229229
  238661
  248443
  257041
  267520
  275533
  285034
  293173
  300194
  306585
  309660
  313368
  316131
  316442
  315395
  315830
  312680
  309343
  307335
  301950
  299949
  295396
  290219
  285404
  279468
  274001
  267639
  260767
  252970
  244045
  234383
  224564
  214334
  202892
  191698
  179865
  168248
  158480
  147716
  138182
  129677
  122527
  116992
  112285
  109206
  107374
  107340
  107982
  111180
  114547
  121224
  127910
  137609
  148250
  160528
  174577
  190084
  207652
  226321
  246525
  268787
  291456
  315477
  338516
  363625
  386169
  410141
  429706
  450463
  466327
  480901
  491035
  498693
  502946
  502794
  497911
  490518
  479774
  465624
  447419
  428767
  409447
  388681
  366226
  345723
  324498
  305529
  287652
  270337
  255252
  241341
  229107
  218603
  209649
  202032
  195025
  188218
  182238
  177102
  172008
  166471
  160912
  156017
  150328
  144977
  139285
  133966
  129591
  126245
  124380
  121825
  122577
  123706
  127565
  132996
  140434
  148929
  159569
  172071
  186184
  199623
  215052
  230728
  245926
  261309
  276086
  288808
  299340
  307501
  314749
  318540
  318421
  316043
  311423
  302570
  292911
  279301
  265961
  249119
  232910
  214891
  197052
  179080
  162092
  145324
  129868
  115358
  101867
   89773
   78372
   69597
   59999
   52631
   46032
   40482
   35520
   31347
   27401
   24791
   22110
   20667
   18971
   17742
   16571
   16336
   15788
   15958
   16139
   16547
   17390
   18654
   19524
   20742
   22775
   23839
   25983
   27675
   29631
   31629
   33547
   34887
   36784
   38059
   39254
   40332
   41023
   41219
   41093
   40495
   40189
   39462
   38082
   36958
   34852
   33271
   31207
   29494
   26875
   25098
   23008
   20790
   18800
   17028
   15406
   13873
   12573
   11128
   10219
    9324
    8521
    7938
    7388
    7009
    6496
    6222
    6096
    5849
    5686
    5499
    5488
    5490
    5230
    5339
    5128
    5273
    5215
    5262
    5169
    5267
    5250
    5159
    5176
    5100
    5062
    5120
    4973
    5048
    4882
    4854
    4876
    4688
    4806
    4681
    4564
    4439
    4472
    4435
    4155
    4253
    4309
    4142
    4099
    4107
    3958
    3992
    3939
    3912
    3893
    4057
    3959
    3893
    3777
    3849
    3926
    3812
    3881
    3841
    3773
    3800
    3782
    3789
    3895
    3945
    3845
    3821
    3760
    3755
    3889
    3903
    3849
    3840
    3755
    3677
    3781
    3557
    3627
    3675
    3524
    3533
    3534
    3482
    3576
    3416
    3471
    3352
    3392
    3347
    3287
    3232
    3212
    3192
    3204
    3155
    3147
    3186
    3078
    3065
    3058
    3081
    3019
    3031
    3060
    2994
    3046
    2991
    2985
    2944
    2979
    2877
    2934
    2853
    2888
    2818
    2867
    2930
    2895
    2950
    2800
    2799
    2836
    2843
    2801
    2815
    2748
    2878
    2762
    2728
    2737
    2753
    2744
    2721
    2812
    2757
    2679
    2696
    2627
    2630
    2620
    2716
    2623
    2674
    2658
    2591
    2559
    2551
    2619
    2545
    2563
    2552
    2602
    2491
    2574
    2516
    2458
    2387
    2380
    2418
    2387
    2429
    2374
    2408
    2325
    2369
    2512
    2418
    2323
    2427
    2381
    2409
    2459
    2346
    2359
    2325
    2355
    2294
    2392
    2415
    2344
    2383
    2417
    2429
    2411
    2413
    2516
    2399
    2354
    2389
    2427
    2433
    2435
    2416
    2397
    2403
    2487
    2452
    2414
    2454
    2400
    2455
    2485
    2467
    2492
    2498
    2499
    2588
    2557
    2578
    2620
    2690
    2716
    2682
    2796
    2851
    2856
    2820
    3043
    3043
    3113
    3044
    3237
    3242
    3342
    3350
    3447
    3452
    3517
    3418
    3487
    3539
    3511
    3436
    3492
    3475
    3472
    3545
    3359
    3459
    3407
    3471
    3466
    3403
    3487
    3461
    3485
    3498
    3603
    3715
    3834
    3864
    3979
    4092
    4199
    4351
    4372
    4628
    4717
    4781
    5062
    5228
    5259
    5479
    5512
    5702
    6018
    6065
    6171
    6355
    6554
    6602
    6767
    6863
    6941
    7223
    7406
    7596
    7810
    8115
    8054
    8349
    8491
    8576
    8758
    8766
    8809
    9030
    9224
    9144
    9350
    9233
    9272
    9392
    9136
    8959
    8944
    8643
    8391
    8117
    7930
    7583
    7382
    7138
    6598
    6216
    5918
    5623
    5230
    4770
    4475
    4209
    3876
    3691
    3419
    3214
    2996
    2827
    2694
    2452
    2336
    2295
    2184
    2112
    2024
    1983
    2007
    1992
    1920
    1863
    1964
    1889
    1919
    1992
    1887
    2027
    2005
    1927
    2052
    1911
    1939
    1876
    1951
    1932
    1884
    1845
    1891
    1920
    1942
    1829
    1884
    1935
    1931
    1960
    1947
    1978
    1972
    2047
    1972
    2040
    2116
    2154
    2285
    2296
    2326
    2526
    2530
    2563
    2680
    2806
    2833
    3068
    3023
    3226
    3227
    3380
    3500
    3489
    3488
    3631
    3713
    3670
    3739
    3822
    3759
    3727
    3702
    3571
    3699
    3460
    3456
    3393
    3201
    3112
    2980
    2906
    2716
    2600
    2479
    2399
    2150
    2115
    1899
    1900
    1768
    1621
    1693
    1504
    1487
    1396
    1384
    1329
    1203
    1285
    1204
    1170
    1140
    1141
    1141
    1153
    1142
    1186
    1164
    1176
    1145
    1220
    1208
    1324
    1302
    1278
    1351
    1346
    1474
    1489
    1558
    1466
    1504
    1611
    1611
    1645
    1780
    1735
    1727
    1776
    1751
    1945
    1855
    1855
    1884
    1947
    1947
    1985
    1947
    1967
    1915
    1969
    1953
    1923
    1922
    1809
    1714
    1730
    1673
    1626
    1680
    1532
    1488
    1447
    1383
    1447
    1324
    1261
    1172
    1220
    1223
    1144
    1152
    1122
    1130
    1064
    1047
    1029
    1013
    1048
    1028
    1032
    1020
    1015
    1003
    1035
    1066
    1001
    1105
    1020
    1038
    1139
    1109
    1047
    1073
    1067
    1086
    1106
    1107
    1086
    1086
    1115
    1078
    1076
    1131
    1100
    1085
    1096
    1121
    1109
    1119
    1132
    1099
    1106
    1079
    1061
    1019
    1123
    1084
    1116
    1022
    1002
    1017
    1076
    1034
    1058
    1014
    1047
    1097
    1063
    1044
     991
    1060
    1060
     989
    1070
    1012
    1030
    1018
     979
    1017
    1009
    1070
     991
    1052
    1011
    1017
    1046
    1008
    1008
     990
    1012
     955
     981
    1082
    1047
     977
    1027
     999
     979
    1019
     992
     973
    1033
    1069
    1039
    1027
     962
     958
     981
    1053
    1001
     973
    1008
     955
     966
     958
     986
     963
     950
    1003
     967
     964
     950
     937
     945
     926
     950
     940
     963
     916
     915
     905
     963
     874
     891
     888
     912
     875
     949
     903
     962
     913
     929
     913
     900
     890
     871
     874
     932
     925
     908
     913
     879
     876
     891
     867
     916
     943
     867
     885
     861
     881
     826
     827
     831
     861
     843
     860
     865
     897
     834
     861
     863
     912
     842
     902
     872
     916
     829
     823
     878
     834
     834
     816
     889
     822
     834
     841
     816
     816
     828
     887
     867
     805
     907
     863
     819
     830
     857
     841
     804
     862
     786
     841
     830
     825
     823
     814
     848
     778
     770
     780
     848
     792
     825
     773
     822
     805
     830
     863
     804
     830
     763
     742
     819
     793
     773
     772
     810
     815
     784
     773
     787
     824
     755
     775
     751
     731
     790
     814
     783
     747
     801
     800
     705
     756
     822
     756
     764
     790
     740
     764
     802
     765
     805
     779
     761
     800
     720
     747
     790
     766
     776
     762
     769
     740
     786
     687
     711
     788
     748
     764
     702
     747
     754
     759
     709
     704
     761
     771
     738
     771
     691
     774
     733
     718
     734
     724
     701
     692
     668
     725
     664
     644
     717
     702
     701
     686
     690
     668
     720
     684
     673
     647
     665
     663
     629
     625
     638
     645
     603
     666
     662
     600
     604
     682
     661
     606
     545
     619
     600
     585
     613
     612
     575
     576
     588
     657
     568
     620
     647
     601
     622
     631
     554
     578
     602
     636
     598
     532
     587
     597
     528
     603
     578
     548
     576
     553
     529
     539
     516
     546
     565
     555
     542
     544
     594
     561
     549
     537
     553
     542
     519
     538
     539
     535
     571
     548
     548
     533
     553
     548
     501
     534
     558
     553
     492
     496
     492
     508
     485
     505
     531
     511
     538
     508
     503
     499
     485
     488
     504
     516
     444
     511
     496
     505
     505
     484
     499
     499
     486
     481
     489
     469
     541
     475
     485
     464
     520
     514
     464
     507
     481
     477
     482
     490
     460
     499
     432
     500
     476
     480
     511
     470
     488
     512
     521
     475
     448
     463
     500
     494
     528
     497
     478
     482
     469
     509
     476
     473
     508
     484
     470
     477
     471
     458
     485
     435
     471
     480
     459
     460
     505
     479
     467
     491
     459
     495
     488
     473
     461
     477
     494
     480
     549
     479
     529
     506
     471
     471
     471
     500
     468
     511
     457
     482
     483
     479
     513
     508
     486
     499
     544
     453
     504
     493
     487
     475
     531
     485
     529
     515
     496
     532
     520
     486
     525
     472
     532
     502
     512
     491
     504
     487
     515
     519
     495
     490
     547
     527
     510
     501
     492
     526
     488
     539
     521
     526
     552
     529
     502
     541
     505
     491
     507
     517
     521
     531
     484
     526
     497
     519
     493
     514
     527
     511
     550
     498
     515
     496
     532
     531
     543
     503
     513
     520
     533
     508
     518
     537
     472
     520
     524
     563
     520
     545
     559
     489
     523
     520
     563
     531
     566
     514
     530
     549
     557
     564
     544
     538
     533
     526
     533
     557
     532
     576
     475
     482
     515
     554
     486
     528
     527
     539
     548
     527
     530
     549
     564
     552
     543
     559
     536
     543
     539
     513
     517
     553
     499
     516
     542
     594
     558
     544
     554
     541
     528
     525
     534
     547
     524
     561
     520
     525
     563
     545
     560
     560
     513
     528
     536
     554
     562
     521
     538
     544
     515
     510
     491
     560
     570
     533
     491
     546
     574
     512
     515
     548
     528
     544
     511
     531
     541
     516
     508
     501
     562
     527
     514
     491
     503
     540
     520
     550
     536
     502
     527
     552
     519
     484
     468
     484
     466
     482
     467
     527
     471
     490
     444
     498
     507
     524
     442
     445
     439
     491
     448
     477
     460
     444
     422
     453
     495
     435
     429
     439
     426
     415
     420
     440
     400
     417
     432
     346
     403
     394
     389
     394
     380
     347
     381
     340
     337
     359
     371
     351
     350
     362
     358
     310
     361
     338
     341
     316
     346
     323
     325
     286
     338
     308
     322
     291
     330
     300
     288
     279
     285
     303
     283
     252
     288
     278
     290
     266
     275
     274
     257
     282
     282
     262
     289
     234
     256
     288
     278
     295
     293
     262
     256
     263
     237
     254
     273
     243
     207
     263
     245
     232
     224
     257
     267
     254
     247
     218
     249
     232
     212
     207
     252
     219
     219
     213
     207
     212
     236
     199
     219
     203
     191
     187
     203
     190
     200
     217
     200
     175
     189
     185
     188
     181
     182
     186
     209
     197
     184
     193
     179
     174
     173
     190
     196
     166
     152
     175
     171
     155
     160
     188
     171
     170
     155
     166
     172
     162
     183
     162
     177
     147
     148
     158
     146
     141
     161
     174
     169
     144
     147
     153
     145
     134
     124
     158
     147
     156
     163
     127
     142
     146
     137
     151
     125
     131
     120
     138
     144
     122
     130
     129
     115
     141
     131
     138
     131
     135
     124
     114
     108
     133
     134
     117
     129
     110
     134
     120
     123
     116
     118
     122
     115
     103
     114
     109
     110
     104
     113
      98
     126
     104
     106
     112
     105
     106
     108
      93
     113
     106
     102
     119
     112
      96
     100
      98
     118
     108
      86
      98
      94
     106
     116
     125
     110
      92
     117
     115
      91
     108
      94
     108
     115
     109
     114
      86
      88
     105
      96
      84
     103
     104
     120
      96
     115
     116
     119
     102
     108
     116
      86
     113
     102
     118
     119
     105
     109
     135
     120
     109
     109
     108
     142
     137
     137
     147
     150
     143
     192
     165
     188
     188
     203
     217
     217
     221
     242
     248
     279
     295
     303
     300
     351
     357
     369
     390
     433
     458
     452
     469
     516
     523
     541
     547
     646
     605
     669
     667
     655
     685
     749
     786
     779
     763
     817
     868
     899
     893
     891
     911
     963
     978
     955
     964
     999
    1027
    1027
    1046
    1121
    1086
    1133
    1091
    1166
    1154
    1167
    1168
    1216
    1193
    1278
    1230
    1296
    1292
    1270
    1329
    1401
    1355
    1434
    1414
    1405
    1495
    1576
    1527
    1579
    1570
    1587
    1634
    1716
    1635
    1632
    1649
    1671
    1619
    1668
    1639
    1684
    1634
    1702
    1667
    1715
    1587
    1599
    1530
    1535
    1473
    1465
    1362
    1365
    1345
    1312
    1244
    1221
    1156
    1051
    1072
     999
     891
     875
     820
     770
     754
     678
     642
     633
     610
     513
     465
     462
     435
     401
     388
     317
     297
     315
     258
     248
     220
     216
     189
     173
     163
     132
     114
     119
     111
      98
      87
      89
      98
      97
      91
      71
      74
      69
      64
      52
      59
      58
      59
      52
      56
      54
      54
      44
      57
      56
      59
      60
      68
      45
      39
      42
      68
      55
      54
      46
      36
      51
      58
      55
      42
      49
      44
      49
      55
      51
      38
      49
      49
      47
      48
      44
      48
      44
      50
      42
      40
      59
      41
      47
      60
      47
      41
      54
      49
      48
      49
      54
      55
      60
      43
      37
      47
      34
      53
      53
      46
      49
      52
      45
      55
      49
      50
      45
      49
      51
      40
      48
      44
      45
      59
      53
      47
      38
      38
      46
      47
      35
      39
      41
      42
      47
      37
      52
      53
      41
      48
      51
      47
      44
      54
      48
      49
      35
      46
      52
      45
      46
      49
      48
      43
      39
      48
      54
      44
      56
      53
      42
      50
      45
      44
      50
      34
      41
      61
      52
      47
      55
      57
      45
      45
      57
      55
      45
      49
      48
      47
      58
      53
      38
      43
      47
      53
      56
      42
      58
      45
      52
      43
      44
      55
      37
      48
      44
      42
      38
      60
      45
      34
      50
      57
      49
      55
      45
      52
      40
      49
      37
      43
      55
      60
      54
      53
      42
      41
      48
      52
      40
      37
      47
      40
      56
      55
      40
      56
      46
      52
      33
      43
      49
      70
      47
      50
      49
      54
      45
      45
      44
      55
      41
      45
      51
      45
      51
      52
      32
      42
      47
      41
      41
      48
      64
      53
      36
      52
      58
      58
      41
      40
      44
      36
      59
      43
      57
      38
      30
      49
      48
      43
      49
      55
      60
      49
      51
      56
      43
      54
      37
      56
      42
      49
      40
      41
      61
      45
      48
      51
      50
      45
      49
      40
      44
      49
      41
      54
      40
      47
      53
      49
      42
      50
      56
      52
      53
      55
      43
      51
      62
      54
      57
      49
      59
      40
      48
      42
      46
      50
      54
      51
      40
      53
      51
      49
      47
      64
      53
      55
      57
      48
      50
      60
      46
      61
      54
      61
      69
      37
      54
      56
      53
      60
      71
      48
      57
      73
      53
      64
      67
      66
      60
      64
      63
      62
      55
      46
      49
      67
      49
      65
      63
      60
      58
      64
      43
      83
      61
      72
      52
      70
      70
      69
      78
      57
      68
      60
      85
      58
      63
      68
      66
      60
      60
      76
      68
      65
      63
      76
      59
      68
      72
      60
      67
      68
      67
      64
      86
      66
      67
      68
      82
      68
      80
      57
      93
      82
      69
      99
      76
      92
      68
      83
      77
      75
      82
      85
      92
      74
      87
      94
      86
      91
     103
     102
      64
      69
      76
      78
      78
      87
      99
      71
     102
     114
      68
      90
      93
      94
      97
      93
      89
      83
     106
      82
      86
      88
      88
     100
      94
      90
      72
      89
      97
     110
     100
      95
     101
      83
      83
      91
      88
      85
      90
      99
     102
      87
      81
     104
      78
     106
      85
     106
      81
     101
     125
     109
     106
      94
     111
      99
     100
      96
      99
     117
      92
     102
      95
     112
     107
     114
     103
     101
     111
     110
     125
     111
     114
     110
     108
     109
     121
     109
     134
     121
     116
     123
     107
     116
     119
     114
      97
     111
     111
     112
     113
     133
     145
     141
     112
     134
     109
     133
     138
     130
     130
     132
     118
     153
     134
     121
     152
     151
     132
     145
     121
     145
     153
     132
     137
     154
     155
     137
     166
     161
     133
     156
     179
     146
     137
     182
     164
     173
     134
     173
     168
     148
     163
     157
     151
     161
     158
     169
     186
     173
     177
     177
     157
     173
     177
     152
     160
     190
     155
     179
     192
     184
     177
     197
     197
     173
     212
     184
     189
     195
     216
     172
     191
     191
     188
     185
     206
     209
     213
     183
     197
     218
     224
     187
     206
     201
     184
     186
     199
     199
     191
     200
     193
     214
     189
     187
     200
     204
     211
     218
     206
     186
     201
     241
     205
     197
     222
     207
     238
     199
     224
     234
     208
     236
     230
     210
     244
     200
     233
     221
     230
     227
     203
     215
     212
     208
     241
     244
     224
     204
     232
     219
     253
     243
     222
     193
     228
     227
     236
     218
     230
     230
     229
     214
     235
     242
     252
     218
     208
     237
     227
     240
     242
     220
     231
     254
     224
     231
     251
     238
     256
     273
     219
     256
     220
     218
     247
     251
     233
     254
     249
     251
     232
     258
     280
     275
     250
     255
     251
     306
     285
     290
     274
     319
     301
     298
     300
     281
     310
     282
     288
     298
     321
     313
     317
     300
     318
     288
     316
     293
     307
     356
     321
     366
     326
     317
     303
     343
     382
     358
     353
     345
     345
     372
     375
     351
     383
     346
     357
     384
     398
     386
     368
     420
     379
     414
     360
     393
     352
     406
     398
     370
     401
     418
     399
     418
     362
     431
     396
     411
     415
     391
     392
     442
     409
     426
     358
     409
     367
     409
     396
     411
     417
     401
     372
     368
     399
     358
     370
     385
     350
     347
     325
     356
     379
     352
     312
     325
     348
     309
     361
     361
     326
     315
     300
     303
     341
     315
     294
     324
     285
     294
     302
     268
     248
     283
     243
     256
     254
     281
     242
     291
     250
     215
     260
     213
     208
     233
     237
     199
     223
     215
     201
     199
     196
     206
     185
     194
     194
     214
     181
     183
     190
     208
     172
     194
     165
     206
     192
     179
     187
     192
     181
     198
     178
     215
     190
     192
     188
     203
     179
     178
     175
     201
     204
     172
     204
     197
     211
     205
     187
     216
     188
     205
     188
     206
     191
     181
     209
     229
     224
     186
     206
     187
     206
     202
     203
     178
     212
     201
     193
     200
     213
     211
     224
     226
     189
     201
     204
     192
     206
     191
     179
     210
     187
     191
     190
     198
     205
     205
     199
     211
     213
     208
     206
     210
     185
     188
     225
     201
     222
     217
     193
     203
     213
     180
     205
     201
     216
     214
     187
     184
     197
     189
     194
     190
     209
     224
     219
     197
     189
     195
     215
     158
     187
     199
     186
     212
     168
     193
     228
     195
     198
     211
     212
     201
     196
     204
     208
     193
     208
     208
     194
     217
     207
     207
     215
     236
     230
     238
     245
     224
     235
     216
     221
     219
     219
     200
     240
     229
     235
     246
     213
     242
     226
     235
     201
     223
     247
     250
     218
     219
     253
     249
     229
     217
     238
     228
     251
     246
     243
     230
     245
     220
     253
     249
     242
     235
     247
     230
     258
     238
     254
     246
     269
     254
     228
     208
     263
     249
     248
     238
     242
     234
     251
     255
     233
     238
     223
     233
     257
     266
     237
     242
     241
     236
     255
     250
     263
     236
     286
     262
     266
     246
     253
     259
     257
     253
     257
     245
     268
     243
     270
     238
     264
     275
     252
     255
     277
     237
     253
     247
     260
     249
     249
     291
     251
     289
     258
     282
     290
     306
     271
     257
     266
     275
     279
     271
     274
     300
     248
     280
     306
     319
     315
     320
     296
     314
     323
     332
     347
     304
     293
     316
     337
     337
     374
     319
     338
     321
     344
     320
     350
     359
     368
     336
     341
     336
     389
     349
     368
     365
     389
     375
     385
     362
     387
     344
     349
     366
     357
     398
     364
     374
     399
     381
     368
     348
     385
     360
     357
     382
     371
     349
     344
     383
     375
     369
     378
     336
     329
     356
     367
     385
     331
     333
     337
     333
     308
     322
     311
     298
     301
     308
     294
     332
     313
     288
     274
     293
     270
     262
     282
     269
     255
     238
     271
     257
     241
     246
     255
     260
     235
     250
     240
     211
     230
     235
     216
     230
     226
     196
     212
     236
     205
     192
     202
     192
     216
     191
     196
     198
     204
     236
     197
     243
     204
     208
     202
     235
     198
     207
     205
     185
     208
     205
     212
     217
     198
     196
     209
     205
     207
     251
     231
     205
     230
     234
     227
     204
     221
     239
     252
     222
     231
     228
     246
     258
     250
     274
     238
     240
     257
     281
     261
     244
     252
     289
     267
     276
     235
     241
     309
     264
     276
     293
     272
     255
     261
     283
     258
     275
     268
     273
     273
     286
     264
     268
     249
     243
     246
     250
     285
     279
     252
     258
     261
     245
     257
     236
     218
     247
     223
     213
     231
     222
     234
     215
     201
     231
     205
     200
     189
     189
     192
     181
     199
     176
     172
     181
     186
     169
     163
     154
     143
     146
     123
     139
     144
     146
     134
     109
     123
     132
     134
     137
     116
     121
     110
     118
     110
     100
     116
     100
      98
      81
      98
     108
     123
      87
      98
      99
      97
      94
      93
      96
      86
     104
      88
      84
      86
     104
      88
      76
     103
      97
      97
      87
      99
      89
      90
      86
      96
     108
      89
      81
      93
      88
     111
     112
      93
     115
      91
      90
      94
      87
     106
      97
      96
      92
     112
      93
      84
     102
     112
      97
     107
     100
      99
     126
     130
     117
      99
     113
     104
     113
     102
      92
     105
     114
     119
     108
     106
     122
     100
     119
     129
     134
     100
     128
     102
     121
     114
     101
     122
     127
     119
     119
     112
     127
     132
     104
     126
     121
     135
     120
     128
     142
     105
     127
     126
     114
     144
     120
     117
     120
     131
     139
     140
     128
     133
     119
     120
     132
     134
     137
     120
     146
     147
     120
     142
     134
     116
     155
     115
     122
     126
     116
     139
     129
     141
     125
     134
     106
     127
     135
     127
     136
     134
     139
     122
     134
     137
     135
     136
     137
     133
     137
     126
     153
     144
     113
     151
     125
     141
     129
     128
     141
     143
     138
     129
     130
     134
     133
     125
     138
     123
     129
     133
     145
     123
     138
     115
     125
     131
     147
     124
     114
     124
     134
     129
     134
     151
     148
     136
     139
     149
     141
     127
     118
     147
     123
     143
     127
     142
     132
     114
     144
     140
     128
     136
     168
     153
     162
     148
     153
     161
     140
     150
     144
     161
     137
     147
     137
     137
     159
     144
     169
     172
     132
     177
     135
     153
     153
     152
     162
     160
     160
     171
     143
     146
     200
     164
     192
     179
     180
     168
     167
     165
     170
     169
     194
     182
     190
     189
     196
     186
     194
     176
     187
     212
     194
     228
     210
     182
     208
     192
     194
     221
     206
     241
     219
     204
     219
     220
     258
     220
     232
     206
     232
     255
     249
     239
     216
     264
     254
     269
     256
     252
     244
     266
     249
     250
     288
     291
     253
     298
     282
     280
     279
     299
     303
     312
     295
     281
     285
     299
     280
     302
     290
     282
     274
     286
     316
     285
     321
     319
     308
     294
     290
     258
     284
     248
     270
     287
     289
     270
     267
     263
     258
     277
     245
     258
     298
     240
     271
     241
     264
     257
     251
     220
     246
     239
     240
     231
     218
     210
     196
     194
     207
     208
     210
     172
     164
     173
     176
     159
     133
     174
     169
     138
     131
     144
     137
     129
     120
     114
     102
      82
     117
     109
      85
      85
      90
      81
      98
      90
      68
      74
      78
      78
      65
      76
      62
      48
      52
      47
      50
      59
      51
      50
      34
      45
      31
      25
      44
      35
      38
      40
      24
      32
      29
      17
      32
      19
      25
      32
      17
      22
      23
      25
      38
      22
      26
      28
      17
      19
      21
      16
      20
      26
      19
      19
       9
      14
      13
      18
      15
      17
      26
      17
      14
      20
      18
      14
      15
      18
      16
      27
      16
       9
      23
      15
       7
      11
      12
      14
      21
      15
      16
      20
      17
      16
       9
      14
      12
      18
      12
       8
      14
       7
       8
      13
      14
      10
      11
      18
      10
      12
      16
      16
      11
      11
      11
      12
      14
      20
       9
       9
      12
       9
      11
      12
       7
      18
      18
      11
      15
      16
      17
      15
      14
      14
      15
      16
      15
      13
      20
      19
      15
       9
      12
       8
       9
      15
      10
      17
      14
      19
      10
      10
      12
      13
      10
      10
      17
      20
       8
      18
      23
      11
      14
      13
      12
       8
      16
       5
       8
      14
      11
      12
       7
       5
       9
      14
       9
       5
      11
      17
      16
       9
      10
      11
      14
      14
      15
      12
      15
      17
      17
      16
      14
      13
      13
      11
      11
       9
      18
      13
       8
      13
       9
      12
      11
      13
      11
      10
       9
       7
      10
      12
      15
       9
      11
      18
       9
      11
      17
      12
      12
      12
      11
      14
      10
      17
      14
       7
      16
       4
      14
      10
      15
      13
      10
      12
      13
       8
      11
      14
       8
       2
      24
      12
      17
      12
       8
      13
      19
      11
      12
      13
$ENER_FIT:
5.109740 0.664390
$PRESETS:
Live Time (sec)
100000
0
$RT:
100677.040000
$DT:
677039
$ISO_DECL_PU:
SMPLNAM: IDB-1499
SEPDATE: 01/01/1900 00:00:00
PU238: 0.0117 
DPU238: 2.5641
PU239: 93.4123 
DPU239: 0.0043
PU240: 6.3131 
DPU240: 0.0618
PU241: 0.2235 
DPU241: 0.1790
PU242: 0.0395 
DPU242: 0.7595
AM241: 0.1047 
DAM241: 2.0057
DATE: 06/20/1986 00:00:00
PU240EFF: 6.4089
DPU240EFF: 0.0624
$ADC:
4096
0
4095