$APPLICATION_ID:
IDB v.1.0
$SPEC_REM:
Material type: Pu
Material form: powder
Material compound: PuO2
Pu isotopics:
238Pu 0.2895
239Pu 80.7098
240Pu 16.8927
241Pu 0.9327
242Pu 1.1754
241Am 6.6013
Detector: CZT (Geometry: Quasi-hemispherical, Size: 500 mm3)
MCA: InSpector-2000
$DATE_MEA:
04/15/2016 11:49:00
$MEAS_TIM:
1000 1217
$DATA:
0 4095
       0
       0
       0
       0
       0
       0
       0
       0
       0
       0
       0
       0
       0
       0
       0
       0
       0
       0
       3
      28
     136
     339
     589
     805
     996
    1304
    1631
    1912
    2333
    2710
    3223
    3613
    4050
    4534
    5142
    6824
   11270
   11680
   11774
   11689
   11955
   12212
   12200
   12026
   12270
   12497
   12552
   12981
   12991
   13546
   13845
   14277
   14953
   15673
   16703
   18224
   19701
   22154
   25659
   30481
   36082
   42928
   50829
   59267
   66696
   72542
   78057
   79322
   78886
   76999
   73442
   69905
   66017
   63476
   60888
   57976
   56076
   53661
   51402
   47500
   44068
   40694
   38184
   35194
   33745
   32200
   31048
   31076
   31072
   32268
   33501
   34541
   35740
   36184
   36384
   36102
   34980
   34514
   33496
   32769
   32630
   33598
   34438
   35197
   36111
   36700
   36737
   35080
   33065
   30908
   28480
   26108
   24047
   22844
   22162
   22288
   22296
   22783
   24059
   25613
   26622
   28377
   29965
   31698
   33163
   35043
   36577
   39475
   41499
   42627
   45474
   47472
   50169
   52474
   55757
   59486
   63427
   68009
   73143
   78539
   84156
   90396
   97746
  103202
  109198
  114606
  119433
  122328
  123574
  123538
  123042
  120473
  117237
  114830
  110692
  107798
  106018
  104915
  105658
  108026
  112660
  120568
  131261
  147620
  168977
  198408
  233698
  279182
  330255
  383722
  434837
  478465
  506257
  515328
  500264
  463960
  410533
  347218
  277890
  213806
  157140
  111135
   76090
   50898
   33607
   22562
   15616
   11775
    9304
    7946
    7168
    6530
    6149
    5932
    6050
    5989
    5823
    6014
    5921
    6128
    6116
    6181
    6387
    6397
    6452
    6768
    6592
    6990
    6954
    7347
    7384
    7447
    7689
    7753
    7910
    8066
    8280
    8447
    8558
    8663
    8815
    8688
    8901
    8844
    8728
    9097
    8885
    9025
    8918
    8862
    8880
    8786
    8883
    8944
    8963
    9148
    8849
    8966
    8987
    9101
    8934
    8916
    8956
    9142
    9243
    9162
    9265
    9297
    9319
    9576
    9684
    9721
    9760
    9929
   10069
   10160
   10445
   10592
   10824
   10643
   10967
   10973
   11079
   11548
   11411
   11856
   11896
   11968
   12501
   12817
   13027
   13380
   13798
   14453
   14901
   15563
   16066
   17087
   17978
   19183
   20613
   22628
   24567
   26900
   29033
   31624
   34212
   35542
   36967
   37623
   37612
   36643
   35407
   34566
   33710
   32551
   32573
   32939
   32884
   33086
   32536
   31420
   29151
   27149
   24048
   20752
   17456
   14326
   11628
    9569
    7920
    6792
    5951
    5323
    4985
    4803
    4836
    5038
    5176
    5226
    5502
    5737
    5849
    6204
    6315
    6462
    6592
    6705
    6876
    6877
    7029
    7221
    7214
    7397
    7606
    7551
    7495
    7342
    7214
    7305
    7106
    7040
    6954
    6687
    6339
    6201
    5869
    5490
    5050
    4785
    4509
    4260
    4000
    3796
    3813
    3650
    3654
    3567
    3619
    3767
    3748
    3955
    4048
    4263
    4229
    4268
    4289
    3853
    3797
    3567
    3334
    3041
    2960
    2793
    2549
    2584
    2433
    2366
    2294
    2133
    2097
    2004
    1918
    1830
    1682
    1629
    1614
    1446
    1437
    1412
    1391
    1341
    1430
    1387
    1465
    1372
    1459
    1336
    1347
    1394
    1374
    1364
    1328
    1378
    1370
    1399
    1391
    1410
    1408
    1383
    1485
    1399
    1499
    1454
    1510
    1548
    1476
    1553
    1620
    1580
    1656
    1708
    1740
    1832
    1830
    2001
    1924
    2051
    2149
    2188
    2232
    2133
    2282
    2240
    2129
    2214
    2046
    1990
    1957
    1838
    1720
    1756
    1713
    1677
    1592
    1558
    1529
    1525
    1535
    1491
    1405
    1396
    1466
    1465
    1470
    1441
    1428
    1445
    1394
    1427
    1442
    1400
    1475
    1483
    1467
    1459
    1422
    1477
    1410
    1429
    1482
    1365
    1397
    1387
    1433
    1460
    1421
    1395
    1396
    1332
    1389
    1428
    1329
    1464
    1286
    1305
    1302
    1259
    1208
    1181
    1217
    1200
    1216
    1195
    1262
    1219
    1158
    1161
    1216
    1113
    1058
    1075
    1111
    1066
    1055
    1045
    1014
     940
     975
     978
     978
     970
    1024
     909
     909
     900
     942
     988
     918
     920
     900
     912
     859
     926
     876
     847
     894
     926
     835
     921
     890
     873
     891
     819
     869
     843
     904
     877
     811
     856
     827
     899
     879
     843
     852
     871
     874
     885
     884
     850
     794
     864
     805
     817
     800
     858
     795
     810
     774
     819
     805
     793
     829
     833
     835
     794
     780
     781
     741
     805
     776
     831
     742
     730
     793
     782
     781
     771
     796
     756
     800
     774
     799
     784
     822
     876
     880
     914
     888
     902
     971
    1035
    1003
    1134
    1207
    1276
    1349
    1407
    1621
    1766
    1874
    2100
    2366
    2631
    2759
    2979
    3104
    3306
    3296
    3306
    3107
    2888
    2583
    2262
    1980
    1647
    1333
    1094
     932
     747
     598
     568
     495
     493
     411
     410
     387
     366
     390
     376
     388
     390
     389
     392
     364
     376
     368
     397
     377
     375
     389
     368
     405
     377
     428
     421
     401
     394
     395
     374
     359
     402
     402
     380
     365
     389
     358
     357
     364
     314
     328
     326
     336
     322
     357
     325
     302
     339
     305
     302
     367
     325
     342
     298
     321
     305
     322
     316
     336
     334
     335
     303
     340
     325
     323
     311
     317
     326
     346
     332
     350
     351
     308
     371
     335
     334
     348
     377
     373
     354
     371
     361
     356
     325
     312
     346
     298
     314
     301
     293
     270
     301
     326
     296
     286
     275
     269
     271
     290
     283
     277
     297
     288
     231
     254
     254
     270
     242
     247
     283
     239
     254
     288
     289
     264
     266
     231
     270
     284
     231
     243
     272
     240
     289
     258
     289
     252
     266
     286
     249
     243
     258
     237
     242
     231
     241
     246
     265
     244
     240
     242
     212
     242
     234
     219
     238
     248
     244
     248
     238
     265
     263
     280
     267
     264
     309
     312
     265
     332
     308
     295
     303
     321
     342
     309
     324
     280
     298
     312
     266
     227
     238
     219
     248
     187
     213
     196
     208
     218
     178
     195
     208
     204
     167
     205
     179
     207
     191
     199
     176
     173
     205
     197
     190
     182
     176
     201
     182
     177
     171
     172
     165
     198
     192
     169
     201
     168
     165
     195
     180
     191
     189
     169
     176
     147
     168
     177
     165
     173
     182
     167
     186
     157
     201
     175
     182
     192
     200
     168
     190
     168
     186
     158
     196
     177
     178
     176
     153
     199
     185
     174
     162
     165
     188
     169
     187
     180
     195
     211
     195
     206
     198
     206
     203
     205
     199
     222
     227
     197
     230
     204
     203
     208
     221
     193
     184
     185
     168
     187
     151
     172
     175
     171
     195
     202
     208
     215
     215
     207
     249
     240
     280
     237
     267
     310
     290
     318
     346
     405
     383
     440
     398
     411
     403
     432
     411
     371
     363
     345
     313
     302
     242
     251
     209
     195
     210
     189
     182
     174
     174
     160
     166
     162
     209
     185
     189
     217
     212
     245
     200
     238
     240
     247
     248
     269
     276
     255
     267
     253
     247
     231
     227
     233
     241
     217
     222
     192
     227
     228
     238
     234
     255
     277
     279
     306
     346
     344
     385
     406
     437
     523
     517
     570
     599
     595
     604
     629
     632
     645
     627
     603
     599
     567
     566
     499
     474
     434
     400
     341
     349
     275
     253
     249
     206
     209
     161
     166
     165
     175
     174
     186
     173
     161
     149
     182
     160
     182
     205
     170
     178
     174
     181
     169
     155
     157
     141
     121
     121
     107
      94
      98
     104
     103
      79
      79
      98
      91
     104
      86
      96
      95
      85
      90
      78
      65
      78
     100
      84
      75
      85
      79
      86
      94
     100
      95
      86
      85
      74
     129
      99
      76
     105
      85
     121
     104
     104
     104
     109
      98
     127
     139
     129
     123
     144
     148
     142
     116
     153
     187
     191
     213
     210
     227
     231
     257
     284
     267
     298
     335
     286
     302
     292
     279
     275
     307
     298
     287
     288
     278
     301
     294
     329
     288
     340
     332
     340
     393
     399
     370
     375
     353
     330
     318
     338
     321
     283
     236
     263
     226
     202
     188
     206
     141
     169
     128
     146
     173
     128
     148
     115
     118
     108
     114
     125
     101
     129
     117
      89
      91
      86
      81
      86
      75
      77
      95
      95
      74
      82
      77
      82
     102
     101
     128
     112
      93
     110
     114
     108
      99
     108
     111
     125
     115
     132
     121
     124
     104
      91
      81
      75
      79
      73
      57
      72
      73
      60
      63
      64
      71
      59
      71
      51
      53
      65
      59
      50
      57
      60
      53
      54
      62
      60
      62
      68
      58
      63
      82
      66
      75
      78
      62
      78
      64
      76
      98
      92
      93
      90
     102
     120
     134
     140
     139
     153
     177
     160
     169
     202
     204
     221
     236
     203
     211
     205
     220
     201
     211
     151
     157
     157
     123
     125
     103
     126
      92
      90
      81
      68
      73
      53
      74
      72
      73
      65
      67
      77
      55
      59
      59
      53
      70
      71
      78
      66
      56
      56
      48
      59
      52
      43
      65
      50
      50
      50
      41
      45
      34
      38
      41
      51
      41
      47
      38
      36
      37
      40
      35
      37
      34
      31
      29
      27
      32
      38
      27
      29
      36
      40
      36
      41
      32
      48
      30
      35
      32
      48
      36
      28
      29
      34
      29
      36
      37
      39
      27
      40
      39
      27
      29
      45
      44
      36
      33
      40
      44
      33
      37
      40
      37
      47
      37
      47
      44
      47
      44
      34
      42
      44
      55
      54
      46
      50
      56
      53
      56
      58
      39
      58
      51
      55
      50
      39
      39
      41
      34
      41
      32
      34
      33
      40
      32
      30
      31
      25
      37
      20
      33
      29
      33
      41
      22
      27
      20
      27
      29
      31
      33
      24
      30
      32
      23
      37
      33
      25
      34
      23
      27
      34
      21
      24
      33
      29
      27
      29
      30
      20
      27
      41
      28
      28
      31
      28
      32
      34
      25
      23
      24
      27
      15
      41
      22
      29
      20
      22
      16
      28
      25
      24
      22
      19
      20
      22
      28
      25
      23
      25
      20
      28
      16
      24
      27
      24
      15
      26
      18
      22
      25
      14
      27
      19
      16
      16
      24
      14
      18
      17
      11
      26
      25
      15
      20
      23
      21
      22
      20
      23
      23
      22
      14
      17
      15
      20
      16
      22
      20
      17
      14
      14
      16
      17
      17
      18
      27
      23
      22
      22
      16
      20
      18
      16
      22
      18
      20
      17
      19
      17
      21
      22
      29
      16
      13
      18
      15
      22
      15
      21
      19
      15
      23
      21
      17
      11
      19
      21
      23
      19
      15
      26
      26
      28
      14
      26
      21
      20
      23
      27
      15
      22
      20
      21
      17
      17
      15
      22
      25
      23
      23
      18
      17
      17
      20
      20
      19
      13
       8
      11
      22
      14
      19
      14
      10
      14
      15
      14
      14
      14
      15
      15
      18
      14
      11
       9
       8
      16
      15
       6
      10
      11
      15
      18
       8
      13
      16
      13
      10
       5
      11
      16
      11
      13
       8
      13
       9
      16
      12
      14
      16
       8
      16
      15
      15
       8
      12
      15
      14
      10
       8
       9
       6
      12
      12
       9
      12
      10
       9
      15
       7
       8
       7
      11
       8
       7
      10
      19
      10
       9
      12
      10
      10
      13
      12
      10
      13
       4
       5
      14
      11
      10
       4
      12
      10
      12
       5
      12
      12
       7
       6
       6
       8
      10
       9
       6
      11
      10
      11
      12
       7
       9
      12
       8
       8
       7
      10
       3
       8
       6
      11
       9
       7
       7
      14
      11
      14
      10
       4
       5
       7
      11
       9
       4
       9
      10
       7
      12
      11
       5
       7
       8
       8
       5
      10
       4
      10
       7
       7
       7
       6
       5
       4
      14
      10
       8
       9
       8
       8
       6
      10
      12
      10
       9
       8
       7
      10
      10
      14
       7
       8
       9
       8
       7
       7
       8
      19
      10
      10
      13
       9
      14
       4
      13
      12
      10
      15
      12
       9
       8
      10
      17
      17
      18
      22
      23
      18
      21
      18
      20
      24
      21
      26
      16
      26
      27
      20
      13
      14
      10
      13
      17
      13
      11
      17
       8
      10
       6
      12
       9
       9
       6
       4
       8
      12
       9
      10
       4
       8
       7
       3
       3
       8
       7
       7
       9
       7
       9
      12
       8
       4
      10
      14
       9
       9
       5
      15
      11
       5
       8
       7
       9
      11
       4
      13
       6
       8
       6
       7
       6
       9
       5
       3
       5
       5
       3
       8
       5
      11
       1
       6
       8
       6
      11
      11
       8
      12
       8
      10
      10
       5
       8
       3
       5
       7
       9
       8
       7
      11
      16
       6
      14
      15
      19
      12
      15
       8
      18
      15
       9
      17
      22
      14
      17
      26
      16
      17
      29
      23
      21
      27
      21
      12
       9
      20
      17
      15
      14
       6
      12
      14
      12
      10
       5
      11
       8
       9
      11
       5
       5
       6
       9
      11
       4
       7
       7
       5
       3
       6
       6
      10
       8
       9
       8
       9
       7
       2
      10
      10
      12
      11
       7
       9
       9
      11
       8
       7
       9
      14
      10
      10
      15
      10
      10
      10
      16
      14
      10
       9
      13
       8
      16
      10
      20
       9
       9
      11
      10
      12
      12
      16
      11
      13
      11
      19
      13
      12
      22
       9
      16
      13
      20
      15
      17
      21
      21
      19
      18
      26
      21
      20
      25
      29
      21
      25
      23
      30
      25
      37
      30
      25
      27
      37
      33
      41
      38
      34
      38
      42
      50
      48
      49
      48
      50
      51
      62
      55
      56
      57
      74
      67
      68
      77
      61
      88
      78
      98
      78
      74
      69
      61
      81
      55
      46
      51
      37
      29
      23
      19
      23
      18
      14
      10
      14
      10
       4
       2
       8
       6
       5
       5
       4
       2
       4
       4
       6
       6
       3
       5
       3
       4
       4
       2
       3
       4
       8
       6
       4
       6
       5
       5
       3
       7
       6
       2
       4
       7
       3
       4
       4
       5
       3
       6
       4
       5
       7
       8
       7
       7
       8
       7
       1
       9
       8
      10
      12
       7
       6
      10
       5
      13
       8
       8
       3
       9
      11
       9
       7
      15
       6
       8
       9
       9
       8
      10
       8
       2
       5
       3
       6
       6
       8
       8
       6
       7
       4
       9
       2
       3
       8
       3
       6
       4
       7
       4
       9
       7
       5
       7
      10
       5
       5
       2
       6
       8
       4
       5
       7
       4
       7
      10
       4
       6
       9
       7
       6
       5
       8
       6
       9
      10
      10
       4
       6
       6
       9
      11
      15
      11
      11
      11
      11
      13
      11
       9
      12
      11
       8
      16
       9
      14
      13
      25
      14
      17
      26
      24
      31
      16
      17
      18
      27
      36
      33
      27
      32
      35
      31
      48
      45
      39
      29
      38
      39
      26
      37
      22
      30
      29
      21
      20
      21
      16
      17
      13
      13
       7
       9
      10
       2
      14
       7
      11
       8
       2
       2
       6
       2
       2
       2
       4
       2
       1
       2
       5
       3
       4
       5
       2
       1
       1
       4
       5
       2
       4
       1
       2
       4
       4
       1
       4
       4
       7
       1
       1
       2
       2
       4
       4
       3
       2
       1
       1
       1
       6
       1
       3
       0
       1
       3
       0
       1
       0
       2
       3
       1
       2
       1
       3
       3
       4
       0
       3
       1
       2
       1
       1
       2
       4
       3
       0
       0
       2
       2
       0
       2
       4
       2
       0
       3
       7
       4
       1
       4
       4
       2
       3
       1
       3
       1
       6
       2
       6
       1
       6
       1
       2
       3
       1
       0
       1
       4
       3
       5
       1
       4
       5
       5
       5
       6
       4
       3
       2
       2
       9
       4
       5
       5
       2
       4
       6
       2
       0
       5
       1
       4
       4
       5
       5
       5
       1
       2
       1
       1
       4
       3
       3
       0
       4
       0
       4
       0
       4
       2
       1
       2
       0
       0
       0
       1
       1
       1
       2
       1
       1
       1
       4
       2
       1
       3
       4
       0
       0
       1
       2
       3
       2
       0
       1
       0
       1
       0
       1
       2
       0
       0
       1
       2
       0
       1
       2
       1
       1
       1
       3
       1
       2
       0
       0
       2
       1
       1
       0
       1
       1
       0
       1
       0
       2
       0
       1
       2
       1
       0
       2
       1
       3
       1
       2
       0
       3
       2
       2
       2
       0
       1
       0
       3
       0
       1
       2
       3
       0
       0
       0
       2
       1
       1
       2
       2
       1
       1
       3
       3
       1
       0
       0
       1
       1
       0
       0
       0
       1
       2
       2
       1
       0
       2
       0
       0
       0
       0
       0
       0
       0
       1
       0
       0
       0
       1
       0
       2
       1
       1
       2
       1
       1
       3
       0
       0
       1
       2
       1
       0
       1
       0
       1
       1
       1
       0
       2
       0
       1
       3
       1
       2
       1
       1
       1
       2
       0
       1
       0
       0
       1
       0
       1
       1
       1
       0
       2
       1
       0
       1
       0
       1
       1
       0
       0
       1
       1
       0
       0
       1
       1
       0
       1
       0
       1
       0
       0
       1
       0
       1
       3
       0
       2
       0
       1
       3
       2
       1
       0
       2
       1
       0
       1
       0
       1
       0
       0
       0
       2
       1
       0
       1
       0
       1
       2
       0
       0
       0
       1
       1
       0
       1
       0
       0
       3
       3
       0
       0
       1
       1
       0
       1
       2
       1
       0
       2
       1
       3
       1
       2
       1
       2
       2
       4
       1
       3
       2
       1
       0
       3
       4
       3
       4
       3
       1
       2
       2
       1
       1
       4
       1
       2
       0
       1
       4
       3
       1
       2
       0
       1
       0
       1
       1
       3
       3
       0
       1
       0
       0
       0
       0
       2
       1
       1
       2
       0
       3
       1
       0
       1
       0
       0
       1
       0
       0
       1
       1
       1
       1
       1
       1
       1
       0
       0
       3
       0
       1
       0
       1
       0
       3
       0
       0
       1
       0
       2
       0
       1
       3
       0
       0
       0
       1
       2
       1
       0
       3
       2
       0
       2
       0
       0
       1
       2
       1
       0
       0
       1
       1
       3
       1
       0
       0
       0
       1
       0
       0
       0
       1
       0
       0
       1
       1
       1
       0
       3
       1
       1
       2
       0
       3
       1
       0
       2
       0
       2
       1
       0
       1
       3
       0
       2
       0
       1
       3
       1
       1
       1
       1
       0
       1
       0
       0
       0
       1
       1
       1
       1
       0
       1
       0
       0
       1
       0
       1
       0
       0
       0
       0
       0
       1
       0
       0
       0
       1
       0
       1
       0
       0
       0
       1
       1
       0
       0
       0
       2
       2
       0
       0
       0
       0
       1
       0
       1
       3
       0
       0
       3
       1
       1
       1
       2
       1
       1
       0
       0
       0
       0
       0
       0
       0
       1
       1
       2
       0
       0
       0
       1
       0
       0
       2
       1
       0
       0
       1
       1
       0
       0
       0
       0
       2
       1
       1
       1
       0
       0
       2
       0
       0
       1
       0
       1
       2
       0
       1
       0
       2
       1
       1
       0
       1
       2
       0
       0
       1
       1
       1
       1
       0
       0
       0
       1
       2
       0
       1
       0
       1
       1
       1
       1
       0
       2
       0
       1
       0
       1
       0
       1
       3
       1
       0
       1
       0
       0
       0
       0
       1
       0
       3
       1
       2
       1
       0
       0
       0
       0
       0
       0
       0
       0
       0
       0
       0
       0
       1
       1
       2
       1
       0
       0
       2
       0
       1
       1
       1
       1
       0
       1
       0
       0
       0
       1
       0
       0
       0
       0
       1
       1
       1
       0
       0
       0
       0
       0
       1
       0
       1
       0
       0
       0
       0
       0
       0
       0
       0
       0
       0
       2
       0
       1
       1
       0
       0
       0
       1
       0
       1
       0
       1
       0
       1
       1
       1
       0
       1
       0
       1
       1
       0
       1
       1
       0
       0
       1
       1
       0
       0
       1
       1
       1
       0
       1
       0
       0
       0
       2
       1
       0
       1
       0
       0
       0
       1
       0
       0
       2
       1
       2
       0
       0
       1
       0
       0
       0
       1
       0
       1
       1
       1
       0
       0
       1
       0
       1
       0
       2
       0
       0
       1
       2
       1
       0
       2
       0
       0
       0
       0
       0
       0
       0
       1
       0
       0
       0
       0
       0
       1
       2
       2
       0
       0
       0
       2
       0
       1
       0
       0
       0
       0
       0
       0
       0
       0
       0
       1
       0
       1
       1
       0
       0
       0
       1
       0
       0
       1
       1
       0
       0
       1
       0
       1
       0
       1
       0
       0
       0
       0
       1
       0
       0
       0
       1
       0
       0
       1
       0
       0
       3
       0
       0
       0
       0
       0
       1
       0
       1
       0
       0
       1
       0
       0
       0
       1
       0
       1
       0
       1
       0
       0
       1
       0
       0
       1
       1
       0
       0
       1
       0
       1
       0
       0
       0
       0
       1
       0
       0
       0
       2
       0
       0
       0
       0
       1
       0
       0
       1
       0
       0
       1
       0
       0
       0
       0
       0
       0
       0
       1
       0
       0
       0
       0
       0
       0
       1
       0
       0
       0
       0
       0
       0
       1
       0
       2
       0
       0
       1
       0
       0
       1
       2
       0
       0
       0
       1
       0
       1
       0
       0
       3
       0
       1
       0
       1
       0
       0
       0
       1
       0
       1
       0
       2
       0
       0
       0
       1
       0
       1
       0
       1
       0
       0
       0
       0
       2
       1
       0
       0
       1
       0
       1
       0
       1
       0
       2
       0
       0
       0
       0
       2
       1
       0
       2
       0
       0
       0
       3
       0
       1
       1
       0
       0
       1
       0
       0
       0
       0
       2
       0
       1
       0
       0
       0
       0
       0
       1
       0
       0
       0
       2
       2
       0
       0
       3
       0
       0
       0
       0
       0
       2
       1
       0
       1
       0
       0
       0
       2
       0
       1
       1
       0
       1
       0
       2
       1
       0
       4
       1
       0
       1
       1
       0
       2
       0
       0
       1
       1
       1
       0
       0
       0
       0
       0
       3
       0
       0
       0
       1
       2
       1
       0
       1
       0
       3
       1
       0
       0
       1
       1
       0
       0
       0
       2
       1
       0
       1
       0
       1
       0
       0
       2
       0
       0
       0
       1
       1
       0
       1
       0
       1
       0
       1
       0
       3
       0
       0
       2
       0
       0
       0
       0
       0
       0
       2
       2
       1
       1
       1
       2
       0
       1
       0
       2
       0
       0
       0
       1
       2
       2
       1
       1
       1
       2
       0
       0
       1
       1
       0
       2
       0
       1
       2
       0
       1
       2
       0
       1
       0
       0
       1
       0
       0
       2
       0
       1
       0
       0
       1
       0
       0
       0
       0
       0
       0
       0
       0
       1
       2
       2
       1
       3
       0
       1
       1
       0
       1
       0
       1
       0
       1
       0
       0
       1
       0
       1
       1
       0
       0
       1
       0
       0
       0
       0
       0
       0
       1
       1
       1
       0
       2
       0
       1
       0
       1
       0
       0
       0
       0
       0
       0
       0
       0
       2
       0
       0
       1
       0
       0
       0
       0
       1
       2
       1
       0
       1
       0
       3
       0
       1
       1
       0
       0
       0
       0
       1
       0
       0
       1
       1
       0
       1
       0
       0
       0
       1
       1
       0
       1
       0
       0
       2
       0
       0
       0
       1
       0
       1
       0
       2
       1
       0
       2
       0
       0
       0
       0
       0
       0
       1
       1
       0
       0
       1
       0
       0
       1
       0
       2
       0
       0
       2
       0
       2
       2
       3
       0
       0
       0
       1
       0
       0
       0
       0
       0
       1
       2
       0
       1
       0
       0
       0
       0
       0
       2
       0
       0
       0
       1
       0
       0
       0
       1
       0
       1
       0
       0
       0
       1
       0
       0
       0
       3
       0
       1
       0
       0
       0
       0
       0
       0
       1
       2
       0
       1
       0
       0
       0
       1
       0
       0
       1
       0
       0
       0
       0
       1
       1
       1
       0
       1
       1
       1
       1
       2
       0
       0
       0
       0
       0
       0
       0
       0
       0
       1
       0
       0
       0
       1
       1
       0
       0
       1
       0
       0
       0
       1
       1
       0
       0
       1
       0
       0
       1
       1
       1
       0
       2
       0
       1
       0
       0
       0
       1
       1
       1
       1
       0
       0
       1
       0
       1
       0
       2
       1
       1
       0
       0
       1
       1
       1
       0
       0
       0
       0
       0
       0
       0
       0
       2
       1
       0
       0
       0
       2
       0
       0
       0
       2
       0
       1
       0
       1
       0
       1
       0
       0
       1
       0
       0
       0
       1
       1
       0
       0
       0
       1
       0
       1
       0
       0
       1
       1
       0
       0
       0
       0
       2
       0
       0
       0
       2
       0
       1
       1
       0
       0
       0
       1
       2
       1
       0
       0
       0
       2
       0
       0
       0
       0
       2
       0
       0
       1
       1
       1
       0
       0
       0
       0
       0
       0
       0
       0
       0
       1
       2
       1
       0
       1
       0
       1
       0
       1
       1
       0
       0
       1
       0
       0
       1
       1
       0
       0
       0
       0
       0
       0
       0
       1
       0
       0
       0
       0
       0
       0
       0
       0
       0
       0
       1
       0
       1
       0
       0
       1
       0
       0
       2
       2
       0
       1
       0
       0
       0
       1
       0
       0
       1
       0
       1
       1
       1
       0
       0
       1
       0
       1
       1
       1
       1
       0
       1
       0
       1
       0
       0
       2
       1
       1
       1
       0
       1
       0
       0
       1
       1
       0
       1
       1
       0
       0
       1
       0
       0
       0
       0
       1
       1
       1
       0
       1
       0
       1
       0
       0
       0
       0
       1
       1
       1
       0
       0
       1
       1
       1
       0
       0
       2
       1
       2
       2
       3
       1
       0
       0
       1
       0
       1
       1
       0
       1
       0
       1
       1
       0
       1
       0
       0
       0
       1
       1
       0
       1
       0
       0
       1
       2
       1
       2
       0
       0
       0
       1
       0
       1
       1
       0
       0
       0
       1
       0
       0
       0
       0
       1
       1
       0
       0
       1
       3
       0
       0
       0
       0
       0
       0
       0
       0
       1
       0
       1
       1
       1
       1
       1
       0
       2
       0
       2
       1
       0
       0
       0
       0
       2
       1
       0
       0
       0
       0
       0
       0
       0
       0
       0
       0
       1
       0
       0
       0
       1
       0
       2
       0
       0
       0
       0
       0
       0
       0
       0
       0
       0
       0
       0
       0
       1
       2
       0
       0
       1
       0
       0
       0
       1
       0
       0
       0
       1
       0
       1
       2
       0
       1
       0
       0
       0
       0
       1
       1
       0
       0
       0
       0
       1
       0
       0
       1
       0
       2
       0
       0
       0
       1
       0
       0
       1
       0
       0
       1
       1
       1
       0
       0
       0
       0
       0
       2
       0
       1
       0
       2
       0
       0
       0
       1
       1
       0
       1
       1
       0
       0
       0
       0
       0
       1
       0
       0
       0
       1
       1
       0
       0
       2
       0
       0
       0
       0
       0
       0
       0
       0
       0
       1
       0
       1
       0
       0
       0
       0
       1
       1
       1
       0
       0
       0
       0
       0
       0
       1
       1
       0
       0
       1
       0
       0
       2
       1
       0
       1
       1
       0
       1
       0
       0
       0
       2
       0
       0
       0
       0
       0
       0
       1
       0
       0
       2
       0
       1
       0
       0
       0
       0
       1
       0
       0
       1
       1
       1
       0
       1
       1
       1
       1
       2
       0
       0
       0
       0
       0
       0
       0
       0
       0
       0
       0
       0
       0
       1
       1
       0
       1
       0
       1
       1
       0
       1
       0
       0
       2
       0
       0
       0
       1
       0
       0
       1
       1
       0
       0
       0
       1
       0
       0
       2
       0
       1
       1
       0
       0
       0
       0
       1
       0
       0
       0
       0
       1
       0
       0
       0
       0
       0
       1
       0
       1
       1
       0
       0
       0
       1
       2
       0
       0
       0
       1
       0
       0
       0
       2
       1
       0
       1
       0
       0
       2
       1
       1
       0
       0
       1
       1
       0
       1
       1
       1
       0
       2
       1
       3
       0
       0
       0
       1
       0
       1
       1
       0
$ENER_FIT:
0.000000 0.340000
$PRESETS:
Live Time (sec)
1000
0
$RT:
1216.600000
$DT:
216599
$ISO_DECL_PU:
SMPLNAM: IDB-1519
SEPDATE: 01/01/1900 00:00:00
PU238: 0.381 
DPU238: 4.4619
PU239: 75.62 
DPU239: 0.1058
PU240: 15.88 
DPU240: 0.6927
PU241: 7.02 
DPU241: 0.2849
PU242: 1.1 
DPU242: 0.9091
AM241: 0.3264 
DAM241: Unknown
DATE: 02/15/1973 00:00:00
PU240EFF: 18.6881
DPU240EFF: 0.6378
$ADC:
4096
0
4095