$APPLICATION_ID:
IDB v.1.0
$SPEC_REM:
Material type: MOX
Material form: powder
Material compound: PuO2+UO2
U isotopics:
234U 0.0242
235U 1.5623
236U 0.0689
238U 98.3446
Pu isotopics:
238Pu 0.1014
239Pu 76.5714
240Pu 22.041
241Pu 0.5468
242Pu 0.7394
241Am 0.8106
Detector: CZT (Geometry: Quasi-hemispherical, Size: 500 mm3)
MCA: InSpector-2000
$DATE_MEA:
03/16/2016 08:10:37
$MEAS_TIM:
50000 51595
$DATA:
0 4095
       0
       0
       0
       0
       0
       0
       0
       0
       0
       0
       0
       0
       0
       0
       0
       0
       0
       0
       0
       0
      30
     285
    1443
    3586
    5972
    8467
   10800
   13182
   15618
   18234
   21365
   24336
   27894
   31593
   35166
   39276
   42900
   45881
   48795
   55625
   83676
   87213
   87760
   87832
   87876
   89093
   89556
   91581
   93670
   96960
   99764
  104590
  109553
  115276
  124731
  134541
  148699
  169143
  197434
  234423
  286009
  350023
  423293
  505922
  584214
  652265
  701011
  720946
  716593
  691440
  651269
  607932
  567941
  536003
  512563
  494155
  474832
  453010
  424358
  393362
  359761
  328135
  297081
  273119
  255103
  241669
  235498
  236703
  242991
  255826
  270305
  287292
  303386
  314400
  317677
  317533
  310371
  300396
  288828
  283136
  282098
  288386
  300350
  314923
  328399
  336052
  335084
  323797
  302883
  275008
  243575
  214962
  189175
  171199
  159146
  153981
  154474
  158519
  165333
  174938
  184924
  195498
  207902
  219652
  231818
  243938
  256501
  268363
  280070
  292467
  306138
  318641
  335311
  353887
  374139
  397800
  426553
  459682
  495588
  537597
  583480
  631113
  678942
  723591
  766469
  802874
  831778
  849584
  857639
  857804
  849395
  834808
  816142
  802231
  786302
  776695
  773314
  777947
  794220
  821131
  863465
  928764
 1023671
 1162976
 1361325
 1637912
 2008823
 2481961
 3057667
 3695225
 4343942
 4929890
 5365249
 5579015
 5516037
 5167808
 4584242
 3846027
 3046574
 2277221
 1608543
 1072398
  678821
  407796
  234649
  132461
   75678
   46151
   31412
   24885
   21974
   20716
   20428
   20305
   20682
   20981
   21284
   21789
   22139
   22711
   23038
   23801
   24659
   25457
   26039
   26882
   27364
   28332
   29045
   30295
   30758
   31924
   32746
   33807
   34775
   35560
   36589
   37641
   38086
   38674
   38616
   38680
   38506
   38424
   38268
   37769
   37348
   37107
   37127
   37173
   37401
   37260
   37998
   38146
   38651
   38252
   38963
   39298
   39109
   39771
   40104
   40438
   41545
   41419
   42427
   42527
   43850
   43759
   44420
   44441
   44872
   44624
   44624
   44453
   43988
   43834
   43930
   43104
   42964
   43218
   43302
   43431
   43181
   44074
   45061
   45729
   46983
   48351
   50547
   53409
   56564
   60117
   64599
   69480
   74165
   79219
   84258
   89681
   96042
  103045
  112244
  124006
  137030
  152990
  170530
  188201
  204097
  216763
  224650
  226521
  223542
  214882
  204120
  193394
  185388
  178714
  176566
  177695
  179149
  181506
  181886
  177540
  167493
  153635
  136021
  116373
   95358
   76106
   59631
   45645
   35803
   27729
   23025
   20299
   19161
   19282
   19962
   22211
   24362
   27376
   29982
   32950
   35510
   37521
   39324
   40481
   40394
   40375
   40201
   39327
   38529
   38231
   37563
   36890
   35980
   33825
   32420
   29872
   26988
   24450
   21575
   19575
   17473
   15827
   14350
   13509
   12691
   11876
   11412
   10920
   10572
   10141
   10065
   10177
   10541
   10849
   11505
   12589
   13637
   14498
   15781
   17021
   18536
   19571
   20295
   20669
   20825
   20385
   19504
   18383
   17223
   16013
   14920
   14233
   13941
   13968
   14137
   14070
   13705
   13191
   12396
   11204
   10001
    8559
    7411
    6367
    5483
    4809
    4420
    4209
    3941
    4026
    3831
    3720
    3883
    3731
    3786
    3552
    3866
    3843
    3769
    3829
    3941
    3776
    3780
    3911
    3961
    3933
    4003
    3908
    3966
    4068
    4180
    4298
    4405
    4595
    4676
    4765
    5108
    5332
    5579
    5719
    6236
    6439
    6799
    7187
    7759
    7910
    8641
    8787
    9080
    9342
    9285
    9342
    9253
    8865
    8552
    8153
    7419
    6952
    6413
    5811
    5266
    4954
    4911
    4643
    4539
    4444
    4377
    4242
    4160
    4016
    4061
    3890
    3856
    4061
    3927
    3824
    3820
    3937
    4024
    4028
    4137
    4283
    4322
    4452
    4565
    4645
    4658
    4778
    4814
    4528
    4677
    4557
    4582
    4440
    4642
    4538
    4623
    4686
    4769
    4517
    4444
    4273
    4335
    4144
    3959
    3861
    3748
    3587
    3606
    3421
    3579
    3554
    3589
    3628
    3574
    3664
    3499
    3541
    3458
    3378
    3336
    3106
    2967
    2909
    2849
    2767
    2678
    2769
    2680
    2697
    2540
    2710
    2598
    2671
    2604
    2628
    2589
    2676
    2697
    2543
    2536
    2626
    2580
    2635
    2582
    2519
    2691
    2567
    2504
    2600
    2603
    2599
    2586
    2572
    2598
    2573
    2638
    2645
    2657
    2761
    2753
    2864
    2772
    2849
    2689
    2667
    2661
    2683
    2586
    2535
    2581
    2615
    2558
    2523
    2595
    2556
    2396
    2544
    2540
    2564
    2440
    2443
    2422
    2487
    2486
    2471
    2510
    2435
    2541
    2531
    2576
    2529
    2656
    2580
    2615
    2522
    2604
    2593
    2585
    2613
    2744
    2727
    2856
    2890
    3152
    3231
    3453
    3749
    4014
    4332
    4627
    5095
    5486
    5893
    6514
    7008
    7727
    8443
    9429
   10235
   11462
   13097
   14268
   15672
   16751
   17825
   18158
   18132
   17502
   16206
   14423
   12810
   10718
    8661
    6745
    5298
    4038
    3143
    2426
    1910
    1507
    1444
    1354
    1163
    1163
    1089
    1039
    1126
    1097
    1093
    1117
    1100
    1051
    1034
    1081
    1098
    1015
    1069
    1076
    1109
    1140
    1132
    1131
    1204
    1172
    1175
    1194
    1205
    1098
    1155
    1087
    1071
    1051
    1040
    1008
     995
    1016
     917
    1026
     893
     916
     871
     946
     845
     906
     888
     828
     842
     870
     876
     820
     820
     813
     846
     814
     822
     840
     832
     790
     798
     862
     869
     796
     878
     769
     798
     779
     738
     804
     824
     830
     793
     838
     768
     794
     806
     850
     846
     800
     775
     781
     705
     848
     720
     760
     749
     790
     752
     729
     793
     774
     739
     706
     684
     666
     660
     705
     686
     642
     662
     664
     676
     657
     671
     659
     596
     642
     646
     662
     631
     643
     613
     655
     633
     649
     581
     623
     634
     682
     645
     619
     685
     691
     679
     743
     708
     712
     681
     663
     656
     660
     631
     625
     567
     585
     546
     567
     540
     557
     553
     567
     567
     534
     594
     586
     594
     621
     647
     609
     667
     687
     714
     760
     752
     815
     777
     812
     818
     793
     894
     970
     891
     894
     831
     805
     763
     719
     638
     657
     589
     561
     488
     476
     495
     485
     447
     440
     442
     445
     415
     432
     430
     389
     437
     449
     395
     463
     439
     450
     463
     412
     425
     408
     388
     396
     425
     421
     384
     392
     388
     414
     400
     384
     368
     414
     404
     360
     381
     388
     410
     344
     367
     402
     367
     410
     390
     412
     360
     367
     418
     383
     405
     414
     451
     452
     421
     432
     407
     399
     465
     424
     396
     445
     441
     428
     462
     485
     471
     492
     491
     452
     482
     470
     505
     458
     505
     545
     536
     541
     541
     593
     596
     580
     579
     562
     606
     599
     598
     589
     554
     540
     541
     561
     503
     516
     521
     515
     498
     482
     499
     486
     494
     501
     539
     508
     543
     596
     608
     640
     673
     708
     750
     855
     897
     996
    1049
    1132
    1110
    1232
    1365
    1449
    1332
    1363
    1354
    1303
    1182
    1090
    1041
     885
     796
     720
     618
     582
     508
     527
     539
     476
     457
     506
     522
     548
     564
     570
     606
     651
     669
     689
     788
     793
     796
     841
     874
     835
     819
     865
     866
     922
     788
     769
     709
     665
     640
     629
     646
     665
     678
     703
     705
     739
     809
     921
     982
    1049
    1172
    1224
    1397
    1352
    1648
    1731
    1898
    1982
    2118
    2167
    2294
    2272
    2293
    2234
    2358
    2180
    2194
    2056
    1888
    1843
    1683
    1561
    1410
    1231
    1149
    1015
     871
     777
     687
     687
     661
     614
     593
     591
     570
     585
     610
     648
     644
     657
     683
     706
     761
     728
     730
     723
     702
     706
     714
     637
     588
     505
     483
     467
     370
     365
     304
     248
     272
     235
     240
     238
     229
     182
     182
     194
     200
     231
     244
     221
     214
     181
     208
     211
     201
     223
     203
     225
     225
     232
     249
     245
     229
     210
     227
     275
     275
     279
     300
     291
     301
     318
     355
     295
     319
     356
     357
     356
     399
     419
     417
     450
     546
     556
     599
     641
     719
     712
     794
     833
     876
     945
     942
    1012
    1075
    1093
    1148
    1123
    1111
    1091
    1157
    1097
    1135
    1140
    1186
    1245
    1311
    1296
    1437
    1491
    1570
    1523
    1686
    1603
    1678
    1741
    1656
    1588
    1550
    1391
    1313
    1097
    1125
     962
     847
     851
     718
     709
     652
     596
     620
     583
     559
     505
     539
     533
     511
     431
     429
     408
     413
     409
     351
     342
     314
     290
     286
     266
     263
     235
     247
     254
     272
     265
     308
     306
     295
     328
     359
     417
     434
     441
     444
     510
     496
     489
     527
     489
     470
     408
     427
     428
     376
     327
     293
     274
     267
     211
     219
     214
     211
     169
     173
     129
     147
     157
     138
     132
     146
     142
     125
     163
     137
     151
     182
     174
     197
     164
     210
     180
     189
     197
     215
     212
     236
     264
     253
     265
     275
     318
     317
     359
     390
     428
     439
     462
     524
     573
     605
     728
     760
     806
     902
     951
     983
    1002
    1033
    1096
    1046
     987
     889
     862
     798
     783
     617
     545
     489
     437
     376
     335
     272
     264
     228
     215
     198
     192
     145
     177
     168
     162
     174
     187
     184
     179
     192
     177
     168
     157
     140
     131
     131
     132
     134
     127
     124
     113
     105
     112
     123
     112
      99
      80
      84
      78
      98
      92
      70
      67
      65
      68
      85
      70
      68
      71
      50
      74
      69
      66
      63
      71
      71
      52
      70
      54
      45
      65
      66
      58
      65
      45
      72
      82
      62
      86
      88
      78
      58
      67
      89
      82
      82
      72
      70
      80
      85
      80
      79
      90
      81
      98
      93
      98
     102
     109
     103
     104
     111
     110
     117
     125
     101
     134
     131
     133
     155
     149
     173
     142
     168
     156
     133
     145
     125
     143
     134
     121
     104
     100
     100
      94
      96
      69
      66
      82
      72
      62
      62
      62
      58
      66
      61
      81
      40
      71
      51
      69
      59
      61
      51
      53
      51
      55
      50
      63
      56
      44
      64
      58
      56
      62
      65
      42
      51
      49
      40
      53
      56
      47
      65
      58
      47
      47
      68
      59
      69
      48
      56
      38
      45
      47
      45
      42
      59
      44
      57
      48
      38
      45
      35
      44
      41
      42
      41
      47
      35
      29
      43
      23
      39
      37
      25
      39
      38
      35
      45
      43
      43
      36
      33
      39
      32
      41
      39
      37
      36
      39
      38
      30
      21
      24
      41
      37
      48
      30
      39
      34
      36
      33
      28
      30
      34
      31
      42
      42
      39
      37
      27
      21
      27
      33
      30
      43
      24
      25
      30
      37
      32
      23
      31
      24
      25
      26
      27
      37
      33
      35
      26
      31
      23
      23
      34
      26
      33
      18
      33
      25
      25
      35
      28
      32
      35
      32
      25
      26
      31
      25
      23
      27
      28
      39
      43
      30
      23
      30
      25
      32
      31
      27
      37
      21
      31
      33
      40
      33
      32
      32
      24
      47
      37
      37
      23
      31
      28
      28
      31
      32
      31
      18
      28
      29
      29
      22
      25
      31
      22
      17
      22
      37
      21
      21
      29
      22
      25
      18
      24
      22
      21
      21
      22
      20
      19
      18
      24
      25
      26
      24
      31
      20
      18
      31
      17
      26
      19
      25
      25
      19
      19
      19
      12
      21
      17
      15
      20
      17
      17
      13
      18
      22
      24
      12
      23
      17
      20
      12
      15
      22
      21
      13
      22
       6
      16
      15
      18
      11
      14
      19
      20
      12
      12
       7
      16
       9
      15
      14
      16
      13
      13
      18
       9
      14
      11
      14
      16
      23
      14
      16
      14
      11
      13
      13
      14
      17
      14
      14
      15
      11
      17
      18
      16
      13
      17
      17
       9
      12
      16
      13
      18
      16
      10
      20
      11
       8
       8
       8
      14
      18
      13
      13
      12
       9
      10
      18
       8
      12
       9
       6
       9
      17
      14
       9
       8
      14
      12
      10
      17
      11
      16
      12
      10
       6
      10
      14
       7
       8
      12
      15
      12
       8
      16
       9
      14
      13
      10
      14
      11
       9
      12
      12
      14
      10
       7
      14
      14
      11
      19
       8
      20
      12
       8
      10
       6
      11
      17
      14
      13
      14
      15
      10
       8
      10
      15
      17
      17
      11
      16
      17
      12
      14
      16
      20
      24
      14
      19
      22
      14
      18
      15
      13
      21
      19
      22
       8
      11
      16
      13
      11
      12
      19
      24
      13
      16
      12
      11
      11
      14
      16
      14
      16
      20
      10
      15
      14
       7
      12
      19
      13
      10
      10
      17
      10
      10
      13
       9
      15
       9
      17
      15
      18
      17
      11
      15
      20
      16
       8
      15
      19
      12
      12
       7
      10
       8
      17
       8
      10
       7
      14
       9
      12
      12
      10
      15
       8
      14
      15
      13
       7
      13
      10
      16
      12
      15
      19
      18
      24
      20
      21
      14
      17
      16
      26
      17
      19
      26
      28
      25
      20
      18
      38
      27
      27
      29
      35
      35
      32
      39
      46
      38
      47
      35
      36
      40
      40
      41
      36
      25
      33
      34
      18
      22
      30
      24
      16
      26
      18
      23
      16
      18
      13
      10
      14
      14
      19
      15
      10
      14
      10
       2
      10
      14
      12
      13
       5
      12
      15
      17
      17
      15
       9
      20
      18
      12
      19
      11
      17
      19
      14
      15
      11
      22
      16
      13
      18
      13
      19
      28
      22
      22
      32
      20
      29
      30
      23
      19
      32
      18
      16
      25
      22
      24
      31
      22
      34
      37
      33
      35
      31
      37
      34
      23
      33
      25
      26
      38
      29
      36
      33
      20
      52
      41
      52
      41
      37
      47
      56
      39
      58
      59
      70
      63
      58
      64
      49
      60
      66
      68
      65
      74
      83
      80
      69
      94
     103
      84
      95
     111
     111
      99
     134
     129
     147
     170
     146
     154
     157
     166
     180
     164
     163
     181
     172
     136
     158
     150
     111
     121
     109
      93
      75
      84
      67
      45
      59
      41
      41
      26
      31
      21
      16
      21
      10
       5
      13
      10
      11
       5
       4
       5
       4
       6
       5
       5
       7
      10
      10
       8
       5
       6
       6
       8
       1
      10
       6
      13
       8
       7
      12
      15
      10
       9
       5
       6
       7
      12
       7
      13
      16
      14
      13
      12
      12
      14
      12
      10
      17
      19
      23
      16
      12
      26
      17
      21
      26
      20
      17
      22
      22
      22
      23
      13
      17
      19
      22
      15
      20
      16
      17
      14
      11
      15
      12
       7
      17
       8
       5
       7
      11
       9
       5
       8
       8
      11
       9
      11
      13
      10
       6
       8
       4
       9
       5
       6
       5
      12
       7
       8
       6
       8
       9
      13
       9
      11
      11
       5
       8
       9
      12
      14
       8
      12
      13
      18
      17
      16
      14
      12
      17
      17
      21
      21
      22
      12
      18
      19
      27
      26
      29
      17
      26
      28
      19
      35
      36
      32
      33
      22
      31
      39
      41
      38
      36
      46
      68
      60
      69
      59
      68
      69
      56
      74
      75
      63
      83
      63
      83
      58
      59
      55
      80
      66
      49
      40
      40
      41
      42
      28
      19
      23
      19
      22
      16
      14
      15
       8
       7
       7
       6
       5
       7
       6
       7
       3
       6
       2
       4
       7
       2
       6
       7
       5
       5
       3
       3
       9
       6
       4
       7
       8
       3
       2
       9
       5
       3
       7
       3
       6
       3
       7
       6
       3
       2
       2
       3
       4
       1
       4
       9
       0
       5
       4
       5
       3
       7
       3
       6
       5
       3
       0
       1
       1
       5
       4
       8
       0
       6
       3
       3
       1
       3
       5
       2
       3
       4
       9
       6
       6
       8
       6
       5
       7
      10
       4
       2
       7
       7
       5
       3
       8
       8
       6
       5
       7
       5
       4
       7
       4
       6
       9
       5
       3
      10
       5
       6
       5
       6
       5
       7
       9
       7
       6
       7
       8
       5
       8
       7
      14
       7
       6
       5
       7
       8
      11
       8
       7
      11
       5
       6
       3
       9
       7
       6
       5
       2
       4
       1
       6
       5
       4
       1
       1
       1
       5
       1
       4
       3
       2
       2
       0
       2
       5
       1
       3
       0
       0
       2
       4
       2
       2
       2
       3
       1
       0
       3
       1
       3
       0
       1
       2
       4
       0
       1
       6
       1
       2
       1
       2
       0
       2
       0
       3
       2
       2
       1
       1
       0
       5
       3
       3
       0
       2
       2
       0
       1
       2
       1
       2
       1
       2
       0
       3
       1
       2
       1
       0
       1
       4
       0
       2
       3
       2
       2
       2
       1
       0
       1
       1
       1
       0
       2
       0
       1
       1
       1
       0
       1
       1
       2
       1
       4
       1
       2
       0
       1
       1
       0
       1
       0
       0
       2
       0
       2
       3
       3
       1
       0
       2
       1
       0
       0
       2
       2
       0
       1
       1
       2
       3
       0
       1
       1
       1
       1
       1
       0
       0
       2
       1
       2
       2
       1
       3
       0
       0
       2
       3
       0
       0
       1
       1
       0
       1
       3
       0
       0
       0
       0
       1
       0
       2
       1
       1
       2
       2
       1
       2
       3
       1
       0
       0
       3
       0
       0
       1
       2
       1
       1
       0
       1
       0
       0
       1
       2
       1
       1
       3
       3
       0
       1
       2
       1
       1
       0
       2
       2
       1
       1
       0
       1
       1
       1
       2
       0
       1
       2
       1
       1
       1
       0
       0
       0
       0
       1
       0
       1
       0
       1
       0
       2
       0
       0
       0
       0
       2
       1
       0
       1
       1
       1
       1
       3
       0
       2
       1
       0
       1
       1
       0
       2
       1
       3
       2
       1
       1
       3
       1
       3
       1
       2
       2
       4
       1
       2
       1
       0
       0
       2
       0
       2
       0
       1
       2
       0
       1
       1
       0
       4
       2
       2
       0
       0
       2
       2
       1
       1
       2
       2
       1
       0
       1
       0
       2
       1
       0
       0
       0
       0
       1
       1
       0
       2
       2
       2
       2
       0
       1
       1
       2
       1
       1
       3
       1
       1
       1
       0
       1
       0
       0
       0
       1
       2
       0
       1
       0
       1
       2
       0
       0
       1
       1
       0
       0
       0
       0
       1
       0
       0
       1
       0
       0
       0
       0
       1
       0
       0
       2
       0
       1
       1
       2
       0
       3
       1
       0
       2
       1
       1
       0
       1
       0
       0
       0
       1
       0
       2
       1
       2
       1
       0
       0
       0
       1
       1
       0
       0
       0
       0
       1
       0
       1
       1
       1
       2
       1
       1
       1
       0
       0
       1
       0
       1
       0
       2
       2
       0
       1
       1
       1
       0
       1
       0
       0
       0
       2
       0
       0
       1
       0
       0
       1
       1
       0
       0
       0
       0
       4
       0
       0
       3
       2
       0
       0
       1
       0
       2
       2
       1
       1
       0
       0
       0
       0
       1
       0
       0
       0
       1
       0
       0
       2
       0
       2
       2
       1
       0
       1
       1
       2
       1
       1
       0
       0
       0
       0
       0
       1
       2
       1
       1
       1
       0
       2
       3
       0
       0
       2
       0
       1
       2
       0
       0
       0
       0
       0
       1
       0
       1
       3
       1
       0
       1
       1
       3
       0
       0
       3
       0
       0
       1
       0
       2
       0
       1
       1
       1
       0
       0
       0
       0
       1
       0
       3
       1
       4
       1
       1
       0
       0
       0
       1
       2
       0
       0
       2
       0
       1
       0
       1
       1
       0
       0
       0
       0
       1
       0
       1
       0
       0
       4
       0
       0
       1
       0
       0
       0
       0
       1
       1
       2
       0
       1
       2
       2
       2
       1
       0
       0
       1
       1
       0
       2
       0
       1
       0
       0
       0
       0
       0
       0
       0
       1
       1
       1
       0
       2
       1
       0
       1
       1
       0
       3
       1
       0
       0
       0
       0
       2
       1
       1
       2
       0
       0
       0
       1
       0
       1
       0
       1
       0
       1
       1
       0
       0
       0
       1
       0
       0
       0
       0
       0
       0
       1
       1
       1
       0
       2
       1
       0
       0
       0
       0
       1
       2
       0
       2
       1
       0
       1
       0
       0
       1
       0
       0
       0
       0
       0
       1
       1
       2
       0
       2
       0
       2
       0
       0
       1
       1
       1
       1
       0
       2
       0
       1
       1
       0
       1
       1
       1
       0
       1
       0
       3
       0
       1
       1
       0
       0
       0
       0
       2
       0
       1
       0
       2
       1
       1
       0
       0
       2
       2
       1
       1
       0
       2
       1
       1
       3
       2
       1
       1
       2
       4
       1
       2
       2
       1
       2
       1
       2
       0
       2
       3
       2
       0
       0
       0
       0
       1
       0
       0
       1
       0
       0
       0
       1
       0
       3
       2
       0
       0
       0
       0
       0
       1
       0
       0
       0
       0
       0
       0
       1
       0
       0
       0
       1
       0
       1
       0
       0
       1
       0
       3
       0
       1
       1
       1
       1
       1
       1
       1
       0
       1
       1
       0
       2
       0
       0
       0
       0
       0
       2
       0
       0
       0
       0
       0
       2
       0
       0
       0
       0
       0
       0
       0
       0
       0
       0
       0
       0
       1
       1
       0
       0
       1
       0
       1
       0
       0
       1
       1
       0
       1
       1
       0
       1
       0
       1
       0
       0
       1
       1
       0
       0
       0
       0
       0
       0
       0
       0
       0
       0
       0
       0
       1
       0
       0
       0
       0
       0
       0
       0
       0
       0
       1
       0
       1
       0
       2
       0
       0
       0
       0
       0
       0
       0
       0
       1
       0
       0
       2
       2
       0
       2
       0
       0
       0
       0
       0
       0
       0
       1
       1
       0
       0
       0
       1
       0
       2
       1
       1
       0
       0
       1
       1
       0
       1
       1
       0
       0
       1
       1
       1
       0
       0
       0
       0
       1
       1
       0
       0
       0
       1
       1
       2
       1
       1
       0
       1
       0
       0
       0
       0
       1
       0
       0
       0
       2
       0
       1
       0
       1
       0
       2
       1
       0
       0
       1
       0
       0
       0
       1
       2
       0
       1
       0
       0
       0
       0
       0
       0
       0
       1
       0
       0
       0
       0
       1
       0
       0
       0
       0
       0
       0
       0
       0
       0
       0
       0
       0
       2
       0
       1
       2
       0
       2
       0
       0
       0
       0
       1
       0
       0
       0
       0
       0
       0
       0
       0
       0
       0
       2
       0
       0
       0
       1
       1
       0
       0
       0
       1
       0
       0
       2
       1
       2
       0
       0
       0
       0
       1
       0
       1
       1
       0
       1
       0
       0
       2
       0
       0
       0
       1
       1
       0
       0
       0
       0
       0
       1
       0
       0
       1
       0
       0
       0
       1
       0
       0
       1
       0
       0
       0
       1
       0
       0
       0
       0
       0
       2
       1
       1
       0
       1
       1
       0
       0
       3
       1
       0
       1
       1
       1
       1
       0
       1
       2
       0
       0
       0
       0
       0
       0
       1
       0
       0
       1
       1
       0
       0
       0
       1
       0
       0
       0
       0
       0
       0
       0
       0
       0
       1
       0
       0
       0
       1
       0
       1
       0
       1
       0
       2
       0
       0
       1
       1
       0
       0
       1
       0
       0
       1
       1
       0
       0
       0
       0
       0
       0
       1
       0
       1
       0
       0
       0
       0
       1
       0
       0
       0
       1
       0
       0
       0
       0
       0
       0
       1
       0
       0
       0
       1
       1
       1
       0
       0
       1
       1
       1
       1
       2
       0
       0
       0
       0
       0
       1
       0
       1
       0
       0
       0
       0
       1
       0
       0
       1
       2
       0
       1
       1
       0
       0
       0
       0
       0
       0
       0
       0
       0
       2
       0
       0
       0
       2
       0
       0
       0
       0
       0
       0
       0
       0
       0
       0
       1
       1
       0
       0
       1
       0
       0
       1
       0
       0
       0
       0
       2
       0
       0
       0
       1
       0
       0
       0
       0
       0
       0
       0
       0
       0
       0
       0
       0
       0
       0
       0
       0
       1
       1
       1
       0
       1
       0
       1
       0
       0
       0
       0
       0
       0
       1
       0
       0
       0
       0
       0
       0
       1
       0
       1
       0
       0
       0
       0
       0
       0
       0
       0
       0
       0
       0
       0
       2
       1
       1
       0
       0
       0
       1
       0
       1
       0
       0
       0
       0
       0
       0
       0
       0
       1
       0
       0
       0
       0
       1
       2
       0
       0
       1
       0
       0
       0
       1
       1
       1
       0
       2
       1
       0
       0
       0
       0
       0
       0
       0
       0
       0
       0
       0
       0
       0
       0
       0
       0
       2
       0
       0
       0
       0
       0
       1
       0
       0
       0
       1
       1
       0
       0
       0
       0
       0
       0
       1
       0
       0
       0
       0
       0
       1
       1
       1
       1
       0
       1
       0
       1
       0
       0
       1
       0
       0
       0
       1
       0
       0
       0
       2
       1
       0
       0
       1
       4
       0
       0
       0
       1
       1
       0
       0
       1
       0
       0
       0
       1
       0
       0
       0
       0
       1
       0
       0
       3
       0
       0
       0
       0
       0
       0
       0
       1
       0
       0
       0
       0
       0
       1
       2
       0
       1
       1
       0
       1
       0
       0
       0
       0
       0
       0
       0
       0
       1
       0
       0
       0
       0
       1
       0
       2
       0
       1
       0
       0
       0
       0
       0
       1
       1
       2
       1
       0
       0
       1
       2
       0
       0
       0
       1
       0
       0
       0
       0
       0
       0
       0
       1
       0
       1
       0
       0
       0
       0
       0
       0
       0
       0
       0
       1
       0
       0
       0
       0
       0
       0
       0
       0
       0
       1
       0
       0
       0
       0
       0
       0
       0
       1
       1
       0
       0
       0
       1
       0
       1
       2
       1
       1
       1
       0
       0
       1
       0
       0
       1
       0
       0
       1
       1
       1
       0
       0
       3
       1
       1
       0
       0
       0
       0
       1
       0
       0
       0
       0
       0
       1
       0
       1
       0
       0
       0
       1
       0
       0
       0
       0
       0
       0
       0
       0
       0
       0
       0
       0
       0
       0
       2
       1
       0
       0
       0
       0
       0
       0
       0
       0
       0
       0
       1
       0
       0
       0
       0
       0
       0
       0
       1
       0
       0
       0
       0
       2
       0
       3
       0
       0
       1
       0
       0
       0
       0
       1
       0
       0
       1
       1
       0
       0
       0
       0
       0
       2
       0
       1
       0
       0
       0
       0
       1
       0
       0
       0
       0
       0
       0
       0
       0
       0
       0
       0
       1
       2
       0
       0
       0
       0
       0
       0
       0
       0
       0
       1
       0
       1
       0
       1
       0
       0
       0
       0
       2
       1
       0
       0
       0
       1
       1
       0
       0
       3
       0
       0
       0
       2
       0
       0
       1
       0
       1
       0
       0
       1
       0
       0
       1
       1
       0
       0
       0
       0
       1
       1
       0
       0
       1
       0
       0
       0
       0
       0
       1
       0
       0
       0
       0
       1
       0
       1
       1
       1
       0
       0
       0
       0
       0
       0
       0
       0
       0
       2
       1
       0
       2
       0
       1
       1
       0
       0
       0
       0
       1
       1
       0
       0
       0
       0
       0
       0
       0
       0
       1
       0
       1
       0
       0
       0
       1
       0
       1
       0
       1
       0
       0
       0
       0
       0
       0
       1
       1
       1
       1
       0
       1
       0
       0
       0
       1
       0
       0
       0
       1
       0
       0
       0
       1
       0
       0
       0
       0
       0
       0
       0
       1
       0
       1
       0
       0
       0
       0
       0
       0
       0
       0
       2
       0
       0
       0
       1
       1
       0
       2
       1
       0
       0
       0
       0
       0
       0
       0
       0
       0
       1
       3
       0
       2
       1
       1
       0
       0
       0
       1
       1
       0
       0
       1
       0
       0
       0
       0
       0
       0
       1
       0
       0
       0
       0
       0
       0
       1
       1
       0
       2
       0
       0
       1
       0
       1
       0
       1
       1
       2
       0
       0
       1
       0
       0
       0
       0
       0
       1
       1
       0
       0
       0
       1
       0
       0
       0
       0
       0
       0
       0
       0
       0
       1
       1
       0
       2
       0
       1
       1
       1
       0
       0
       0
       1
       1
       1
       0
       0
       0
       0
       0
       0
       0
       1
       0
       1
       0
       0
       0
       0
       0
       0
       0
       0
       0
       0
       0
       1
       0
       0
       0
       0
       1
       1
       0
       0
       0
       0
       0
       0
       0
       0
       0
       1
       0
$ENER_FIT:
0.000000 0.340000
$PRESETS:
Live Time (sec)
50000
0
$RT:
51594.980000
$DT:
1594980
$ISO_DECL_U:
SMPLNAM: IDB-1537
SEPDATE: 01/01/1900 00:00:00
U234: 0.0242 
DU234: 2.4793
U235: 1.5623 
DU235: 0.2048
U236: 0.0689 
DU236: 1.4514
U238: 98.3446 
DU238: 0.0036
$ISO_DECL_PU:
SMPLNAM: IDB-1537
SEPDATE: 01/01/1900 00:00:00
PU238: 0.11684 
DPU238: 0.5221
PU239: 75.908 
DPU239: 0.0132
PU240: 21.882 
DPU240: 0.0366
PU241: 1.3591 
DPU241: 0.1692
PU242: 0.7326 
DPU242: 0.9828
AM241: Unknown 
DAM241: Unknown
DATE: 01/01/1900 00:00:00
PU240EFF: 23.4072
DPU240EFF: 0.0624
$ADC:
4096
0
4095