$APPLICATION_ID:
IDB v.1.0
$SPEC_REM:
Material type: MOX
Material form: powder
Material compound: PuO2+UO2
U isotopics:
234U 0.0409
235U 1.6109
236U 0.1058
238U 98.2425
Pu isotopics:
238Pu 0.1022
239Pu 76.577
240Pu 22.0358
241Pu 0.5462
242Pu 0.7389
241Am 0.8103
Detector: CZT (Geometry: Quasi-hemispherical, Size: 500 mm3)
MCA: InSpector-2000
$DATE_MEA:
03/19/2016 14:46:36
$MEAS_TIM:
100000 100925
$DATA:
0 4095
       0
       0
       0
       0
       0
       0
       0
       0
       0
       0
       0
       0
       0
       0
       0
       0
       0
       0
       0
       0
       0
      19
     344
    1792
    4674
    8017
   11425
   14669
   17902
   21397
   25000
   29421
   33809
   38269
   42894
   47602
   52531
   56424
   59518
   62989
   65011
   68341
   93802
  100099
  100971
  102078
  103656
  105387
  108818
  111444
  114981
  118807
  122593
  127884
  133006
  138602
  145237
  153335
  162810
  175484
  190752
  209711
  229273
  252024
  272557
  292523
  304123
  310943
  310129
  304052
  293527
  283699
  273556
  266897
  262031
  259137
  255183
  250836
  243562
  232340
  219206
  206197
  189418
  172916
  158032
  144031
  133502
  125071
  119896
  117977
  117262
  118325
  119967
  121512
  121379
  120779
  120035
  118999
  118937
  119484
  121767
  126112
  131120
  137889
  145025
  151155
  155663
  159300
  162263
  163436
  166073
  167308
  170978
  175943
  182308
  189853
  199434
  209794
  221112
  234593
  247010
  261523
  275847
  290033
  307059
  321912
  339087
  356099
  374696
  395287
  417004
  441892
  470850
  501812
  538038
  581023
  628195
  683877
  744234
  811045
  879173
  950141
 1015364
 1071572
 1112093
 1131959
 1122495
 1089187
 1030397
  950286
  850164
  747031
  642375
  540372
  450970
  374737
  312579
  263592
  227586
  202680
  188323
  182170
  185180
  197193
  219637
  254124
  300828
  361549
  433893
  517192
  597684
  671427
  726520
  749886
  738249
  692587
  614941
  517181
  413737
  314448
  229069
  161443
  111495
   78430
   57213
   45164
   38360
   35188
   33487
   33247
   33356
   33978
   33927
   34622
   35053
   35508
   36717
   37365
   38272
   38913
   39772
   41167
   42311
   43478
   44284
   45955
   47244
   48787
   50073
   51761
   53145
   54844
   56223
   57054
   59144
   60412
   62442
   63869
   64849
   65987
   66231
   66832
   67235
   67432
   66535
   65984
   66171
   65398
   65380
   65316
   64938
   64590
   65223
   65019
   64555
   64920
   64534
   64678
   65220
   65265
   65488
   65990
   66395
   67336
   67682
   69274
   69748
   71170
   72009
   72722
   73067
   73909
   74148
   75012
   75548
   76171
   77334
   77849
   78437
   79456
   80417
   82097
   82699
   85410
   87089
   88708
   92135
   95644
   99214
  103570
  108707
  115080
  122052
  129531
  136429
  143922
  153225
  161369
  172122
  184447
  197657
  215625
  236985
  260661
  288230
  313862
  338845
  358220
  370552
  374333
  369487
  358528
  343565
  328917
  316796
  309253
  308278
  310913
  316189
  320978
  320608
  312887
  299164
  275006
  245047
  211649
  175832
  143822
  114136
   90828
   72394
   59814
   51137
   46667
   44854
   44998
   46785
   49598
   53268
   58290
   62803
   68667
   72458
   76922
   79151
   81244
   82265
   81851
   82223
   81125
   80867
   80233
   80073
   79366
   77139
   76058
   71387
   67453
   62991
   57759
   53216
   48353
   44485
   41382
   38480
   35792
   33717
   31695
   30682
   29464
   28929
   29033
   28984
   29583
   30587
   31708
   32850
   34785
   36973
   39097
   41468
   43788
   46757
   48623
   50425
   51341
   51121
   49819
   47656
   45630
   42658
   40012
   37899
   36757
   36906
   36626
   36655
   36437
   35659
   34389
   32259
   29639
   27039
   24255
   21384
   18949
   17447
   15956
   15208
   14652
   14425
   14170
   14295
   13684
   14093
   13908
   13837
   14030
   13897
   14117
   13918
   13907
   14208
   14159
   14011
   14452
   14559
   14546
   14773
   14654
   14966
   15179
   15398
   15535
   15933
   16096
   16428
   17123
   17543
   17767
   18638
   19418
   20107
   20772
   21709
   22545
   23673
   24915
   25516
   26430
   26937
   27493
   27883
   27683
   27332
   26150
   25177
   23957
   22523
   20945
   19697
   18562
   17523
   16789
   16169
   15969
   15363
   15263
   14912
   14771
   14573
   14279
   13947
   13719
   13605
   13464
   13508
   13572
   13554
   13848
   13809
   14015
   14055
   14349
   14886
   15124
   15500
   15697
   15715
   15910
   15930
   15748
   15481
   15589
   15337
   15304
   15123
   15168
   15285
   15512
   15526
   15587
   15531
   14956
   14829
   14364
   13998
   13659
   13403
   12956
   12867
   13122
   13036
   12973
   13017
   13295
   13419
   12866
   12920
   12749
   12669
   12281
   11951
   11702
   11231
   11236
   10867
   10916
   10717
   10613
   10507
   10489
   10460
   10576
   10324
   10400
   10647
   10278
   10481
   10434
   10586
   10464
   10523
   10504
   10694
   10443
   10310
   10305
   10526
   10489
   10270
   10259
   10334
    9900
   10185
   10319
   10370
   10103
   10102
   10300
   10247
   10545
   10283
   10252
   10318
   10430
   10347
   10161
   10337
   10240
   10179
    9967
   10013
   10056
   10191
   10083
   10045
   10159
   10072
    9955
   10003
   10004
    9846
    9757
    9797
    9829
    9961
    9812
    9872
    9850
    9967
   10174
   10111
   10167
   10270
   10128
   10224
   10128
   10046
   10107
   10236
   10321
   10342
   10477
   10988
   11330
   11643
   11840
   12714
   13435
   14023
   14915
   15888
   17173
   18384
   19302
   20854
   22563
   24486
   26524
   29439
   32232
   36027
   39990
   43664
   47725
   50842
   53150
   54226
   53410
   51331
   47031
   42517
   37376
   31254
   25118
   20120
   15838
   12527
    9675
    7960
    6564
    5841
    5307
    4931
    4782
    4659
    4509
    4526
    4495
    4471
    4470
    4472
    4461
    4442
    4496
    4440
    4496
    4452
    4406
    4473
    4629
    4474
    4632
    4667
    4581
    4713
    4751
    4541
    4607
    4512
    4380
    4386
    4271
    4251
    4169
    4070
    4005
    3917
    3912
    3906
    3942
    3903
    3809
    3846
    3698
    3784
    3561
    3639
    3584
    3573
    3664
    3524
    3606
    3544
    3578
    3694
    3574
    3533
    3588
    3464
    3478
    3507
    3484
    3642
    3504
    3489
    3426
    3417
    3415
    3448
    3408
    3423
    3380
    3529
    3432
    3369
    3345
    3431
    3400
    3390
    3341
    3328
    3295
    3121
    3247
    3222
    3190
    3228
    3212
    3181
    3134
    3161
    3190
    3120
    3122
    2998
    3236
    2968
    2975
    2982
    3028
    2903
    2874
    2857
    2859
    2915
    2927
    2863
    2776
    2817
    2774
    2761
    2836
    2750
    2740
    2890
    2796
    2797
    2826
    2916
    2803
    2842
    2849
    3024
    3013
    2944
    2869
    2930
    2885
    2830
    2881
    2711
    2762
    2646
    2605
    2722
    2545
    2462
    2552
    2511
    2552
    2520
    2531
    2576
    2545
    2622
    2611
    2619
    2748
    2810
    2796
    2857
    2933
    2974
    3021
    3158
    3216
    3254
    3285
    3475
    3497
    3471
    3559
    3424
    3271
    3286
    3075
    3000
    2822
    2662
    2429
    2456
    2339
    2335
    2212
    2141
    2193
    2097
    2046
    2057
    2070
    2075
    2106
    2084
    2154
    2074
    2060
    2116
    2106
    2049
    2064
    1944
    2022
    1947
    1933
    1968
    1984
    1904
    1985
    1915
    1965
    1963
    1889
    1945
    1894
    1951
    1977
    1929
    1983
    1932
    1873
    1919
    1989
    1842
    1922
    1848
    1913
    1890
    1944
    1902
    1935
    1929
    1935
    2008
    1915
    1987
    1986
    1987
    2021
    1986
    2033
    1994
    2007
    2052
    2019
    2018
    2059
    2003
    2164
    1964
    2057
    2125
    1996
    2095
    2026
    2124
    2128
    2039
    2254
    2334
    2367
    2317
    2251
    2373
    2406
    2448
    2434
    2377
    2406
    2362
    2405
    2331
    2272
    2236
    2160
    2163
    2150
    2066
    2090
    1989
    2026
    2169
    2162
    2159
    2264
    2216
    2374
    2342
    2450
    2517
    2654
    2911
    2965
    3283
    3539
    3688
    3778
    4044
    4315
    4423
    4744
    4825
    4924
    4763
    4530
    4385
    3953
    3775
    3503
    3231
    2888
    2706
    2516
    2251
    2146
    2195
    1983
    2024
    2013
    2003
    2120
    2081
    2138
    2204
    2465
    2534
    2616
    2685
    2794
    2891
    2883
    3058
    3177
    3140
    3197
    3133
    2956
    2949
    2930
    2789
    2726
    2619
    2504
    2622
    2525
    2476
    2581
    2636
    2808
    2872
    3054
    3295
    3494
    3881
    4168
    4369
    4744
    5232
    5671
    6122
    6470
    7064
    6985
    7387
    7468
    7683
    7722
    7546
    7421
    7454
    7247
    6734
    6453
    5994
    5667
    5019
    4605
    4071
    3598
    3217
    2928
    2669
    2526
    2335
    2287
    2138
    2070
    2128
    2103
    2163
    2186
    2251
    2434
    2408
    2569
    2491
    2560
    2709
    2691
    2670
    2692
    2472
    2278
    2247
    2120
    1928
    1712
    1551
    1397
    1313
    1195
    1116
    1050
     990
     947
     907
     953
     951
     873
     892
     887
     885
     904
     957
     921
     943
     931
     914
     926
     880
     976
     931
    1006
     949
    1017
     962
     994
    1004
    1035
    1025
    1031
    1100
    1073
    1116
    1108
    1186
    1222
    1257
    1324
    1401
    1381
    1397
    1440
    1556
    1689
    1831
    1785
    1913
    2125
    2175
    2342
    2620
    2815
    2958
    3098
    3182
    3365
    3450
    3711
    3661
    3723
    3860
    3803
    3848
    3766
    3844
    3779
    3766
    3972
    4190
    4367
    4453
    4786
    5060
    5348
    5424
    5605
    5608
    5650
    5645
    5505
    5024
    4804
    4409
    4041
    3695
    3263
    3238
    2871
    2641
    2434
    2295
    2145
    2071
    2008
    2009
    1960
    1807
    1746
    1765
    1618
    1550
    1522
    1491
    1349
    1304
    1111
    1147
    1062
     974
     945
     908
     915
     873
     885
     928
     905
     979
     975
    1109
    1142
    1236
    1299
    1381
    1486
    1506
    1626
    1615
    1693
    1689
    1696
    1648
    1640
    1550
    1481
    1355
    1184
    1126
    1018
     937
     821
     724
     728
     714
     617
     587
     576
     522
     550
     565
     544
     574
     550
     537
     556
     579
     537
     549
     614
     588
     640
     658
     685
     713
     740
     680
     766
     787
     804
     805
     942
    1001
    1041
    1102
    1194
    1280
    1381
    1441
    1462
    1718
    1767
    1943
    2233
    2345
    2479
    2806
    2961
    3205
    3249
    3398
    3507
    3474
    3428
    3266
    3063
    2868
    2540
    2260
    2096
    1810
    1544
    1336
    1196
    1007
     936
     821
     737
     692
     646
     609
     620
     553
     566
     599
     576
     620
     581
     585
     590
     571
     556
     535
     542
     496
     506
     475
     495
     478
     438
     431
     401
     407
     396
     343
     331
     312
     327
     317
     299
     296
     293
     276
     277
     261
     245
     238
     245
     204
     204
     224
     243
     235
     230
     250
     224
     222
     232
     239
     248
     248
     228
     237
     249
     254
     240
     276
     256
     256
     262
     278
     294
     263
     272
     277
     302
     285
     296
     283
     289
     301
     290
     322
     322
     303
     335
     335
     350
     356
     399
     355
     395
     425
     431
     418
     455
     495
     485
     549
     520
     534
     518
     569
     587
     547
     533
     558
     495
     481
     425
     397
     367
     378
     346
     291
     286
     260
     272
     271
     247
     260
     220
     218
     204
     212
     194
     224
     224
     231
     194
     224
     204
     201
     209
     231
     204
     187
     193
     222
     212
     194
     186
     198
     190
     187
     176
     196
     204
     203
     204
     189
     203
     187
     212
     172
     189
     177
     181
     178
     191
     157
     179
     171
     174
     148
     185
     171
     173
     188
     166
     167
     174
     170
     157
     152
     165
     135
     126
     162
     141
     171
     159
     139
     150
     141
     142
     146
     136
     161
     152
     130
     135
     139
     130
     151
     125
     131
     138
     142
     151
     106
     120
     130
     115
     140
     135
     129
     119
     109
     134
     124
     114
     104
     137
     119
     111
     104
     116
     114
     122
     124
     126
     113
     121
     132
     123
     118
     118
     102
     101
     101
      97
     108
     132
     112
     122
      93
      95
     127
     114
     117
      99
     115
     114
     123
      97
      97
     106
     112
     101
      95
     104
     111
      94
     100
      93
      89
      95
     109
     120
     103
     121
     110
     118
     114
     109
     113
     125
     114
      94
     118
     107
     129
     111
     105
      92
     149
     120
     107
     119
     103
     107
      92
      92
     104
     102
     122
     109
     108
      97
     102
      96
     121
      96
     105
     102
     110
      85
      98
      80
      78
      78
      86
     111
     106
     104
     109
      89
     101
      99
      86
      94
      84
     102
      94
      85
      85
      87
      95
      72
      97
     105
      95
      78
      69
      93
      77
      88
      96
      73
      77
      85
      83
      67
      72
      69
      85
      75
      62
      87
      71
      63
      66
      72
      64
      56
      68
      73
      75
      59
      61
      67
      67
      69
      53
      61
      55
      62
      61
      49
      65
      64
      68
      54
      58
      60
      47
      57
      58
      41
      71
      44
      60
      58
      59
      61
      55
      47
      59
      52
      42
      50
      60
      59
      56
      49
      59
      58
      50
      57
      58
      58
      66
      48
      42
      53
      50
      50
      39
      51
      61
      47
      50
      43
      50
      53
      65
      52
      42
      61
      61
      36
      57
      53
      46
      41
      51
      43
      50
      62
      70
      63
      48
      60
      55
      43
      48
      57
      49
      37
      38
      50
      57
      42
      47
      40
      39
      48
      51
      58
      42
      52
      49
      50
      53
      52
      58
      52
      48
      46
      40
      43
      59
      48
      37
      45
      50
      59
      52
      47
      52
      40
      45
      51
      44
      53
      51
      37
      53
      58
      40
      51
      36
      51
      47
      51
      49
      34
      47
      58
      52
      42
      59
      63
      43
      54
      41
      58
      56
      60
      47
      70
      69
      68
      66
      74
      66
      52
      50
      54
      51
      61
      43
      50
      55
      52
      50
      54
      59
      45
      56
      47
      48
      43
      52
      55
      47
      47
      51
      48
      48
      53
      37
      58
      74
      49
      58
      64
      50
      58
      62
      57
      48
      63
      51
      62
      56
      52
      57
      52
      53
      54
      51
      48
      37
      46
      50
      41
      55
      47
      50
      46
      45
      52
      53
      47
      51
      55
      62
      56
      45
      58
      57
      51
      46
      62
      56
      58
      59
      66
      60
      67
      81
      76
      68
      86
     102
     103
      80
      92
     107
      84
     111
     108
     125
      98
     124
     133
     138
     142
     161
     161
     156
     149
     149
     141
     142
     153
     119
     130
     130
     116
     103
      93
      87
     100
      72
      66
      65
      64
      50
      63
      52
      61
      47
      50
      49
      43
      48
      39
      56
      33
      51
      42
      37
      60
      45
      48
      49
      53
      50
      61
      68
      68
      67
      50
      57
      55
      69
      64
      73
      55
      54
      74
      60
      51
      67
      71
      61
      78
      78
      82
      98
      89
      84
     101
      93
      90
      88
      89
      89
     112
      94
     101
     109
     102
     101
     105
     109
     108
     121
     132
     113
     102
     105
     104
     105
     122
     112
     140
     137
     144
     155
     142
     134
     150
     145
     174
     176
     173
     204
     204
     243
     205
     202
     226
     216
     230
     229
     242
     240
     243
     240
     255
     289
     298
     325
     315
     372
     384
     421
     399
     468
     477
     512
     533
     579
     574
     636
     659
     599
     621
     587
     578
     537
     503
     490
     428
     407
     356
     340
     296
     244
     219
     205
     160
     120
     122
     110
      82
      61
      60
      41
      56
      31
      33
      32
      23
      20
      17
      21
      17
      28
      24
      35
      19
      17
      28
      23
      15
      32
      24
      19
      18
      21
      21
      26
      29
      30
      30
      30
      19
      39
      43
      34
      37
      37
      35
      48
      30
      34
      35
      39
      40
      50
      44
      52
      33
      53
      54
      58
      56
      73
      61
      60
      63
      75
      74
      67
      63
      64
      48
      54
      70
      54
      47
      52
      50
      56
      41
      45
      50
      43
      40
      34
      46
      40
      55
      29
      33
      30
      29
      47
      32
      28
      26
      34
      31
      26
      33
      28
      22
      30
      29
      24
      30
      20
      33
      30
      40
      26
      29
      27
      30
      34
      40
      28
      34
      31
      32
      48
      40
      34
      52
      45
      45
      45
      58
      59
      52
      80
      64
      59
      59
      78
      66
      79
      67
      84
      71
      73
      79
      78
      86
      88
     102
     103
      98
      97
     110
     129
     153
     132
     166
     160
     181
     160
     195
     229
     245
     246
     244
     236
     237
     258
     231
     279
     283
     252
     235
     204
     195
     204
     184
     172
     136
     132
     108
     116
     101
      79
      87
      64
      59
      56
      51
      36
      22
      31
      28
      20
      17
      20
      14
      14
      23
      18
      12
      11
       9
      23
       8
      18
      11
      11
      20
      10
      21
      11
      19
      20
      20
      17
      23
      13
       8
      14
      15
      13
      15
      12
      17
      18
       8
      17
       7
      10
       8
       7
       9
      14
       8
      10
       4
       9
      19
      20
      11
       8
      12
      11
      12
       6
       4
       9
      10
      14
       5
      13
      11
      17
      12
      16
      11
      12
      16
      11
      16
       9
      11
      17
      23
      17
      16
      17
      19
      21
      29
      23
      16
      19
      13
      23
      19
      11
      21
      12
      14
      15
      25
       7
      24
      16
      17
      16
      14
      27
      18
      23
      11
      24
      29
      20
      21
      16
      25
      26
      35
      23
      20
      29
      28
      29
      39
      19
      26
      25
      24
      12
      20
      22
      20
      13
      15
      10
      21
      21
       7
       9
      10
      12
       8
      12
       6
       8
       6
      13
       5
       8
       4
       7
       9
       5
       3
       6
       3
       1
       5
       6
       4
       4
       5
       2
       3
       2
       6
       8
       4
       6
       5
       2
       4
       5
       7
       7
       7
       6
       4
       2
      11
       3
       8
       4
       4
       2
       5
       5
       6
       2
       7
       2
       5
       2
       0
       6
       5
       5
       6
       5
       1
       4
       2
       3
       5
       3
       5
       1
       3
       5
       3
       2
       7
       2
       4
       5
       7
       3
       2
       2
       6
       2
      10
       4
       1
       6
       4
       6
       5
       5
       3
       7
       4
       4
       7
       4
       5
       3
       1
       9
       6
       5
       6
       7
       7
       3
       4
       5
       2
       7
       2
       5
       4
       0
       4
       2
       3
       6
       1
       5
       5
       5
       2
       2
       5
       4
       4
       5
       5
       4
       3
       2
       5
       1
       4
       5
       1
       4
       4
       3
       4
       3
       5
       5
       1
       9
       8
       3
       1
       1
       1
       2
       1
       4
       2
       2
       4
       5
       2
       0
       4
       0
       3
       2
       2
       1
       1
       2
       3
       1
       1
       5
       3
       3
       2
       1
       6
       0
       5
       4
       1
       3
       2
       5
       3
       2
       4
       4
       1
       1
       4
       0
       5
       3
       6
       5
       2
       4
       2
       4
       1
       2
       5
       0
       1
       4
       5
       3
       4
       3
       2
       7
       5
       3
       2
       4
       4
       3
       5
       4
       2
       4
       2
       6
       3
       1
       3
       0
       1
       2
       4
       1
       1
       3
       2
       5
       4
       5
       3
       3
       3
       3
       3
       5
       5
       5
       9
       1
       3
       0
       0
       2
       6
       6
       7
       2
       2
       3
       2
       6
       4
       6
       3
       7
       6
       2
       6
       5
       1
       2
       3
       2
       6
       5
       1
       1
       2
       6
       9
       3
       3
       3
       7
       2
       2
       2
       5
       3
       3
       1
       2
       1
       0
       2
       3
       2
       1
       2
       2
       5
       0
       3
       1
       2
       3
       4
       3
       3
       3
       3
       3
       1
       1
       2
       4
       2
       3
       4
       1
       3
       2
       2
       3
       2
       3
       1
       4
       6
       2
       2
       1
       2
       0
       2
       2
       5
       2
       1
       4
       3
       2
       4
       5
       4
       3
       1
       1
       2
       3
       2
       3
       1
       0
       3
       1
       5
       3
       2
       5
       5
       5
       4
       2
       2
       1
       1
       3
       6
       3
       2
       1
       3
       4
       2
       1
       5
       3
       3
       2
       3
       3
       1
       2
       2
       2
       2
       2
       2
       1
       3
       2
       3
       1
       1
       2
       4
       1
       3
       1
       2
       3
       1
       1
       6
       2
       6
       1
       3
       2
       4
       2
       3
       3
       2
       6
       3
       4
       5
       2
       3
       3
       3
       2
       1
       2
       2
       0
       4
       0
       3
       3
       3
       0
       5
       1
       0
       1
       0
       0
       2
       2
       1
       4
       7
       0
       1
       2
       5
       3
       3
       2
       0
       3
       1
       2
       0
       2
       1
       4
       2
       3
       1
       2
       3
       1
       4
       3
       4
       6
       3
       1
       3
       0
       3
       2
       2
       4
       1
       2
       2
       3
       2
       2
       0
       1
       0
       5
       2
       5
       0
       2
       4
       0
       1
       2
       3
       3
       2
       3
       2
       1
       2
       4
       3
       3
       0
       3
       2
       1
       2
       2
       0
       1
       0
       1
       2
       5
       1
       4
       2
       1
       6
       3
       0
       4
       2
       2
       4
       3
       1
       1
       1
       4
       4
       2
       1
       2
       1
       0
       6
       2
       3
       4
       2
       3
       4
       2
       4
       6
       3
       1
       1
       1
       1
       0
       2
       5
       5
       0
       4
       1
       5
       0
       2
       3
       1
       2
       1
       2
       1
       0
       2
       3
       4
       1
       2
       1
       3
       2
       1
       0
       0
       1
       0
       3
       0
       6
       1
       1
       1
       1
       7
       2
       1
       2
       1
       2
       2
       0
       0
       1
       1
       1
       1
       4
       2
       4
       1
       1
       4
       1
       1
       3
       0
       1
       1
       3
       4
       1
       2
       1
       4
       1
       0
       3
       1
       3
       4
       1
       1
       2
       1
       2
       3
       5
       2
       1
       3
       5
       2
       3
       3
       6
       2
       2
       3
       1
       4
       2
       2
       6
       3
       2
       5
       2
       3
       4
       0
       4
       5
       2
       3
       6
       5
       2
       5
       3
       6
       4
       6
       1
       2
       5
       2
       6
       3
       1
       5
       2
       0
       5
       1
       2
       1
       2
       2
       0
       1
       1
       4
       0
       1
       0
       4
       3
       1
       3
       1
       2
       0
       2
       1
       0
       1
       0
       1
       2
       2
       1
       2
       1
       1
       0
       2
       3
       2
       4
       2
       2
       0
       1
       4
       0
       3
       5
       1
       2
       2
       2
       0
       2
       0
       2
       3
       1
       0
       2
       1
       3
       3
       3
       3
       3
       0
       1
       2
       1
       1
       1
       0
       0
       5
       0
       3
       2
       1
       2
       4
       1
       3
       1
       0
       2
       3
       4
       5
       2
       1
       1
       1
       1
       0
       2
       0
       2
       1
       4
       2
       3
       1
       0
       0
       0
       2
       1
       0
       0
       3
       1
       2
       1
       2
       2
       1
       2
       3
       1
       0
       2
       0
       3
       0
       0
       3
       0
       3
       3
       1
       0
       0
       2
       0
       1
       2
       3
       2
       1
       1
       2
       1
       1
       4
       4
       4
       2
       2
       2
       0
       1
       0
       0
       1
       1
       2
       1
       1
       0
       1
       1
       0
       0
       1
       2
       1
       0
       0
       0
       2
       4
       1
       1
       2
       1
       2
       0
       1
       1
       2
       2
       3
       1
       1
       1
       0
       2
       1
       0
       4
       0
       0
       1
       1
       0
       2
       0
       1
       1
       3
       1
       3
       1
       1
       1
       2
       3
       3
       1
       4
       0
       1
       2
       2
       2
       2
       2
       0
       3
       2
       2
       0
       3
       2
       2
       0
       4
       2
       2
       2
       3
       2
       2
       2
       0
       1
       2
       1
       3
       2
       3
       3
       0
       0
       1
       0
       0
       0
       2
       2
       1
       4
       0
       0
       1
       1
       1
       0
       0
       4
       2
       3
       1
       2
       0
       0
       1
       1
       3
       0
       1
       2
       1
       0
       1
       3
       0
       1
       3
       1
       1
       0
       0
       0
       0
       0
       3
       0
       2
       1
       2
       0
       1
       2
       2
       3
       1
       4
       0
       4
       0
       2
       1
       3
       0
       2
       2
       2
       3
       0
       0
       3
       2
       0
       2
       0
       1
       1
       2
       0
       0
       0
       1
       1
       2
       3
       2
       1
       3
       1
       2
       3
       1
       1
       2
       2
       0
       1
       0
       1
       2
       0
       0
       0
       0
       1
       1
       0
       0
       1
       2
       0
       0
       0
       0
       0
       2
       2
       2
       3
       1
       1
       0
       3
       1
       1
       2
       0
       2
       0
       1
       1
       2
       2
       1
       4
       0
       2
       0
       4
       0
       0
       2
       3
       2
       2
       3
       0
       1
       1
       0
       1
       0
       0
       0
       1
       1
       0
       1
       0
       2
       1
       0
       1
       2
       0
       2
       0
       1
       1
       0
       1
       0
       1
       0
       1
       0
       1
       1
       1
       1
       0
       2
       1
       2
       0
       2
       0
       1
       0
       0
       2
       1
       3
       1
       1
       2
       1
       0
       2
       0
       2
       1
       0
       0
       1
       2
       0
       0
       2
       0
       3
       1
       0
       2
       2
       1
       1
       1
       0
       1
       2
       1
       2
       1
       0
       2
       0
       0
       2
       1
       0
       2
       0
       0
       0
       1
       1
       3
       0
       3
       1
       4
       0
       2
       1
       1
       0
       0
       0
       3
       1
       0
       0
       0
       2
       1
       0
       0
       2
       1
       1
       0
       0
       0
       2
       2
       1
       0
       4
       2
       1
       1
       0
       0
       0
       2
       0
       2
       3
       1
       1
       3
       0
       0
       2
       0
       1
       1
       3
       0
       4
       2
       0
       0
       1
       1
       4
       1
       1
       2
       0
       3
       1
       1
       1
       2
       3
       1
       0
       0
       3
       1
       0
       4
       2
       0
       0
       0
       2
       0
       2
       0
       1
       1
       1
       0
       0
       1
       0
       3
       1
       1
       3
       1
       2
       2
       3
       3
       0
       0
       0
       0
       0
       1
       3
       0
       1
       0
       1
       3
       1
       1
       1
       3
       2
       0
       3
       0
       1
       2
       0
       1
       1
       0
       1
       1
       2
       3
       1
       2
       4
       0
       2
       0
       2
       1
       2
       0
       3
       0
       3
       2
       0
       0
       1
       0
       0
       2
       2
       1
       3
       1
       0
       0
       0
       0
       4
       1
       2
       1
       0
       0
       1
       1
       0
       1
       0
       3
       0
       0
       2
       1
       1
       0
       0
       0
       1
       1
       0
       1
       0
       3
       0
       1
       2
       1
       1
       0
       1
       1
       1
       1
       0
       1
       0
       4
       1
       0
       1
       1
       1
       1
       0
       0
       1
       1
       0
       0
       0
       0
       1
       0
       1
       1
       2
       1
       0
       0
       0
       2
       0
       2
       1
       0
       0
       2
       1
       1
       0
       1
       1
       3
       2
       0
       1
       1
       0
       0
       1
       2
       1
       1
       3
       0
       0
       0
       1
       1
       0
       0
       2
       2
       1
       0
       1
       0
       0
       2
       1
       2
       1
       1
       0
       0
       0
       0
       1
       2
       1
       2
       0
       1
       1
       2
       1
       1
       2
       0
       2
       1
       2
       0
       1
       1
       1
       1
       1
       0
       0
       2
       0
       0
       0
       3
       1
       0
       0
       0
       0
       1
       2
       0
       1
       0
       1
       1
       0
       0
       2
       0
       2
       0
       0
       1
       0
       0
       1
       1
       0
       0
       2
       1
       0
       0
       2
       2
       3
       0
       2
       0
       4
       0
       1
       0
       1
       2
       1
       1
       1
       2
       2
       0
       1
       1
       0
       1
       1
       1
       0
       1
       1
       1
       1
       1
       0
       2
       1
       0
       2
       0
       1
       2
       0
       1
       1
       0
       2
       0
       0
       1
       0
       0
       0
       0
       0
       0
       0
       1
       2
       2
       2
       1
       1
       2
       3
       2
       1
       1
       1
       1
       1
       0
       0
       1
       1
       2
       1
       2
       1
       1
       0
       3
       3
       0
       1
       0
       2
       1
       2
       1
       1
       0
       2
       0
       0
       1
       1
       1
       0
       1
       1
       1
       1
       1
       0
       3
       1
       1
       1
       2
       2
       1
       0
       1
       1
       2
       1
       1
       2
       0
       0
       1
       2
       1
       1
       1
       1
       1
       0
       0
       1
       2
       2
       0
       0
       1
       0
       2
       1
       1
       0
       0
       0
       1
       1
       0
       1
       0
       3
       0
       1
       2
       0
       1
       0
       3
       1
       1
       1
       4
       2
       2
       1
       1
       0
       2
       3
       1
       1
       0
       1
       0
       1
       2
       0
       2
       0
       0
       1
       3
       0
       2
       0
       0
       1
       0
       2
       2
       1
       2
       0
       1
       1
       0
       1
       1
       0
       0
       2
       1
       1
       0
       0
       1
       1
       2
       0
       2
       4
       0
       1
       1
       3
       0
       2
       1
       1
       0
       0
       1
       1
       0
       0
       2
       1
       1
       1
       1
       2
       1
       1
       1
       1
       0
       0
       0
       1
       1
       0
       1
       2
       0
       2
       0
       0
       2
       0
       1
       1
       1
       0
       2
       0
       0
       2
       0
       1
       1
       0
       2
       0
       0
       0
       0
       0
       1
       0
       0
       2
       0
       1
       0
       0
       1
       1
       2
       1
       1
       4
       1
       2
       0
       1
       3
       1
       0
       1
       2
       1
       2
       2
       1
       0
       0
       0
       2
       1
       1
       0
       1
       1
       1
       0
       2
       1
       1
       0
       1
       1
       1
       2
       1
       0
       1
       0
       0
       2
       0
       2
       0
       1
       1
       1
       0
       0
       1
       1
       0
       1
       0
       0
       1
       2
       2
       2
       1
       2
       1
       2
       0
       2
       1
       1
       0
       0
       0
       2
       2
$ENER_FIT:
0.000000 0.340000
$PRESETS:
Live Time (sec)
100000
0
$RT:
100925.320000
$DT:
925320
$ISO_DECL_U:
SMPLNAM: IDB-1544
SEPDATE: 01/01/1900 00:00:00
U234: 0.0409 
DU234: 3.4230
U235: 1.6109 
DU235: 0.2173
U236: 0.1058 
DU236: 2.2684
U238: 98.2425 
DU238: 0.0045
$ISO_DECL_PU:
SMPLNAM: IDB-1544
SEPDATE: 01/01/1900 00:00:00
PU238: 0.1177 
DPU238: 0.5183
PU239: 75.914 
DPU239: 0.0145
PU240: 21.877 
DPU240: 0.0503
PU241: 1.3582 
DPU241: 0.3313
PU242: 0.7321 
DPU242: 0.5464
AM241: Unknown 
DAM241: Unknown
DATE: 01/01/1900 00:00:00
PU240EFF: 23.4035
DPU240EFF: 0.0555
$ADC:
4096
0
4095