$APPLICATION_ID:
IDB v.1.0
$SPEC_REM:
Material type: MOX
Material form: powder
Material compound: PuO2+UO2
U isotopics:
234U 0.0409
235U 1.6109
236U 0.1058
238U 98.2425
Pu isotopics:
238Pu 0.1021
239Pu 76.5784
240Pu 22.0361
241Pu 0.5445
242Pu 0.7389
241Am 0.8119
Detector: CZT (Geometry: Quasi-hemispherical, Size: 4000 mm3)
MCA: MCA-527
$DATE_MEA:
04/11/2016 15:52:37
$MEAS_TIM:
1000 1011
$DATA:
0 4095
       0
       0
       0
       0
       0
       0
       0
       0
       0
       0
       0
       0
       0
       0
       0
       0
       0
       0
       0
       0
     209
     252
     354
     347
     452
     512
     647
     717
     764
     835
     926
    1086
    1161
    1353
    1400
    1444
    1595
    1815
    1813
    1927
    2102
    2107
    2332
    2374
    2473
    2512
    2661
    2767
    2716
    2938
    3078
    3107
    3256
    3418
    3503
    3655
    3848
    4015
    4223
    4543
    4708
    4936
    5160
    5344
    5482
    5378
    5452
    5434
    5260
    5281
    5099
    4898
    4885
    4558
    4460
    4266
    4079
    3856
    3689
    3686
    3527
    3468
    3341
    3291
    3173
    3222
    3316
    3233
    3190
    3205
    3231
    3316
    3235
    3214
    3207
    3297
    3378
    3352
    3432
    3442
    3498
    3597
    3695
    3586
    3757
    3726
    3835
    3934
    4035
    4058
    4349
    4316
    4531
    4646
    4871
    4950
    5100
    5459
    5743
    5875
    6200
    6635
    6682
    7073
    7529
    7866
    8374
    8734
    9291
    9401
    9826
   10162
   10627
   10665
   10818
   10873
   10689
   10735
   10582
   10195
   10179
    9658
    9253
    8747
    8637
    8276
    7879
    7610
    7626
    7473
    7373
    7528
    7785
    7796
    8111
    8609
    9129
    9653
   10313
   10881
   11404
   12445
   13165
   13657
   14129
   14497
   14793
   15130
   15056
   14687
   14080
   13299
   12305
   11106
    9689
    8512
    7159
    5934
    4851
    3780
    2964
    2363
    1928
    1546
    1347
    1139
    1014
     981
     967
     929
     910
     948
     995
    1022
    1007
    1107
    1120
    1048
    1169
    1120
    1105
    1232
    1244
    1199
    1217
    1277
    1296
    1398
    1422
    1366
    1466
    1509
    1453
    1495
    1543
    1559
    1691
    1780
    1716
    1735
    1795
    1797
    1909
    1872
    1928
    2001
    1991
    2088
    2159
    2232
    2234
    2179
    2241
    2256
    2364
    2327
    2389
    2374
    2496
    2564
    2615
    2619
    2718
    2680
    2763
    2917
    2903
    2911
    3035
    3123
    3260
    3415
    3556
    3542
    3636
    3867
    4116
    4235
    4367
    4526
    4698
    4948
    5178
    5372
    5620
    5879
    6283
    6326
    6697
    7164
    7444
    7529
    8054
    8240
    8553
    8814
    9150
    9110
    9683
   10001
   10022
   10118
   10374
   10611
   10578
   10743
   10633
   10330
   10278
    9778
    9799
    9433
    9153
    8776
    8437
    8054
    7787
    7410
    6854
    6480
    6174
    5658
    5216
    4835
    4334
    4057
    3459
    3294
    3019
    2734
    2661
    2447
    2369
    2317
    2346
    2291
    2307
    2412
    2352
    2405
    2421
    2486
    2457
    2429
    2402
    2463
    2340
    2397
    2374
    2303
    2254
    2092
    2052
    2050
    1977
    1875
    1813
    1776
    1654
    1577
    1493
    1522
    1429
    1470
    1302
    1321
    1348
    1352
    1271
    1287
    1255
    1402
    1337
    1331
    1360
    1374
    1429
    1389
    1412
    1408
    1411
    1490
    1358
    1448
    1297
    1335
    1323
    1311
    1274
    1207
    1191
    1057
    1101
    1076
     922
     941
     901
     914
     862
     798
     749
     694
     700
     647
     627
     603
     571
     563
     564
     543
     533
     497
     492
     549
     510
     542
     545
     519
     517
     577
     538
     555
     567
     594
     623
     641
     631
     655
     682
     662
     654
     670
     668
     667
     696
     716
     740
     735
     709
     758
     803
     735
     835
     807
     825
     826
     792
     844
     840
     842
     836
     831
     859
     776
     785
     747
     796
     710
     722
     654
     609
     663
     622
     611
     574
     582
     558
     520
     529
     559
     579
     508
     560
     506
     565
     539
     537
     567
     578
     587
     531
     577
     567
     598
     596
     603
     587
     578
     597
     598
     621
     611
     602
     635
     573
     573
     543
     596
     617
     592
     585
     544
     591
     555
     600
     590
     584
     560
     600
     548
     560
     585
     504
     555
     543
     550
     513
     490
     525
     522
     530
     487
     487
     451
     480
     441
     453
     525
     457
     467
     489
     468
     474
     446
     441
     441
     405
     426
     409
     439
     454
     441
     407
     422
     425
     454
     418
     412
     403
     448
     442
     445
     438
     437
     437
     456
     434
     412
     481
     454
     468
     486
     431
     476
     469
     483
     465
     498
     520
     556
     478
     533
     534
     595
     580
     537
     550
     547
     556
     610
     587
     658
     647
     566
     641
     675
     678
     652
     654
     673
     639
     690
     725
     747
     756
     754
     763
     784
     819
     803
     768
     844
     843
     881
     897
     895
     908
     901
     988
     978
     985
     988
    1088
    1111
    1120
    1115
    1188
    1212
    1167
    1327
    1306
    1305
    1300
    1379
    1391
    1393
    1329
    1454
    1345
    1303
    1273
    1181
    1141
    1084
    1006
     857
     750
     641
     560
     519
     437
     351
     316
     304
     241
     215
     233
     218
     175
     169
     183
     171
     194
     194
     172
     184
     169
     174
     198
     201
     177
     198
     188
     183
     184
     190
     172
     189
     174
     192
     175
     181
     200
     174
     164
     193
     162
     160
     192
     167
     159
     168
     161
     160
     148
     167
     139
     185
     176
     180
     145
     168
     165
     153
     169
     155
     148
     159
     120
     159
     159
     150
     187
     158
     125
     145
     118
     162
     141
     159
     146
     146
     150
     138
     135
     164
     149
     137
     151
     151
     143
     136
     138
     133
     157
     139
     145
     146
     128
     166
     159
     140
     144
     134
     133
     143
     140
     130
     146
     133
     126
     125
     142
     138
     144
     128
     137
     129
     146
     154
     152
     141
     139
     131
     114
     127
     141
     137
     131
     129
     155
     128
     148
     139
     154
     157
     120
     133
     149
     146
     130
     137
     149
     159
     111
     132
     151
     129
     142
     154
     129
     147
     131
     151
     113
     119
     126
     130
     131
     158
     133
     135
     149
     141
     138
     158
     170
     144
     142
     158
     152
     156
     116
     168
     146
     148
     136
     154
     122
     130
     132
     137
     130
     127
     114
     115
     110
     122
     103
     110
     126
     124
     121
     116
     109
      92
     118
     116
      95
     120
     120
     126
     119
     135
     114
     118
     121
     113
     106
     111
      95
     110
     110
     120
     121
     120
     127
     101
     114
     114
     124
     129
     109
     133
     122
     119
     123
     124
     111
     118
     113
     134
     152
     127
     129
     135
     120
     117
     119
     134
     136
     138
     143
     138
     132
     113
     121
     146
     132
     126
     137
     149
     146
     161
     128
     144
     138
     139
     139
     135
     134
     143
     137
     164
     162
     165
     170
     171
     174
     135
     151
     144
     183
     142
     154
     154
     154
     171
     160
     191
     158
     173
     155
     157
     170
     186
     207
     161
     186
     198
     194
     195
     192
     212
     195
     189
     195
     176
     207
     242
     207
     218
     210
     207
     244
     214
     254
     213
     224
     239
     237
     209
     200
     163
     199
     195
     204
     193
     198
     181
     166
     191
     190
     184
     171
     200
     172
     195
     190
     190
     210
     183
     182
     184
     185
     211
     221
     212
     216
     199
     201
     199
     183
     218
     197
     212
     216
     205
     217
     206
     184
     227
     227
     203
     253
     222
     239
     253
     249
     253
     232
     292
     258
     262
     271
     314
     294
     280
     293
     286
     288
     259
     257
     260
     244
     245
     242
     237
     208
     203
     188
     200
     187
     158
     150
     173
     130
     149
     144
     118
     132
     133
     129
     133
     133
     124
     126
     123
     121
     123
     139
     131
     142
     138
     117
     123
     124
     125
     105
     105
     110
      91
     107
     102
      91
     106
      90
      88
      98
     104
      90
      92
     100
      89
      86
     101
     101
     106
      96
     101
      91
     103
      88
     118
      98
     127
     119
      94
     111
     105
      96
     125
     104
     132
     133
     125
     150
     113
     124
     145
     145
     137
     115
     132
     142
     131
     124
     152
     137
     147
     149
     154
     160
     163
     181
     169
     181
     154
     181
     194
     185
     195
     175
     167
     186
     204
     201
     165
     172
     175
     202
     169
     187
     212
     205
     185
     203
     178
     185
     186
     194
     189
     187
     186
     180
     169
     197
     165
     186
     148
     140
     138
     129
     125
     120
     113
      92
      92
     107
      94
      90
      96
     107
      85
      78
      83
      70
      83
      79
      71
      68
      61
      82
      61
      85
      54
      75
      74
      54
      64
      61
      57
      66
      70
      65
      56
      69
      76
      72
      91
      83
      73
      75
      81
      88
      75
      77
      82
      78
      90
      73
      57
      76
      75
      64
      65
      61
      48
      52
      54
      63
      62
      55
      67
      61
      55
      64
      54
      59
      53
      49
      55
      37
      60
      65
      42
      49
      76
      66
      64
      58
      74
      73
      56
      66
      60
      66
      70
      69
      65
      92
      74
      74
      75
     100
      76
      92
      89
     109
     107
      93
     100
     105
      98
     100
      94
     109
      88
      99
      92
      82
      81
      72
      76
      64
      59
      67
      47
      51
      42
      47
      33
      32
      41
      24
      22
      23
      35
      25
      23
      18
      31
      26
      27
      28
      16
      19
      23
      25
      12
       9
      25
      23
      17
      21
      27
      20
      20
      29
      18
      20
       9
      20
      19
      12
      16
       5
      16
      17
      13
      16
      16
      11
      17
      18
      15
       6
      16
      14
      11
      16
      17
      16
      21
      17
      20
      11
      14
      12
      13
      19
      13
      16
      17
       8
      16
      17
      21
      19
      13
      19
      11
      18
      15
      14
      12
      28
      17
      16
      17
      11
      20
      15
      19
      21
      14
      29
      17
      13
      21
      14
      23
      15
      28
      24
      25
      19
      17
      18
      16
      15
      22
      17
      16
      28
      16
      11
      18
      13
      14
      10
      15
      15
      10
      14
       5
      10
       9
      12
      11
       4
      12
       7
       9
      13
       4
       4
       6
       9
      15
      14
      10
      15
      12
       6
       6
       7
      12
       8
       7
      12
      11
       8
      15
      14
       9
      11
       9
       4
       5
       4
      14
       9
      10
      10
       6
       6
       8
       9
       4
       8
       5
       2
       9
       8
       5
       6
       5
       9
      10
       3
       3
      10
       9
       7
       4
       6
      10
       5
       7
       5
       6
      12
       5
      11
       9
       9
      11
       3
      10
       3
       3
       7
       3
       8
       6
       9
       7
       8
       5
       8
       6
       4
       9
       2
       8
       1
       9
       2
       6
       5
       7
       5
       5
       7
       7
       5
       4
       6
       3
       6
       3
       4
       5
       9
       5
       2
       7
       6
       6
       6
       6
       4
       2
       5
       5
       1
       5
       8
       4
       6
       5
       4
       4
       7
       7
       6
       4
       4
       5
       4
       8
       2
       8
       5
       5
       7
       3
       3
      10
       6
       5
       4
       4
       3
       5
       9
      10
       5
       9
       5
       8
       8
       7
       4
       7
      10
       4
      11
       6
       5
       4
       3
       1
       7
       7
       4
       6
       4
       5
       4
       8
       6
       4
       6
       5
       8
       8
       4
       6
       3
       3
       3
       7
       5
       7
       4
       6
       3
       3
       3
       1
       4
       3
       6
       5
       4
       4
       6
       2
       3
       7
       4
       4
       6
       2
       7
       7
       3
       3
       2
       2
       2
       4
       4
       7
       2
       5
       3
       2
       2
       6
       4
       1
       4
       4
       5
       2
       2
       3
       6
       8
       3
       5
       1
       4
       5
       3
       2
       1
       3
       2
       6
       8
       1
       2
       5
       7
       2
       4
       1
       0
       6
       1
       8
       6
       3
       5
       5
       4
       2
       2
       4
       2
       4
       2
       2
       1
       0
       3
       3
       2
       5
       1
       4
       4
       7
       4
       4
       3
       4
       2
       6
       1
       5
       2
       6
       3
       2
       3
       4
       6
       3
       1
       6
       4
      10
       2
       6
       5
       7
       5
       6
       6
       4
       5
       6
       3
       5
       4
       3
       1
       2
       5
       3
       4
       6
       6
       6
       6
       2
       3
       9
       1
       8
       3
       5
       0
       9
       7
       3
       3
       4
       3
       4
       3
       4
       7
       4
       5
       3
       7
       5
       3
       3
       3
       4
       4
       6
      11
       9
       3
       3
       2
       8
       2
       1
       5
       6
       2
       3
       5
       6
       6
       4
       4
      11
       4
       1
       4
       2
       4
       2
       9
       2
       9
       5
       3
       6
       6
       6
       2
       4
       2
       6
       4
       2
       5
       5
       4
       6
       4
       4
       5
       5
       3
       7
       3
       7
       6
       6
       8
       3
       2
      10
       2
       3
       4
       9
       5
       5
       5
       4
       3
       4
       4
       4
       8
       2
       6
       5
       7
       3
       3
       4
       6
       4
       3
       7
       7
       7
       3
       2
      14
       6
       5
      11
       4
       6
       2
       4
       6
       9
       3
       9
       9
       5
       3
       8
       5
       4
       3
       8
       4
       8
       7
       8
      11
       8
      15
      15
      11
       8
      12
       8
       9
       8
       8
       5
      14
      11
      13
       7
      10
       7
      11
       4
       9
       7
       9
      10
       5
       8
       7
      10
      15
       6
       7
      10
       7
       9
       7
       4
       7
       6
      10
       8
       5
       5
      10
       7
       8
      16
       8
       4
       7
       7
       7
       7
      14
      11
       8
       7
       4
       7
       7
      12
      10
       8
       7
      11
      10
       9
       3
       9
       8
      10
      11
       6
       6
      11
      11
      12
       8
       7
      11
      13
      11
       8
       6
       3
      11
       7
       8
       7
      11
      10
       4
       9
      17
       8
      10
      11
       9
       8
      10
       8
      12
      12
      14
       9
      12
       9
       8
      10
       9
      13
      13
      10
      12
      13
      16
      16
       7
      13
      14
      17
       9
      17
       7
      17
      14
      19
      10
      11
       9
       9
      16
      14
      14
      16
      10
      18
      18
      23
      17
      20
      18
      20
      13
      13
      13
      15
      13
      15
      13
      19
      14
      10
      16
       9
       6
       9
       5
       6
       6
       4
       8
       7
       5
       6
       4
       4
       5
       2
       2
       4
       2
       6
       1
       6
       4
       1
       2
       2
       5
       1
       2
       7
       2
       4
       1
       5
       4
       0
       3
       1
       4
       4
       1
       3
       3
       2
       4
       6
       1
       3
       3
       5
       5
       3
       3
       1
       2
       3
       7
       4
       2
       3
       3
       3
       5
       7
       4
       1
       3
       6
       3
       6
       8
       4
       3
       1
       2
       4
       3
       5
       2
       3
       7
       7
       3
       2
       4
       3
       3
       6
       5
       1
       3
       6
       2
       5
       3
       2
       3
       2
       6
       9
       7
       1
       4
       4
       1
       5
       3
       3
       2
       4
       1
       8
       1
       2
       4
       2
       4
       9
       5
       6
       4
      10
       6
       5
       4
       2
       3
       1
       5
       5
       5
      10
       5
       2
       5
       7
       8
       6
       3
       6
       6
       4
       3
       4
       4
       9
       5
       4
       4
       4
       7
       4
       7
       9
       4
       4
      12
       4
       7
       9
       7
      12
       9
       7
       8
       6
       7
       7
      10
       7
       2
       9
       7
       4
       6
       7
       5
       1
       4
       6
       5
       3
       1
       4
       1
       3
       1
       2
       1
       2
       1
       4
       2
       3
       3
       2
       2
       2
       1
       0
       4
       4
       1
       1
       2
       0
       0
       0
       0
       0
       0
       0
       0
       1
       0
       0
       0
       2
       2
       0
       1
       2
       1
       2
       2
       0
       0
       2
       1
       1
       0
       1
       1
       0
       0
       1
       1
       1
       0
       0
       2
       0
       2
       1
       0
       1
       0
       0
       1
       0
       1
       0
       1
       0
       1
       0
       1
       2
       4
       1
       2
       1
       1
       0
       0
       1
       2
       1
       2
       1
       1
       0
       0
       3
       2
       3
       1
       1
       1
       0
       0
       1
       1
       1
       1
       0
       4
       0
       1
       1
       0
       1
       0
       0
       3
       1
       1
       0
       0
       5
       1
       0
       1
       1
       3
       2
       0
       0
       1
       0
       1
       2
       0
       1
       0
       1
       1
       0
       0
       0
       1
       0
       0
       1
       0
       1
       3
       0
       1
       0
       0
       1
       0
       0
       0
       0
       1
       0
       0
       0
       0
       0
       3
       0
       0
       0
       2
       1
       0
       0
       1
       1
       0
       0
       0
       1
       1
       1
       0
       1
       1
       0
       0
       0
       0
       0
       0
       1
       1
       1
       0
       0
       1
       0
       0
       0
       1
       0
       0
       1
       0
       1
       0
       0
       0
       0
       0
       0
       0
       1
       1
       1
       0
       0
       0
       0
       0
       0
       1
       0
       0
       0
       0
       0
       0
       0
       0
       0
       0
       0
       0
       0
       0
       0
       0
       0
       2
       0
       0
       1
       0
       0
       0
       0
       0
       1
       1
       1
       2
       0
       0
       0
       0
       0
       2
       0
       0
       0
       0
       1
       0
       0
       0
       1
       1
       0
       0
       0
       0
       0
       0
       0
       1
       0
       1
       1
       2
       0
       0
       0
       0
       1
       1
       0
       0
       1
       0
       0
       0
       0
       0
       0
       0
       0
       0
       0
       0
       0
       0
       0
       0
       0
       2
       0
       0
       0
       0
       1
       1
       1
       0
       0
       0
       0
       0
       1
       0
       0
       0
       0
       0
       0
       0
       0
       0
       0
       1
       1
       0
       0
       0
       1
       0
       0
       0
       0
       0
       1
       0
       0
       0
       0
       0
       0
       0
       0
       0
       0
       0
       0
       2
       0
       0
       0
       0
       0
       0
       0
       1
       0
       0
       0
       0
       0
       0
       0
       0
       1
       0
       1
       0
       0
       0
       0
       1
       0
       0
       0
       0
       0
       0
       0
       1
       1
       0
       1
       0
       0
       0
       0
       1
       0
       2
       1
       0
       0
       0
       0
       1
       0
       0
       0
       0
       0
       0
       1
       2
       0
       0
       0
       1
       0
       0
       1
       0
       0
       0
       0
       0
       0
       2
       0
       0
       2
       0
       1
       0
       0
       1
       2
       0
       1
       1
       1
       0
       0
       0
       0
       1
       1
       0
       0
       0
       0
       0
       0
       0
       0
       1
       0
       1
       0
       0
       0
       0
       0
       0
       0
       1
       0
       1
       1
       1
       0
       0
       0
       0
       1
       1
       2
       1
       0
       0
       0
       0
       1
       1
       0
       0
       0
       0
       0
       0
       0
       0
       0
       0
       0
       0
       0
       0
       1
       0
       0
       0
       2
       0
       1
       0
       0
       0
       0
       0
       1
       1
       0
       0
       0
       0
       0
       0
       0
       0
       0
       0
       0
       0
       0
       0
       0
       0
       1
       0
       0
       0
       0
       0
       1
       2
       0
       0
       0
       0
       1
       0
       0
       1
       0
       0
       0
       0
       0
       1
       0
       0
       0
       0
       0
       0
       0
       0
       0
       0
       2
       0
       0
       0
       0
       0
       0
       1
       0
       0
       0
       0
       0
       0
       0
       0
       1
       0
       0
       0
       0
       0
       0
       0
       1
       0
       1
       0
       1
       0
       0
       1
       0
       0
       0
       0
       0
       1
       0
       0
       0
       0
       1
       0
       0
       0
       1
       0
       0
       0
       0
       0
       0
       1
       1
       0
       0
       1
       0
       0
       1
       2
       0
       0
       0
       0
       1
       0
       0
       0
       0
       0
       0
       0
       0
       0
       1
       0
       0
       0
       0
       0
       0
       1
       1
       1
       0
       0
       0
       0
       0
       0
       0
       0
       1
       0
       2
       2
       0
       0
       0
       0
       0
       1
       0
       1
       1
       0
       0
       2
       0
       1
       1
       3
       0
       1
       0
       0
       0
       0
       0
       1
       0
       0
       0
       0
       0
       0
       0
       0
       0
       0
       0
       1
       1
       0
       1
       1
       0
       0
       0
       1
       0
       0
       0
       0
       1
       0
       0
       0
       0
       0
       0
       1
       0
       0
       1
       0
       0
       0
       0
       0
       0
       0
       0
       0
       0
       1
       0
       0
       0
       0
       0
       1
       0
       1
       0
       0
       0
       0
       1
       0
       0
       0
       1
       0
       0
       0
       0
       0
       0
       0
       0
       0
       0
       0
       1
       0
       0
       0
       0
       0
       0
       0
       0
       1
       2
       0
       0
       0
       0
       0
       0
       0
       0
       0
       0
       0
       0
       1
       1
       0
       0
       0
       2
       0
       0
       0
       0
       0
       1
       0
       0
       0
       0
       0
       0
       0
       0
       0
       0
       1
       0
       0
       0
       1
       0
       0
       0
       0
       0
       0
       0
       0
       1
       0
       0
       0
       0
       0
       0
       1
       0
       0
       0
       0
       0
       1
       0
       0
       0
       0
       0
       1
       0
       0
       0
       0
       0
       0
       0
       1
       0
       0
       0
       0
       1
       1
       1
       0
       0
       0
       1
       0
       0
       0
       0
       0
       0
       1
       0
       0
       0
       0
       0
       0
       0
       0
       0
       0
       0
       1
       0
       0
       0
       0
       0
       0
       0
       1
       0
       0
       1
       0
       0
       0
       0
       0
       0
       0
       0
       1
       0
       0
       0
       0
       1
       0
       0
       0
       0
       0
       0
       0
       0
       0
       0
       0
       0
       0
       0
       1
       0
       0
       0
       0
       0
       0
       0
       0
       2
       1
       0
       0
       0
       1
       0
       0
       0
       0
       0
       0
       1
       0
       0
       0
       0
       0
       0
       0
       0
       0
       0
       0
       0
       0
       1
       0
       0
       0
       0
       0
       1
       0
       0
       0
       0
       0
       0
       0
       0
       1
       0
       0
       0
       0
       0
       0
       0
       0
       0
       0
       0
       0
       0
       0
       0
       0
       1
       0
       0
       0
       0
       0
       0
       0
       0
       0
       0
       0
       0
       0
       0
       0
       0
       0
       0
       0
       0
       0
       0
       0
       1
       0
       0
       0
       0
       0
       0
       0
       0
       0
       0
       0
       0
       1
       0
       0
       0
       0
       0
       0
       0
       0
       0
       0
       2
       0
       0
       0
       0
       0
       1
       0
       1
       0
       0
       0
       1
       0
       1
       0
       0
       1
       0
       0
       0
       0
       0
       0
       0
       0
       0
       0
       0
       1
       0
       0
       0
       0
       0
       0
       0
       1
       0
       0
       0
       0
       0
       0
       0
       0
       1
       0
       0
       0
       1
       1
       0
       0
       0
       0
       0
       1
       1
       0
       0
       0
       0
       1
       0
       0
       0
       0
       0
       0
       0
       0
       0
       0
       0
       0
       0
       0
       0
       0
       0
       0
       0
       2
       0
       0
       0
       0
       0
       0
       0
       0
       2
       0
       0
       0
       0
       0
       0
       0
       0
       0
       0
       0
       0
       0
       0
       0
       0
       0
       0
       0
       0
       0
       0
       0
       0
       0
       0
       0
       0
       0
       0
       0
       0
       0
       0
       1
       0
       0
       1
       0
       1
       0
       0
       0
       0
       0
       0
       0
       0
       0
       1
       0
       0
       0
       0
       0
       0
       0
       0
       0
       1
       0
       0
       0
       0
       0
       0
       0
       0
       0
       0
       0
       0
       0
       0
       0
       0
       0
       1
       0
       0
       0
       0
       1
       1
       1
       0
       1
       0
       1
       0
       0
       0
       0
       1
       0
       0
       1
       0
       0
       0
       0
       0
       0
       0
       1
       0
       0
       0
       0
       0
       0
       0
       0
       0
       0
       0
       0
       0
       0
       0
       0
       0
       0
       0
       0
       0
       0
       0
       0
       0
       0
       0
       0
       0
       0
       0
       0
       0
       0
       0
       0
       0
       0
       0
       0
       0
       0
       1
       0
       0
       0
       1
       0
       0
       0
       0
       0
       0
       1
       0
       0
       0
       0
       0
       0
       0
       0
       0
       0
       2
       0
       0
       0
       0
       1
       0
       1
       0
       0
       0
       0
       0
       0
       0
       0
       0
       1
       0
       0
       0
       0
       0
       0
       0
       0
       0
       0
       0
       0
       0
       0
       0
       0
       0
       0
       0
       0
       0
       0
       1
       0
       0
       0
       2
       0
       1
       0
       0
       0
       0
       0
       0
       0
       0
       1
       0
       1
       0
       0
       0
       0
       0
       0
       0
       0
       0
       0
       0
       0
       0
       0
       0
       0
       0
       0
       0
       0
       1
       0
       0
       0
       0
       0
       0
       0
       0
       0
       0
       0
       1
       0
       0
       0
       1
       0
       0
       0
       0
       0
       0
       0
       0
       1
       0
       0
       0
       0
       0
       0
       0
       1
       1
       0
       0
       0
       0
       0
       0
       1
       0
       0
       0
       0
       0
       0
       0
       1
       0
       0
       0
       0
       0
       0
       0
       1
       0
       0
       0
       0
       1
       0
       0
       2
       0
       0
       0
       0
       0
       0
       1
       0
       0
       0
       0
       0
       0
       0
       0
       0
       0
       0
       0
       0
       0
       0
       0
       1
       0
       0
       0
       0
       0
       0
       0
       0
       0
       0
       0
       0
       0
       0
       0
       0
       1
       1
       0
       0
       0
       0
       0
       1
       0
       0
       0
       0
       0
       0
       0
       0
       0
       0
       1
       0
       0
       0
       1
       0
       0
       0
       0
       0
       0
       2
       0
       0
       0
       0
       0
       0
       0
       0
       1
       0
       0
       0
       0
       0
       0
       0
       0
       0
       0
       0
       0
       0
       0
       1
       0
       0
       0
       0
       0
       1
       0
       0
       0
       0
       0
       0
       0
       0
       0
       1
       0
       1
       0
       0
       0
       0
       0
       0
       0
       1
       0
       0
       0
       0
       0
       1
       0
       0
       0
       0
       0
       1
       0
       0
       0
       1
       0
       0
       0
       0
       0
       0
       0
       0
       0
       0
       0
       0
       0
       0
       0
       0
       0
       0
       0
       0
       0
       0
       0
       0
       0
       0
       0
       1
       0
       0
       0
       0
       1
       0
       0
       1
       0
       0
       0
       0
       0
       0
       0
       0
       0
       0
       0
       0
       0
       1
       0
       0
       1
       0
       0
       0
       0
       0
       0
       0
       0
       0
       0
       0
       0
       0
       1
       0
       0
       0
       0
       0
       0
       0
       0
       0
       0
       0
       0
       1
       0
       1
       0
       0
       0
       0
       0
       0
       0
       0
       0
       0
       0
       0
       0
       0
       0
       0
       1
       0
       0
       0
       0
       0
       0
       0
       0
       0
       0
       0
       0
       0
       0
       0
       0
       0
       0
       0
       1
       0
       0
       0
       1
       0
       0
       0
       0
       0
       0
       0
       0
       0
       0
       0
       0
       0
       0
       0
       0
       0
       0
       0
       0
       0
       0
       0
       1
       0
       0
       0
       1
       0
       0
       0
       0
       0
       0
       0
       1
       0
       0
       0
       0
       0
       0
       0
       1
       0
       0
       0
       0
       0
       0
       1
       0
       0
       0
       0
       0
       0
       0
       0
       0
       0
       0
       0
       0
       0
       0
       0
       0
       0
       0
       0
       1
       0
       0
       0
       0
       0
       0
       0
       0
       0
       0
       0
       0
       0
       0
       0
       0
       0
       0
       0
       0
       0
       1
       0
       0
       0
       0
       0
       1
       0
       0
       0
       0
       0
       0
       0
       0
       0
       0
       0
       0
       0
       0
       0
       0
       0
       0
       0
       0
       0
       0
       0
       0
       0
       0
       0
       1
       0
       1
       0
       0
       0
       0
       0
       0
       0
       0
       0
       0
       0
       0
       0
       0
       1
       0
       0
       0
       0
       0
       0
       0
       1
       0
       0
       0
       0
       0
       0
       0
       0
       0
       0
       0
       1
       0
       0
       0
       0
       1
       0
       0
       0
       0
       0
       0
       0
       0
       0
       0
       0
       0
       0
       1
       0
       0
       0
       0
       0
       0
       0
       0
       0
       0
       0
       0
       0
       0
       0
       0
       0
       0
       0
       2
       0
       0
       0
       0
       0
       0
       0
       0
       0
       1
       0
       0
       0
       0
       0
       0
       0
       0
       0
       0
       0
       0
       0
       1
       0
       0
       0
       1
       0
       0
       0
       0
       0
       0
       1
       0
       0
       0
       0
       0
       0
       1
       0
       0
       0
       0
       0
       0
       0
       0
       0
       0
       1
       0
       0
       1
       0
       1
       0
       0
       0
       0
       0
       0
       0
       0
       0
       0
       0
$ENER_FIT:
0.000000 0.340000
$PRESETS:
Live Time (sec)
1000
0
$RT:
1011.020000
$DT:
11019
$ISO_DECL_U:
SMPLNAM: IDB-1567
SEPDATE: 01/01/1900 00:00:00
U234: 0.0409 
DU234: 3.4230
U235: 1.6109 
DU235: 0.2173
U236: 0.1058 
DU236: 2.2684
U238: 98.2425 
DU238: 0.0045
$ISO_DECL_PU:
SMPLNAM: IDB-1567
SEPDATE: 01/01/1900 00:00:00
PU238: 0.1177 
DPU238: 0.5183
PU239: 75.914 
DPU239: 0.0145
PU240: 21.877 
DPU240: 0.0503
PU241: 1.3582 
DPU241: 0.3313
PU242: 0.7321 
DPU242: 0.5464
AM241: Unknown 
DAM241: Unknown
DATE: 01/01/1900 00:00:00
PU240EFF: 23.4035
DPU240EFF: 0.0555
$ADC:
4096
0
4095