$APPLICATION_ID:
IDB v.1.0
$SPEC_REM:
Material type: MOX
Material form: Pellet
Material compound: PuO2+UO2
U isotopics:
234U Unknown
235U 0.71
236U Unknown
238U 99.29
Pu isotopics:
238Pu 0.2316
239Pu 71.1373
240Pu 26.9144
241Pu 0.8492
242Pu 0.8675
241Am 2.2593
Detector: CZT (Geometry: Quasi-hemispherical, Size: 4000 mm3)
MCA: MCA-527
$DATE_MEA:
04/12/2016 10:09:33
$MEAS_TIM:
1000 1006
$DATA:
0 4095
       0
       0
       0
       0
       0
       0
       0
       0
       0
       0
       0
       0
       0
       0
       0
       0
       0
       0
       0
       0
      75
      92
     103
     103
     142
     165
     177
     214
     250
     247
     297
     291
     335
     391
     428
     442
     462
     482
     538
     602
     599
     677
     675
     712
     648
     736
     773
     789
     876
     899
     902
     901
     938
     913
     934
    1009
    1008
    1057
    1084
    1109
    1191
    1313
    1276
    1351
    1375
    1356
    1328
    1294
    1339
    1343
    1340
    1227
    1164
    1190
    1136
    1124
    1058
    1053
    1011
     990
    1000
     957
     950
     926
     915
     913
     899
     901
     933
     891
     904
     858
     875
     915
     937
     899
     918
     879
     870
     909
     941
     945
     938
     915
     919
     921
     910
     949
     966
     989
     976
    1002
    1029
    1045
    1079
    1102
    1097
    1039
    1184
    1196
    1176
    1299
    1345
    1377
    1376
    1364
    1510
    1493
    1613
    1623
    1582
    1654
    1722
    1697
    1772
    1876
    1721
    1772
    1832
    1782
    1715
    1683
    1678
    1595
    1572
    1488
    1431
    1352
    1373
    1358
    1374
    1391
    1369
    1381
    1378
    1459
    1458
    1590
    1686
    1711
    1804
    1862
    2046
    2015
    2081
    2099
    2250
    2180
    2180
    2146
    1963
    1941
    1837
    1665
    1610
    1475
    1334
    1129
    1032
     883
     864
     761
     689
     670
     648
     633
     589
     648
     637
     661
     678
     696
     714
     703
     671
     752
     707
     669
     692
     750
     774
     730
     802
     730
     796
     836
     783
     811
     835
     921
     904
     898
     901
     927
     980
     909
    1029
     997
    1019
    1075
    1126
    1096
    1154
    1122
    1129
    1186
    1191
    1160
    1292
    1237
    1276
    1276
    1334
    1396
    1293
    1402
    1408
    1440
    1399
    1497
    1531
    1587
    1556
    1668
    1676
    1693
    1765
    1853
    1858
    1880
    1974
    1976
    2097
    2218
    2239
    2427
    2354
    2392
    2641
    2663
    2836
    2970
    3013
    3251
    3306
    3436
    3583
    3612
    3701
    3832
    4173
    4158
    4325
    4350
    4741
    4722
    4825
    5029
    5129
    4982
    5189
    5267
    5378
    5223
    5350
    5165
    5154
    5113
    5087
    4904
    4733
    4665
    4447
    4329
    4150
    4065
    3767
    3554
    3394
    3429
    3192
    2904
    2826
    2732
    2458
    2296
    2227
    2080
    1939
    1934
    1841
    1786
    1807
    1746
    1789
    1858
    1845
    1805
    1879
    1892
    1931
    1907
    1890
    1896
    1840
    1886
    1714
    1735
    1649
    1595
    1591
    1438
    1400
    1335
    1261
    1227
    1154
    1152
    1063
    1000
     885
     897
     844
     807
     864
     806
     796
     807
     794
     858
     789
     787
     793
     795
     836
     857
     815
     851
     873
     867
     857
     899
     939
     823
     830
     841
     867
     870
     770
     796
     815
     766
     799
     755
     738
     725
     715
     658
     704
     651
     699
     616
     593
     605
     608
     582
     605
     536
     547
     554
     527
     550
     530
     550
     529
     568
     563
     538
     552
     583
     593
     589
     582
     562
     564
     560
     606
     595
     600
     650
     670
     660
     596
     649
     632
     680
     689
     691
     689
     712
     726
     659
     769
     694
     713
     738
     743
     767
     826
     792
     789
     794
     764
     771
     778
     757
     742
     708
     749
     716
     646
     686
     649
     636
     649
     631
     552
     574
     562
     634
     572
     581
     572
     589
     579
     566
     590
     559
     605
     619
     609
     615
     631
     593
     596
     598
     628
     647
     613
     630
     593
     645
     620
     639
     645
     610
     635
     609
     608
     613
     627
     631
     638
     685
     635
     573
     652
     579
     611
     608
     579
     550
     577
     583
     567
     607
     587
     581
     589
     579
     586
     563
     613
     603
     552
     577
     539
     524
     534
     555
     548
     544
     559
     518
     509
     471
     460
     506
     515
     528
     541
     510
     513
     523
     519
     528
     490
     481
     494
     554
     582
     543
     516
     546
     573
     530
     536
     580
     561
     540
     527
     537
     580
     560
     590
     562
     550
     597
     553
     565
     552
     571
     633
     590
     633
     559
     584
     626
     608
     640
     601
     668
     652
     679
     655
     709
     695
     677
     673
     708
     758
     714
     766
     751
     759
     783
     837
     776
     822
     826
     833
     859
     868
     884
     926
     890
     909
     953
     934
     961
    1044
    1070
    1089
    1098
    1154
    1146
    1149
    1203
    1209
    1335
    1279
    1285
    1408
    1339
    1432
    1388
    1319
    1467
    1391
    1333
    1327
    1201
    1158
    1041
     949
     890
     784
     690
     542
     514
     460
     454
     354
     333
     286
     292
     237
     271
     229
     251
     251
     209
     213
     260
     249
     223
     237
     216
     241
     217
     227
     233
     254
     266
     251
     248
     224
     221
     240
     228
     245
     229
     209
     252
     204
     231
     220
     219
     220
     231
     246
     233
     220
     204
     220
     206
     229
     237
     203
     233
     175
     214
     198
     205
     209
     210
     195
     198
     220
     212
     222
     205
     223
     181
     223
     203
     194
     197
     212
     212
     204
     214
     202
     197
     230
     195
     201
     216
     202
     207
     178
     206
     226
     214
     204
     197
     227
     205
     210
     188
     187
     200
     188
     168
     194
     205
     221
     204
     206
     172
     193
     174
     195
     198
     192
     176
     188
     191
     203
     193
     191
     207
     208
     181
     167
     173
     183
     189
     204
     214
     202
     215
     221
     190
     182
     199
     202
     219
     193
     186
     194
     192
     204
     195
     194
     172
     174
     182
     176
     160
     198
     185
     191
     187
     166
     160
     152
     180
     184
     175
     178
     182
     181
     179
     191
     187
     189
     179
     202
     190
     197
     213
     191
     218
     200
     213
     202
     189
     162
     200
     178
     155
     190
     155
     169
     168
     191
     150
     155
     151
     152
     151
     143
     153
     168
     168
     167
     161
     169
     175
     155
     162
     149
     162
     143
     190
     146
     161
     164
     165
     170
     164
     168
     158
     130
     150
     154
     156
     163
     154
     140
     142
     170
     134
     158
     147
     158
     159
     165
     156
     150
     159
     147
     167
     152
     134
     175
     139
     159
     178
     145
     164
     140
     158
     155
     129
     174
     189
     171
     153
     177
     139
     167
     151
     167
     173
     181
     145
     167
     189
     175
     147
     158
     169
     188
     164
     154
     175
     146
     165
     184
     208
     176
     174
     192
     174
     188
     189
     181
     165
     174
     168
     167
     178
     162
     166
     172
     184
     176
     200
     192
     200
     191
     200
     207
     200
     192
     193
     196
     205
     206
     192
     235
     200
     223
     202
     210
     230
     207
     216
     214
     202
     234
     185
     211
     208
     220
     211
     214
     207
     227
     183
     217
     205
     200
     195
     202
     209
     218
     219
     208
     240
     212
     207
     225
     222
     224
     221
     236
     241
     229
     225
     245
     260
     235
     233
     238
     257
     278
     212
     217
     244
     232
     273
     288
     233
     282
     298
     267
     282
     282
     330
     292
     316
     299
     317
     292
     301
     294
     326
     310
     289
     303
     296
     266
     257
     253
     228
     255
     219
     190
     218
     165
     193
     178
     187
     169
     158
     176
     160
     151
     149
     159
     153
     142
     159
     158
     149
     145
     155
     156
     159
     149
     143
     149
     131
     123
     175
     133
     143
     140
     132
     128
     118
     118
     123
     108
     120
     127
     129
     106
     121
     103
     121
     140
     114
     142
     129
     119
     127
     123
     125
     134
     113
     148
     124
     143
     146
     153
     137
     150
     145
     151
     139
     139
     147
     148
     141
     148
     150
     161
     159
     169
     155
     169
     147
     169
     172
     171
     179
     160
     165
     200
     181
     187
     187
     179
     175
     202
     222
     217
     206
     213
     225
     213
     217
     198
     238
     231
     226
     209
     229
     195
     219
     222
     237
     240
     221
     231
     233
     221
     234
     234
     237
     214
     210
     195
     184
     232
     162
     197
     149
     164
     162
     152
     140
     145
     128
     135
     114
     123
     126
     114
     116
      98
     121
      94
      85
     101
     104
     111
      97
      87
     104
      67
      94
      80
      79
      82
      83
      73
      82
      82
      84
      95
      88
     123
      84
      89
      89
      94
      90
      96
     103
     101
     102
      95
      67
      92
      94
      92
      84
      85
      73
      80
      84
      78
      79
      82
      72
      87
      59
      73
      74
      74
      67
      63
      71
      63
      82
      92
      72
      89
      95
      84
      90
      83
      98
      95
      83
      82
      80
      91
      91
      94
     103
      99
      99
      91
      85
     121
      89
     105
      93
     132
     104
     119
     111
     112
     113
     115
     134
     112
     129
     124
     123
     129
     122
     118
     108
     107
      97
     104
     113
     106
      65
      68
      64
      68
      59
      49
      53
      52
      49
      37
      38
      37
      26
      37
      36
      31
      30
      40
      42
      32
      35
      33
      37
      33
      35
      26
      35
      30
      31
      35
      30
      37
      26
      24
      21
      32
      29
      25
      25
      24
      27
      22
      27
      21
      21
      34
      28
      24
      22
      18
      23
      26
      30
      24
      19
      21
      26
      33
      25
      26
      32
      37
      27
      25
      26
      22
      24
      23
      25
      22
      20
      16
      30
      22
      28
      28
      23
      33
      26
      28
      31
      28
      25
      35
      29
      14
      30
      21
      30
      19
      29
      27
      21
      21
      22
      32
      42
      39
      18
      25
      25
      30
      22
      27
      29
      25
      26
      24
      22
      26
      23
      19
      25
      22
      10
      23
      23
      20
      23
      17
      18
      15
      13
      21
      18
      19
      13
      18
      20
      17
      20
      17
      15
      16
      19
      20
      22
      13
      16
      14
       9
      15
      20
      18
      20
      13
      11
      21
      15
      13
      12
      20
      16
      15
      20
      19
      16
      12
      13
      10
      16
      14
       8
      16
      21
      25
      12
      10
      15
      10
      18
       9
      12
      10
      16
      12
       9
      12
      11
      23
      16
       5
      10
      16
       7
      15
      10
       6
      17
      13
       9
       9
       9
       9
       9
      15
      13
       9
      15
      13
      15
      14
      13
      13
      15
      16
      13
      11
      16
      17
      19
      10
      21
      15
      10
       6
       9
       9
       9
      15
      11
      12
      13
      14
      11
      10
      15
      15
       7
      10
       8
      13
      10
      13
       6
      13
       8
      12
      13
      14
       6
      17
      11
      14
      11
       6
      11
      10
      17
      10
      12
      18
      15
       4
       7
      18
      12
      13
       5
       8
      11
      15
       9
       9
       9
      14
       6
      13
      13
       9
      12
      11
      18
      10
      11
      10
      10
      10
      10
      11
      10
      14
       8
       6
       9
      11
       8
      13
       9
      12
      13
       9
       8
       9
       9
      11
       7
       7
      12
      10
       7
       8
       9
       7
      12
       4
       9
       6
      12
      12
       9
      10
       5
      10
      14
      10
       5
       8
      12
       7
      10
      12
       8
       6
      10
      13
       8
       9
       8
       8
      12
      10
       6
      14
       9
      12
       9
       6
      11
       4
       6
       8
       8
       6
      11
      12
      12
       9
       3
       8
       6
       8
       6
       7
       8
       5
       5
       8
       5
      10
      14
       8
      11
       2
       9
      12
      13
      13
       7
       9
       9
       6
      19
       8
      10
       2
      10
       3
       6
      10
      13
      16
       4
       8
       9
       8
      10
       2
       5
       7
      10
       8
       8
       7
       6
      10
       7
      10
       6
      10
      13
       5
      14
       6
      10
       6
       6
      10
      10
      11
       4
       5
       8
       6
       8
       6
       6
       5
      10
      14
      13
      10
       5
       7
      10
       8
       1
       9
      10
       5
      14
      12
       7
       5
      11
      11
      13
      10
       7
       6
       9
       7
       7
      11
       6
       8
       6
       5
       9
       2
       9
       6
      14
       8
      11
       7
       8
      10
       5
      12
      13
      10
      12
      10
      12
      12
       9
      14
      14
       2
       7
       7
       8
       9
       6
       5
      10
      10
      10
      11
       8
      13
       9
       6
       9
       7
       8
      14
      11
      12
      11
       8
       8
       6
      10
       6
       7
       8
      11
       2
       8
      11
       5
       9
       4
       9
       5
       8
       8
       8
       5
      10
       7
       5
       9
       7
      10
      11
      10
       5
      10
       4
       5
       7
       9
       7
      10
       3
       5
      13
       7
       9
      10
       3
       9
       8
       5
       8
       9
      10
       7
      15
       7
       8
       3
       4
      10
       7
       6
       7
       4
      10
      15
      10
      15
      13
      11
       8
       7
      11
       4
      11
       9
       6
       6
      10
      14
       8
      13
      11
      14
      15
       5
      17
       5
      12
      12
       8
       7
      10
      17
       8
       5
      14
       9
       9
      12
       8
       6
      11
      10
      17
      10
      10
      17
      13
      10
      14
      10
      21
       6
       8
       7
       9
      13
      10
      13
      13
       8
       6
       9
      10
       9
      13
       8
      10
       9
       5
      10
      10
      15
       9
      11
      15
       5
      10
      16
       7
       3
      17
       8
      14
       8
      11
      10
      12
       6
      13
      13
      15
      14
       4
      14
       6
      20
      14
       8
      16
      14
      13
      19
      17
      19
      12
      12
      14
      20
      10
      12
      13
       8
       9
       8
       7
      13
      17
      24
      21
       8
      16
      14
      26
       7
      16
      10
      17
      14
       9
      17
      16
      14
      11
      20
       7
      16
       9
      14
      23
      22
      22
      15
      14
      11
      13
      13
      15
      13
      21
      13
      17
      24
      25
      28
      24
      19
      14
      20
      23
      18
      17
      21
      17
      17
      21
      32
      16
      27
      21
      27
      24
      19
      23
      22
      20
      18
      28
      26
      18
      10
      18
      22
      15
      23
      13
      17
      13
      10
      12
      10
      10
       4
       5
      10
       9
       4
       8
       5
       7
       3
       4
       6
       7
       8
       4
       9
       4
       5
       8
       4
       6
       6
       7
       3
       4
       7
       6
      11
       6
       6
       3
      11
       8
       2
       4
       7
       4
       3
       2
       7
       5
       8
       8
       7
       6
       5
       5
       4
       7
       7
       5
       3
       5
       5
      10
       7
       6
       5
      12
       8
       8
       8
       4
       8
       5
       4
       8
      13
       3
       7
       5
       9
       3
       6
       2
       1
       7
       5
       5
       6
       5
       7
       8
       5
       7
       6
       5
       7
      10
       2
       6
       1
       4
       6
       5
       6
       8
       8
       0
       7
       8
       3
       9
       5
       4
       6
      10
       1
       7
       4
       6
       9
       3
       7
       9
       7
       4
       4
       8
       6
       6
       3
       2
       4
       7
       6
       6
       4
      10
       7
       4
       7
       4
       6
       9
       6
      12
       5
       7
      14
       6
      10
      13
       2
       4
       6
      13
       6
      13
       6
       8
      13
       5
       6
      12
       9
       7
      11
      13
       7
      10
      10
       6
       9
       9
       2
       5
      13
       2
      11
      10
       7
       6
      11
       5
       4
       2
       2
       4
       4
       4
       2
       5
       2
       2
       2
       1
       2
       4
       2
       3
       6
       5
       4
       2
       1
       3
       6
       5
       4
       4
       5
       5
       3
       2
       3
       3
       2
       3
       0
       3
       4
       1
       1
       2
       3
       2
       2
       2
       5
       3
       2
       7
       0
       3
       2
       2
       4
       2
       3
       6
       3
       2
       6
       2
       5
       4
       1
       5
       3
       0
       6
       4
       2
       5
       3
       0
       0
       0
       3
       5
       7
       2
       2
       3
       2
       4
       3
       4
       1
       1
       4
       1
       2
       4
       5
       1
       2
       4
       4
       1
       3
       3
       2
       4
       2
       2
       4
       1
       6
       4
       2
       3
       6
       2
       0
       3
       2
       4
       3
       4
       3
       3
       5
       1
       3
       3
       2
       0
       3
       1
       4
       2
       4
       4
       4
       1
       3
       5
       1
       1
       2
       1
       0
       0
       0
       2
       3
       2
       3
       6
       1
       2
       1
       2
       3
       1
       0
       1
       1
       1
       1
       1
       3
       2
       1
       1
       1
       3
       0
       1
       0
       1
       0
       0
       2
       1
       3
       1
       1
       0
       3
       1
       0
       1
       3
       0
       0
       1
       3
       0
       3
       2
       0
       1
       3
       4
       2
       2
       0
       0
       0
       0
       2
       2
       1
       0
       1
       0
       2
       2
       0
       0
       0
       2
       4
       4
       1
       0
       1
       1
       1
       0
       2
       1
       2
       1
       2
       0
       2
       0
       0
       0
       2
       0
       1
       1
       0
       2
       1
       1
       0
       0
       0
       1
       1
       2
       0
       1
       0
       3
       1
       0
       2
       2
       1
       2
       2
       0
       2
       1
       1
       1
       0
       1
       0
       1
       4
       1
       1
       0
       1
       1
       0
       1
       0
       0
       2
       2
       4
       1
       2
       0
       1
       0
       0
       1
       1
       1
       1
       1
       1
       1
       1
       0
       3
       0
       0
       2
       1
       1
       2
       0
       1
       0
       2
       0
       1
       0
       1
       1
       0
       3
       4
       1
       0
       0
       0
       1
       0
       0
       1
       1
       0
       1
       1
       1
       0
       0
       2
       1
       2
       1
       0
       0
       0
       1
       0
       0
       1
       1
       0
       0
       2
       0
       1
       0
       0
       1
       2
       1
       0
       0
       3
       1
       2
       1
       1
       0
       1
       1
       1
       2
       1
       0
       2
       3
       1
       1
       3
       2
       0
       0
       1
       0
       2
       0
       1
       1
       2
       1
       1
       1
       1
       0
       0
       1
       1
       1
       1
       1
       0
       1
       0
       0
       1
       1
       2
       1
       2
       0
       0
       0
       0
       2
       1
       1
       2
       1
       0
       1
       3
       0
       0
       1
       0
       1
       2
       0
       3
       2
       1
       0
       1
       1
       0
       1
       0
       0
       0
       0
       3
       2
       1
       3
       1
       1
       0
       1
       0
       1
       1
       2
       0
       0
       1
       4
       1
       3
       2
       1
       1
       0
       3
       2
       0
       0
       2
       0
       0
       0
       1
       1
       1
       0
       0
       1
       0
       0
       0
       1
       0
       0
       2
       1
       2
       1
       1
       1
       1
       0
       0
       2
       1
       1
       0
       0
       0
       0
       0
       2
       0
       2
       1
       1
       3
       3
       0
       1
       0
       0
       0
       1
       2
       1
       1
       1
       1
       1
       0
       0
       1
       1
       1
       0
       1
       0
       1
       0
       1
       1
       0
       0
       1
       6
       1
       0
       1
       1
       0
       2
       0
       1
       0
       2
       0
       3
       2
       2
       0
       2
       1
       0
       1
       0
       1
       0
       0
       0
       0
       0
       1
       1
       1
       0
       1
       1
       1
       1
       1
       1
       0
       1
       2
       3
       3
       0
       2
       1
       2
       0
       2
       0
       0
       1
       1
       1
       0
       0
       0
       1
       1
       0
       1
       0
       0
       1
       1
       1
       0
       1
       0
       1
       1
       1
       2
       0
       1
       1
       2
       4
       0
       0
       0
       1
       0
       2
       3
       2
       0
       1
       1
       0
       1
       1
       2
       2
       1
       0
       2
       0
       2
       0
       1
       1
       1
       2
       1
       1
       0
       0
       2
       1
       3
       0
       0
       0
       0
       0
       1
       1
       1
       0
       1
       0
       2
       0
       0
       1
       1
       1
       0
       0
       0
       0
       0
       1
       0
       0
       0
       1
       1
       1
       0
       1
       1
       3
       2
       0
       1
       0
       0
       3
       2
       1
       1
       3
       1
       3
       1
       2
       2
       1
       1
       2
       0
       2
       0
       2
       1
       1
       3
       0
       1
       0
       2
       0
       1
       0
       1
       2
       1
       1
       0
       0
       0
       3
       2
       2
       0
       0
       1
       0
       1
       2
       0
       2
       3
       1
       0
       1
       1
       0
       1
       1
       3
       3
       1
       0
       1
       4
       0
       0
       1
       0
       1
       1
       0
       0
       3
       0
       0
       2
       1
       1
       1
       0
       0
       0
       2
       0
       0
       1
       0
       1
       1
       2
       0
       0
       2
       1
       1
       0
       1
       2
       2
       0
       1
       0
       0
       1
       0
       0
       2
       0
       3
       1
       3
       1
       4
       4
       3
       0
       0
       2
       0
       2
       0
       1
       1
       3
       2
       7
       2
       0
       0
       2
       2
       1
       0
       1
       0
       0
       1
       3
       2
       1
       0
       1
       2
       3
       3
       0
       1
       1
       1
       1
       2
       1
       0
       1
       1
       1
       1
       0
       0
       2
       2
       1
       1
       2
       0
       1
       0
       0
       1
       0
       1
       1
       0
       0
       1
       1
       1
       1
       1
       0
       0
       1
       0
       0
       0
       2
       0
       0
       0
       2
       0
       1
       0
       0
       0
       0
       2
       1
       0
       0
       0
       0
       0
       0
       0
       1
       0
       1
       1
       0
       1
       0
       1
       0
       1
       1
       1
       0
       0
       0
       2
       0
       0
       0
       2
       0
       0
       0
       0
       0
       1
       0
       2
       1
       0
       0
       0
       0
       0
       0
       1
       0
       1
       1
       2
       0
       0
       0
       0
       1
       1
       0
       0
       0
       0
       0
       0
       0
       0
       0
       0
       2
       0
       0
       0
       1
       0
       0
       0
       0
       0
       1
       0
       0
       0
       0
       0
       2
       0
       0
       1
       0
       0
       0
       1
       1
       1
       1
       0
       0
       0
       1
       1
       0
       0
       0
       0
       0
       0
       1
       1
       0
       0
       1
       1
       0
       0
       1
       0
       0
       0
       0
       0
       0
       0
       0
       0
       0
       0
       0
       2
       1
       0
       0
       1
       0
       0
       0
       0
       0
       0
       1
       0
       1
       0
       0
       0
       0
       0
       0
       0
       0
       3
       0
       0
       0
       2
       1
       0
       0
       0
       3
       0
       0
       1
       0
       0
       0
       0
       1
       1
       0
       0
       1
       0
       0
       1
       0
       2
       0
       1
       1
       0
       0
       1
       1
       0
       0
       1
       1
       1
       0
       2
       1
       1
       0
       1
       0
       1
       1
       0
       0
       0
       1
       0
       0
       0
       0
       1
       0
       0
       0
       0
       1
       3
       1
       0
       0
       0
       2
       0
       1
       0
       0
       1
       1
       0
       0
       0
       0
       1
       0
       0
       0
       0
       0
       0
       0
       0
       0
       0
       0
       0
       0
       0
       1
       0
       2
       2
       1
       0
       0
       1
       0
       0
       0
       1
       0
       1
       0
       0
       0
       0
       0
       0
       1
       0
       1
       0
       0
       0
       0
       0
       1
       0
       0
       0
       0
       0
       0
       1
       2
       0
       0
       0
       0
       0
       0
       0
       0
       0
       0
       0
       1
       0
       0
       0
       0
       1
       0
       0
       0
       0
       1
       0
       0
       0
       1
       0
       2
       0
       0
       0
       0
       0
       1
       1
       1
       0
       0
       1
       0
       0
       1
       0
       0
       0
       1
       0
       0
       0
       0
       0
       1
       0
       0
       0
       0
       0
       0
       1
       0
       0
       0
       0
       0
       0
       0
       0
       0
       0
       0
       0
       1
       0
       0
       0
       0
       0
       0
       0
       0
       0
       0
       0
       0
       0
       0
       0
       0
       1
       1
       0
       1
       0
       0
       1
       0
       0
       1
       0
       0
       0
       1
       0
       0
       1
       1
       0
       0
       0
       0
       2
       0
       0
       1
       0
       0
       1
       0
       0
       0
       0
       0
       0
       0
       0
       0
       0
       0
       1
       0
       0
       0
       0
       1
       0
       0
       0
       0
       0
       0
       0
       2
       2
       0
       0
       0
       0
       0
       0
       0
       0
       0
       1
       0
       0
       0
       0
       0
       1
       0
       0
       0
       1
       0
       0
       0
       0
       0
       0
       0
       0
       1
       0
       0
       0
       0
       0
       0
       0
       0
       1
       0
       0
       1
       1
       0
       0
       1
       0
       1
       0
       1
       0
       1
       1
       0
       0
       1
       0
       0
       0
       0
       0
       0
       0
       0
       0
       0
       0
       0
       1
       1
       0
       0
       0
       0
       1
       0
       1
       0
       0
       0
       0
       0
       0
       0
       0
       1
       0
       0
       1
       1
       0
       0
       0
       0
       0
       0
       2
       0
       0
       0
       0
       0
       0
       0
       0
       1
       0
       0
       0
       0
       0
       0
       0
       0
       0
       0
       0
       0
       1
       0
       0
       0
       0
       0
       0
       0
       0
       0
       1
       0
       0
       0
       0
       0
       0
       0
       0
       1
       0
       0
       0
       1
       0
       0
       0
       1
       0
       0
       0
       0
       0
       0
       0
       1
       0
       0
       0
       0
       2
       0
       0
       0
       0
       0
       0
       1
       0
       1
       0
       0
       0
       0
       0
       0
       0
       1
       0
       2
       1
       0
       0
       0
       0
       0
       0
       0
       1
       1
       1
       1
       0
       0
       0
       0
       0
       0
       0
       0
       0
       0
       0
       0
       0
       0
       0
       0
       0
       2
       0
       1
       0
       0
       0
       0
       0
       0
       0
       0
       1
       0
       0
       0
       0
       0
       0
       1
       0
       0
       0
       1
       0
       0
       0
       0
       0
       0
       0
       0
       0
       1
       1
       1
       0
       2
       0
       1
       0
       0
       0
       0
       0
       0
       1
       0
       2
       1
       0
       1
       1
       0
       1
       0
       0
       0
       0
       1
       1
       0
       0
       2
       0
       1
       1
       0
       0
       0
       0
       0
       0
       1
       0
       1
       0
       1
       1
       0
       0
       0
       0
       0
       1
       0
       0
       0
       0
       0
       0
       1
       2
       1
       0
       0
       0
       0
       0
       0
       0
       0
       0
       0
       0
       1
       0
       0
       0
       0
       0
       0
       0
       0
       0
       2
       0
       0
       0
       0
       2
       1
       0
       0
       0
       0
       0
       0
       0
       0
       0
       0
       0
       1
       0
       0
       0
       0
       0
       0
       0
       1
       1
       0
       0
       0
       0
       0
       0
       0
       1
       1
       0
       0
       1
       0
       0
       1
       0
       0
       0
       0
       0
       0
       0
       0
       0
       0
       1
       0
       1
       0
       2
       0
       0
       2
       0
       0
       1
       0
       0
       0
       0
       0
       0
       0
       2
       0
       1
       0
       1
       0
       0
       0
       0
       0
       0
       0
       0
       0
       0
       0
       1
       0
       0
       0
       0
       0
       0
       0
       0
       2
       1
       0
       0
       0
       0
       0
       0
       1
       0
       0
       0
       0
       0
       0
       0
       0
       0
       0
       1
       0
       0
       0
       0
       0
       0
       1
       1
       0
       0
       0
       0
       1
       0
       0
       0
       2
       0
       1
       0
       0
       2
       0
       0
       0
       0
       0
       0
       0
       0
       0
       0
       0
       0
       0
       0
       0
       0
       0
       0
       1
       0
       0
       0
       0
       2
       2
       0
       0
       0
       1
       1
       0
       0
       1
       0
       1
       0
       0
       1
       0
       2
       0
       0
       0
       0
       1
       0
       1
       1
       1
       1
       0
       2
       0
       0
       0
       1
       0
       1
       0
       0
       0
       0
       0
       1
       0
       0
       1
       0
       0
       0
       0
       0
       0
       0
       0
       0
       0
       0
       0
       0
       0
       0
       0
       1
       1
       1
       0
       0
       0
       1
       0
       1
       0
       0
       0
       0
       0
       0
       1
       0
       0
       0
       1
       0
       0
       0
       0
       0
       2
       0
       1
       2
       0
       0
       0
       0
       1
       0
       0
       0
       0
       0
       1
       0
       0
       0
       0
       0
       1
       1
       1
       0
       0
       1
       0
       1
       0
       0
       0
       0
       0
       0
       0
       1
       0
       0
       0
       0
       0
       0
       0
       1
       0
       0
       0
       0
       0
       1
       0
       0
       0
       0
       0
       0
       0
       1
       1
       0
       0
       0
       0
       0
       0
       0
       0
       0
       0
       0
       0
       0
       0
       0
       0
       1
       0
       1
       0
       0
       1
       0
       0
       0
       0
       1
       0
       0
       1
       0
       0
       0
       1
       1
       1
       0
       0
       0
       1
       0
       0
       0
       0
       0
       0
       1
       0
       0
       0
       0
       0
       1
       0
       0
$ENER_FIT:
0.000000 0.340000
$PRESETS:
Live Time (sec)
1000
0
$RT:
1005.580000
$DT:
5580
$ISO_DECL_U:
SMPLNAM: IDB-1569
SEPDATE: 01/01/1900 00:00:00
U234: Unknown 
DU234: Unknown
U235: 0.71 
DU235: Unknown
U236: Unknown 
DU236: Unknown
U238: 99.29 
DU238: Unknown
$ISO_DECL_PU:
SMPLNAM: IDB-1569
SEPDATE: 01/01/1900 00:00:00
PU238: 0.241 
DPU238: Unknown
PU239: 70.943 
DPU239: Unknown
PU240: 26.852 
DPU240: Unknown
PU241: 1.099 
DPU241: Unknown
PU242: 0.865 
DPU242: Unknown
AM241: 2.019 
DAM241: Unknown
DATE: 01/01/1900 00:00:00
PU240EFF: 28.9125
DPU240EFF: Unknown
$ADC:
4096
0
4095