$APPLICATION_ID:
IDB v.1.0
$SPEC_REM:
Material type: MOX
Material form: Pellet
Material compound: PuO2+UO2
U isotopics:
234U Unknown
235U 0.71
236U Unknown
238U 99.29
Pu isotopics:
238Pu 0.2317
239Pu 71.1351
240Pu 26.9137
241Pu 0.8521
242Pu 0.8675
241Am 2.2565
Detector: LaBr3 (Geometry: Cylindrical, Size: 2 in (diam) x 0.5 in (len))
MCA: InSpector-2000
$DATE_MEA:
03/17/2016 13:59:42
$MEAS_TIM:
50000 50320
$DATA:
0 4095
       0
       0
       3
      10
   67439
  138776
  177031
  158286
  114705
   94555
   89957
   90261
   91155
   93752
   96783
   98347
   97624
   96356
   95823
   96259
   95837
   96406
   96455
   97206
  100357
  105977
  115572
  135024
  163134
  197672
  223419
  228927
  218063
  202753
  188310
  177665
  164018
  142773
  116985
   95394
   82146
   76006
   73557
   74337
   77283
   83001
   92523
  107060
  124730
  143078
  158474
  166688
  164078
  153143
  139833
  128491
  121194
  118530
  120008
  125245
  130366
  138679
  146628
  154811
  161946
  171172
  182709
  193883
  204646
  218454
  236941
  259061
  283357
  308990
  339318
  366900
  398371
  437787
  486732
  544671
  607675
  667268
  714644
  733832
  716344
  659222
  566707
  458018
  354200
  266572
  200024
  157282
  132185
  120702
  115889
  116368
  117391
  122013
  126618
  131797
  138070
  146088
  154165
  159737
  165265
  169318
  171545
  172496
  172078
  172125
  171184
  170921
  172810
  175078
  179325
  183342
  191540
  199701
  208333
  219272
  229961
  241689
  251929
  264419
  276620
  290624
  306571
  324561
  348622
  377600
  411005
  453703
  504007
  564345
  636143
  718698
  805797
  898529
  986246
 1074309
 1152095
 1215887
 1252916
 1266637
 1249969
 1216627
 1161327
 1093121
 1005786
  908908
  807829
  710150
  624309
  550164
  495192
  457492
  437447
  433816
  438746
  448585
  454978
  458116
  454673
  443807
  424118
  397360
  366006
  329358
  295260
  263788
  235461
  212361
  195421
  184342
  178962
  177200
  179924
  184874
  189854
  194534
  200595
  203394
  204191
  202391
  199769
  194424
  187772
  179296
  170589
  160880
  150977
  142279
  133466
  127031
  121149
  116698
  113330
  111501
  110528
  110978
  112466
  115046
  116656
  120849
  125091
  130078
  136574
  143582
  149974
  157045
  165050
  171512
  176286
  178893
  180674
  180393
  177974
  174203
  169617
  162979
  157166
  152216
  146797
  142590
  139292
  136550
  135490
  135521
  135153
  135991
  138636
  139840
  141247
  143333
  143525
  144510
  145892
  145269
  144076
  141518
  140089
  137802
  135172
  133133
  130970
  129020
  128380
  126868
  125088
  123874
  121999
  120755
  119479
  118434
  116182
  115495
  114986
  113901
  113506
  113014
  113623
  113989
  113283
  113570
  113811
  113579
  114202
  114446
  114715
  114271
  114521
  114060
  112670
  111549
  110124
  109381
  107729
  107096
  106282
  105976
  105197
  105367
  106205
  108007
  109971
  115072
  120927
  129208
  139242
  153376
  170185
  190375
  212114
  239686
  268679
  297730
  325396
  352810
  375265
  392636
  402130
  405176
  399544
  384348
  363664
  337582
  305872
  273328
  240309
  208329
  177850
  152008
  129263
  110837
   96603
   84541
   76730
   70706
   66228
   64145
   61906
   59863
   59238
   58617
   58272
   58036
   56688
   56771
   55669
   55373
   55081
   54618
   54462
   54052
   53685
   53928
   54534
   53878
   54143
   54304
   54905
   54571
   54786
   54757
   54581
   54690
   54249
   54194
   54480
   53919
   53297
   53182
   52734
   52715
   52443
   51811
   51809
   50859
   51101
   50587
   50039
   50267
   50507
   49947
   50192
   50229
   50216
   50661
   50639
   50316
   50630
   50407
   50430
   50695
   50745
   50972
   50784
   51372
   52007
   52069
   52837
   53523
   54183
   54927
   55429
   55686
   56407
   56050
   56343
   55793
   55224
   54296
   53134
   52083
   50636
   49082
   47651
   47048
   45531
   44292
   43181
   42488
   41650
   40943
   39993
   39550
   38880
   38679
   38367
   37880
   37833
   37719
   37218
   37194
   37079
   37571
   37073
   37052
   37496
   37281
   36851
   37495
   37348
   37520
   37315
   37391
   37373
   37631
   37849
   37475
   37368
   38019
   38066
   37742
   37660
   37798
   38203
   37901
   37984
   37848
   38227
   38331
   39255
   39211
   39812
   39947
   40882
   41458
   41915
   42876
   43273
   44008
   44642
   45259
   45218
   45196
   45615
   45600
   45728
   45498
   45526
   45024
   45563
   45616
   45790
   46700
   47406
   48158
   49553
   51274
   52659
   54767
   57793
   60394
   63884
   66706
   71401
   74671
   78774
   82749
   86365
   90695
   94087
   96395
   98919
   99630
  100727
  100623
   98787
   97306
   95081
   91602
   87603
   83954
   80015
   76116
   72424
   68310
   64705
   60931
   57379
   54760
   51499
   48487
   45553
   42996
   41185
   38553
   36628
   34694
   32542
   30818
   29189
   27569
   26397
   25527
   24322
   24063
   23478
   23454
   23663
   23960
   24485
   25547
   27136
   28332
   30765
   32812
   35109
   38176
   40803
   43897
   47280
   51491
   55620
   59027
   63112
   66662
   70951
   74932
   78631
   81567
   83765
   86920
   88121
   89977
   90221
   89979
   89097
   88597
   86026
   82761
   80659
   77073
   73318
   70044
   66128
   61519
   58190
   54658
   51535
   48191
   45451
   43063
   40557
   38991
   37619
   35720
   34779
   33886
   33101
   32176
   31516
   30742
   29873
   28555
   27599
   27291
   26374
   25484
   24544
   23973
   23105
   22758
   22627
   22774
   22991
   23663
   24354
   25758
   26952
   28846
   30763
   33196
   35533
   38160
   40364
   42728
   45417
   47783
   49435
   50828
   51489
   52718
   52350
   51867
   50823
   50032
   48288
   46710
   44385
   42145
   39819
   37042
   34824
   31993
   29552
   27393
   24913
   23111
   20799
   19354
   17777
   16324
   15141
   13927
   13221
   12173
   11295
   10727
   10372
    9839
    9438
    8924
    8826
    8429
    8264
    8015
    8145
    7790
    7969
    8065
    8341
    8405
    8530
    8636
    8812
    9155
    9441
    9714
   10016
   10438
   10565
   10794
   11203
   11450
   11556
   11540
   11771
   11957
   11578
   11690
   11767
   11501
   11279
   11033
   10703
   10299
   10107
    9859
    9482
    9138
    8766
    8347
    8069
    7806
    7719
    7353
    6953
    6909
    6648
    6463
    6460
    6160
    6147
    6094
    5936
    5912
    5889
    5721
    5624
    5658
    5512
    5575
    5462
    5452
    5363
    5470
    5280
    5257
    5355
    5234
    5158
    5162
    5004
    5003
    5072
    5101
    5008
    4715
    4891
    4897
    4721
    4792
    4670
    4653
    4648
    4792
    4563
    4638
    4551
    4567
    4733
    4552
    4435
    4544
    4362
    4528
    4556
    4496
    4461
    4446
    4438
    4472
    4494
    4544
    4548
    4532
    4661
    4577
    4547
    4683
    4666
    4545
    4640
    4752
    4608
    4603
    4635
    4720
    4567
    4668
    4602
    4417
    4513
    4473
    4260
    4349
    4261
    4188
    4304
    4157
    4036
    4002
    3957
    4076
    3911
    3766
    3805
    3836
    3648
    3784
    3759
    3732
    3584
    3636
    3563
    3534
    3530
    3495
    3536
    3336
    3446
    3260
    3360
    3242
    3357
    3302
    3199
    3395
    3286
    3220
    3091
    3175
    3014
    3215
    3067
    3074
    3095
    2987
    2993
    2968
    2990
    2995
    2915
    2996
    3002
    3007
    2934
    2902
    2866
    2961
    2890
    2772
    2797
    2882
    2740
    2841
    2774
    2854
    2867
    2857
    2727
    2911
    2877
    2707
    2870
    2843
    2878
    2892
    2878
    2886
    2825
    2873
    2876
    2944
    2981
    3036
    2948
    3096
    3052
    3067
    3157
    3194
    3159
    3107
    3227
    3324
    3239
    3324
    3280
    3394
    3318
    3415
    3379
    3467
    3440
    3416
    3303
    3270
    3185
    3250
    3264
    3248
    3144
    2980
    2931
    2958
    2969
    2902
    2869
    2848
    2830
    2906
    2647
    2739
    2725
    2796
    2674
    2746
    2675
    2806
    2793
    2688
    2737
    2823
    2907
    2967
    2945
    2982
    3056
    3105
    3149
    3133
    3367
    3398
    3388
    3510
    3517
    3682
    3722
    3686
    3780
    3752
    3833
    4019
    3898
    4023
    3808
    3677
    3873
    3689
    3769
    3643
    3530
    3512
    3397
    3354
    3232
    3181
    3060
    3084
    2975
    2958
    2907
    2728
    2804
    2840
    2872
    2965
    2862
    2857
    2913
    3010
    3044
    3079
    3202
    3361
    3439
    3454
    3598
    3960
    3899
    4090
    4354
    4413
    4689
    4964
    5177
    5434
    5771
    6125
    6278
    6757
    7146
    7585
    7934
    8385
    8936
    9199
    9666
    9960
   10478
   10636
   10851
   11244
   11579
   11589
   11765
   11927
   11683
   11747
   11625
   11602
   11350
   10922
   10815
   10372
    9761
    9238
    8907
    8370
    7955
    7403
    6853
    6511
    6049
    5539
    5136
    4776
    4425
    3960
    3594
    3361
    3260
    3094
    2888
    2768
    2718
    2577
    2547
    2503
    2416
    2409
    2378
    2347
    2408
    2405
    2376
    2362
    2339
    2303
    2282
    2268
    2375
    2356
    2248
    2188
    2199
    2212
    2233
    2072
    2118
    2067
    2088
    2124
    2042
    2021
    2150
    1997
    2036
    2148
    2097
    2241
    2304
    2410
    2417
    2573
    2736
    2880
    2935
    3191
    3262
    3348
    3683
    3891
    4045
    4225
    4589
    4745
    4923
    5187
    5310
    5306
    5610
    5566
    5807
    5787
    5890
    5840
    5895
    6037
    5930
    5571
    5420
    5349
    5205
    5185
    4907
    4641
    4528
    4247
    3954
    3921
    3485
    3523
    3242
    3090
    2898
    2679
    2459
    2323
    2263
    2172
    2027
    1899
    1808
    1741
    1669
    1727
    1582
    1558
    1587
    1471
    1502
    1498
    1489
    1452
    1445
    1411
    1501
    1469
    1438
    1497
    1537
    1632
    1539
    1591
    1674
    1700
    1654
    1799
    1774
    1850
    1964
    1911
    1894
    1959
    1953
    2032
    2013
    2058
    2062
    2088
    2112
    2145
    2058
    2023
    2055
    2012
    1986
    1917
    1947
    1910
    1778
    1818
    1738
    1798
    1678
    1609
    1573
    1464
    1435
    1465
    1389
    1362
    1242
    1315
    1251
    1255
    1169
    1173
    1133
    1150
    1137
    1155
    1066
    1063
    1074
    1101
    1055
    1012
    1017
    1030
     996
    1012
     969
     941
     940
    1034
     928
    1004
     978
    1010
     933
     923
     939
     931
     892
     933
     906
     923
     920
     882
     898
     943
     862
     840
     855
     870
     897
     928
     874
     894
     864
     879
     869
     826
     824
     826
     820
     869
     821
     837
     830
     851
     818
     825
     785
     827
     800
     776
     819
     756
     829
     784
     747
     839
     817
     833
     786
     821
     791
     763
     817
     796
     850
     780
     770
     810
     839
     705
     795
     779
     772
     753
     768
     721
     761
     775
     774
     748
     770
     747
     784
     799
     777
     781
     801
     856
     777
     745
     798
     785
     777
     748
     746
     785
     728
     793
     794
     783
     818
     770
     789
     794
     754
     779
     779
     806
     775
     761
     782
     763
     801
     742
     729
     721
     755
     765
     730
     752
     750
     764
     732
     770
     698
     731
     763
     692
     715
     694
     780
     730
     692
     694
     782
     726
     730
     709
     667
     646
     701
     773
     736
     741
     679
     709
     679
     722
     678
     614
     656
     655
     643
     639
     636
     612
     634
     655
     628
     639
     647
     625
     615
     645
     602
     621
     606
     651
     594
     609
     592
     612
     612
     631
     654
     619
     637
     646
     647
     631
     643
     600
     595
     616
     661
     649
     634
     642
     622
     645
     675
     619
     617
     600
     589
     651
     616
     594
     617
     625
     681
     582
     616
     582
     652
     609
     619
     614
     649
     583
     615
     624
     626
     592
     541
     584
     609
     599
     636
     581
     575
     559
     568
     536
     588
     531
     571
     598
     562
     593
     565
     584
     569
     597
     579
     572
     585
     482
     545
     552
     587
     522
     557
     544
     563
     532
     511
     513
     563
     524
     530
     514
     537
     549
     522
     531
     492
     501
     528
     512
     527
     562
     509
     493
     528
     518
     494
     499
     566
     590
     536
     521
     516
     513
     545
     538
     608
     559
     587
     578
     589
     626
     660
     635
     687
     717
     704
     761
     781
     821
     819
     886
     932
     960
     983
     986
     996
    1094
    1050
    1063
    1103
    1191
    1194
    1201
    1273
    1181
    1215
    1300
    1183
    1224
    1287
    1256
    1204
    1280
    1229
    1164
    1162
    1162
    1100
    1086
    1031
     970
     947
     938
     924
     818
     907
     771
     741
     725
     657
     696
     632
     594
     548
     580
     530
     516
     474
     470
     426
     455
     439
     410
     404
     403
     432
     374
     362
     358
     355
     366
     331
     379
     319
     347
     338
     343
     360
     375
     346
     312
     340
     321
     345
     346
     349
     332
     322
     314
     323
     330
     304
     350
     326
     326
     332
     322
     351
     299
     340
     318
     348
     312
     281
     305
     299
     300
     314
     301
     303
     313
     310
     351
     327
     326
     331
     343
     301
     334
     316
     332
     332
     319
     317
     302
     313
     293
     313
     329
     311
     301
     349
     336
     332
     318
     314
     313
     295
     307
     310
     323
     335
     304
     332
     319
     330
     332
     301
     301
     315
     308
     342
     312
     361
     332
     334
     324
     331
     322
     325
     360
     348
     316
     298
     307
     339
     328
     337
     297
     306
     333
     328
     323
     314
     347
     326
     314
     341
     335
     338
     336
     338
     329
     325
     325
     297
     308
     322
     308
     330
     338
     349
     323
     336
     347
     342
     355
     317
     374
     340
     318
     337
     358
     338
     324
     349
     334
     329
     340
     356
     351
     363
     334
     337
     331
     355
     346
     340
     312
     331
     340
     306
     305
     354
     354
     323
     329
     342
     324
     334
     326
     303
     331
     290
     354
     324
     326
     331
     351
     304
     327
     312
     320
     310
     312
     316
     331
     345
     339
     292
     336
     322
     347
     344
     318
     324
     331
     321
     327
     334
     332
     322
     299
     312
     307
     330
     320
     326
     327
     347
     340
     331
     330
     323
     359
     312
     340
     352
     335
     286
     321
     341
     315
     320
     311
     334
     302
     302
     353
     333
     372
     325
     364
     332
     299
     291
     368
     343
     309
     307
     350
     327
     313
     336
     322
     341
     355
     345
     331
     329
     337
     328
     323
     330
     320
     348
     326
     357
     304
     305
     325
     332
     357
     329
     309
     308
     358
     319
     341
     286
     321
     329
     322
     330
     331
     323
     307
     339
     319
     316
     299
     317
     289
     293
     317
     291
     305
     312
     329
     316
     299
     324
     273
     311
     313
     336
     294
     298
     284
     278
     294
     276
     308
     292
     251
     313
     291
     278
     308
     261
     293
     291
     293
     325
     271
     266
     269
     282
     256
     267
     246
     267
     291
     262
     241
     276
     280
     249
     273
     225
     225
     248
     239
     205
     231
     250
     189
     234
     240
     230
     208
     199
     203
     224
     230
     216
     208
     219
     219
     199
     207
     216
     187
     185
     172
     191
     205
     164
     182
     171
     186
     176
     181
     190
     202
     184
     199
     175
     194
     155
     161
     160
     159
     167
     158
     196
     187
     169
     180
     182
     169
     173
     152
     185
     176
     183
     160
     173
     160
     159
     161
     161
     141
     168
     155
     165
     197
     178
     162
     163
     147
     141
     147
     133
     119
     151
     126
     144
     135
     143
     136
     149
     167
     186
     128
     135
     147
     131
     155
     143
     161
     132
     133
     143
     135
     141
     133
     141
     132
     141
     130
     132
     132
     140
     152
     116
     115
     149
     111
     131
     117
     135
     120
     101
     124
     114
     122
     149
     133
     117
     113
     127
     130
     105
     116
     119
     114
      99
     113
     132
     113
     123
     108
     116
     125
      90
     118
     127
      94
     105
      95
     103
      96
     118
     117
     100
     111
     110
     112
     102
     117
     110
     100
      94
     105
     108
      93
     106
     114
      95
      98
      85
     110
      96
     121
      93
      95
     108
     102
      99
     100
     113
     100
      97
      98
      94
      94
      86
      95
     104
     102
      93
      99
      98
     102
      99
      96
      75
      82
     116
      94
     105
     111
     118
     107
     104
     104
     107
     108
     129
     107
     103
     111
      85
      98
     106
     110
     105
     100
      98
      93
     102
     111
     105
      88
     106
      96
     100
      93
     127
     125
     106
      88
     104
     113
     104
     103
      99
     113
      97
     115
     103
     101
     113
     117
     113
     111
     119
     135
     133
     132
     115
     133
     135
     149
     157
     166
     170
     175
     192
     186
     208
     224
     199
     208
     231
     236
     230
     245
     262
     284
     281
     281
     293
     290
     321
     361
     381
     342
     377
     375
     355
     416
     423
     399
     446
     443
     455
     417
     451
     484
     481
     512
     536
     511
     521
     520
     531
     562
     552
     539
     549
     502
     567
     539
     603
     552
     617
     585
     621
     589
     585
     685
     675
     630
     635
     638
     648
     640
     665
     685
     692
     691
     714
     754
     727
     779
     736
     782
     757
     787
     749
     793
     774
     786
     778
     798
     786
     823
     796
     794
     710
     820
     763
     712
     710
     753
     696
     689
     678
     594
     622
     637
     562
     584
     503
     534
     459
     465
     436
     449
     352
     382
     369
     329
     341
     328
     264
     251
     250
     231
     200
     221
     197
     180
     188
     152
     129
     122
     142
     130
     132
     111
     100
     107
     105
     110
     102
      83
      90
      87
      82
      80
      86
      80
      71
      85
      61
      63
      78
      72
      72
      79
      92
      96
      69
      83
      67
      64
      77
      86
      70
      69
      75
      64
      70
      54
      56
      75
      58
      49
      65
      60
      66
      55
      65
      58
      56
      50
      62
      78
      68
      58
      62
      71
      62
      68
      48
      58
      48
      61
      63
      58
      60
      61
      76
      77
      49
      61
      59
      65
      75
      64
      52
      55
      56
      64
      58
      67
      56
      60
      69
      75
      77
      57
      65
      74
      75
      69
      76
      66
      77
      65
      86
      60
      72
      80
      67
      79
      73
      77
      65
      76
      90
      82
      74
      78
      72
      75
      96
      92
     103
      85
     106
     106
     107
      92
      80
     105
     112
     120
     116
     122
      96
     101
     112
     127
     101
     108
     106
     131
     109
     125
     101
     118
     125
     133
     108
     123
     117
     118
      90
      96
     104
     110
     108
     106
     112
     107
      93
     110
     101
     111
      86
     105
      89
      92
     108
      97
      97
      99
      85
      69
      84
      90
      69
      77
      79
      78
      75
      69
      60
      85
      78
      68
      61
      80
      64
      70
      65
      62
      64
      62
      59
      70
      67
      63
      61
      67
      69
      53
      48
      59
      58
      75
      57
      51
      63
      57
      52
      57
      56
      57
      63
      52
      52
      52
      55
      65
      48
      53
      50
      62
      42
      61
      49
      51
      56
      58
      63
      49
      56
      49
      58
      58
      54
      45
      50
      50
      46
      46
      50
      56
      42
      65
      55
      60
      43
      36
      45
      54
      53
      58
      55
      55
      45
      50
      45
      55
      58
      43
      65
      51
      54
      47
      45
      53
      60
      59
      55
      63
      52
      44
      47
      44
      57
      53
      46
      57
      53
      55
      71
      45
      58
      48
      44
      56
      46
      61
      53
      41
      48
      58
      53
      54
      50
      54
      54
      60
      49
      56
      64
      45
      71
      45
      51
      62
      54
      57
      45
      52
      57
      64
      42
      53
      53
      60
      57
      59
      40
      53
      58
      66
      57
      72
      54
      62
      42
      48
      40
      53
      62
      73
      56
      71
      72
      58
      69
      59
      71
      71
      83
      63
      70
      67
      71
      70
      61
      64
      73
      79
      60
      76
      71
      82
      74
      61
      73
      76
      74
      94
      69
      91
      71
      75
      84
      97
      90
      72
      78
      85
      60
      77
      66
      90
      81
      68
      82
      87
      77
      81
      61
      75
      67
      90
      76
      77
      86
      84
      65
      80
      84
      80
      93
      90
      69
      74
     106
      74
      79
      77
      78
      68
      67
      85
      83
      82
      77
      86
      69
      75
      76
      78
      79
      66
      78
      69
      67
      67
      82
      62
      67
      72
      85
      63
      78
      72
      67
      89
      67
      82
      81
      76
      79
      70
      73
      78
      70
      75
      70
      65
      76
      80
      82
      76
      63
      76
      68
      77
      68
      98
      77
      74
     101
      78
      69
      61
      67
      65
      86
      85
      67
      79
      67
      70
      70
      89
      71
      82
      83
      81
      81
      96
      90
      86
      86
      87
      69
      77
      70
     100
      79
     106
      75
      90
      73
      87
      99
      96
      96
      98
      88
      86
      81
     110
      97
      93
      76
      76
      94
      82
      84
      85
      81
     103
      76
      96
      86
      92
     113
      96
      87
      93
      70
     102
      92
      80
      95
      88
      82
     112
     103
      97
      91
      90
     105
      93
      89
      94
      95
     108
     114
      91
     113
      85
      98
      88
      95
     117
     107
      94
     111
     123
     106
     119
     113
      96
     106
     109
     123
     111
     103
     104
     109
     112
     128
     113
     100
      96
     116
     121
     104
     120
     120
     113
     117
     119
     134
     111
     109
     120
     123
     136
     143
     133
     128
     126
     134
     133
     124
     145
     136
     113
     131
     128
     131
     109
     105
     122
     119
     115
     118
     113
     135
     136
     128
     132
     128
     129
     133
     141
     138
     127
     128
     127
     125
     138
     125
     138
     128
     150
     136
     163
     133
     122
     134
     137
     160
     129
     163
     130
     138
     137
     148
     126
     137
     143
     155
     126
     160
     140
     130
     121
     159
     132
     149
     157
     145
     146
     130
     143
     147
     153
     127
     137
     154
     141
     124
     125
     133
     133
     130
     159
     137
     150
     121
     166
     150
     147
     141
     138
     134
     132
     132
     145
     135
     133
     168
     134
     144
     130
     151
     190
     158
     175
     135
     155
     140
     154
     164
     146
     155
     134
     147
     150
     143
     155
     150
     149
     161
     166
     158
     168
     147
     160
     165
     159
     167
     175
     149
     161
     174
     164
     147
     182
     175
     184
     198
     168
     191
     157
     162
     160
     180
     168
     164
     190
     175
     196
     168
     186
     204
     189
     207
     209
     209
     204
     169
     184
     196
     194
     201
     210
     229
     212
     205
     212
     202
     219
     222
     228
     235
     237
     217
     224
     239
     248
     249
     233
     226
     262
     218
     214
     220
     198
     241
     245
     255
     235
     235
     252
     234
     256
     243
     254
     238
     264
     216
     249
     249
     254
     242
     236
     235
     255
     215
     234
     238
     253
     235
     215
     224
     253
     228
     222
     230
     222
     253
     246
     238
     192
     238
     220
     217
     236
     190
     199
     216
     198
     199
     206
     200
     194
     173
     193
     176
     183
     207
     206
     196
     162
     162
     198
     163
     158
     185
     186
     163
     181
     156
     158
     153
     147
     153
     179
     128
     174
     155
     144
     139
     149
     167
     153
     167
     145
     142
     153
     150
     163
     127
     132
     143
     126
     161
     138
     148
     161
     153
     137
     132
     132
     136
     140
     145
     147
     150
     133
     136
     139
     135
     117
     141
     158
     143
     143
     144
     136
     148
     152
     154
     156
     154
     156
     154
     157
     136
     158
     142
     182
     143
     175
     154
     151
     146
     173
     160
     172
     148
     143
     163
     183
     166
     145
     169
     171
     141
     174
     166
     162
     136
     161
     159
     150
     168
     172
     137
     143
     134
     155
     144
     154
     157
     149
     148
     131
     134
     142
     154
     143
     162
     153
     133
     142
     119
     123
     121
     117
     136
     128
     138
     117
     146
     124
     121
     137
     129
     125
     111
     138
     135
     120
     129
     138
     129
     132
     111
     144
     138
     136
     116
     142
     130
     136
     137
     130
     125
     149
     126
     133
     136
     148
     140
     151
     148
     152
     143
     131
     139
     143
     122
     165
     143
     141
     140
     147
     125
     154
     141
     149
     136
     156
     161
     170
     175
     138
     175
     158
     140
     140
     164
     143
     178
     177
     177
     153
     159
     153
     160
     159
     156
     163
     145
     142
     140
     148
     142
     166
     189
     149
     158
     141
     154
     146
     173
     170
     172
     148
     146
     178
     191
     160
     156
     169
     171
     151
     169
     169
     176
     149
     185
     181
     166
     138
     179
     189
     154
     177
     166
     172
     156
     163
     190
     181
     173
     156
     161
     153
     173
     170
     174
     188
     179
     165
     164
     188
     170
     167
     170
     167
     161
     177
     181
     178
     177
     186
     182
     174
     155
     202
     161
     184
     148
     177
     166
     193
     172
     179
     201
     173
     198
     175
     179
     208
     183
     194
     192
     195
     194
     208
     193
     200
     204
     185
     218
     203
     224
     189
     225
     220
     188
     219
     203
     247
     230
     220
     233
     231
     232
     238
     240
     205
     239
     230
     216
     231
     233
     207
     239
     237
     239
     211
     229
     226
     230
     241
     238
     224
     246
     220
     216
     245
     232
     245
     232
     236
     204
     222
     235
     213
     238
     226
     222
     222
     205
     213
     242
     207
     185
     234
     193
     222
     214
     203
     197
     206
     187
     219
     202
     174
     215
     172
     178
     189
     174
     175
     182
     162
     169
     185
     198
     177
     154
     186
     152
     152
     164
     139
     172
     164
     162
     168
     148
     162
     147
     175
     155
     138
     160
     151
     151
     181
     134
     134
     175
     155
     142
     159
     162
     145
     163
     165
     146
     157
     154
     154
     150
     170
     174
     158
     145
     153
     165
     153
     169
     184
     171
     173
     157
     161
     169
     173
     195
     160
     183
     168
     173
     187
     198
     182
     152
     176
     155
     164
     176
     179
     181
     189
     172
     168
     189
     181
     199
     193
     208
     175
     172
     184
     184
     191
     165
     184
     161
     159
     174
     173
     173
     170
     157
     184
     163
     189
     160
     151
     179
     163
     141
     167
     160
     181
     135
     156
     146
     137
     150
     153
     139
     142
     135
     127
     171
     142
     147
     130
     102
     117
     117
     124
     136
     114
     113
     106
     117
     103
      98
     114
      98
      94
      94
      87
     108
     102
      89
     100
      97
      92
      81
      80
      80
      89
      70
      90
      79
      66
      82
      74
      74
      74
      66
      78
      67
      79
      56
      65
      65
      68
      64
      68
      75
      66
      70
      62
      65
      57
      63
      69
      72
      60
      45
      71
      59
      69
      56
      50
      70
      64
      64
      67
      60
      54
      70
      74
      55
      67
      81
      53
      50
      59
      67
      60
      60
      68
      60
      62
      47
      75
      61
      50
      77
      79
      53
      58
      64
      55
      49
      83
      69
      67
      82
      49
      51
      38
      73
      59
      69
      71
      69
      47
      55
      70
      72
      68
      75
      83
      78
      57
      87
      68
      61
      68
      70
      66
      71
      64
      76
      59
      85
      81
      67
      71
      70
      80
      72
      60
      79
      74
      82
      68
      74
      67
      72
      78
      86
      60
      67
      66
      59
      59
      60
      85
      66
      73
      69
      59
      75
      69
      72
      63
      84
      64
      64
      67
      75
      72
      78
      91
      85
      77
      70
      84
      53
      77
      87
      73
      63
      66
      80
      80
      71
      81
      79
      73
      73
      64
      75
      72
      62
      76
      77
      63
      70
      95
      66
      51
      86
      86
      87
      75
      68
      66
      76
      60
      88
      72
      71
      83
      91
      70
      77
      80
      76
      85
      92
      62
      59
      69
      77
      62
      76
      79
      77
      78
      72
      88
      88
      75
      71
      67
      80
      95
      70
      80
      90
      77
      72
      65
      98
      89
      69
      69
      87
      72
      94
      86
      98
     102
     107
      89
     102
      69
      96
      88
     103
      97
     102
      95
      94
     103
     117
     107
     135
     105
     126
     127
     122
     138
     123
     141
     123
     136
     131
     127
     144
     154
     166
     136
     157
     188
     178
     144
     167
     153
     169
     186
     159
     183
     181
     162
     206
     192
     173
     206
     177
     201
     207
     214
     215
     184
     209
     189
     191
     207
     207
     224
     231
     252
     214
     217
     232
     245
     240
     208
     222
     244
     203
     208
     191
     209
     213
     215
     201
     231
     204
     198
     210
     219
     195
     190
     218
     214
     233
     179
     189
     177
     204
     172
     180
     188
     188
     195
     183
     189
     179
     171
     169
     152
     148
     177
     180
     168
     161
     156
     162
     161
     147
     155
     153
     159
     143
     150
     134
     148
     143
     150
     109
     122
     130
     130
     122
     123
     127
     123
     124
     102
      96
      89
     113
     101
     113
     108
      89
     105
      85
      82
      71
      77
      87
      69
      76
      67
      70
      74
      67
      58
      65
      69
      64
      52
      47
      59
      53
      47
      60
      42
      33
      43
      41
      31
      36
      42
      39
      34
      30
      28
      33
      31
      36
      23
      20
      21
      29
      24
      28
      17
      18
      21
      20
      10
      13
      15
      17
      17
      10
      14
      17
      13
      11
       9
       9
      16
      12
       8
      11
      11
       7
       7
      11
       4
       5
      10
      10
       7
       5
       8
       6
       9
       6
       8
       7
       3
       7
       7
       7
       6
       8
       4
       6
       4
       6
       2
       3
       2
       5
       5
       3
       8
       2
       6
       4
       8
       5
       5
       1
       6
       6
       7
       5
       5
       5
       9
       5
       2
       4
       5
       5
       0
       5
       6
       5
       4
       3
       4
       3
       5
       9
       2
       4
       4
       4
       5
       2
       5
       4
       4
       6
       6
       6
       3
       5
       5
       4
       6
       5
       6
       4
       8
       8
       4
       3
       3
       4
       7
       5
       3
       7
       2
       5
       4
       3
       2
       5
       4
       6
       2
       4
       4
       1
       2
       4
       4
       6
       7
       6
       5
       1
       5
       4
       2
       4
       4
       2
       3
       2
       4
       3
       2
       6
       7
       3
       4
       5
       5
       4
       1
       2
       0
       2
       7
       3
       6
       2
       3
       4
       3
       1
       1
       3
       4
       5
       3
       3
       3
       4
       5
       2
       4
       4
       0
       8
       5
       7
       0
       6
       3
       5
       2
       3
       2
       3
       3
       2
       5
       2
       3
       5
       4
       1
       3
       2
       5
       5
       1
       8
       1
$ENER_FIT:
0.000000 0.680000
$PRESETS:
Live Time (sec)
50000
0
$RT:
50319.560000
$DT:
319559
$ISO_DECL_U:
SMPLNAM: IDB-1575
SEPDATE: 01/01/1900 00:00:00
U234: Unknown 
DU234: Unknown
U235: 0.71 
DU235: Unknown
U236: Unknown 
DU236: Unknown
U238: 99.29 
DU238: Unknown
$ISO_DECL_PU:
SMPLNAM: IDB-1575
SEPDATE: 01/01/1900 00:00:00
PU238: 0.241 
DPU238: Unknown
PU239: 70.943 
DPU239: Unknown
PU240: 26.852 
DPU240: Unknown
PU241: 1.099 
DPU241: Unknown
PU242: 0.865 
DPU242: Unknown
AM241: 2.019 
DAM241: Unknown
DATE: 01/01/1900 00:00:00
PU240EFF: 28.9125
DPU240EFF: Unknown
$ADC:
4096
0
4095