$APPLICATION_ID:
IDB v.1.0
$SPEC_REM:
Material type: MOX
Material form: powder
Material compound: PuO2+UO2
U isotopics:
234U 0.0409
235U 1.6109
236U 0.1058
238U 98.2425
Pu isotopics:
238Pu 0.1021
239Pu 76.5784
240Pu 22.0361
241Pu 0.5446
242Pu 0.7389
241Am 0.8119
Detector: LaBr3 (Geometry: Cylindrical, Size: 2 in (diam) x 0.5 in (len))
MCA: InSpector-2000
$DATE_MEA:
04/11/2016 09:57:37
$MEAS_TIM:
1000 1012
$DATA:
0 4095
       0
       0
       0
       0
    2890
    4814
    5442
    4838
    4043
    3791
    3816
    4071
    4257
    4746
    5222
    5509
    5506
    5410
    5509
    5748
    5772
    5666
    5646
    5784
    6272
    7012
    8257
   10610
   13711
   17234
   19727
   19560
   18262
   16931
   15931
   14917
   13151
   10038
    6886
    4466
    3104
    2515
    2377
    2507
    2688
    3083
    3706
    4208
    4974
    5515
    6176
    6670
    7361
    7798
    7999
    8687
    9208
   10268
   11406
   12644
   14424
   16024
   17756
   19755
   21693
   23591
   25527
   27659
   29170
   31120
   33934
   36971
   40998
   44207
   47895
   51907
   56608
   63362
   71633
   81769
   92060
  100381
  105694
  105345
   98048
   85293
   68332
   50867
   34085
   21888
   13864
    8493
    5878
    4484
    3762
    3784
    4011
    4065
    4238
    4489
    4643
    5018
    5289
    5448
    5650
    5597
    5902
    5761
    5732
    5614
    5525
    5685
    5789
    5825
    6267
    6388
    6772
    7064
    7418
    7877
    8263
    8457
    9102
    9418
    9949
   10419
   10664
   11520
   11956
   13133
   14616
   16074
   18246
   20768
   24047
   27144
   31183
   35267
   39180
   43153
   46229
   48349
   49987
   50027
   49087
   47488
   44541
   41512
   37022
   32457
   27550
   23375
   19302
   16374
   13999
   12304
   11521
   11188
   11457
   11349
   11325
   11342
   11300
   11010
   10345
    9841
    9007
    8183
    7551
    6936
    6360
    6210
    5859
    6026
    6007
    6231
    6525
    6744
    6873
    7052
    7015
    6833
    6534
    6260
    6088
    5558
    5195
    4723
    4202
    3690
    3261
    2938
    2794
    2529
    2276
    2160
    2170
    2155
    2123
    2166
    2196
    2368
    2464
    2676
    2781
    3011
    3144
    3399
    3589
    3835
    3832
    3854
    4002
    3920
    3803
    3763
    3508
    3340
    3194
    2925
    2943
    2739
    2660
    2636
    2571
    2626
    2615
    2642
    2714
    2683
    2787
    2824
    2900
    2863
    2830
    2922
    2927
    2889
    2855
    2762
    2620
    2610
    2615
    2520
    2500
    2416
    2337
    2316
    2266
    2276
    2282
    2132
    2059
    1979
    1921
    1979
    1886
    1754
    1855
    1797
    1875
    1838
    1808
    1786
    1832
    1826
    1720
    1868
    1816
    1893
    1816
    1809
    1780
    1766
    1762
    1770
    1782
    1791
    1730
    1803
    1809
    1852
    1979
    2052
    2150
    2369
    2608
    2935
    3254
    3810
    4323
    4900
    5463
    6264
    6639
    7247
    7473
    7915
    8127
    8261
    7955
    7789
    7347
    6621
    5886
    5261
    4504
    3997
    3302
    2770
    2332
    1923
    1623
    1413
    1237
    1167
    1106
    1090
    1020
    1052
     965
     947
    1064
     981
     976
     917
     899
     929
     891
     828
     849
     863
     868
     819
     839
     890
     841
     860
     867
     849
     881
     819
     851
     880
     835
     869
     890
     847
     802
     805
     789
     820
     872
     776
     820
     806
     825
     761
     742
     770
     766
     756
     756
     809
     776
     768
     776
     817
     723
     747
     751
     783
     844
     804
     734
     771
     813
     772
     811
     792
     793
     806
     783
     805
     890
     830
     834
     826
     826
     759
     740
     732
     691
     676
     695
     718
     636
     586
     557
     573
     544
     564
     527
     565
     540
     534
     460
     520
     516
     494
     533
     542
     528
     515
     476
     504
     502
     545
     542
     526
     544
     562
     549
     580
     581
     547
     571
     564
     600
     579
     603
     572
     584
     688
     602
     643
     641
     675
     682
     669
     713
     768
     784
     831
     857
     903
     959
     925
     989
     994
    1014
    1067
    1067
    1015
     996
     981
     924
     883
     877
     909
     934
     926
     910
     884
     889
     910
     924
     910
     972
    1017
    1155
    1197
    1247
    1331
    1377
    1381
    1576
    1699
    1643
    1800
    1867
    1861
    1910
    2003
    1792
    1808
    1855
    1731
    1713
    1598
    1537
    1488
    1412
    1335
    1219
    1165
    1064
     982
     944
     837
     763
     742
     665
     628
     594
     549
     464
     473
     426
     428
     373
     337
     320
     342
     316
     327
     340
     334
     356
     361
     374
     448
     446
     531
     531
     685
     648
     739
     786
     857
    1021
    1084
    1113
    1198
    1272
    1375
    1392
    1467
    1528
    1569
    1606
    1583
    1609
    1639
    1462
    1555
    1536
    1446
    1396
    1375
    1286
    1241
    1082
     987
     938
     904
     860
     769
     739
     680
     634
     599
     569
     555
     541
     528
     492
     482
     445
     474
     446
     431
     385
     383
     395
     372
     366
     359
     328
     331
     329
     334
     334
     316
     386
     397
     409
     414
     460
     518
     540
     606
     679
     695
     720
     757
     789
     820
     894
     858
     887
     837
     810
     807
     746
     733
     699
     614
     584
     536
     468
     450
     415
     390
     371
     327
     321
     260
     253
     204
     226
     178
     173
     152
     167
     143
     167
     122
     132
     106
     119
     102
     106
     108
      97
     103
     108
     113
     123
     110
     122
     111
     107
     145
     136
     127
     142
     132
     142
     141
     134
     140
     135
     151
     172
     143
     166
     164
     152
     168
     166
     145
     138
     134
     121
     109
     130
     103
     108
     107
      91
      96
      90
      80
      90
      70
      90
      80
      88
      79
      83
      83
      63
      62
      70
      75
      68
      82
      70
      63
      59
      56
      62
      69
      62
      71
      59
      67
      65
      58
      67
      72
      52
      59
      56
      69
      55
      49
      52
      55
      38
      54
      70
      60
      54
      51
      59
      55
      61
      61
      56
      36
      41
      46
      56
      58
      48
      37
      42
      58
      52
      47
      45
      48
      41
      57
      45
      64
      54
      48
      54
      52
      48
      58
      49
      59
      49
      52
      41
      36
      43
      48
      38
      46
      31
      40
      53
      42
      34
      49
      44
      50
      40
      30
      42
      44
      57
      44
      48
      30
      31
      48
      29
      38
      36
      25
      37
      52
      28
      36
      41
      41
      33
      33
      32
      37
      28
      29
      35
      47
      32
      24
      32
      41
      35
      29
      18
      31
      33
      31
      24
      26
      23
      27
      21
      32
      36
      27
      31
      20
      19
      23
      27
      35
      24
      24
      33
      27
      27
      37
      29
      35
      19
      22
      31
      23
      18
      30
      24
      26
      35
      27
      32
      26
      30
      22
      35
      40
      31
      31
      33
      41
      33
      32
      31
      32
      47
      33
      32
      30
      39
      40
      30
      35
      46
      32
      36
      42
      33
      42
      22
      33
      27
      34
      29
      31
      25
      34
      35
      30
      35
      37
      27
      31
      29
      33
      25
      24
      39
      33
      38
      36
      41
      37
      43
      32
      41
      41
      42
      40
      46
      45
      57
      47
      67
      57
      52
      52
      51
      50
      58
      63
      59
      54
      52
      51
      42
      44
      46
      49
      44
      41
      33
      41
      44
      41
      31
      43
      37
      28
      26
      34
      41
      38
      40
      45
      29
      28
      41
      44
      38
      46
      48
      61
      54
      58
      70
      60
      59
      71
      91
      76
      71
     101
      96
      95
     104
     113
     126
     135
     142
     151
     166
     165
     186
     183
     197
     195
     201
     220
     189
     206
     217
     169
     179
     186
     163
     190
     150
     150
     160
     154
     149
     139
     140
     120
     119
     113
     105
      95
      83
      84
      55
      63
      49
      44
      46
      38
      47
      47
      41
      33
      42
      37
      30
      37
      35
      32
      26
      24
      37
      31
      27
      32
      34
      37
      24
      34
      26
      39
      23
      23
      25
      17
      16
      22
      31
      22
      26
      26
      20
      28
      19
      31
      15
      26
      27
      38
      31
      36
      35
      43
      50
      45
      40
      43
      64
      58
      62
      76
      65
      73
      91
      74
      77
      98
      99
      83
      89
      82
     100
      97
      75
     112
     117
      76
      91
      78
      91
      66
      84
      81
      65
      64
      70
      61
      56
      35
      32
      45
      44
      32
      34
      31
      23
      28
      24
      32
      18
      16
      17
      14
      19
      15
       7
      19
      11
      14
      15
      20
      12
      20
       9
      14
      14
      12
      10
      11
      13
      21
      18
      17
      15
      14
      17
      18
      20
      21
      20
      14
      27
      13
      22
      16
      22
      25
      12
      18
      15
      16
      16
      16
      21
      20
      13
      18
      13
      12
      16
      14
      13
      13
      11
       7
      16
      11
      11
      11
       9
       6
       9
      12
      12
      11
       7
       8
      17
      13
      10
      12
       5
      20
      13
      10
       6
      12
      14
      13
      13
       8
       8
      12
      16
       9
       7
      10
      12
      10
      18
      11
      10
      14
      16
      13
       8
      13
       7
       9
       9
      10
       9
      19
      18
      13
      13
      11
       7
       2
      16
      10
      10
       9
      13
       8
       9
      14
      10
      10
      13
       7
      10
       7
       2
      11
       8
       7
      13
      15
       9
       8
       6
       7
       7
      13
      10
       7
      13
      10
       4
      11
       7
      13
      10
       6
       7
      16
       6
      16
       6
       8
      16
       8
       7
       9
      10
       7
      12
       9
       9
      10
       8
       9
       5
       8
      14
      18
      12
       8
      12
       8
      11
      15
       9
      11
      16
       7
       5
       8
       9
       5
      13
       8
      11
      15
       9
       6
      10
       8
       7
       8
       7
      13
      10
       9
       4
       9
      15
      10
       9
       9
       9
       7
       6
       7
       7
      11
      15
       6
       8
      14
       7
      10
      11
      11
       8
      10
       7
      10
       8
       7
       7
       5
       8
       8
       8
      12
       7
      14
       9
       8
      11
       4
       4
       6
       5
      17
       6
       7
       9
      10
      13
      11
       4
       5
       9
      10
      10
       7
       9
      15
       4
      10
       9
       3
       9
       7
      11
       5
      10
       6
       7
       9
       7
       8
      10
       8
       6
       5
       7
      11
       6
       6
       9
      14
       3
       7
       8
       8
       5
       7
       9
      10
       5
      10
       9
      10
       9
      10
       9
       9
       8
       8
       5
       9
       7
      10
       4
      10
       8
       7
       5
       9
       6
       3
      12
      12
       7
       5
       8
       6
       8
      11
      11
       4
      11
       3
       5
       8
       2
       6
       9
       3
       7
       2
      10
      13
       3
       7
       6
       8
       8
      12
       2
       6
       3
      10
       6
      13
       5
      11
       7
      10
       9
       3
       8
       8
       4
       4
       8
       8
       7
       7
       7
       8
       5
       6
       6
       7
       7
       6
       8
       9
       8
      10
       9
       5
       5
       4
       3
       5
       7
      10
       3
       6
       6
       7
       4
      12
       5
       5
       7
       7
       6
       4
      10
       6
       3
       7
       3
       8
       4
       5
       6
       6
       5
       5
       4
      10
       8
       4
       3
       4
       9
       9
       5
      10
       5
       6
       5
       4
       9
       8
       5
       6
       5
       8
       5
       9
       5
       5
       2
       2
       2
       4
       6
       5
       5
       3
       4
       5
       7
       3
       3
       2
       5
       5
       4
       8
       2
       5
       7
       3
       3
       6
       7
       5
      11
       3
       2
       1
       3
       3
       9
       4
       2
       2
       4
       5
       5
       4
       9
       7
       4
       5
       3
       4
       2
       4
       4
       4
       3
       6
       6
      11
       7
       7
       8
       7
       4
       5
       4
       4
       5
       4
       1
       5
       2
       3
       3
       7
       4
       6
       4
       3
       3
       4
       4
       4
       6
       5
       3
       7
       5
       7
       6
       7
       8
       6
       3
       8
       3
       7
       3
       2
       4
       3
       9
       5
       5
       5
       4
       2
       2
       6
       8
       4
       5
       4
       4
       4
       2
       5
       7
       3
       4
       6
      11
       7
       5
       6
       1
       3
       5
       4
       3
       8
       4
       3
       4
       1
       8
       5
       3
       1
       3
       7
       6
       3
       6
       4
       7
       6
       7
       3
       8
       3
       9
       7
       8
      10
       7
       2
       6
       3
       6
       3
       1
       4
      10
       3
       8
       4
       2
       3
       3
       4
       5
       6
       4
       2
       8
       2
       4
       5
      11
       6
       3
       3
      12
       3
       5
       7
       4
       4
       1
       4
       8
      10
       2
       4
      11
       2
       5
       5
       3
       5
       3
       3
       5
       3
       3
       2
       6
       4
       6
       2
       4
       2
       9
       1
       4
      11
       6
       5
       6
       1
       7
       5
       5
       3
       6
       5
       5
       4
       2
       7
       2
       5
       4
       3
       5
       8
       4
       8
       4
       7
       8
       7
       7
       9
       3
       7
       6
       6
       5
       5
       5
       4
       4
       2
       6
       4
       4
       3
       6
       5
       6
       6
       7
       3
       6
       7
       8
       4
       2
       7
       5
       7
       6
       4
       4
       9
       6
      10
       3
       9
       4
       4
       6
       5
       7
       1
       5
       9
       8
       3
       3
       2
       7
       7
       3
       8
       6
       4
       3
       6
       2
       5
       2
       8
       2
       7
       5
       3
       2
       6
       2
       4
       3
       4
       2
       4
       6
       4
       3
       7
       6
       5
       2
       2
       5
       5
       3
       3
       5
       1
       5
       2
       4
       5
       2
       7
       7
       5
       1
       3
       2
       0
       5
       9
       4
       3
       2
       5
       8
       3
       3
       2
       2
       3
       4
       2
       4
       5
       2
       4
       5
       0
       2
       1
       0
       2
       3
       3
       3
       2
       5
       5
       2
       4
       4
       3
       4
       0
       5
       1
       2
       1
       1
       2
       0
       3
       4
       3
       3
       3
       3
       4
       3
       3
       4
       1
       1
       1
       3
       1
       2
       3
       3
       0
       1
       1
       3
       3
       2
       2
       1
       1
       3
       1
       5
       1
       1
       2
       1
       1
       2
       3
       0
       3
       0
       0
       3
       1
       2
       0
       2
       3
       2
       3
       2
       3
       2
       1
       0
       0
       2
       3
       0
       0
       1
       0
       0
       4
       1
       1
       1
       2
       0
       1
       1
       1
       1
       0
       2
       1
       0
       2
       0
       3
       0
       0
       1
       0
       1
       2
       2
       1
       1
       2
       1
       1
       5
       0
       1
       2
       2
       0
       0
       2
       2
       1
       5
       0
       1
       1
       0
       0
       4
       0
       1
       1
       2
       2
       3
       0
       0
       2
       0
       2
       1
       0
       1
       1
       1
       0
       2
       1
       1
       0
       0
       1
       4
       1
       2
       3
       1
       1
       1
       4
       1
       0
       2
       0
       1
       1
       1
       1
       2
       2
       0
       0
       2
       0
       3
       1
       1
       0
       1
       2
       1
       1
       0
       1
       2
       1
       2
       2
       1
       2
       0
       5
       1
       2
       1
       3
       5
       3
       1
       0
       2
       2
       5
       3
       1
       4
       4
       4
       2
       2
       1
       3
       5
       3
       8
       7
       3
       8
       5
       9
       5
      11
       5
       7
       3
      10
       5
       7
       8
      10
       7
       8
       6
       7
       6
      11
       8
       7
       8
       5
       7
       4
       9
       8
       8
       9
       7
      15
      13
      21
      10
      11
       8
      13
       9
      11
      10
      10
       9
      10
      11
      12
      13
      11
      12
       9
      12
      14
      15
      13
      20
       8
      16
      22
      19
      14
      21
      12
      13
      24
      11
      11
      28
      13
      16
      18
       9
      15
      17
      10
      15
      12
      14
      12
      17
      17
      15
       9
       9
      11
       4
      15
       5
       7
      11
      10
       9
      10
       6
       7
       7
       3
       7
       3
       3
       4
       2
       6
       3
       4
       0
       4
       1
       2
       4
       2
       1
       4
       0
       0
       1
       3
       2
       0
       1
       0
       1
       2
       3
       0
       3
       1
       0
       0
       1
       1
       2
       1
       0
       3
       1
       1
       0
       0
       2
       2
       0
       2
       1
       0
       1
       2
       0
       0
       0
       1
       1
       0
       1
       1
       1
       0
       0
       1
       0
       0
       0
       0
       0
       0
       0
       1
       0
       0
       0
       0
       1
       0
       1
       0
       1
       1
       0
       0
       0
       0
       0
       1
       0
       3
       0
       2
       1
       2
       3
       1
       0
       0
       1
       1
       0
       1
       1
       2
       2
       1
       2
       1
       2
       0
       1
       1
       1
       1
       1
       0
       0
       1
       0
       0
       1
       1
       1
       0
       1
       0
       1
       0
       0
       1
       0
       2
       1
       0
       0
       2
       0
       0
       1
       0
       1
       2
       1
       0
       0
       0
       0
       0
       0
       0
       0
       1
       0
       0
       2
       0
       1
       1
       0
       1
       0
       1
       1
       1
       0
       3
       0
       0
       1
       0
       1
       1
       1
       3
       0
       2
       1
       2
       2
       0
       1
       0
       2
       1
       0
       0
       0
       0
       0
       1
       0
       1
       0
       2
       0
       0
       1
       2
       1
       0
       1
       1
       0
       2
       0
       0
       0
       0
       1
       0
       1
       3
       0
       1
       0
       0
       0
       2
       1
       0
       0
       1
       0
       1
       1
       0
       0
       0
       0
       0
       1
       0
       0
       1
       0
       2
       0
       0
       0
       0
       0
       0
       0
       0
       0
       0
       0
       0
       0
       1
       2
       1
       1
       0
       1
       0
       1
       0
       2
       3
       0
       1
       0
       1
       1
       0
       1
       0
       1
       0
       0
       0
       0
       0
       0
       2
       1
       1
       0
       0
       0
       0
       2
       0
       2
       0
       0
       0
       1
       2
       0
       1
       2
       1
       1
       2
       1
       1
       0
       0
       0
       0
       0
       1
       1
       1
       0
       0
       1
       2
       2
       1
       0
       0
       0
       0
       1
       1
       2
       0
       0
       1
       0
       0
       2
       0
       0
       1
       0
       1
       0
       2
       0
       1
       1
       1
       1
       0
       1
       1
       1
       1
       0
       0
       0
       0
       0
       0
       0
       0
       2
       1
       0
       0
       1
       0
       0
       0
       4
       2
       1
       1
       0
       0
       2
       0
       0
       0
       1
       0
       1
       0
       0
       2
       0
       1
       0
       1
       0
       1
       2
       2
       1
       1
       1
       0
       0
       0
       0
       0
       1
       0
       3
       0
       1
       1
       1
       0
       2
       2
       1
       1
       0
       4
       0
       0
       0
       1
       1
       2
       1
       1
       2
       1
       0
       1
       0
       1
       2
       0
       5
       1
       1
       0
       1
       0
       2
       1
       1
       0
       1
       2
       0
       2
       1
       1
       1
       0
       0
       2
       1
       1
       0
       1
       1
       0
       0
       0
       0
       2
       1
       0
       0
       1
       0
       3
       0
       2
       2
       0
       1
       0
       0
       2
       0
       0
       1
       1
       0
       1
       3
       1
       0
       2
       2
       2
       6
       0
       0
       1
       0
       1
       0
       0
       0
       3
       2
       2
       3
       1
       2
       0
       0
       0
       3
       2
       1
       1
       0
       1
       2
       1
       1
       1
       2
       3
       1
       0
       0
       1
       0
       2
       1
       3
       1
       1
       1
       3
       1
       0
       1
       0
       0
       1
       4
       0
       4
       4
       1
       1
       4
       1
       3
       1
       3
       1
       2
       3
       1
       4
       0
       2
       0
       0
       0
       2
       2
       3
       2
       0
       2
       2
       1
       3
       0
       3
       1
       1
       3
       5
       1
       1
       2
       4
       1
       1
       0
       2
       0
       0
       4
       5
       1
       0
       1
       0
       1
       2
       1
       1
       1
       2
       2
       1
       2
       2
       3
       1
       1
       2
       2
       2
       3
       5
       2
       1
       1
       3
       5
       2
       2
       3
       1
       3
       6
       4
       2
       2
       4
       5
       4
       3
       4
       3
       6
       3
       2
       1
       5
       2
       4
       0
       3
       2
       1
       4
       2
       5
       2
       0
       0
       4
       2
       5
       2
       5
       1
       1
       0
       3
       1
       1
       3
       7
       4
       1
       3
       0
       5
       2
       3
       4
       2
       1
       1
       3
       3
       3
       1
       1
       3
       3
       3
       1
       4
       3
       2
       2
       1
       4
       1
       4
       2
       5
       5
       1
       1
       6
       1
       3
       3
       3
       7
       4
       2
       1
       2
       4
       1
       1
       9
       5
       2
       2
       5
       4
       4
       6
       5
       1
       2
       3
       2
       1
       6
       1
       1
       3
       5
       3
       1
       1
       3
       1
       6
       6
       4
       3
       2
       4
       3
       5
       2
       3
       4
       3
       0
       4
       3
       4
       4
       1
       2
       3
       5
       5
       5
       3
       1
       1
       1
      10
       5
       5
       4
       6
       6
       3
       3
       5
       3
       5
       7
       5
       5
       7
       5
       3
       2
       2
       4
       2
       6
       4
       7
       2
       4
       2
       2
       8
       8
       2
       3
       7
       9
       2
       4
       9
       2
       2
       3
       4
       3
       2
       1
       8
       5
       4
       6
       3
       6
       2
       4
       3
       2
       1
       2
       1
       4
       2
       1
       0
       5
       1
       4
       3
       4
       5
      11
       4
       3
       4
       3
       3
       7
       1
       3
       4
       3
       2
       4
       4
       3
       6
       4
       4
       1
       3
       3
       6
       3
       2
       3
       1
       1
       1
       3
       1
       5
       2
       4
       3
       1
       2
       4
       3
       2
       0
       3
       2
       3
       4
       1
       0
       1
       1
       5
       3
       1
       2
       1
       2
       2
       1
       2
       6
       3
       1
       5
       7
       3
       2
       2
       0
       4
       4
       0
       0
       3
       1
       2
       1
       1
       5
       2
       5
       1
       2
       2
       2
       3
       0
       4
       4
       3
       2
       5
       5
       2
       2
       2
       1
       1
       2
       4
       5
       1
       3
       4
       2
       1
       1
       0
       2
       3
       0
       1
       1
       1
       0
       4
       1
       0
       5
       5
       0
       3
       0
       1
       3
       3
       2
       3
       2
       2
       2
       0
       4
       1
       1
       1
       1
       3
       3
       5
       0
       2
       1
       5
       2
       5
       0
       1
       0
       1
       2
       2
       4
       2
       5
       3
       2
       2
       1
       0
       5
       3
       3
       2
       0
       2
       1
       3
       2
       3
       3
       2
       5
       5
       1
       3
       0
       1
       2
       4
       2
       2
       2
       7
       1
       2
       5
       8
       6
       3
       1
       3
       1
       3
       3
       3
       2
       3
       8
       1
       4
       4
       6
       2
       3
       5
       6
       3
       2
       3
       5
       3
       4
       4
       1
       3
       3
       2
       3
       5
       1
       3
       1
       5
       0
       4
       0
       0
       1
       3
       3
       3
       3
       3
       2
       3
       3
       3
       1
       4
       4
       2
       4
      10
       2
       3
       3
       3
       1
       3
       2
       3
       4
       2
       1
       6
       2
       1
       2
       2
       5
       3
       2
       3
       3
       0
       2
       3
       1
       3
       5
       4
       5
       5
       1
       2
       8
       3
       5
       2
       4
       2
       7
       4
       4
       2
       4
       3
       2
       4
       5
       2
       2
       6
       4
       7
       1
       3
       9
       5
       6
       4
       5
       5
       4
       9
       3
      10
       8
       3
       4
       3
       4
       1
       6
       4
       6
       2
       2
       2
       7
       7
       2
       3
       2
       3
       3
       2
       8
       1
       8
       6
       4
       2
       5
       7
       6
       1
       7
       1
       3
       6
       2
       3
       4
       6
       7
       5
       3
       1
       2
       5
       6
       3
       5
       2
       1
       2
       3
       7
       4
       3
       0
       3
       3
       0
       1
       1
       0
       2
       6
       0
       4
       3
       1
       0
       7
       2
       3
       1
       3
       0
       3
       1
       2
       2
       0
       1
       5
       1
       4
       2
       1
       3
       1
       2
       1
       3
       3
       2
       4
       2
       3
       2
       3
       3
       0
       3
       1
       5
       6
       0
       3
       3
       3
       3
       2
       6
       2
       1
       1
       3
       2
       3
       7
       1
       3
       5
       3
       5
       3
       2
       4
       7
       1
       4
       5
       4
       3
       1
       1
       5
       0
       1
       1
       4
       1
       2
       3
       3
       5
       5
       2
       4
       1
       3
       0
       2
       4
       2
       5
       2
       1
       4
       3
       1
       1
       0
       2
       3
       1
       3
       2
       6
       0
       3
       1
       3
       0
       2
       2
       1
       2
       4
       2
       3
       2
       1
       1
       0
       1
       3
       4
       0
       4
       1
       1
       1
       1
       0
       0
       0
       1
       1
       0
       3
       0
       2
       0
       1
       2
       1
       1
       0
       1
       0
       0
       2
       1
       0
       2
       0
       2
       1
       1
       2
       2
       0
       2
       0
       3
       1
       0
       0
       0
       2
       1
       1
       3
       5
       2
       0
       2
       0
       0
       0
       3
       3
       4
       3
       3
       1
       1
       0
       3
       1
       3
       0
       2
       0
       0
       1
       0
       0
       3
       1
       1
       2
       2
       0
       0
       0
       2
       3
       1
       1
       1
       3
       1
       0
       1
       0
       2
       2
       3
       2
       1
       0
       4
       0
       3
       1
       2
       0
       0
       1
       1
       0
       0
       2
       0
       1
       2
       1
       1
       2
       1
       0
       3
       2
       1
       2
       0
       1
       5
       3
       2
       0
       0
       2
       1
       2
       3
       0
       0
       3
       0
       0
       2
       2
       1
       3
       1
       0
       2
       2
       1
       2
       3
       2
       0
       0
       4
       0
       0
       2
       1
       0
       4
       3
       0
       3
       1
       1
       3
       0
       1
       1
       1
       1
       3
       2
       2
       1
       3
       1
       0
       2
       3
       0
       1
       2
       0
       3
       1
       1
       1
       2
       4
       1
       1
       3
       1
       0
       5
       2
       1
       6
       3
       0
       1
       2
       0
       2
       0
       0
       3
       2
       3
       1
       1
       3
       0
       3
       0
       1
       0
       3
       1
       1
       1
       2
       1
       2
       3
       3
       3
       2
       1
       0
       3
       2
       2
       1
       5
       2
       4
       1
       3
       3
       1
       0
       3
       3
       0
       0
       2
       6
       3
       3
       4
       3
       0
       3
       1
       1
       1
       3
       3
       3
       2
       0
       3
       2
       5
       3
       1
       1
       0
       3
       2
       0
       2
       4
       6
       2
       2
       2
       4
       2
       3
       2
       2
       3
       2
       4
       2
       7
       5
       1
       4
       0
       5
       5
       5
       3
       3
       2
       6
       4
       4
       4
       4
       4
       4
       2
       3
       5
       3
       6
       3
       5
       2
       1
       6
       0
       3
       4
       1
       3
       2
       6
       3
       8
       2
       1
       1
       2
       1
       5
       1
       3
       1
       3
       3
       1
       2
       1
       2
       1
       2
       1
       5
       1
       1
       2
       0
       2
       1
       1
       3
       1
       5
       4
       0
       0
       4
       4
       2
       2
       3
       0
       5
       3
       3
       4
       0
       2
       1
       0
       0
       1
       0
       0
       0
       2
       1
       1
       2
       0
       0
       0
       0
       0
       1
       1
       1
       1
       0
       1
       0
       0
       2
       1
       0
       1
       0
       0
       0
       0
       0
       0
       0
       0
       0
       0
       0
       0
       0
       0
       0
       0
       1
       0
       0
       0
       1
       0
       0
       0
       0
       0
       0
       0
       1
       0
       0
       0
       0
       0
       0
       0
       0
       1
       0
       0
       0
       0
       0
       0
       0
       0
       1
       0
       0
       0
       0
       0
       0
       0
       0
       0
       0
       0
       0
       0
       0
       1
       0
       0
       0
       0
       0
       0
       0
       0
       0
       0
       0
       0
       0
       1
       0
       0
       0
       0
       0
       0
       0
       1
       0
       0
       0
       1
       0
       0
       0
       0
       0
       0
       1
       0
       0
       0
       0
       0
       0
       0
       0
       0
       0
       0
       0
       0
       0
       0
       0
       0
       0
       0
       0
       0
       0
       0
       0
       0
       0
       0
       0
       0
       0
       0
       0
       0
       0
       0
       0
       0
       0
       0
       0
       0
       0
       0
       0
       0
       1
       0
       0
       0
       0
       0
       0
       1
       0
       0
       0
       0
       0
       0
       0
       0
       0
       0
       0
       0
       0
       0
       0
       0
       0
       0
       0
       0
       0
       0
       0
       0
       0
       0
       0
       0
       0
       0
       0
       0
       0
       0
       0
       0
       0
       0
       0
       0
       0
       0
       0
       0
       1
       0
       0
       0
       0
       0
       0
       0
       0
       0
       0
       0
       0
       0
       0
       0
       0
       0
       0
       0
       0
       0
       0
       0
       0
       0
       0
       0
       0
       1
       0
       0
       1
       0
       0
       0
       0
       0
       0
       0
       0
       0
       0
$ENER_FIT:
0.000000 0.680000
$PRESETS:
Live Time (sec)
1000
0
$RT:
1012.100000
$DT:
12100
$ISO_DECL_U:
SMPLNAM: IDB-1588
SEPDATE: 01/01/1900 00:00:00
U234: 0.0409 
DU234: 3.4230
U235: 1.6109 
DU235: 0.2173
U236: 0.1058 
DU236: 2.2684
U238: 98.2425 
DU238: 0.0045
$ISO_DECL_PU:
SMPLNAM: IDB-1588
SEPDATE: 01/01/1900 00:00:00
PU238: 0.1177 
DPU238: 0.5183
PU239: 75.914 
DPU239: 0.0145
PU240: 21.877 
DPU240: 0.0503
PU241: 1.3582 
DPU241: 0.3313
PU242: 0.7321 
DPU242: 0.5464
AM241: Unknown 
DAM241: Unknown
DATE: 01/01/1900 00:00:00
PU240EFF: 23.4035
DPU240EFF: 0.0555
$ADC:
4096
0
4095