$APPLICATION_ID:
IDB v.1.0
$SPEC_REM:
Material type: MOX
Material form: Pellet
Material compound: PuO2+UO2
U isotopics:
234U Unknown
235U 0.71
236U Unknown
238U 99.29
Pu isotopics:
238Pu 0.2316
239Pu 71.1373
240Pu 26.9144
241Pu 0.8492
242Pu 0.8675
241Am 2.2593
Detector: LaBr3 (Geometry: Cylindrical, Size: 2 in (diam) x 0.5 in (len))
MCA: InSpector-2000
$DATE_MEA:
04/12/2016 09:48:29
$MEAS_TIM:
1000 1006
$DATA:
0 4095
       0
       0
       0
       0
    1434
    2955
    3626
    3268
    2372
    1874
    1973
    1848
    1981
    1999
    2067
    2103
    2172
    2114
    2147
    2137
    2106
    2154
    2126
    2083
    2078
    2298
    2501
    2846
    3660
    4288
    4836
    4904
    4485
    4265
    3842
    3701
    3330
    2785
    2153
    1938
    1671
    1454
    1446
    1600
    1572
    1792
    2005
    2393
    2763
    3193
    3464
    3446
    3381
    3216
    2913
    2693
    2646
    2743
    2849
    2966
    3210
    3378
    3753
    3925
    4184
    4554
    4710
    4920
    5167
    5515
    6032
    6326
    6713
    7374
    7769
    8395
    9243
   10300
   11416
   12752
   14306
   15202
   16033
   15700
   14439
   12897
   10420
    7993
    6225
    4536
    3454
    2905
    2561
    2403
    2395
    2435
    2497
    2666
    2706
    2908
    3043
    3164
    3228
    3294
    3545
    3470
    3519
    3545
    3647
    3519
    3506
    3619
    3506
    3737
    3657
    3902
    4038
    4189
    4403
    4616
    4993
    5210
    5282
    5577
    5983
    6499
    6713
    7108
    7723
    8480
    9452
   10600
   11733
   13295
   15067
   16855
   18851
   20928
   22024
   23922
   24944
   25958
   26018
   25648
   24950
   23393
   21931
   20235
   18267
   16151
   14086
   12070
   11072
    9706
    9319
    8885
    8913
    8942
    9181
    9313
    9457
    9178
    8911
    8321
    7952
    7229
    6454
    6001
    5007
    4561
    4200
    3700
    3740
    3593
    3685
    3841
    3868
    3905
    4048
    4176
    4173
    4091
    4047
    3936
    3918
    3698
    3482
    3321
    3205
    2904
    2779
    2685
    2459
    2392
    2331
    2321
    2294
    2219
    2264
    2237
    2323
    2496
    2529
    2761
    2715
    2865
    3082
    3096
    3238
    3344
    3628
    3620
    3663
    3721
    3553
    3535
    3408
    3275
    3224
    3108
    2988
    2935
    2723
    2778
    2745
    2748
    2763
    2722
    2779
    2976
    2760
    2826
    2869
    2844
    2813
    2951
    2959
    2901
    2739
    2760
    2676
    2714
    2583
    2683
    2596
    2563
    2590
    2493
    2446
    2472
    2433
    2351
    2446
    2255
    2255
    2244
    2228
    2248
    2285
    2291
    2371
    2185
    2312
    2272
    2226
    2305
    2374
    2224
    2236
    2259
    2228
    2179
    2166
    2149
    2101
    2211
    2183
    2147
    2100
    2139
    2195
    2207
    2124
    2330
    2517
    2576
    2954
    3184
    3536
    3982
    4554
    5199
    5673
    6413
    6924
    7391
    7777
    7991
    8194
    8144
    8153
    7716
    7195
    6448
    5826
    5136
    4515
    3833
    3349
    2718
    2304
    2042
    1666
    1599
    1419
    1268
    1299
    1296
    1296
    1225
    1196
    1113
    1205
    1155
    1211
    1179
    1146
    1111
    1068
    1072
    1077
    1066
    1097
    1072
    1074
    1056
    1129
    1101
    1127
    1068
    1092
    1152
    1158
    1078
    1048
    1119
    1116
    1105
    1119
    1068
    1105
    1025
    1030
    1043
    1075
    1058
    1017
    1012
     974
    1049
    1048
    1024
    1059
     986
    1021
    1056
     985
    1050
     989
    1059
    1024
    1031
    1099
    1019
    1040
    1061
    1045
    1104
    1073
    1121
    1146
    1121
    1141
    1081
    1179
    1135
    1090
    1126
    1110
    1092
    1015
    1020
     999
     972
     939
     892
     885
     838
     849
     818
     798
     789
     843
     831
     718
     758
     757
     712
     777
     731
     760
     791
     748
     742
     761
     772
     766
     790
     752
     729
     763
     759
     743
     747
     839
     776
     781
     792
     779
     769
     775
     736
     744
     802
     778
     782
     791
     804
     746
     772
     790
     824
     836
     857
     860
     839
     893
     899
     916
     876
     918
     930
     910
     923
     981
     938
     902
     906
     898
     918
     945
     939
     980
     927
    1018
    1070
    1077
    1105
    1139
    1226
    1283
    1391
    1477
    1469
    1624
    1648
    1808
    1798
    1888
    1926
    1971
    1997
    1941
    2117
    2039
    1980
    1848
    1832
    1700
    1683
    1580
    1534
    1450
    1318
    1244
    1164
    1144
    1059
    1028
     965
     926
     811
     899
     751
     699
     701
     664
     627
     567
     518
     505
     485
     460
     458
     433
     478
     484
     492
     526
     527
     572
     570
     633
     704
     767
     860
     907
     934
    1044
    1113
    1154
    1235
    1331
    1399
    1511
    1617
    1644
    1792
    1780
    1757
    1720
    1849
    1848
    1795
    1830
    1777
    1724
    1655
    1630
    1453
    1428
    1338
    1269
    1146
    1098
    1119
    1044
     924
     868
     876
     767
     753
     741
     712
     688
     670
     625
     650
     599
     660
     633
     559
     503
     540
     514
     491
     470
     473
     448
     443
     436
     463
     482
     490
     502
     564
     611
     638
     673
     705
     768
     851
     889
     967
    1004
    1017
    1041
    1068
    1054
    1060
    1101
    1028
     965
     980
     922
     912
     894
     816
     754
     700
     644
     576
     530
     532
     453
     414
     377
     308
     317
     328
     250
     263
     238
     221
     230
     219
     190
     159
     177
     190
     144
     157
     158
     143
     152
     168
     154
     161
     164
     174
     175
     190
     183
     175
     192
     219
     230
     225
     231
     234
     220
     245
     217
     238
     226
     226
     271
     240
     234
     255
     183
     215
     198
     211
     167
     220
     181
     191
     170
     153
     148
     133
     159
     150
     138
     170
     125
     133
     112
     128
     126
     116
     117
     131
     134
     120
     102
     112
     113
     118
     112
     109
     115
     131
      92
     111
      99
     108
      91
     128
     101
     105
      99
     115
      87
     113
      74
      92
     104
      90
      90
      87
     105
      93
     106
      91
      88
      85
      88
     102
      81
      89
     102
      80
      80
      76
      97
      77
     104
      91
      68
      82
      87
      98
      96
      89
      83
      84
     100
      89
      95
      98
      97
     101
      82
      88
      79
      79
      90
      88
      86
      92
      77
      80
      81
      88
      75
      83
      90
      68
      92
      88
      91
      90
      77
      74
      68
      75
      90
      68
      70
      73
      72
      84
      58
      57
      62
      61
      92
      63
      77
      61
      67
      74
      54
      61
      61
      67
      67
      74
      59
      66
      57
      55
      68
      59
      48
      57
      61
      69
      57
      44
      60
      54
      70
      64
      57
      61
      47
      46
      65
      67
      68
      59
      60
      59
      57
      57
      58
      61
      56
      54
      51
      57
      53
      57
      55
      50
      72
      62
      57
      61
      55
      67
      68
      58
      66
      66
      59
      69
      78
      75
      64
      57
      74
      70
      56
      79
      76
      71
      78
      59
      68
      66
      63
      65
      52
      54
      63
      66
      64
      62
      67
      53
      64
      61
      50
      52
      50
      60
      55
      59
      48
      56
      50
      54
      55
      57
      57
      42
      63
      59
      53
      68
      60
      69
      52
      78
      74
      67
      70
      73
      67
      82
      68
      68
      88
      89
      62
      76
      75
      86
      78
      73
      66
      65
      59
      63
      61
      60
      65
      73
      63
      58
      64
      51
      58
      61
      49
      53
      57
      61
      65
      58
      65
      64
      59
      73
      78
      67
      61
      65
      87
      92
      87
      90
     101
      83
     100
      95
     104
     103
     122
     107
     144
     159
     160
     156
     166
     188
     174
     218
     213
     222
     206
     220
     239
     252
     233
     245
     226
     214
     234
     243
     210
     217
     221
     218
     229
     191
     184
     175
     144
     146
     153
     152
     126
     116
     114
      91
     119
      99
      89
      68
      73
      60
      64
      74
      35
      44
      49
      43
      41
      45
      46
      47
      44
      47
      57
      42
      45
      53
      45
      53
      52
      55
      48
      65
      48
      47
      53
      48
      40
      46
      55
      42
      41
      39
      45
      45
      44
      46
      46
      39
      61
      56
      62
      48
      58
      64
      56
      58
      73
      66
      64
      65
      80
      78
      97
      75
     124
     117
     100
     107
     109
     112
     110
     124
     113
     118
     130
      93
     150
     119
     112
      96
     119
     114
     105
      87
      82
      70
      81
      79
      79
      62
      75
      68
      60
      66
      40
      53
      43
      43
      47
      33
      42
      24
      37
      46
      35
      27
      28
      27
      34
      29
      23
      29
      28
      26
      27
      30
      27
      34
      34
      22
      40
      32
      27
      31
      31
      31
      33
      34
      38
      30
      43
      52
      30
      38
      53
      48
      50
      33
      42
      48
      38
      33
      48
      39
      43
      39
      37
      46
      24
      39
      39
      39
      29
      31
      31
      32
      32
      32
      33
      30
      23
      37
      23
      22
      26
      30
      17
      23
      24
      25
      19
      33
      25
      23
      22
      16
      15
      25
      18
      26
      20
      27
      17
      21
      13
      20
      19
      13
      18
      24
      16
      27
      13
      19
      19
      23
      20
      16
      16
      17
      19
      23
      22
      20
      16
      22
      21
      15
      16
      16
      22
      15
      19
      11
      15
      14
      17
      22
      16
      13
      18
      17
      17
      11
      19
      17
      16
      16
      16
      16
      21
      24
      16
      19
      19
      19
      13
      21
      15
      16
      14
       9
      15
      13
      12
      18
      15
      20
      11
      17
      12
       7
      12
      20
      11
      12
      19
      10
      16
      13
      11
      11
      10
      14
      13
      20
      18
      11
      11
      16
      23
      10
      10
      17
      22
      23
      16
      18
      19
      11
      16
      12
      22
      15
      14
      16
       8
      17
      19
      16
      19
      16
      23
      15
      14
      13
       9
      13
      11
      12
      16
      17
      16
      14
       8
      12
      11
       8
      17
      16
       5
      14
      20
      21
      18
      13
      11
      19
      16
      18
      12
      16
      16
      14
      16
      13
      16
      13
      20
       7
      20
      12
      13
      10
      10
      10
      11
      11
      11
      10
      11
       9
       8
      10
      13
      13
      11
      14
       8
      16
      15
       8
      17
      15
      15
       9
       6
      15
      13
      10
      14
      11
       9
      12
       8
       9
      20
      16
      16
      18
      10
      12
      12
       8
       9
       8
      13
      14
      17
      15
      11
      17
      13
      14
      10
      10
      10
       5
      10
      16
      13
       9
      15
      14
      10
      13
      13
      11
      10
      13
       9
       9
       8
      13
      11
      11
       6
       5
       9
      10
      10
      10
      11
       7
      13
      14
      11
       9
       6
      12
       9
      11
      10
      15
      14
      15
      14
      14
      11
      13
      10
      11
       4
      14
      11
      10
       8
      17
      18
       8
      10
      12
      15
      10
      10
      12
       9
      11
      13
       9
      11
      11
      14
      11
      17
      15
      13
      14
      11
      25
      12
      17
      12
      26
      20
      29
      25
      19
      13
      21
      15
      19
      23
      24
      24
      23
      30
      26
      28
      29
      22
      17
      27
      21
      27
      40
      26
      20
      23
      18
      27
      19
      30
      20
      23
      23
      16
      30
      22
      18
      11
      15
      20
      11
      11
      16
      10
      16
       8
       6
       8
      13
       9
      12
      16
       3
      13
       9
      10
       9
       4
       6
       4
       9
       8
       1
       5
      11
       5
       6
       4
       7
       5
       9
       5
       5
       4
       5
       7
       6
       6
       3
       1
       4
       9
       7
       6
       2
       7
       4
       5
       5
       8
       8
       1
       4
       6
       7
       4
       7
       6
       3
      11
       7
       2
       9
       8
       8
       6
       8
       6
       3
       5
       7
       4
      10
       5
       2
       5
       6
       9
       9
       3
       4
      10
      11
       6
       1
       6
      10
       7
       5
       8
       9
       3
      14
       5
      16
       7
       7
       4
       6
       4
      10
       9
       5
       3
      10
      10
       5
       7
       9
       4
      11
      11
       4
      11
       6
       8
       5
       8
       3
       5
       5
       7
       2
       9
      10
       6
       7
       8
       7
       5
       4
       4
       6
       8
       4
       6
       6
       2
       6
       5
       3
       5
       8
       8
       8
       6
       7
       6
       7
       4
       7
       4
       8
       8
      10
       7
       5
       5
       7
       7
       9
       7
       9
      11
       6
       7
       7
       6
       4
       9
       4
       5
       9
       8
       6
      10
       6
       6
       6
       7
       1
       9
       3
       5
       7
       9
       5
      11
       6
       3
       8
      11
      11
       7
       7
       7
       7
       6
      10
       9
       5
       9
       9
       3
       2
       5
      10
       9
       7
      16
       6
       6
      10
       7
      11
       4
       3
       7
       4
       7
      11
       4
       6
       4
       6
       4
       7
      14
       8
       5
       5
       8
       6
       5
       5
      11
       8
       6
       6
       4
       9
       2
       3
      10
       4
       7
       8
      17
       8
       6
       3
       7
       7
      10
       3
       4
       6
      10
       6
       8
       9
       7
       8
       7
       4
       7
       6
       7
       5
      10
       8
       5
       6
       5
       6
       6
       7
       8
      12
       6
       7
       2
       3
       7
       7
       5
       6
       4
       5
       6
       5
       5
      14
       7
       6
       7
       6
       5
      10
       9
       4
       8
       8
       3
       5
       4
       7
       8
       4
      10
       4
       8
       8
       7
       4
       5
       8
       5
       4
       7
       8
       9
       9
       6
       5
       3
       2
       3
       9
       8
       7
       3
       5
       4
       6
       9
       5
       4
       1
       4
       6
      11
       3
       4
       6
       6
       4
       4
       3
       5
       5
       1
       4
      11
       6
       2
       6
       2
       6
       3
       0
       5
       4
       5
       4
       2
       2
       7
       5
       3
       3
       5
       2
       2
       5
       4
       2
       3
       5
       4
       4
       1
       2
       5
       6
       4
       3
       2
       2
       1
       6
       4
       2
       3
       7
       5
       1
       4
       3
       4
       1
       3
       3
       4
       2
       4
       2
       3
       6
       1
       4
       4
       1
       5
       2
       4
       0
       2
       1
       5
       0
       3
       1
       3
       2
       1
       4
       5
       1
       5
       2
       4
       1
       3
       1
       3
       2
       2
       3
       4
       3
       5
       2
       1
       5
       2
       2
       1
       4
       4
       7
       1
       1
       2
       1
       5
       6
       2
       2
       2
       3
       5
       2
       3
       2
       1
       0
       4
       1
       3
       4
       2
       4
       1
       4
       5
       2
       2
       5
       4
       3
       2
       1
       0
       0
       2
       3
       2
       2
       1
       1
       4
       1
       1
       1
       1
       6
       2
       1
       3
       1
       3
       1
       0
       5
       0
       2
       2
       3
       1
       1
       5
       0
       5
       2
       2
       2
       3
       2
       1
       2
       6
       1
       1
       1
       6
       5
       2
       1
       2
       0
       4
       1
       3
       1
       1
       1
       2
       0
       2
       1
       1
       1
       0
       1
       0
       1
       1
       1
       1
       3
       1
       3
       2
       2
       4
       1
       2
       1
       1
       1
       4
       1
       2
       2
       2
       1
       2
       2
       1
       2
       3
       2
       4
       3
       1
       1
       2
       2
       3
       2
       3
       0
       2
       4
       3
       5
       6
       4
       4
       5
       4
       3
       4
       5
      11
       7
       5
       5
       5
      10
       8
       6
      11
       7
       9
       5
       9
       9
      11
       6
      11
       7
       4
      11
       7
      10
       9
      16
       8
      19
      14
      14
      15
      12
      15
       9
      14
       9
      11
      10
      10
      12
      25
      14
       8
      12
       9
      22
      12
       8
      13
       9
      13
      13
      11
      11
      16
      14
      18
      16
      22
      11
      20
      16
      14
      15
      25
      15
      13
      21
      16
      11
      13
      25
      13
      10
      22
      19
      17
      11
      11
      22
      13
      10
       8
      15
      14
      10
      13
      10
       5
      11
      15
       7
       8
       5
       3
       7
       8
       6
       8
       7
       6
       4
       5
       5
       5
       4
       5
       2
       5
       4
       3
       2
       2
       3
       0
       1
       2
       3
       3
       1
       1
       1
       2
       2
       0
       2
       1
       1
       2
       1
       0
       6
       1
       2
       1
       0
       2
       1
       2
       3
       2
       0
       1
       0
       3
       2
       1
       1
       2
       2
       2
       4
       3
       1
       3
       2
       0
       1
       1
       0
       0
       1
       4
       1
       0
       3
       3
       0
       1
       1
       0
       1
       1
       1
       4
       1
       2
       2
       1
       1
       2
       2
       0
       1
       1
       0
       3
       1
       1
       5
       0
       0
       0
       2
       2
       2
       0
       1
       2
       1
       2
       2
       0
       0
       1
       1
       2
       3
       1
       2
       1
       2
       0
       4
       0
       1
       0
       0
       2
       1
       1
       3
       3
       3
       5
       3
       0
       0
       1
       1
       0
       2
       2
       1
       3
       2
       0
       2
       2
       1
       3
       2
       3
       3
       3
       3
       1
       4
       2
       2
       0
       2
       1
       2
       2
       1
       1
       3
       4
       3
       0
       2
       0
       2
       1
       0
       1
       0
       1
       1
       2
       1
       1
       2
       1
       2
       1
       1
       0
       1
       1
       1
       0
       2
       1
       2
       4
       2
       1
       2
       2
       1
       1
       0
       0
       2
       2
       2
       2
       3
       0
       1
       0
       1
       5
       0
       1
       0
       2
       0
       1
       2
       0
       0
       0
       0
       1
       4
       2
       0
       0
       1
       0
       0
       1
       2
       1
       2
       0
       1
       0
       2
       0
       1
       2
       1
       1
       0
       2
       0
       0
       1
       0
       1
       0
       0
       1
       1
       2
       0
       1
       5
       0
       0
       0
       3
       1
       0
       1
       1
       1
       0
       0
       1
       3
       1
       0
       0
       1
       0
       0
       0
       0
       0
       0
       1
       2
       3
       0
       3
       2
       1
       2
       0
       1
       4
       1
       2
       2
       0
       2
       0
       1
       1
       2
       0
       0
       0
       2
       0
       0
       0
       2
       0
       2
       0
       2
       3
       1
       0
       3
       1
       2
       2
       1
       1
       0
       0
       3
       0
       4
       1
       0
       2
       2
       0
       1
       1
       1
       2
       0
       1
       3
       0
       0
       0
       4
       1
       1
       1
       0
       0
       0
       1
       1
       3
       3
       2
       2
       1
       1
       6
       2
       0
       1
       0
       0
       1
       0
       0
       1
       0
       1
       2
       1
       2
       4
       2
       3
       3
       2
       0
       1
       4
       2
       2
       2
       5
       0
       5
       2
       1
       4
       2
       3
       2
       1
       1
       2
       1
       4
       1
       0
       1
       4
       2
       1
       1
       1
       0
       2
       1
       1
       4
       1
       2
       1
       0
       2
       1
       3
       0
       2
       1
       1
       1
       0
       4
       1
       1
       1
       0
       0
       1
       0
       2
       0
       1
       1
       2
       3
       3
       2
       0
       0
       0
       1
       0
       1
       1
       2
       3
       0
       1
       2
       2
       1
       0
       2
       2
       2
       1
       2
       1
       2
       0
       0
       1
       2
       3
       2
       1
       0
       5
       1
       1
       1
       1
       1
       4
       3
       1
       0
       2
       0
       3
       2
       2
       2
       3
       1
       1
       1
       3
       1
       4
       2
       1
       0
       1
       0
       0
       4
       3
       2
       0
       3
       3
       3
       4
       4
       1
       2
       0
       0
       2
       1
       1
       1
       1
       1
       0
       1
       1
       0
       2
       0
       0
       2
       2
       1
       0
       1
       1
       3
       2
       3
       2
       2
       0
       1
       6
       2
       2
       0
       1
       2
       1
       1
       2
       1
       2
       3
       1
       1
       5
       3
       3
       1
       0
       3
       3
       2
       3
       1
       4
       1
       1
       1
       1
       1
       1
       1
       3
       2
       8
       1
       2
       7
       0
       2
       0
       1
       1
       4
       0
       2
       0
       3
       6
       4
       3
       4
       1
       3
       1
       3
       1
       3
       1
       3
       3
       1
       1
       3
       0
       1
       1
       4
       4
       2
       0
       3
       4
       2
       2
       1
       5
       4
       3
       2
       3
       5
       1
       1
       6
       2
       7
       7
       1
       0
       1
       1
       2
       1
       3
       1
       4
       3
       2
       5
       2
       3
       4
       3
       1
       5
       1
       3
       4
       0
       2
       2
       3
       2
       3
       3
       1
       0
       4
       6
       0
       6
       2
       2
       2
       1
       5
       2
       6
       3
       5
       5
       2
       2
       2
       1
       3
       2
       1
       5
       4
       4
       9
       2
       2
       1
       4
       2
       3
       4
       6
       2
       1
       4
       1
       4
       3
       4
       5
       2
       1
       3
       1
       2
       2
       1
       2
       3
       2
       3
       4
       3
       4
       5
       3
       6
       5
       6
       1
       3
       7
       5
       3
       2
       7
       5
       2
       6
       3
       4
       3
       4
       6
       2
       4
       1
       5
       3
       2
       5
       2
       3
       7
       5
       2
       4
       7
       5
       4
       3
       7
       3
       2
       6
       5
       7
       1
       1
       8
       5
       3
       7
       5
       6
       7
       4
       8
      11
       5
       3
       6
       5
       6
       3
       2
       4
       3
       7
       6
       4
       4
       2
       4
      10
       3
       6
       5
       5
       5
       8
       4
       2
       4
       2
       1
       4
       7
       6
       4
       5
       9
       2
       2
       3
       3
       1
       4
       3
       5
       2
       2
       4
       3
       4
       1
       6
       0
       2
       4
       3
       3
       3
       1
       1
       2
       3
       2
       3
       6
       2
       5
       1
       3
       2
       2
       2
       3
       5
       4
       2
       3
       1
       1
       3
       5
       4
       2
       5
       6
       3
       4
       1
       1
       1
       3
       5
       2
       3
       6
       4
       2
       5
       5
       1
       1
       3
       3
       7
       0
       3
       3
       1
       4
       2
       7
       3
       1
       2
       3
       2
       4
       0
       3
       3
       5
       4
       2
       3
       1
       3
       0
       2
       1
       2
       2
       5
       1
       3
       1
       2
       6
       2
       2
       6
       0
       4
       1
       4
       2
       1
       2
       0
       3
       2
       1
       2
       0
       3
       2
       2
       3
       2
       1
       2
       1
       3
       2
       6
       2
       1
       5
       4
       4
       5
       1
       6
       2
       3
       3
       3
       2
       1
       2
       6
       2
       4
       4
       2
       3
       2
       4
       4
       4
       0
       2
       4
       5
       2
       1
       2
       3
       1
       3
       1
       2
       0
       5
       3
       3
       4
       3
       3
       1
       3
       1
       1
       2
       4
       3
       2
       3
       1
       5
       4
       1
       1
       3
       0
       3
       1
       2
       4
       2
       1
       5
       3
       5
       5
       3
       5
       1
       2
       1
       1
       5
       1
       2
       4
       3
       2
       4
       0
       5
       7
       2
      11
       3
       2
       3
       4
       5
       4
       3
       3
       5
       3
       3
       2
       3
       4
       5
       2
       2
       2
       3
       2
       1
       5
       3
       5
       2
       4
       4
       5
       5
       8
       4
       2
       1
       1
       1
       2
       3
       0
       6
       4
       4
       6
       1
       5
       5
       1
       6
       6
       4
       6
       5
       2
       4
       3
       3
       4
       3
       4
       3
       3
       3
       1
       4
       2
       4
       2
       1
       3
       1
       4
       4
       0
       7
       3
       4
       6
       4
       4
       6
       6
       5
       6
       2
       5
       5
       4
       6
       5
       5
       2
       4
       6
       3
       3
       4
       5
       4
       5
       4
       5
       3
       3
       2
       5
       6
       7
       8
       3
       5
       3
       5
       7
       4
       3
       3
       2
       3
       5
       5
       4
       2
       2
       3
       5
       7
       8
       5
       4
       7
       3
       2
       5
       2
       4
       4
       3
       7
       4
       4
       3
       2
       4
       2
       5
       3
       0
       3
       1
       2
       5
       4
       6
       7
       3
       6
       5
       6
       2
       2
       4
       3
       6
       0
       5
       1
       2
       3
       3
       2
       2
       4
       4
       5
       1
       1
       2
       6
       2
       6
       2
       0
       3
       3
       3
       4
       4
       3
       0
       1
       3
       2
       3
       2
       2
       2
       2
       2
       5
       4
       8
       4
       3
       2
       4
       3
       4
       7
       6
       6
       4
       7
       5
       7
       3
       3
       5
       7
       4
       2
       3
       2
       5
       1
       4
       3
       3
       3
       3
       7
       5
       5
       5
       2
       2
       3
       3
       5
       5
       4
       3
       1
       4
       5
       3
       1
       3
       2
       5
       5
       1
       2
       2
       1
       2
       0
       0
       2
       3
       0
       1
       4
       1
       3
       3
       3
       2
       2
       5
       1
       1
       5
       4
       1
       4
       2
       3
       2
       2
       3
       2
       0
       1
       1
       1
       1
       0
       3
       1
       0
       0
       1
       0
       2
       2
       0
       0
       0
       1
       2
       1
       1
       0
       4
       1
       3
       0
       3
       1
       2
       0
       2
       0
       4
       2
       4
       0
       1
       0
       0
       1
       0
       1
       0
       1
       1
       0
       0
       1
       0
       3
       1
       2
       3
       2
       1
       3
       3
       1
       3
       0
       1
       1
       0
       3
       1
       1
       1
       2
       2
       3
       3
       2
       1
       4
       3
       2
       1
       0
       1
       3
       1
       3
       5
       1
       0
       0
       0
       0
       1
       0
       1
       2
       1
       3
       0
       3
       1
       1
       3
       1
       0
       1
       2
       1
       3
       2
       0
       1
       0
       0
       1
       2
       2
       4
       4
       1
       1
       1
       0
       0
       1
       0
       1
       2
       0
       1
       0
       1
       3
       5
       1
       0
       2
       1
       2
       1
       4
       3
       1
       0
       1
       0
       0
       0
       4
       4
       4
       2
       0
       2
       1
       2
       1
       0
       3
       1
       1
       1
       0
       1
       5
       1
       1
       1
       1
       3
       0
       2
       1
       3
       1
       0
       0
       2
       4
       1
       0
       1
       1
       1
       2
       2
       1
       0
       1
       2
       0
       1
       2
       1
       2
       2
       2
       3
       1
       3
       2
       2
       1
       0
       2
       1
       5
       2
       0
       4
       2
       4
       2
       1
       3
       3
       4
       2
       1
       1
       2
       2
       1
       4
       4
       0
       3
       2
       2
       2
       2
       3
       5
       4
       2
       1
       4
       0
       0
       5
       0
       4
       1
       6
       4
       2
       1
       1
       2
       3
       2
       3
       4
       6
       1
       3
       1
       1
       1
       4
       7
       6
       2
       1
       4
       5
       4
       0
       3
       5
       2
       6
       2
       5
       0
       4
       8
       6
       3
       3
       5
       5
       6
       7
       2
       2
       1
       7
       7
       3
       3
       1
       3
       3
       5
       1
       3
       2
       1
       2
       4
       4
       5
       8
       2
       7
       4
       2
       4
       3
       3
       3
       4
       4
       7
       5
       1
       2
       1
       6
       5
       2
       5
       4
       6
       2
       2
       1
       2
       2
       5
       1
       3
       1
       3
       2
       3
       1
       3
       5
       1
       2
       1
       0
       1
       7
       2
       4
       4
       0
       1
       3
       1
       3
       2
       3
       0
       3
       3
       1
       1
       1
       0
       2
       2
       1
       1
       4
       0
       1
       1
       2
       2
       0
       2
       0
       0
       1
       0
       0
       1
       0
       0
       0
       0
       2
       1
       1
       1
       1
       1
       0
       1
       2
       0
       0
       0
       0
       0
       0
       1
       0
       0
       0
       0
       0
       0
       0
       0
       0
       1
       0
       0
       0
       0
       1
       1
       0
       2
       0
       0
       0
       0
       0
       0
       0
       0
       0
       2
       0
       0
       1
       0
       0
       0
       0
       0
       0
       0
       0
       0
       0
       1
       0
       1
       0
       0
       0
       0
       0
       0
       0
       0
       0
       0
       0
       0
       0
       0
       0
       1
       1
       0
       0
       0
       0
       1
       0
       0
       0
       1
       0
       0
       0
       0
       0
       0
       0
       0
       0
       0
       0
       0
       0
       0
       0
       0
       0
       0
       0
       0
       0
       0
       0
       0
       0
       0
       0
       0
       0
       1
       0
       0
       0
       0
       0
       0
       0
       0
       0
       0
       0
       0
       0
       0
       0
       0
       0
       0
       0
       0
       0
       0
       0
       0
       0
       0
       0
       0
       0
       0
       0
       0
       0
       0
       0
       0
       0
       0
       0
       0
       0
       0
       0
       0
       0
       0
       0
       0
       0
       0
       0
       0
       0
       0
       0
       0
       0
       0
       0
       0
       0
       1
       0
       0
       1
       1
       0
       0
       1
       0
       0
       0
       0
       0
       0
       0
       0
       0
       0
       1
       0
       0
       0
       0
       0
       0
       0
       0
       0
       0
       0
       0
       0
       0
       0
       0
       0
       0
       1
       0
       0
       0
       0
       0
       0
       0
       0
       0
       0
       0
       0
       0
       0
       0
       0
       0
       0
       0
       0
       0
       0
       0
       0
       0
       0
       0
       0
       0
       0
       0
       0
       0
       0
       0
       0
       1
       0
       0
       0
       0
$ENER_FIT:
0.000000 0.680000
$PRESETS:
Live Time (sec)
1000
0
$RT:
1006.480000
$DT:
6480
$ISO_DECL_U:
SMPLNAM: IDB-1590
SEPDATE: 01/01/1900 00:00:00
U234: Unknown 
DU234: Unknown
U235: 0.71 
DU235: Unknown
U236: Unknown 
DU236: Unknown
U238: 99.29 
DU238: Unknown
$ISO_DECL_PU:
SMPLNAM: IDB-1590
SEPDATE: 01/01/1900 00:00:00
PU238: 0.241 
DPU238: Unknown
PU239: 70.943 
DPU239: Unknown
PU240: 26.852 
DPU240: Unknown
PU241: 1.099 
DPU241: Unknown
PU242: 0.865 
DPU242: Unknown
AM241: 2.019 
DAM241: Unknown
DATE: 01/01/1900 00:00:00
PU240EFF: 28.9125
DPU240EFF: Unknown
$ADC:
4096
0
4095