$APPLICATION_ID:
IDB v.1.0
$SPEC_REM:
Material type: U
Material form: powder
Material compound: U3O8
U isotopics:
234U 0.14861
235U 20.107
236U 0.1973
238U 79.547
Detector: HPGe (Geometry: Planar, Size: Planar HPGe)
MCA: Unknown
$DATE_MEA:
02/27/2002 15:49:00
$MEAS_TIM:
1315 1800
$DATA:
0 4095
       0
       0
       0
       0
       0
       0
       0
       0
       0
       0
       0
       0
       0
       0
       0
       0
       0
       0
       0
       0
       0
       0
       0
       0
    5998
    6731
    6705
    6832
    6744
    6899
    6717
    6943
    6822
    6944
    6823
    6784
    6742
    6755
    6721
    6824
    6594
    6814
    6713
    6729
    6632
    6656
    6609
    6728
    6621
    6643
    6641
    6784
    6630
    6777
    6732
    6643
    6702
    6701
    6580
    6533
    6565
    6702
    6655
    6623
    6636
    6659
    6660
    6550
    6707
    6551
    6541
    6628
    6615
    6601
    6651
    6558
    6623
    6343
    6424
    6634
    6529
    6654
    6587
    6528
    6505
    6450
    6556
    6482
    6440
    6238
    6386
    6413
    6288
    6318
    6484
    6354
    6405
    6234
    6101
    6100
    6357
    6178
    6230
    6189
    6110
    6210
    6080
    6238
    6137
    6076
    6001
    6102
    6038
    6024
    6157
    6013
    5905
    5990
    6031
    6003
    6010
    5979
    5983
    5942
    5908
    5915
    5890
    5778
    5922
    6084
    6010
    6030
    6049
    6042
    6012
    5977
    6060
    5964
    5959
    5846
    5970
    5761
    5943
    5898
    5992
    6015
    5986
    6056
    6093
    6074
    6210
    6338
    6358
    6078
    6135
    6240
    6216
    6047
    6238
    6184
    6277
    6206
    6253
    6230
    6236
    6195
    6198
    6332
    6297
    6418
    6231
    6129
    6202
    6324
    6347
    6282
    6460
    6312
    6300
    6178
    6127
    6198
    6208
    6216
    6274
    6293
    6222
    6456
    6410
    6565
    6614
    6601
    6502
    6342
    6203
    6065
    6191
    6058
    6142
    6123
    6218
    5906
    6160
    6132
    6226
    6063
    6185
    6191
    6250
    6298
    6310
    6253
    6254
    6284
    6446
    6377
    6384
    6376
    6275
    6387
    6338
    6209
    6353
    6277
    6252
    6205
    6182
    6278
    6091
    6211
    6407
    6339
    6216
    6243
    6280
    6151
    6171
    6030
    6152
    6225
    6114
    6178
    6052
    6139
    6091
    6089
    6091
    6121
    6100
    6073
    6191
    6255
    6520
    6489
    6358
    6273
    6210
    6122
    6110
    6282
    6113
    6362
    6384
    6235
    6337
    6198
    6117
    6302
    6191
    6394
    6195
    6162
    6099
    6198
    6295
    6154
    6171
    6149
    6260
    6252
    6014
    6248
    6012
    5985
    5865
    6146
    6152
    6057
    6130
    6276
    6110
    5996
    6035
    6079
    6141
    6065
    6114
    6238
    6116
    6253
    5976
    5958
    6196
    6260
    6240
    6601
    6659
    6980
    7212
    6999
    6569
    6400
    6132
    6204
    6307
    6375
    6705
    7172
    8418
    9747
   11262
   12241
   12695
   12021
   10303
    8247
    6936
    6206
    6058
    5871
    5907
    5826
    5879
    6017
    5965
    5929
    5995
    6077
    6132
    6682
    7177
    7869
    7998
    7496
    6669
    6365
    6383
    6431
    6179
    6229
    5913
    5728
    5641
    5744
    5709
    5529
    5688
    5607
    5682
    5660
    6024
    6323
    6868
    7181
    6900
    6576
    6080
    5601
    5532
    5500
    5568
    5402
    5621
    5451
    5206
    5232
    5152
    5067
    5164
    5117
    4935
    4999
    5086
    5136
    4909
    5120
    5019
    4972
    4942
    4804
    4950
    5102
    4851
    4877
    4922
    4947
    4885
    4784
    4914
    4850
    4862
    4822
    4892
    4708
    4878
    4851
    4818
    4745
    4668
    4965
    4759
    4960
    4778
    4646
    4641
    4785
    4742
    4911
    4807
    4688
    4674
    4711
    4704
    4675
    4655
    4666
    4625
    4667
    4737
    4530
    4582
    4464
    4565
    4510
    4611
    4587
    4668
    4556
    4486
    4442
    4442
    4466
    4496
    4424
    4431
    4473
    4490
    4354
    4417
    4477
    4470
    4369
    4327
    4394
    4359
    4276
    4373
    4224
    4412
    4312
    4303
    4359
    4178
    4241
    4209
    4136
    4157
    4176
    4176
    4328
    4134
    4234
    4188
    4090
    4153
    4139
    4122
    4064
    4222
    4117
    4178
    4128
    3995
    4107
    4054
    4050
    4056
    3990
    3948
    3971
    4113
    3984
    3969
    3998
    3956
    4135
    3952
    4051
    3981
    4026
    3957
    3931
    4109
    4039
    4063
    4059
    4008
    4054
    3990
    3972
    3979
    3881
    3850
    3986
    3900
    3914
    3911
    4030
    3892
    3955
    3940
    4002
    3915
    3792
    3895
    3953
    3961
    3853
    3889
    3929
    3930
    4024
    3866
    3957
    3915
    3893
    3832
    3871
    3874
    3877
    3845
    3882
    3896
    3770
    3858
    3927
    3968
    3921
    3855
    3826
    3768
    3890
    3872
    3820
    3980
    3913
    3909
    3952
    3978
    4001
    3969
    4030
    3971
    3992
    3984
    3875
    3885
    3917
    3873
    3957
    3943
    3934
    3896
    3959
    4006
    3943
    3917
    3896
    4001
    4028
    3826
    3866
    3858
    3798
    3874
    3849
    3862
    3805
    3802
    3868
    3898
    3901
    3818
    3755
    3743
    3831
    3852
    3911
    3836
    3821
    3786
    3971
    3974
    3785
    3960
    3868
    3914
    3828
    3897
    3949
    3930
    3832
    3942
    3916
    3871
    4003
    3973
    3882
    3868
    4019
    3917
    3852
    4088
    4017
    3907
    3732
    3901
    3870
    3955
    3869
    3947
    3882
    3877
    3945
    3920
    3927
    4109
    3974
    3834
    3896
    3868
    3949
    3905
    3854
    3969
    3896
    3941
    3933
    4025
    3965
    4053
    3986
    4069
    3981
    4020
    4023
    4139
    4011
    4225
    4215
    4135
    4178
    4122
    3953
    3986
    3878
    4010
    4026
    3967
    3925
    3915
    3963
    3969
    3919
    3967
    4075
    3891
    4040
    4036
    3995
    4036
    4180
    4103
    4080
    4036
    3968
    3989
    3968
    3934
    4030
    4038
    4007
    4086
    3958
    3871
    4193
    4154
    4107
    4156
    4103
    4099
    4192
    4283
    4359
    4816
    5716
    7292
    9781
   12373
   14141
   13879
   11811
    9098
    6690
    5151
    4294
    4135
    4173
    4050
    4146
    4087
    4057
    4085
    4061
    4207
    3945
    4080
    4171
    4072
    3998
    4125
    3965
    4101
    4035
    4029
    4055
    4062
    4072
    4078
    4086
    4239
    4083
    4153
    4083
    4241
    4164
    4294
    4260
    4193
    4145
    4266
    4180
    4314
    4214
    4180
    4257
    4191
    4284
    4197
    4290
    4252
    4293
    4201
    4338
    4210
    4220
    4261
    4375
    4339
    4324
    4414
    4399
    4506
    4593
    4524
    4514
    4932
    5330
    5663
    6235
    6697
    6754
    6590
    5823
    5232
    4827
    4639
    4466
    4428
    4479
    4608
    4561
    4514
    4530
    4572
    4489
    4455
    4561
    4439
    4489
    4629
    4687
    4652
    4561
    4573
    4697
    4580
    4554
    4653
    4735
    4868
    4607
    4756
    4768
    4691
    4692
    4750
    4583
    4810
    4871
    4774
    4860
    4807
    4739
    4816
    4685
    4792
    4932
    4838
    4944
    4874
    4921
    4839
    5023
    5005
    4960
    5157
    5536
    6041
    7245
    9498
   12780
   16455
   19005
   19794
   17713
   14363
   10597
    7893
    6147
    5380
    5329
    5079
    5079
    5131
    5057
    5009
    4846
    4894
    5127
    4989
    5157
    5151
    5206
    5031
    5062
    5165
    5139
    5232
    5208
    5158
    5083
    5188
    5319
    5223
    5352
    5328
    5171
    5309
    5208
    5280
    5333
    5246
    5369
    5395
    5475
    5378
    5445
    5440
    5490
    5407
    5327
    5407
    5554
    5441
    5519
    5702
    5665
    5600
    5624
    5672
    5798
    5728
    5740
    5693
    5812
    5646
    5772
    5842
    5887
    5744
    5860
    5853
    5868
    6024
    5925
    5941
    6112
    6069
    5967
    5986
    6164
    6204
    6094
    6034
    6038
    6117
    6264
    6476
    6476
    6390
    6373
    6432
    6568
    6596
    6613
    6559
    6652
    6703
    6723
    6629
    6762
    6957
    6706
    6856
    6900
    6859
    6991
    6995
    7282
    7075
    7246
    7217
    7093
    7140
    7239
    7196
    7413
    7212
    7391
    7439
    7594
    7465
    7680
    7481
    7770
    8189
    8701
    9369
    9915
   10339
   10023
    9610
    9111
    8525
    8199
    7953
    7962
    7798
    7807
    8001
    7973
    7655
    7903
    7992
    8000
    8036
    8045
    8133
    7980
    8194
    8420
    8378
    8701
    8817
    9004
    9011
    8941
    9005
    9110
    9053
    8803
    8829
    8227
    8183
    8153
    7990
    8008
    7986
    8040
    8027
    7967
    8071
    7850
    7956
    7993
    8115
    8047
    7977
    8078
    7848
    8064
    8182
    8184
    8348
    8322
    8639
    8479
    8659
    8863
    8376
    8388
    8344
    8249
    8223
    8060
    8193
    7859
    8259
    8119
    8039
    8088
    7856
    8004
    7950
    8034
    7787
    7772
    7976
    7885
    7956
    7744
    7997
    7788
    7911
    7914
    7862
    7898
    7855
    8011
    7852
    7930
    7784
    7860
    7874
    7936
    7935
    8050
    8070
    8030
    8111
    7949
    8024
    7864
    7918
    7963
    8320
    8662
    9559
   11009
   13175
   15755
   17619
   18794
   18072
   16087
   13565
   11378
    9974
    8949
    9306
    9733
   10797
   12124
   12943
   12796
   12102
   11271
   10014
    9118
    8569
    8092
    8171
    7820
    8021
    7827
    7941
    8058
    8405
    8371
    8609
    8701
    8987
    8896
    9299
   10023
   11954
   15659
   23054
   35400
   52266
   71790
   86507
   92073
   85647
   69616
   50573
   32978
   20579
   13578
   10479
    9069
    8363
    8272
    8059
    7735
    7869
    7573
    7748
    7440
    7723
    7624
    7755
    7694
    7513
    7885
    7693
    7765
    7844
    7700
    7751
    7900
    7997
    8073
    8026
    8104
    8199
    8056
    8247
    8068
    8245
    7909
    8269
    8485
    8360
    8337
    8342
    8407
    8309
    8222
    8241
    8174
    8151
    8301
    8320
    8516
    8422
    8792
    8971
    9245
    9151
    9279
    9256
    9269
    9159
    8905
    8924
    8936
    9164
    9519
    9764
   10420
   11605
   14110
   17850
   24094
   32646
   42597
   51578
   57946
   57648
   51385
   42081
   31955
   23057
   16844
   12892
   11105
    9823
    9386
    9148
    9120
    9133
    9015
    8867
    8862
    9054
    9163
    8900
    9072
    9345
    9332
    9660
    9995
   10587
   11831
   14086
   17639
   22665
   28887
   34573
   38936
   40594
   40128
   39271
   38668
   39235
   39696
   40883
   40563
   42959
   47329
   55840
   64715
   71688
   73275
   68136
   58075
   45838
   35421
   27312
   22453
   20626
   21432
   24830
   32714
   45690
   66750
   97812
  135344
  176182
  207199
  221620
  212911
  183693
  143313
  102556
   68655
   44463
   29597
   20775
   16720
   14793
   14228
   14817
   15621
   17565
   18438
   19511
   19291
   18046
   16266
   14510
   12931
   11494
   10431
   10019
    9567
    9421
    9331
    9249
    9373
    9341
    9576
    9904
   10208
   10662
   11127
   11459
   12605
   13751
   14972
   17738
   21753
   28736
   40451
   61022
   93538
  141645
  204243
  273754
  336800
  376021
  377237
  341304
  277342
  204536
  138585
   87865
   54322
   35203
   24615
   18887
   15631
   14047
   12290
   11036
    9849
    8751
    8194
    7578
    7052
    6872
    6556
    6353
    6186
    6267
    6078
    6002
    6031
    5687
    5818
    5888
    5735
    5585
    5585
    5504
    5453
    5474
    5313
    5461
    5484
    5490
    5478
    5352
    5446
    5624
    5882
    6344
    7258
    8617
   10381
   11979
   12873
   13017
   12523
   10870
    9176
    7435
    6381
    5711
    5381
    5096
    5138
    5052
    5199
    4971
    5104
    5209
    5187
    5294
    5172
    5280
    5199
    5422
    5356
    5307
    5509
    5680
    5708
    5997
    6682
    7278
    8441
   10082
   11775
   13467
   14288
   14797
   14351
   13258
   12295
   11908
   12750
   14318
   17202
   19831
   22482
   23309
   22774
   20488
   17128
   13897
   11210
    9224
    7785
    7126
    6822
    6447
    6433
    6278
    6173
    6171
    5917
    5850
    5786
    5886
    5797
    5814
    6035
    6159
    6471
    6837
    7076
    7292
    7287
    7297
    7386
    7196
    7240
    7587
    8254
    9215
   10505
   11952
   13417
   14870
   15659
   16281
   17210
   18020
   19900
   23211
   27615
   32514
   36603
   37204
   35563
   31112
   25313
   19865
   15802
   13022
   12065
   12538
   14292
   17549
   22937
   30850
   40415
   50283
   58645
   62932
   62941
   57801
   50207
   43424
   39434
   40446
   48242
   61829
   79104
   96953
  111102
  116968
  111882
   97915
   78616
   59275
   42521
   30012
   22214
   17155
   14460
   12904
   11402
   10093
    9347
    8744
    8595
    8475
    8686
    9049
    9394
    9319
    9140
    8517
    7789
    7260
    6835
    6505
    6297
    6247
    6375
    6544
    6940
    7541
    8436
    9735
   11845
   14878
   19156
   24749
   30655
   36992
   42132
   45074
   46053
   43311
   38078
   31937
   26130
   20490
   16881
   14730
   14411
   14428
   15141
   15469
   14994
   13661
   11917
    9711
    7730
    6306
    5015
    4325
    3825
    3469
    3417
    3448
    3368
    3341
    3373
    3297
    3412
    3409
    3436
    3558
    3417
    3321
    3455
    3341
    3192
    3274
    3177
    3194
    3209
    3204
    3076
    3222
    3260
    3268
    3087
    3195
    3127
    3223
    3132
    3229
    3210
    3193
    3103
    3125
    3083
    3109
    3164
    3191
    3144
    3179
    3159
    3107
    2977
    3058
    3070
    3056
    3044
    3031
    3156
    3055
    3201
    3094
    3230
    3200
    3226
    3404
    3480
    3799
    4158
    4845
    5740
    6485
    7122
    7404
    7168
    6624
    5736
    4930
    4178
    3549
    3350
    3238
    3016
    2964
    3018
    2992
    3002
    2945
    2953
    2968
    2896
    2891
    2903
    3001
    2929
    3035
    2939
    3028
    2881
    2965
    2905
    2903
    2933
    2925
    2860
    2894
    2979
    2843
    2910
    2859
    2809
    2770
    2810
    2910
    2880
    2973
    2817
    2873
    2854
    2926
    2889
    2866
    2966
    3005
    3111
    3183
    3181
    3191
    3352
    3156
    2951
    3024
    2890
    2896
    2883
    2770
    2790
    2763
    2776
    2775
    2781
    2753
    2755
    2837
    2806
    2735
    2896
    2788
    2741
    2751
    2690
    2761
    2808
    2722
    2748
    2761
    2697
    2697
    2740
    2740
    2767
    2643
    2701
    2660
    2815
    2731
    2729
    2716
    2828
    2777
    2745
    2631
    2683
    2664
    2767
    2798
    2648
    2670
    2631
    2567
    2665
    2714
    2675
    2700
    2684
    2712
    2635
    2676
    2712
    2618
    2618
    2691
    2630
    2712
    2686
    2685
    2595
    2692
    2657
    2735
    2645
    2521
    2659
    2602
    2613
    2626
    2605
    2702
    2740
    2736
    2736
    2733
    2723
    2705
    2721
    2745
    2717
    2595
    2679
    2603
    2651
    2548
    2573
    2633
    2543
    2627
    2472
    2711
    2582
    2655
    2616
    2674
    2601
    2504
    2559
    2637
    2594
    2545
    2509
    2629
    2589
    2663
    2662
    2734
    2667
    2899
    2785
    2858
    2800
    2741
    2749
    2730
    2554
    2546
    2532
    2504
    2521
    2498
    2552
    2508
    2597
    2572
    2548
    2597
    2561
    2711
    2824
    2902
    3022
    3003
    3058
    3077
    3092
    2769
    2768
    2743
    2566
    2528
    2565
    2460
    2570
    2559
    2555
    2555
    2490
    2557
    2653
    2568
    2461
    2537
    2481
    2494
    2494
    2466
    2455
    2463
    2499
    2466
    2596
    2550
    2410
    2375
    2528
    2484
    2508
    2522
    2522
    2367
    2580
    2514
    2531
    2520
    2474
    2489
    2468
    2432
    2408
    2499
    2504
    2415
    2566
    2524
    2493
    2474
    2451
    2447
    2455
    2520
    2451
    2449
    2575
    2698
    2786
    3077
    3253
    3663
    3756
    3969
    3991
    3948
    3749
    3368
    3099
    2858
    2806
    2636
    2419
    2535
    2469
    2475
    2389
    2411
    2429
    2505
    2515
    2456
    2371
    2461
    2497
    2538
    2442
    2517
    2565
    2587
    2605
    2705
    2780
    3178
    3745
    5140
    7701
   12067
   19147
   29504
   42725
   57260
   70946
   80194
   83108
   78901
   67752
   53372
   38020
   24974
   15324
    9372
    5531
    3610
    2765
    2420
    2380
    2282
    2169
    2334
    2330
    2199
    2195
    2268
    2230
    2292
    2169
    2264
    2322
    2308
    2310
    2374
    2376
    2366
    2397
    2376
    2336
    2221
    2302
    2228
    2148
    2221
    2170
    2132
    2266
    2163
    2188
    2154
    2178
    2117
    2154
    2193
    2245
    2228
    2236
    2130
    2125
    2339
    2114
    2192
    2200
    2150
    2142
    2199
    2211
    2188
    2258
    2203
    2191
    2251
    2064
    2127
    2210
    2156
    2184
    2153
    2137
    2244
    2211
    2224
    2036
    2245
    2201
    2191
    2176
    2200
    2145
    2223
    2220
    2201
    2305
    2194
    2223
    2326
    2334
    2353
    2485
    2648
    2666
    2681
    2728
    2763
    2662
    2427
    2440
    2278
    2283
    2178
    2287
    2218
    2290
    2225
    2200
    2253
    2242
    2201
    2237
    2171
    2219
    2221
    2226
    2300
    2216
    2231
    2257
    2241
    2246
    2206
    2268
    2180
    2243
    2273
    2233
    2214
    2254
    2319
    2212
    2144
    2210
    2195
    2215
    2183
    2152
    2149
    2161
    2197
    2198
    2167
    2225
    2199
    2129
    2177
    2167
    2211
    2221
    2160
    2161
    2110
    2224
    2165
    2106
    2188
    2267
    2194
    2212
    2197
    2162
    2259
    2183
    2173
    2149
    2210
    2188
    2144
    2193
    2213
    2263
    2124
    2199
    2242
    2168
    2091
    2196
    2245
    2179
    2143
    2172
    2128
    2224
    2152
    2250
    2175
    2224
    2196
    2218
    2161
    2236
    2263
    2194
    2118
    2156
    2175
    2115
    2176
    2217
    2183
    2151
    2181
    2159
    2152
    2181
    2174
    2191
    2259
    2207
    2295
    2212
    2170
    2258
    2244
    2185
    2123
    2184
    2196
    2246
    2171
    2187
    2270
    2232
    2171
    2204
    2196
    2283
    2164
    2223
    2254
    2188
    2244
    2257
    2168
    2233
    2183
    2236
    2258
    2246
    2256
    2206
    2248
    2246
    2258
    2180
    2277
    2402
    2511
    2764
    3387
    4113
    5749
    8186
   11936
   17214
   23742
   30794
   36702
   41253
   43542
   41756
   36984
   30038
   23198
   16565
   11058
    7140
    4657
    3337
    2603
    2416
    2269
    2157
    2167
    2238
    2183
    2068
    2080
    2124
    2105
    2132
    2165
    2098
    2089
    2146
    2095
    2158
    2118
    2154
    2103
    2147
    2200
    2158
    2130
    2051
    2055
    2190
    2159
    2200
    2197
    2139
    2062
    2144
    2143
    2199
    2126
    2068
    2099
    2070
    2079
    2075
    2156
    2214
    2091
    2105
    2178
    2216
    2119
    2159
    2138
    2099
    2117
    2206
    2173
    2150
    2136
    2094
    2159
    2067
    2109
    2131
    2088
    2083
    2095
    2088
    2192
    2094
    2091
    2122
    2073
    2090
    2136
    2138
    2142
    2112
    2134
    2168
    2154
    2152
    2156
    2138
    2127
    2131
    2128
    2085
    2148
    2154
    2172
    2117
    2050
    2139
    2153
    2103
    2205
    2113
    2135
    2207
    2162
    2093
    2139
    2057
    2151
    2178
    2128
    2094
    2158
    2163
    2133
    2147
    2116
    2181
    2049
    2210
    2126
    2139
    2174
    2158
    2251
    2220
    2225
    2286
    2143
    2232
    2095
    2179
    2130
    2249
    2188
    2277
    2368
    2310
    2302
    2321
    2275
    2426
    2336
    2394
    2255
    2381
    2284
    2321
    2307
    2330
    2330
    2222
    2319
    2298
    2314
    2237
    2389
    2455
    2571
    2619
    2691
    2662
    2683
    2706
    2656
    2562
    2486
    2349
    2380
    2222
    2206
    2204
    2235
    2200
    2232
    2203
    2163
    2101
    2248
    2190
    2248
    2220
    2244
    2147
    2134
    2132
    2195
    2233
    2154
    2227
    2176
    2212
    2059
    2192
    2194
    2261
    2231
    2193
    2282
    2160
    2370
    2250
    2281
    2478
    2260
    2224
    2390
    2268
    2265
    2364
    2329
    2380
    2334
    2257
    2392
    2275
    2257
    2124
    2231
    2271
    2257
    2221
    2277
    2230
    2321
    2353
    2284
    2210
    2200
    2256
    2316
    2206
    2259
    2201
    2183
    2246
    2259
    2237
    2176
    2285
    2190
    2311
    2362
    2531
    2622
    3011
    3337
    3765
    4228
    4815
    5091
    5282
    5364
    5229
    4878
    4393
    4034
    3741
    3362
    3249
    3130
    3023
    2837
    2816
    2676
    2632
    2543
    2582
    2414
    2356
    2316
    2367
    2272
    2372
    2361
    2456
    2551
    2627
    2895
    3139
    3545
    4651
    6659
   10415
   17350
   29780
   51588
   84692
  133403
  196930
  273124
  352896
  425031
  474222
  493526
  476710
  426434
  352310
  270144
  192158
  125672
   77104
   43533
   23029
   11838
    5873
    3172
    2016
    1530
    1349
    1258
    1173
    1193
    1123
    1281
    1127
    1226
    1165
    1187
    1224
    1254
    1236
    1214
    1235
    1316
    1233
    1252
    1267
    1259
    1290
    1265
    1252
    1199
    1151
    1169
    1142
    1145
    1114
    1077
    1118
    1146
    1141
    1141
    1106
    1038
    1087
    1068
    1007
    1008
    1054
     976
    1043
     965
    1050
    1091
     982
    1041
    1064
    1031
    1132
     979
    1047
    1070
    1021
    1090
     990
    1108
    1072
    1063
    1100
    1103
    1199
    1149
    1204
    1204
    1112
    1159
    1057
    1094
    1060
    1012
    1041
    1041
    1038
    1108
    1075
    1090
    1155
    1096
    1215
    1233
    1238
    1223
    1159
    1164
    1156
    1095
    1038
    1017
    1010
     993
    1001
     937
    1001
     964
    1000
    1074
    1088
    1213
    1586
    1936
    2590
    3157
    4024
    5024
    5753
    6195
    6509
    6195
    5588
    4874
    4066
    3177
    2359
    1839
    1473
    1204
    1110
     981
     973
     920
     864
     916
     964
     879
     947
     973
    1033
    1043
    1091
    1132
    1206
    1068
    1158
    1077
    1105
    1042
    1029
     938
     890
     901
     902
     905
     823
     859
     884
     903
     927
     894
     873
     874
     936
     933
     973
     978
    1030
    1167
    1240
    1193
    1279
    1291
    1256
    1264
    1205
    1094
    1012
    1006
     948
     948
     882
     860
     845
     911
     876
     915
     913
     924
     899
     887
     901
     936
     878
     864
     927
     866
     886
     929
     908
     922
     960
     927
    1041
    1133
    1388
    1672
    2165
    3038
    4141
    5405
    6916
    8333
    9443
    9902
    9932
    9498
    8224
    6885
    5619
    4108
    3100
    2089
    1582
    1268
    1105
     955
     921
     927
     939
     966
     930
     992
     928
     919
     943
     936
     964
     977
     943
     990
    1014
    1032
    1063
    1165
    1336
    1799
    2520
    3699
    5660
    8690
   12818
   18734
   24939
   31674
   38183
   42395
   44739
   44195
   40515
   34316
   27641
   20829
   14565
    9783
    6113
    3800
    2271
    1591
    1102
    1005
     866
     763
     761
     756
     790
     749
     765
     730
     771
     745
     809
     756
     806
     805
     761
     821
     797
     800
     797
     773
     787
     783
     776
     759
     816
     784
     747
     794
     774
     785
     831
     831
     823
     874
     776
     812
     809
     830
     835
     851
     837
     861
     843
     844
     844
     847
     867
     857
     781
     782
     789
     761
     733
     718
     681
     664
     696
     670
     643
     673
     685
     655
     635
     666
     685
     645
     610
     632
     643
     661
     620
     685
     695
     675
     654
     646
     641
     639
     672
     663
     664
     693
     647
     715
     680
     661
     679
     684
     703
     730
     683
     733
     671
     694
     675
     651
     691
     646
     636
     624
     670
     675
     645
     652
     631
     674
     624
     570
     630
     602
     628
     679
     673
     700
     741
     801
     812
     941
     911
     897
     884
     832
     819
     759
     706
     719
     640
     653
     635
     657
     637
     674
     598
     559
     612
     648
     616
     620
     623
     598
     575
     612
     638
     619
     588
     656
     608
     680
     728
     715
     755
     833
     883
     998
     969
     929
     922
     907
     904
     789
     746
     792
     650
     669
     650
     624
     631
     587
     589
     579
     601
     609
     637
     633
     636
     617
     665
     614
     599
     628
     624
     602
     645
     628
     612
     603
     656
     620
     582
     663
     613
     700
     732
     800
     839
     968
    1125
    1245
    1452
    1558
    1611
    1600
    1561
    1474
    1316
    1191
    1020
     865
     731
     723
     623
     684
     622
     614
     593
     598
     622
     611
     573
     585
     610
     580
     583
     524
     651
     642
     578
     631
     580
     558
     549
     590
     576
     571
     577
     600
     561
     619
     597
     566
     549
     595
     572
     573
     584
     565
     607
     571
     596
     596
     604
     613
     597
     626
     569
     612
     634
     621
     596
     588
     620
     598
     593
     626
     592
     598
     591
     607
     600
     575
     596
     618
     607
     585
     613
     601
     604
     586
     629
     598
     600
     634
     608
     612
     592
     542
     614
     569
     587
     602
     540
     567
     607
     593
     617
     594
     612
     633
     633
     594
     598
     602
     583
     611
     540
     577
     551
     593
     539
     552
     556
     532
     516
     544
     557
     521
     544
     540
     571
     543
     534
     567
     517
     557
     591
     519
     546
     528
     579
     502
     527
     563
     557
     561
     500
     581
     568
     524
     527
     538
     551
     538
     536
     549
     574
     553
     569
     529
     568
     541
     556
     512
     548
     537
     541
     609
     611
     679
     674
     781
     798
     803
     800
     849
     791
     763
     679
     678
     610
     611
     586
     525
     564
     492
     538
     546
     518
     555
     555
     528
     526
     538
     539
     553
     538
     585
     540
     597
     554
     595
     589
     552
     607
     636
     635
     655
     618
     601
     634
     568
     567
     592
     575
     610
     587
     574
     599
     574
     580
     605
     618
     599
     613
     563
     556
     557
     579
     596
     594
     554
     627
     663
     742
     882
    1021
    1183
    1389
    1624
    1747
    1937
    1932
    1888
    1810
    1693
    1587
    1286
    1119
     869
     753
     750
     633
     586
     561
     527
     485
     538
     544
     502
     544
     547
     576
     556
     593
     671
     725
     795
     836
     975
    1050
    1194
    1188
    1258
    1151
    1078
     980
     917
     841
     714
     622
     623
     578
     573
     606
     547
     590
     582
     614
     612
     656
     600
     567
     623
     561
     536
     551
     504
     521
     505
     503
     509
     494
     494
     490
     495
     524
     495
     484
     469
     510
     462
     482
     506
     513
     479
     519
     492
     514
     510
     511
     509
     520
     464
     506
     503
     499
     463
     498
     489
     491
     534
     543
     553
     503
     503
     487
     506
     480
     473
     484
     519
     557
     541
     597
     634
     642
     702
     838
     824
     863
     976
     921
     903
     946
     863
     726
     778
     651
     638
     565
     540
     504
     497
     534
     501
     498
     487
     492
     470
     513
     488
     542
     535
     525
     492
     518
     517
     540
     556
     578
     581
     567
     475
     544
     569
     513
     515
     507
     514
     546
     493
     505
     469
     499
     473
     539
     511
     491
     502
     480
     476
     477
     520
     510
     457
     508
     486
     457
     462
     520
     462
     480
     502
     499
     485
     507
     512
     496
     498
     469
     478
     490
     490
     517
     471
     483
     501
     520
     490
     503
     487
     512
     474
     498
     497
     532
     497
     488
     498
     521
     487
     516
     496
     464
     502
     501
     481
     489
     519
     490
     470
     508
     487
     497
     479
     471
     548
     492
     457
     473
     497
     485
     503
     482
     485
     480
     473
     507
     499
     476
     429
     460
     437
     506
     486
     502
     477
     484
     482
     476
     480
     535
     509
     492
     508
     510
     507
     471
     550
     480
     439
     485
     547
     506
     566
     604
     572
     629
     698
     734
     840
     870
     928
     860
     862
     901
     797
     697
     688
     597
     562
     540
     514
     528
     477
     455
     476
     468
     498
     481
     477
     479
     475
     463
     461
     493
     497
     503
     484
     485
     505
     455
     492
     455
     440
     448
     476
     439
     454
     492
     485
     461
     484
     551
     502
     530
     456
     492
     506
     487
     570
     484
     526
     512
     491
     508
     489
     494
     477
     451
     451
     461
     487
     455
     449
     501
     442
     461
     452
     467
     461
     456
     467
     413
     509
     455
     475
     457
     458
     447
     476
     459
     438
     461
     485
     445
     475
     447
     470
     431
     418
     452
     480
     509
     431
     451
     486
     484
     425
     465
     434
     493
     456
     465
     430
     465
     494
     499
     519
     485
     533
     510
     514
     509
     489
     470
     507
     513
     479
     501
     489
     518
     483
     533
     495
     511
     452
     471
     485
     446
     440
     491
     487
     488
     514
     494
     442
     460
     467
     436
     495
     474
     495
     462
     498
     439
     472
     502
     492
     501
     471
     535
     520
     566
     577
     675
     585
     603
     557
     589
     583
     586
     513
     505
     500
     468
     471
     443
     460
     483
     481
     471
     464
     461
     483
     526
     454
     444
     503
     456
     445
     417
     486
     474
     492
     434
     527
     486
     483
     531
     486
     476
     500
     477
     468
     446
     434
     461
     419
     442
     468
     476
     455
     447
     482
     457
     467
     454
     489
     463
     513
     452
     481
     497
     487
     471
     522
     522
     488
     509
     532
     509
     564
     552
     550
     586
     621
     668
     686
     678
     719
     748
     799
     784
     746
     751
     740
     743
     710
     631
     578
     538
     564
     545
     500
     485
     492
     453
     505
     465
     514
     508
     532
     541
     564
     553
     588
     612
     581
     582
     598
     528
     569
     591
     585
     602
     589
     599
     600
     581
     591
     602
     617
     634
     662
     717
     753
     846
     759
     835
     846
     818
     786
     784
     748
     677
     671
     640
     648
     657
     631
     723
     713
     757
     835
     775
     883
     902
     877
     882
     774
     748
     694
     643
     635
     556
     570
     547
     525
     510
     486
     488
     532
     525
     484
     496
     509
     470
     487
     499
     517
     455
     525
     516
     446
     502
     465
     491
     582
     488
     513
     564
     550
     502
     571
     514
     552
     559
     575
     694
     714
     815
     835
     941
     976
    1049
    1077
    1119
    1166
    1054
    1050
     912
     852
     791
     645
     619
     544
     524
     475
     447
     436
     448
     402
     419
     409
     399
     413
     375
     395
     412
     421
     449
     396
     397
     429
     394
     427
     409
     439
     389
     364
     410
     393
     391
     382
     403
     389
     450
     382
     422
     409
     439
     417
     415
     409
     430
     477
     433
     419
     429
     423
     440
     436
     402
     434
     368
     417
     387
     402
     384
     438
     419
     422
     402
     435
     399
     417
     429
     452
     473
     441
     397
     491
     461
     449
     439
     429
     458
     454
     458
     434
     454
     477
     467
     467
     452
     483
     463
     466
     466
     501
     508
     514
     566
     582
     607
     560
     651
     618
     596
     610
     539
     562
     532
     480
     508
     468
     493
     404
     429
     458
     427
     380
     382
     418
     418
     412
     414
     405
     415
     426
     456
     435
     422
     464
     446
     478
     449
     458
     445
     492
     428
     430
     454
     454
     444
     477
     467
     486
     503
     474
     471
     516
     472
     508
     479
     458
     481
     494
     473
     452
     462
     482
     474
     487
     540
     502
     553
     534
     549
     532
     556
     574
     590
     558
     604
     609
     622
     654
     641
     603
     597
     581
     477
     474
     473
     444
     474
     394
     413
     424
     433
     412
     396
     412
     387
     410
     444
     370
     368
     378
     452
     379
     387
     365
     363
     376
     385
     381
     391
     413
     445
     406
     452
     491
     518
     593
     552
     618
     618
     639
     693
     674
     653
     670
     632
     558
     522
     544
     443
     452
     453
     396
     395
     374
     393
     372
     395
     357
     390
     371
     371
     328
     373
     399
     348
     383
     350
     334
     363
     368
     358
     334
     377
     331
     362
     362
     337
     339
     348
     334
     410
     398
     351
     371
     421
     403
     423
     252
       0
       0
       0
       0
       0
       0
       0
       0
       0
       0
       0
       0
       0
       0
       0
       0
       0
       0
       0
       0
       0
       0
       0
       0
       0
       0
       0
       0
       0
       0
       0
       0
       0
       0
       0
       0
       0
       0
       0
       0
       0
       0
       0
       0
       0
       0
$ENER_FIT:
0.000000 0.075000
$PRESETS:
Live Time (sec)
1315
0
$RT:
1800.000000
$DT:
485000
$ISO_DECL_U:
SMPLNAM: IDB-187
SEPDATE: 01/01/1900 00:00:00
U234: 0.14861 
DU234: 0.2490
U235: 20.107 
DU235: 0.0995
U236: 0.1973 
DU236: 0.6589
U238: 79.547 
DU238: 0.0251
$ADC:
4096
0
4095