$APPLICATION_ID:
IDB v.1.0
$SPEC_REM:
Material type: U
Material form: powder
Material compound: U3O8
U isotopics:
234U 0.3718
235U 52.488
236U 0.26451
238U 46.876
Detector: HPGe (Geometry: Coaxial, Size: Approx 25% rel eff closed end coax)
MCA: Unknown
$DATE_MEA:
10/15/1998 17:16:00
$MEAS_TIM:
1148 1800
$DATA:
0 8191
       0
       0
       0
       0
       0
       0
       0
       0
       0
       0
       0
       0
       0
       0
       0
       0
       0
       0
       0
       0
       0
       0
       0
       0
       0
   28814
   27827
   27033
   26420
   25914
   25636
   25272
   24736
   24284
   23919
   23736
   22826
   22509
   22316
   22062
   21487
   21265
   21375
   20934
   20413
   20073
   20269
   19985
   19773
   19832
   19276
   19175
   19005
   19130
   18533
   18362
   18456
   18049
   17818
   17591
   17933
   17490
   17254
   17280
   16993
   17079
   17093
   16836
   16705
   16677
   16488
   16403
   16296
   16344
   16071
   15964
   15800
   15876
   16122
   15482
   15741
   15672
   15347
   15558
   15534
   15334
   15220
   15130
   14922
   15096
   14880
   15272
   15089
   15089
   14834
   14913
   15255
   14559
   14710
   14636
   14601
   14632
   14531
   14516
   14445
   14303
   14478
   14350
   14021
   14290
   14140
   14091
   14148
   14122
   13891
   13980
   14059
   13727
   14047
   13626
   13673
   13637
   13580
   13432
   13464
   13448
   13455
   13402
   13478
   13271
   13329
   13439
   13257
   13447
   13224
   13212
   13053
   12887
   13099
   13315
   13150
   13147
   13116
   12955
   12799
   12868
   12649
   12705
   12910
   12654
   12836
   12586
   12731
   12725
   12506
   12434
   12516
   12224
   12552
   12379
   12318
   12312
   12396
   12241
   12289
   12251
   12134
   12140
   12211
   12139
   12119
   12157
   12084
   12038
   12076
   11913
   11821
   11811
   11967
   11637
   11774
   11703
   11791
   11773
   11874
   11890
   11802
   11867
   11698
   11691
   11533
   11529
   11431
   11627
   11540
   11572
   11353
   11518
   11381
   11456
   11479
   11302
   11368
   11290
   11047
   11316
   11301
   11386
   11223
   11132
   11237
   11244
   11208
   10935
   11012
   10877
   11111
   11014
   10911
   10819
   10947
   10606
   10969
   10686
   10824
   10686
   10648
   10370
   10901
   10539
   10493
   10490
   10715
   10463
   10467
   10677
   10541
   10363
   10320
   10086
   10253
   10304
   10068
   10152
   10342
   10128
   10066
   10070
    9892
   10018
    9949
    9877
    9908
    9719
    9866
    9891
    9763
    9794
    9585
    9716
    9724
    9509
    9738
    9538
    9559
    9511
    9582
    9554
    9654
    9330
    9319
    9397
    9414
    9410
    9148
    9253
    9229
    9403
    9316
    9173
    8977
    9109
    9181
    9014
    8996
    9215
    8991
    9109
    9069
    9031
    8922
    8854
    9023
    8915
    8919
    8965
    9039
    8908
    8975
    8798
    8974
    8738
    8889
    8863
    8847
    8687
    8905
    8885
    8819
    8687
    8818
    8664
    8687
    8749
    8779
    8687
    8661
    8743
    8829
    8846
    8829
    8819
    8687
    8615
    8799
    8719
    8477
    8740
    8649
    8381
    8634
    8673
    8506
    8546
    8626
    8475
    8537
    8519
    8645
    8518
    8613
    8611
    8648
    8502
    8460
    8522
    8578
    8458
    8575
    8498
    8475
    8503
    8644
    8503
    8471
    8572
    8231
    8203
    8527
    8412
    8392
    8284
    8503
    8426
    8456
    8309
    8497
    8413
    8505
    8442
    8498
    8606
    8467
    8448
    8388
    8282
    8306
    8410
    8477
    8418
    8302
    8372
    8305
    8133
    8421
    8429
    8367
    8383
    8435
    8444
    8323
    8451
    8428
    8335
    8363
    8263
    8501
    8387
    8317
    8375
    8302
    8380
    8375
    8236
    8320
    8328
    8342
    8426
    8180
    8352
    8113
    8325
    8219
    8354
    8162
    8218
    8390
    8388
    7981
    8291
    8207
    8392
    8205
    8195
    8452
    8256
    8268
    8307
    8316
    8480
    8264
    8171
    8347
    8210
    8224
    8271
    8323
    8260
    8243
    8281
    8383
    8266
    8152
    8203
    8246
    8217
    8077
    8227
    8287
    8422
    8314
    8156
    8261
    8235
    8246
    8355
    8422
    8286
    8261
    8418
    8306
    8189
    8365
    8377
    8470
    8316
    8531
    8436
    8383
    8405
    8400
    8542
    8642
    8330
    8466
    8433
    8370
    8448
    8394
    8452
    8402
    8485
    8337
    8479
    8390
    8425
    8438
    8396
    8465
    8513
    8601
    8558
    8687
    8520
    8694
    8574
    8676
    8538
    8729
    8559
    8652
    8629
    8406
    8597
    8615
    8698
    8541
    8602
    8826
    8517
    8737
    8872
    8779
    8638
    8778
    8741
    8795
    8655
    8767
    8668
    8799
    8640
    8747
    8714
    8702
    8890
    8782
    8870
    8917
    8764
    8755
    8872
    8961
    8833
    9032
    8852
    8875
    8900
    9116
    8934
    8920
    8982
    8929
    8996
    8912
    9108
    9094
    8982
    9050
    9284
    9147
    9223
    9217
    9281
    9120
    9269
    9229
    9198
    9091
    9027
    9297
    9220
    9304
    9092
    9202
    9130
    9334
    9352
    9144
    9485
    9142
    9395
    9343
    9409
    9407
    9357
    9294
    9253
    9364
    9331
    9519
    9447
    9493
    9721
    9553
    9479
    9436
    9453
    9497
    9360
    9533
    9430
    9419
    9425
    9397
    9456
    9697
    9416
    9636
    9672
    9759
    9455
    9449
    9515
    9496
    9200
    9243
    9223
    9163
    9011
    9004
    8919
    9080
    8857
    8879
    8835
    8767
    8889
    8535
    8552
    8412
    8457
    8388
    8481
    8183
    7934
    7821
    7749
    7852
    7585
    7485
    7379
    7385
    7076
    7077
    7021
    7009
    6934
    7033
    6730
    6682
    6856
    6740
    6594
    6724
    6571
    6470
    6434
    6464
    6607
    6401
    6291
    6343
    6399
    6221
    6219
    6265
    6131
    6004
    5999
    5988
    6026
    5855
    5982
    5830
    5793
    5906
    6005
    5912
    6180
    6243
    6385
    7119
    7438
    7913
    7903
    7555
    6891
    6651
    6221
    6151
    6021
    5836
    5888
    5911
    5768
    5562
    5714
    5661
    5741
    5639
    5716
    5668
    5641
    5783
    5647
    5763
    5856
    5777
    5843
    5728
    5776
    5743
    5968
    5573
    5742
    5648
    5784
    5836
    5689
    5786
    5678
    5777
    5793
    5867
    6128
    6410
    6909
    7757
    8304
    8801
    8487
    8120
    7420
    6606
    6149
    5898
    5713
    5726
    6019
    5752
    5879
    5919
    5695
    5980
    5959
    6194
    6458
    6658
    6903
    7076
    7106
    7224
    7803
    8820
    9857
   11129
   11847
   11824
   11098
    9933
    8977
    8999
   10106
   12890
   17099
   21925
   26232
   27170
   25035
   20748
   15495
   11785
    8878
    7520
    7366
    7319
    7341
    7331
    7223
    6966
    6661
    6350
    6175
    6345
    6132
    6263
    6427
    6653
    6900
    7358
    8390
   10437
   14414
   21405
   32206
   44756
   55438
   60481
   57178
   47156
   34310
   22393
   14590
   10369
    7969
    6920
    6195
    6050
    5658
    5691
    5533
    5483
    5477
    5384
    5425
    5365
    5348
    5396
    5450
    5495
    5299
    5521
    5551
    5589
    5917
    6290
    6673
    7339
    7227
    6914
    6755
    6158
    5826
    5633
    5624
    5605
    5613
    5624
    5763
    5798
    5716
    5873
    5954
    6146
    6691
    7091
    7787
    8519
    8817
    8943
    9143
    9408
   10102
   10736
   11538
   11270
   10724
    9363
    8424
    7565
    7236
    6972
    6760
    6764
    6723
    6716
    6751
    6976
    7094
    7331
    7310
    7450
    7651
    7932
    8490
    9079
    9990
   10794
   11790
   13092
   14626
   16690
   18500
   19328
   18349
   16231
   14324
   13082
   13263
   15459
   19595
   24551
   28027
   30812
   30357
   30266
   31113
   36163
   43832
   49880
   52296
   48394
   40034
   30124
   22018
   15871
   12558
   10463
    9431
    8660
    8295
    8152
    7853
    7781
    7673
    7735
    7820
    7805
    8306
    9061
   10626
   13135
   16907
   21168
   25010
   27237
   27537
   25135
   21679
   17884
   15522
   14071
   13558
   12524
   11428
   10074
    8806
    7654
    6790
    6339
    6337
    6417
    6327
    6225
    6422
    6325
    6194
    6209
    6277
    6147
    6239
    6334
    6464
    6266
    6269
    6235
    6437
    6234
    6393
    6367
    6294
    6332
    6259
    6370
    6270
    6414
    6413
    6361
    6355
    6490
    6622
    6811
    7156
    7467
    8214
    8708
    9344
    9546
    9133
    8479
    7683
    7340
    6839
    6799
    6709
    6774
    6620
    6646
    6669
    6649
    6756
    6821
    6824
    6804
    6761
    6767
    6731
    6771
    6809
    6808
    6783
    6702
    6820
    6866
    6846
    6950
    7003
    7099
    7166
    7197
    7525
    7218
    7142
    7139
    7231
    7054
    7001
    6947
    7167
    7234
    7148
    7155
    7278
    7002
    7280
    7220
    7249
    7366
    7316
    7295
    7424
    7417
    7366
    7434
    7351
    7375
    7371
    7475
    7460
    7445
    7436
    7536
    7397
    7648
    7597
    7693
    7706
    7721
    7807
    7600
    7703
    7845
    7753
    7745
    7696
    7739
    7811
    7784
    7851
    7982
    7901
    7927
    7994
    7924
    8087
    7984
    7914
    8069
    7983
    8081
    7967
    8267
    8040
    8280
    8309
    8248
    8299
    8342
    8331
    8386
    8483
    8491
    8698
    8609
    8616
    8586
    8677
    8517
    8494
    8625
    8817
    9052
    9052
    9181
    9244
    9444
    9285
    9053
    8925
    8946
    8866
    9016
    9019
    9048
    8974
    8922
    9149
    9099
    8954
    9086
    8986
    9199
    9304
    9090
    8923
    9204
    9343
    9346
    9241
    9431
    9402
    9283
    9236
    9365
    9431
    9579
    9656
    9583
    9844
    9719
    9860
   10004
   10579
   11209
   11709
   12100
   12162
   11771
   11247
   10731
   10398
   10177
    9973
   10035
    9911
   10109
    9984
   10087
   10272
   10295
   10313
   10836
   12249
   15573
   22844
   36673
   58652
   88340
  116545
  135682
  136732
  119082
   90027
   60196
   36168
   22171
   14307
   11243
   10119
    9900
    9794
    9887
    9525
    9488
    9810
    9710
   10024
   10023
    9810
   10054
    9831
    9757
    9718
    9710
    9708
    9745
    9700
    9680
    9836
    9738
    9975
    9983
    9910
    9804
    9909
    9848
    9807
    9941
   10003
   10036
    9972
   10104
    9950
   10042
   10181
   10053
   10134
   10220
   10155
   10335
   10241
   10293
   10524
   10776
   11055
   11221
   11402
   11588
   11597
   11160
   11118
   10858
   10768
   10544
   10477
   10494
   10700
   10685
   10644
   10627
   10641
   10813
   10729
   10755
   11018
   10970
   10804
   10885
   11041
   10983
   10995
   10896
   11111
   11246
   11203
   11186
   11068
   11045
   11169
   11418
   11349
   11189
   11322
   11394
   11408
   11449
   11382
   11402
   11482
   11457
   11368
   11519
   11649
   11742
   11485
   11494
   11699
   11712
   11625
   11560
   11645
   11791
   11937
   11948
   11818
   11794
   12151
   11931
   11995
   11882
   11974
   12203
   12081
   12028
   12091
   11955
   12009
   12064
   12023
   12073
   12410
   12073
   12444
   12227
   12351
   12287
   12455
   12361
   12319
   12610
   12467
   12532
   12773
   12634
   12877
   12794
   12891
   13120
   14029
   15968
   20028
   28002
   41698
   61277
   83658
  103424
  113019
  109320
   92845
   69914
   47835
   31149
   21054
   15954
   13775
   12789
   12536
   12541
   12711
   12702
   12649
   12498
   12550
   12680
   12572
   12651
   12497
   12501
   12873
   12761
   12783
   12797
   12723
   12872
   12844
   12925
   12898
   12749
   12864
   12849
   12772
   12956
   13110
   12718
   12819
   12767
   13075
   13184
   13112
   13203
   13149
   13256
   13251
   13300
   13254
   13429
   13210
   13595
   13401
   13666
   13442
   13521
   13585
   13499
   13640
   13583
   13877
   13752
   13812
   13621
   13887
   13729
   13696
   13879
   13696
   13853
   13835
   13945
   14066
   14090
   14256
   14232
   14303
   14439
   14350
   14397
   14560
   14409
   14388
   14339
   14550
   14617
   14565
   14758
   14995
   14573
   14794
   14631
   14658
   14656
   14748
   14664
   14979
   14852
   15096
   14755
   14748
   14729
   14980
   14855
   14771
   15073
   14963
   14980
   15002
   15171
   14813
   15176
   15086
   15027
   15289
   15250
   15508
   15392
   15408
   15300
   15653
   15417
   15537
   15718
   15784
   15839
   15757
   15635
   16123
   16308
   15961
   15903
   15926
   16117
   15881
   16276
   15991
   16130
   16344
   16120
   16138
   16438
   16424
   16294
   16492
   16522
   16760
   16981
   17718
   19005
   20899
   22976
   25093
   26690
   26754
   26090
   24336
   22312
   21162
   20072
   19445
   18484
   18210
   18286
   17711
   17622
   17885
   17986
   18881
   21567
   28293
   44704
   83520
  168526
  326583
  578746
  919390
 1291993
 1592311
 1717574
 1613459
 1321230
  944555
  586123
  322113
  156664
   69735
   31237
   16240
   10644
    9071
    8306
    7696
    7290
    6977
    6839
    6745
    6463
    6225
    6140
    6104
    5872
    5847
    5870
    5718
    5507
    5378
    5340
    5262
    5156
    5040
    5086
    4916
    4805
    4996
    4798
    4679
    4846
    4561
    4611
    4761
    4645
    4578
    4517
    4553
    4413
    4385
    4579
    4461
    4362
    4398
    4297
    4321
    4325
    4290
    4264
    4232
    4300
    4304
    4170
    4106
    4068
    3998
    4181
    4313
    4492
    5105
    6550
    8755
   12147
   16404
   21157
   24107
   25236
   23085
   19296
   14529
   10297
    7266
    5444
    4419
    3905
    3922
    3740
    3763
    3780
    3738
    3808
    3543
    3608
    3727
    3652
    3628
    3650
    3732
    3654
    3651
    3611
    3659
    3824
    4076
    4282
    4603
    4810
    5117
    5104
    5089
    4725
    4258
    3958
    3823
    3540
    3667
    3613
    3435
    3523
    3566
    3546
    3607
    3623
    3660
    3756
    4182
    5220
    7091
   10582
   16389
   23991
   32078
   39419
   42449
   41085
   34981
   26695
   18287
   11752
    7441
    5153
    3976
    3435
    3401
    3308
    3440
    3389
    3443
    3596
    4001
    5228
    8022
   14026
   26425
   47487
   79410
  117460
  157182
  184478
  190747
  173466
  138636
   98311
   60520
   33746
   17224
    8808
    4661
    3090
    2492
    2375
    2278
    2188
    2136
    2141
    2061
    1985
    2037
    1966
    1978
    2026
    2011
    1912
    1965
    1886
    1878
    1926
    1832
    1848
    1781
    1783
    1873
    1875
    1833
    1794
    1788
    1731
    1777
    1792
    1719
    1757
    1669
    1676
    1803
    1655
    1633
    1669
    1701
    1667
    1602
    1721
    1616
    1565
    1633
    1651
    1623
    1578
    1614
    1588
    1602
    1657
    1541
    1644
    1565
    1545
    1577
    1566
    1533
    1596
    1555
    1484
    1556
    1581
    1685
    1981
    2081
    2457
    2591
    2725
    2608
    2450
    2172
    2004
    1790
    1649
    1545
    1484
    1436
    1418
    1447
    1432
    1445
    1439
    1532
    1636
    1833
    1973
    2427
    2736
    2984
    2976
    2847
    2626
    2290
    1905
    1610
    1451
    1375
    1370
    1349
    1357
    1302
    1377
    1324
    1399
    1369
    1346
    1371
    1334
    1379
    1501
    1700
    2106
    2892
    3659
    4749
    5591
    6308
    6288
    5560
    4545
    3478
    2638
    1952
    1581
    1341
    1326
    1352
    1239
    1229
    1259
    1314
    1250
    1245
    1301
    1177
    1184
    1226
    1222
    1233
    1227
    1267
    1222
    1217
    1224
    1243
    1233
    1236
    1234
    1188
    1236
    1225
    1267
    1276
    1316
    1285
    1183
    1232
    1339
    1302
    1259
    1212
    1259
    1292
    1202
    1254
    1169
    1270
    1198
    1234
    1251
    1220
    1318
    1340
    1319
    1457
    1524
    1498
    1469
    1372
    1365
    1260
    1245
    1161
    1167
    1208
    1155
    1129
    1199
    1157
    1200
    1151
    1076
    1090
    1152
    1138
    1185
    1124
    1219
    1164
    1107
    1150
    1199
    1132
    1212
    1111
    1155
    1213
    1323
    1495
    1635
    1901
    2193
    2485
    2509
    2351
    2135
    1806
    1593
    1463
    1321
    1224
    1162
    1145
    1128
    1081
    1098
    1162
    1164
    1206
    1352
    1475
    1514
    1627
    1757
    1707
    1579
    1496
    1405
    1282
    1175
    1195
    1125
    1166
    1093
    1131
    1127
    1140
    1115
    1165
    1269
    1361
    1481
    1721
    1774
    1838
    1816
    1726
    1545
    1378
    1221
    1175
    1228
    1055
    1125
    1185
    1269
    1435
    1763
    2315
    2905
    3586
    4178
    4384
    4209
    3806
    3193
    2521
    1907
    1506
    1325
    1211
    1172
    1111
    1171
    1098
    1070
    1126
    1079
    1083
    1007
    1069
    1072
    1044
    1065
    1029
    1017
    1087
    1021
    1028
    1113
    1027
    1036
    1041
    1101
    1061
    1071
    1069
    1044
    1033
     985
    1076
    1050
    1047
    1200
    1400
    1691
    2146
    2670
    3128
    3576
    3584
    3503
    3040
    2624
    2036
    1655
    1334
    1193
    1163
    1031
    1068
    1032
    1006
    1028
    1013
    1004
    1128
    1043
    1116
    1032
    1047
    1054
    1085
    1060
    1086
    1072
    1006
    1069
    1089
    1091
    1011
    1036
    1030
    1035
     995
     982
     950
     978
    1012
     970
    1011
     998
    1031
     996
    1016
     962
    1008
    1007
     980
     997
    1057
     966
     957
     980
     959
    1008
    1025
    1004
     989
     974
    1056
    1032
    1057
    1011
    1073
    1028
    1023
    1021
     954
     998
    1031
    1008
    1039
    1009
    1073
    1038
    1068
    1083
    1055
     990
     991
    1031
    1033
     973
    1059
     970
    1116
    1162
    1290
    1390
    1486
    1550
    1446
    1415
    1340
    1193
    1084
    1068
    1005
    1029
    1006
    1004
    1035
    1023
     987
     993
    1045
     978
     925
     957
     943
     981
     956
     950
     937
     926
     944
     982
     977
     912
     942
     974
     916
     943
     980
     983
     946
     871
     896
     947
     890
     951
     914
     958
     882
     925
     921
     887
     935
     936
     893
     928
     952
     853
     969
     951
     870
     890
     895
     925
     881
     896
     945
     966
    1053
    1141
    1213
    1138
    1169
    1097
    1032
     998
     969
    1028
     955
     893
     912
     950
     920
     915
     883
     853
     909
     877
     922
     923
     941
     949
    1001
    1106
    1109
    1089
    1093
    1036
    1004
    1039
     969
     934
     967
     865
     929
     938
     967
     979
    1119
    1014
    1096
    1010
     988
     951
     953
     961
     920
     955
     921
     908
     943
     851
     891
     828
     887
     895
     869
     887
     869
     863
     860
     946
     930
     929
     919
    1042
    1119
    1246
    1318
    1475
    1556
    1729
    1666
    1596
    1438
    1336
    1149
    1053
     945
     907
     888
     897
     857
     881
     850
     866
     849
     884
     896
     901
     854
     898
     928
     870
     872
     915
     858
     912
     915
     925
     912
     946
     918
     917
     931
     892
     908
     890
     951
     985
    1012
    1061
    1074
    1100
    1089
     978
    1007
     995
     967
     966
    1039
    1055
    1018
    1021
     900
     904
     882
     882
     911
     909
     972
    1018
    1081
    1064
    1091
    1124
    1147
    1137
    1192
    1344
    1394
    1501
    1474
    1359
    1248
    1255
    1179
    1032
     924
     877
     862
     871
     828
     889
     854
     854
     888
     907
     919
     869
     842
     801
     869
     838
     796
     842
     863
     841
     850
     840
     888
     863
     817
     834
     871
     870
     862
     818
     877
     873
     853
     889
     912
     958
    1029
     978
    1013
     950
     959
     965
     939
     916
     909
     807
     900
     878
     925
    1070
    1196
    1352
    1609
    1817
    1858
    1939
    1804
    1547
    1477
    1217
    1081
     998
     823
     858
     792
     841
     797
     826
     859
     870
     873
     920
     916
     849
     867
     927
     857
     968
     990
     895
     962
    1012
     939
     965
     973
     953
     975
     993
    1008
     995
    1134
    1154
    1138
    1165
    1276
    1302
    1253
    1377
    1294
    1268
    1107
    1006
     948
     818
     859
     840
     823
     850
     784
     793
     770
     820
     817
     801
     767
     800
     880
     940
    1015
    1053
    1168
    1230
    1263
    1208
    1180
    1081
    1084
     933
     895
     883
     871
     869
     881
     876
     916
     906
     890
     912
     835
     939
     834
     863
     937
     885
     800
     843
     811
     793
     794
     802
     754
     794
     738
     851
     795
     806
     799
     806
     762
     767
     794
     769
     749
     732
     755
     707
     739
     760
     727
     779
     750
     755
     743
     774
     821
     853
     808
     823
     817
     820
     830
     774
     764
     789
     770
     699
     718
     757
     757
     721
     761
     764
     807
     692
     763
     789
     800
     782
     821
     763
     770
     778
     779
     757
     808
     809
     814
     851
     932
     960
     918
     937
     864
     833
     802
     750
     787
     798
     713
     722
     787
     789
     728
     749
     730
     733
     764
     739
     771
     778
     710
     728
     744
     739
     771
     705
     748
     768
     734
     746
     753
     727
     691
     775
     764
     740
     785
     769
     796
     789
     784
     753
     816
     839
     804
     848
     797
     757
     852
     768
     741
     746
     782
     724
     702
     731
     744
     726
     738
     704
     708
     776
     685
     750
     781
     737
     701
     809
     728
     769
     782
     754
     760
     782
     746
     795
     722
     776
     692
     746
     765
     737
     791
     738
     748
     724
     748
     708
     739
     716
     780
     748
     756
     702
     706
     703
     717
     728
     782
     750
     780
     767
     828
     852
     796
     784
     721
     739
     719
     700
     749
     716
     734
     784
     782
     749
     783
     803
     796
     757
     739
     775
     798
     813
     769
     838
     770
     720
     738
     747
     744
     766
     764
     798
     744
     711
     734
     764
     789
     866
     918
    1057
    1232
    1492
    1783
    1993
    2177
    2193
    2134
    1856
    1665
    1446
    1180
    1066
     882
     839
     783
     728
     701
     698
     686
     668
     668
     743
     697
     731
     753
     745
     667
     730
     713
     681
     713
     707
     704
     727
     707
     685
     676
     743
     688
     741
     686
     716
     700
     761
     772
     669
     739
     684
     722
     676
     711
     720
     738
     658
     700
     739
     738
     673
     679
     702
     729
     745
     760
     720
     714
     709
     746
     734
     691
     702
     749
     725
     679
     713
     745
     742
     765
     715
     728
     750
     751
     718
     667
     736
     736
     697
     730
     723
     685
     673
     710
     720
     737
     692
     747
     696
     703
     688
     743
     761
     763
     696
     671
     734
     715
     725
     681
     728
     745
     678
     762
     760
     725
     781
     743
     725
     664
     673
     709
     751
     732
     752
     757
     697
     702
     730
     708
     796
     847
     942
    1115
    1361
    1693
    2131
    2325
    2729
    2706
    2809
    2509
    2121
    1780
    1411
    1130
     943
     802
     787
     780
     696
     676
     772
     747
     712
     756
     746
     825
     903
    1071
    1284
    1435
    1753
    1865
    1906
    2032
    1863
    1704
    1458
    1132
     975
     866
     740
     712
     684
     777
     807
     854
     854
     909
     922
    1008
     931
     911
     892
     832
     825
     798
     781
     795
     786
     672
     685
     690
     704
     688
     741
     720
     702
     677
     691
     667
     645
     649
     699
     710
     712
     707
     678
     673
     696
     689
     710
     724
     708
     777
     805
     764
     798
     799
     850
     748
     822
     794
     728
     734
     705
     751
     681
     737
     736
     679
     675
     678
     671
     667
     676
     652
     707
     682
     714
     659
     673
     681
     708
     723
     722
     701
     705
     686
     671
     709
     639
     699
     678
     687
     688
     697
     670
     651
     709
     733
     650
     636
     706
     650
     701
     707
     674
     721
     655
     668
     736
     712
     772
     686
     714
     683
     656
     674
     656
     696
     717
     706
     666
     696
     725
     707
     722
     705
     745
     704
     742
     708
     738
     689
     732
     700
     710
     673
     701
     686
     717
     673
     727
     714
     687
     657
     707
     713
     663
     718
     718
     745
     773
     832
     907
     893
     931
     899
     932
     936
     932
     973
     843
     801
     819
     793
     753
     748
     735
     756
     756
     860
     946
    1243
    1661
    2447
    3515
    4904
    6501
    8211
    9342
    9995
    9870
    8996
    7462
    5736
    4145
    2778
    1867
    1232
     835
     689
     555
     550
     536
     531
     511
     580
     505
     522
     504
     516
     486
     520
     522
     484
     504
     507
     501
     509
     494
     508
     499
     498
     518
     501
     476
     470
     514
     494
     470
     498
     528
     507
     466
     485
     501
     481
     466
     501
     486
     497
     478
     476
     483
     482
     480
     498
     509
     505
     525
     458
     499
     462
     519
     444
     488
     494
     534
     600
     532
     591
     602
     671
     671
     722
     692
     690
     673
     622
     613
     512
     492
     471
     509
     507
     461
     470
     484
     491
     473
     490
     509
     455
     477
     487
     450
     414
     461
     454
     439
     469
     471
     480
     515
     517
     461
     519
     496
     500
     506
     429
     481
     466
     434
     457
     459
     454
     490
     494
     466
     501
     456
     500
     508
     538
     623
     665
     857
     914
    1112
    1285
    1333
    1344
    1235
    1140
     995
     868
     686
     582
     535
     517
     495
     459
     436
     446
     441
     442
     493
     522
     579
     700
     933
    1175
    1511
    1912
    2083
    2432
    2573
    2456
    2249
    1822
    1510
    1180
     931
     686
     541
     480
     423
     407
     404
     416
     424
     420
     388
     408
     406
     414
     395
     338
     432
     399
     391
     444
     428
     418
     391
     390
     416
     410
     436
     377
     443
     411
     387
     411
     380
     429
     424
     391
     361
     391
     419
     407
     425
     376
     382
     396
     404
     420
     401
     413
     399
     426
     416
     416
     379
     389
     401
     407
     381
     381
     442
     403
     422
     389
     356
     433
     388
     427
     387
     416
     403
     410
     405
     420
     414
     415
     415
     445
     451
     469
     498
     485
     490
     490
     516
     491
     484
     427
     389
     385
     387
     391
     401
     372
     386
     415
     374
     421
     402
     436
     382
     380
     394
     407
     419
     448
     423
     426
     437
     443
     439
     398
     372
     389
     380
     373
     374
     359
     383
     383
     410
     412
     441
     434
     502
     461
     485
     475
     491
     457
     370
     399
     400
     386
     384
     365
     383
     349
     372
     375
     380
     373
     358
     378
     425
     413
     425
     437
     497
     511
     522
     551
     498
     524
     483
     470
     441
     408
     405
     368
     379
     353
     376
     360
     330
     367
     336
     359
     362
     340
     350
     354
     351
     372
     335
     330
     370
     366
     328
     335
     344
     333
     372
     374
     357
     345
     341
     306
     388
     396
     363
     331
     333
     352
     351
     348
     343
     345
     319
     314
     344
     350
     368
     322
     353
     342
     352
     351
     342
     382
     305
     359
     347
     340
     355
     331
     360
     369
     338
     368
     403
     361
     340
     350
     351
     356
     368
     310
     331
     396
     328
     330
     335
     362
     337
     336
     340
     330
     369
     321
     347
     368
     350
     329
     358
     320
     354
     353
     372
     340
     313
     351
     328
     356
     330
     369
     342
     385
     349
     306
     298
     363
     312
     321
     321
     338
     337
     343
     356
     315
     373
     338
     367
     328
     341
     347
     350
     309
     395
     370
     426
     406
     366
     411
     392
     394
     397
     409
     375
     374
     363
     359
     337
     315
     339
     379
     343
     354
     349
     331
     311
     316
     310
     346
     322
     322
     332
     331
     355
     298
     339
     321
     320
     343
     329
     331
     319
     315
     300
     304
     327
     332
     338
     308
     327
     369
     348
     378
     371
     366
     364
     369
     340
     315
     322
     324
     309
     287
     364
     295
     338
     281
     305
     313
     311
     313
     309
     294
     318
     303
     332
     306
     311
     354
     325
     306
     319
     318
     298
     328
     286
     310
     319
     300
     310
     329
     308
     263
     309
     310
     294
     297
     332
     307
     302
     313
     311
     320
     330
     343
     350
     310
     333
     318
     290
     296
     282
     325
     329
     288
     309
     295
     310
     297
     328
     319
     308
     305
     307
     298
     330
     325
     320
     300
     283
     303
     303
     270
     310
     294
     323
     307
     299
     285
     296
     321
     310
     314
     339
     348
     295
     330
     321
     308
     312
     314
     312
     331
     333
     317
     297
     318
     304
     311
     316
     318
     329
     284
     320
     325
     313
     325
     291
     313
     322
     312
     333
     295
     293
     302
     314
     312
     332
     363
     346
     349
     298
     306
     307
     325
     298
     281
     298
     341
     271
     297
     301
     287
     300
     299
     335
     286
     337
     310
     339
     305
     307
     328
     309
     345
     291
     327
     298
     292
     333
     304
     321
     283
     296
     282
     312
     313
     322
     297
     299
     316
     295
     304
     322
     291
     279
     304
     294
     281
     267
     297
     321
     288
     308
     311
     307
     314
     298
     293
     304
     270
     285
     279
     266
     300
     263
     301
     285
     250
     290
     288
     310
     270
     274
     280
     270
     263
     305
     320
     313
     317
     320
     303
     300
     283
     314
     290
     249
     268
     287
     275
     281
     313
     257
     298
     282
     298
     266
     282
     292
     290
     300
     304
     271
     291
     272
     295
     256
     295
     320
     282
     262
     303
     266
     256
     258
     275
     291
     286
     292
     268
     329
     276
     287
     291
     270
     276
     293
     274
     258
     274
     318
     271
     271
     281
     306
     270
     266
     282
     265
     273
     295
     298
     296
     270
     273
     283
     287
     298
     297
     289
     260
     310
     289
     260
     282
     304
     266
     297
     298
     293
     321
     314
     307
     281
     280
     308
     262
     290
     282
     270
     289
     267
     282
     269
     267
     293
     288
     270
     263
     279
     249
     232
     274
     268
     251
     243
     271
     285
     261
     265
     242
     297
     284
     275
     280
     271
     276
     258
     273
     270
     277
     255
     266
     271
     264
     286
     259
     292
     292
     308
     279
     297
     265
     292
     291
     323
     276
     289
     286
     291
     287
     276
     295
     250
     267
     263
     250
     256
     265
     252
     283
     288
     271
     296
     252
     267
     274
     261
     269
     262
     267
     243
     264
     269
     297
     270
     238
     231
     240
     250
     267
     277
     280
     252
     282
     255
     289
     259
     264
     277
     279
     262
     272
     238
     252
     266
     243
     280
     265
     279
     256
     270
     253
     276
     243
     239
     264
     248
     262
     249
     273
     257
     264
     272
     267
     287
     228
     255
     282
     249
     272
     250
     233
     230
     274
     231
     249
     230
     239
     257
     292
     266
     279
     249
     260
     256
     245
     252
     240
     262
     263
     255
     225
     245
     258
     246
     251
     242
     245
     258
     264
     270
     253
     282
     259
     274
     258
     249
     271
     258
     247
     233
     247
     269
     233
     283
     225
     233
     262
     246
     252
     266
     264
     260
     250
     275
     273
     272
     245
     284
     265
     291
     241
     240
     245
     243
     237
     237
     271
     248
     232
     241
     249
     228
     245
     260
     263
     252
     239
     242
     249
     254
     265
     268
     247
     257
     244
     265
     270
     228
     235
     231
     266
     240
     246
     261
     270
     270
     239
     244
     260
     251
     226
     267
     248
     222
     251
     230
     260
     224
     265
     236
     258
     248
     242
     218
     236
     251
     240
     259
     239
     238
     268
     240
     245
     267
     241
     231
     230
     248
     243
     241
     254
     229
     221
     240
     259
     267
     243
     264
     268
     217
     235
     255
     236
     231
     238
     256
     223
     234
     250
     227
     247
     229
     243
     252
     237
     207
     241
     217
     234
     251
     225
     247
     218
     231
     242
     230
     262
     248
     259
     258
     273
     238
     252
     243
     264
     250
     276
     274
     255
     275
     263
     264
     257
     234
     227
     254
     253
     232
     263
     259
     267
     248
     266
     274
     250
     274
     267
     298
     337
     286
     392
     352
     402
     427
     430
     469
     486
     465
     450
     388
     407
     382
     354
     355
     315
     334
     311
     300
     254
     266
     265
     266
     256
     260
     255
     254
     264
     240
     260
     260
     245
     257
     254
     262
     270
     260
     250
     254
     255
     252
     232
     229
     257
     226
     236
     235
     223
     238
     223
     219
     220
     222
     252
     233
     236
     240
     223
     239
     199
     264
     219
     247
     272
     224
     226
     239
     257
     236
     229
     246
     222
     239
     234
     235
     258
     212
     232
     254
     265
     253
     225
     191
     231
     236
     248
     231
     242
     225
     211
     221
     212
     262
     240
     236
     232
     226
     228
     231
     209
     218
     229
     243
     218
     234
     223
     216
     229
     241
     190
     214
     186
     233
     197
     216
     242
     226
     224
     207
     214
     235
     200
     217
     231
     198
     224
     216
     228
     245
     213
     220
     208
     188
     224
     252
     236
     248
     191
     222
     209
     264
     224
     220
     228
     236
     217
     196
     216
     233
     257
     237
     232
     220
     216
     224
     234
     232
     234
     225
     225
     216
     256
     244
     246
     207
     252
     229
     245
     252
     218
     217
     240
     246
     243
     283
     264
     230
     219
     240
     216
     223
     222
     218
     205
     210
     214
     250
     206
     233
     203
     206
     253
     215
     217
     219
     236
     244
     205
     200
     189
     226
     220
     214
     241
     227
     230
     218
     186
     218
     203
     219
     200
     214
     231
     232
     225
     234
     225
     210
     221
     231
     213
     218
     213
     229
     205
     227
     196
     205
     220
     216
     233
     239
     234
     238
     213
     186
     198
     207
     221
     208
     237
     215
     253
     218
     228
     221
     202
     217
     196
     215
     221
     209
     231
     192
     202
     208
     221
     221
     227
     209
     216
     225
     206
     217
     203
     222
     210
     218
     240
     260
     259
     251
     220
     234
     253
     227
     220
     219
     228
     218
     206
     216
     201
     182
     194
     160
     232
     200
     201
     207
     200
     208
     232
     202
     224
     219
     206
     226
     223
     209
     216
     186
     239
     207
     215
     195
     237
     231
     194
     213
     185
     215
     207
     211
     198
     204
     229
     202
     217
     218
     230
     212
     211
     225
     214
     209
     215
     211
     222
     192
     202
     217
     241
     226
     181
     202
     211
     197
     204
     217
     207
     183
     207
     214
     226
     186
     201
     200
     205
     193
     214
     185
     227
     243
     213
     192
     220
     216
     201
     210
     181
     207
     221
     180
     192
     217
     209
     199
     197
     208
     208
     229
     203
     210
     214
     206
     232
     233
     232
     228
     216
     192
     225
     256
     218
     218
     215
     227
     205
     237
     215
     207
     223
     231
     190
     221
     222
     202
     204
     220
     191
     185
     210
     215
     213
     189
     203
     184
     203
     195
     215
     239
     218
     198
     222
     212
     194
     191
     212
     226
     198
     175
     193
     193
     196
     208
     208
     173
     199
     209
     179
     176
     201
     228
     220
     214
     221
     203
     202
     197
     218
     234
     195
     203
     203
     213
     187
     202
     214
     211
     204
     198
     191
     219
     208
     206
     216
     188
     168
     196
     221
     192
     185
     213
     207
     187
     249
     252
     235
     269
     243
     286
     299
     326
     296
     358
     315
     282
     337
     258
     248
     235
     197
     195
     210
     216
     200
     217
     191
     168
     199
     197
     165
     186
     205
     196
     204
     184
     195
     197
     178
     192
     201
     211
     211
     211
     200
     187
     199
     208
     203
     182
     177
     175
     201
     198
     187
     186
     217
     182
     185
     183
     192
     167
     206
     203
     185
     203
     193
     219
     200
     190
     189
     189
     187
     210
     194
     186
     173
     181
     206
     197
     202
     168
     177
     202
     173
     173
     186
     202
     164
     191
     165
     206
     188
     177
     170
     162
     179
     185
     183
     187
     205
     170
     179
     168
     183
     180
     200
     178
     170
     197
     184
     198
     216
     204
     210
     259
     307
     307
     375
     452
     540
     634
     675
     724
     710
     649
     647
     532
     460
     352
     306
     270
     237
     200
     200
     172
     168
     160
     157
     161
     175
     163
     174
     175
     183
     152
     182
     148
     187
     184
     152
     172
     176
     152
     164
     175
     195
     172
     172
     171
     176
     173
     165
     160
     172
     165
     150
     188
     156
     188
     157
     168
     175
     152
     151
     165
     168
     170
     169
     153
     154
     157
     167
     154
     164
     157
     177
     152
     157
     197
     164
     163
     156
     193
     173
     148
     160
     160
     162
     165
     161
     154
     184
     166
     160
     178
     162
     172
     167
     162
     162
     171
     173
     131
     171
     129
     175
     175
     166
     175
     153
     171
     145
     170
     159
     153
     180
     180
     168
     169
     156
     178
     160
     173
     197
     173
     133
     158
     152
     152
     183
     164
     147
     155
     173
     162
     160
     154
     166
     150
     183
     169
     168
     164
     161
     156
     157
     142
     146
     161
     147
     168
     162
     156
     160
     159
     157
     144
     162
     160
     151
     161
     157
     152
     168
     170
     167
     168
     165
     153
     167
     170
     176
     148
     153
     145
     162
     125
     162
     146
     156
     166
     145
     153
     155
     154
     167
     147
     173
     126
     169
     176
     160
     146
     180
     147
     151
     151
     149
     151
     130
     164
     169
     165
     170
     183
     154
     157
     138
     138
     180
     155
     152
     180
     161
     152
     174
     183
     189
     177
     198
     225
     201
     208
     199
     193
     178
     169
     161
     153
     184
     153
     131
     165
     154
     140
     160
     171
     142
     141
     174
     158
     149
     167
     145
     147
     148
     158
     146
     154
     145
     140
     141
     151
     142
     136
     156
     150
     135
     141
     152
     148
     122
     132
     173
     154
     131
     153
     152
     152
     138
     149
     144
     147
     155
     138
     148
     140
     161
     148
     150
     178
     145
     147
     139
     132
     154
     158
     173
     148
     145
     162
     155
     135
     138
     145
     156
     149
     145
     148
     151
     151
     137
     143
     155
     153
     140
     166
     121
     155
     159
     149
     159
     153
     152
     137
     138
     151
     156
     150
     154
     122
     143
     151
     119
     132
     151
     144
     148
     140
     133
     154
     148
     140
     155
     147
     153
     155
     166
     154
     152
     142
     145
     132
     153
     154
     167
     166
     169
     149
     142
     134
     158
     132
     136
     153
     145
     137
     139
     136
     133
     129
     157
     142
     147
     141
     130
     130
     169
     140
     142
     145
     144
     168
     172
     147
     133
     143
     142
     132
     133
     141
     147
     148
     158
     151
     167
     159
     143
     130
     118
     129
     142
     161
     146
     127
     127
     139
     133
     137
     150
     118
     135
     145
     131
     152
     135
     135
     150
     146
     134
     169
     146
     135
     129
     144
     128
     145
     160
     137
     150
     147
     138
     158
     153
     150
     137
     144
     153
     145
     147
     120
     136
     140
     140
     140
     131
     144
     122
     157
     147
     159
     147
     128
     133
     132
     132
     138
     142
     135
     124
     143
     159
     127
     133
     138
     136
     118
     152
     144
     139
     156
     136
     127
     109
     152
     135
     123
     125
     129
     131
     129
     153
     128
     133
     142
     134
     131
     142
     125
     135
     127
     131
     148
     146
     132
     145
     142
     124
     120
     132
     129
     113
     151
     116
     114
     126
     135
     140
     135
     124
     146
     140
     131
     128
     132
     134
     160
     155
     127
     129
     136
     109
     139
     139
     141
     139
     128
     128
     148
     128
     113
     137
     137
     143
     154
     148
     120
     140
     146
     136
     140
     121
     132
     132
     138
     145
     133
     141
     119
     134
     138
     134
     123
     135
     136
     137
     139
     126
     130
     123
     131
     124
     110
     134
     151
     136
     155
     124
     143
     136
     124
     111
     139
     122
     135
     145
     118
     131
     124
     137
     126
     118
     152
     131
     146
     138
     136
     140
     140
     122
     133
     125
     132
     150
     142
     148
     148
     161
     152
     119
     154
     118
     134
     126
     129
     116
     138
     135
     114
     113
     119
     154
     127
     136
     138
     147
     144
     117
     145
     124
     130
     116
     124
     146
     134
     137
     135
     111
     132
     142
     104
     130
     133
     125
     118
     134
     130
     120
     129
     115
     105
     122
     122
     118
     135
     111
     107
     101
     122
     128
     128
     131
     138
     131
     109
     126
     127
     134
     145
     125
     117
     135
     141
     134
     143
     127
     118
     141
     128
     126
     148
     131
     122
     130
     128
     111
     141
     136
     137
     133
     130
     133
     111
     122
     147
     131
     139
     152
     130
     144
     139
     133
     138
     144
     152
     124
     136
     144
     112
     124
     148
     126
     142
     143
     132
     125
     103
     110
     141
     121
     116
     118
     122
     158
     120
     139
     120
     139
     146
     140
     134
     113
     126
     129
     125
     115
     111
     133
     123
     112
     123
     113
     112
     110
     117
     113
     118
     132
     120
     152
     126
     158
     125
     118
     128
     132
     134
     121
     144
     114
     122
     135
     118
     131
     121
     108
     133
     113
     144
     116
     124
     139
     155
     122
     147
     116
     101
     111
     125
     116
     142
     102
     114
     105
     102
     120
     108
     113
     132
     117
     128
     111
     140
     118
     117
     120
     122
     122
     111
     119
     117
     116
     128
     124
     130
     126
      99
     111
     109
     131
     121
     121
     109
     122
     128
     130
     109
     112
     118
     117
     114
     124
     130
     122
     142
     100
     115
     106
     126
     118
     128
     121
     127
     144
     113
     118
     125
     132
     125
     132
     115
     121
      92
     139
     117
     128
     134
     129
     128
     125
     119
     137
     136
     132
     123
     112
      93
     110
     109
     127
     107
     117
     112
     112
     128
     116
     124
      93
     128
     126
     122
     116
      95
     125
     112
     119
      95
     127
     101
     101
     113
     113
     112
     136
     124
     119
     131
     108
     138
     129
     131
     126
     184
     172
     173
     175
     178
     153
     171
     153
     154
     129
     129
     137
     125
     121
     125
     143
     118
     117
     119
     126
     117
     119
     119
     123
     121
     144
     117
     120
     142
     112
     106
     125
     127
     128
     106
     106
     128
     123
     117
     128
     121
     112
     133
     114
     128
     120
     120
     127
     122
     119
     127
     119
     109
     117
     111
      92
     115
     109
     111
     129
     127
     118
     149
     133
     130
     156
     168
     155
     150
     133
     155
     155
     135
     141
     116
     117
     134
     123
     119
     113
     110
     153
     118
     127
     127
     112
     131
     133
     152
     162
     152
     151
     167
     155
     147
     152
     125
     135
     126
     130
     109
     108
     128
     117
     105
     129
     117
     104
     101
     123
     127
     144
     110
     122
     132
     116
     140
     120
     134
     147
     151
     168
     152
     134
     176
     162
     155
     152
     130
     111
     127
     113
     109
     118
     113
     126
     123
     117
     102
     124
     142
     134
      93
     127
     117
     110
     110
     131
     110
     107
     121
     109
     132
     106
     107
     117
     124
      97
     109
     118
      96
     121
      99
     120
     105
     128
     105
     124
     120
     112
     115
      96
     123
     104
     115
     114
     122
     105
     118
     101
     107
      95
     108
     123
     115
     114
     119
     124
     120
     124
     114
     122
     109
     100
      90
     128
     117
     101
     113
     107
     126
     111
     102
     102
     115
     132
     103
     101
     110
     121
     113
     114
     122
     122
      91
     118
      90
     123
      91
     110
     105
     106
     116
      99
     114
     122
     116
     106
     127
     111
      97
     107
     117
     107
     115
      91
     105
     125
     126
     119
      93
     112
     118
     109
     104
     114
     110
     122
     106
     109
     106
     114
     113
     139
      96
     115
     106
     133
     112
     102
     113
     116
     103
     118
     125
     119
      92
     118
      96
     106
     118
     104
     121
     113
     116
     101
     102
     111
     105
     114
     104
     103
     108
     114
     125
     130
     169
     122
     166
     161
     155
     223
     210
     207
     213
     208
     189
     151
     161
     166
     148
     132
     122
      97
     114
     124
      93
     115
     119
     108
      90
     108
      96
      99
     115
      96
     109
     100
     127
     123
     120
     115
     111
     120
     129
     103
     134
     100
      96
     105
     113
     105
     121
     126
     109
     105
     129
     172
     160
     173
     172
     174
     185
     161
     169
     178
     135
     159
     162
     142
     123
     106
     116
     131
     114
     113
     113
     112
     112
     107
     116
      85
     120
     107
      96
     106
     123
     111
     120
     109
     114
     119
     115
      98
     142
     106
     105
     121
     112
     129
     116
     121
     133
     131
     125
     116
     109
     137
     111
     143
     139
     183
     175
     177
     192
     184
     166
     148
     146
     168
     131
     149
     135
     126
     118
     118
     148
     166
     165
     215
     267
     325
     385
     441
     538
     599
     607
     592
     643
     542
     511
     507
     443
     335
     296
     205
     217
     167
     162
     143
     157
     124
     124
     106
     124
     132
     128
     104
     108
     122
     118
     104
     112
      97
     115
      96
     107
     101
     118
     118
     104
     118
     121
     116
     105
      98
     108
     112
      89
      98
      84
     127
     111
     116
     103
      97
      99
      95
      90
      94
     103
      84
     119
      97
     105
      97
     115
     117
      78
     103
     122
     136
     107
     102
     108
     126
     111
      99
     128
     111
      95
      95
      85
     106
     121
     104
     101
     114
     106
     104
      95
     101
     129
     109
     124
     111
     101
     109
      98
     118
     126
     134
     106
     127
     112
     119
     116
     130
     112
     103
     106
     109
     122
     120
     114
     118
     120
     108
     101
     101
      99
     107
     103
     126
     114
     101
      94
     113
     115
     105
     112
     119
     105
     119
     129
     112
      98
     113
     110
     128
     101
     108
      96
     107
      93
     111
     111
     106
     117
     119
     122
     111
     109
     104
     112
     113
     105
     110
     102
     100
      97
     121
     111
      92
     116
     104
     100
     130
     100
     118
     128
     128
     110
     114
     113
     117
     116
      92
     136
     135
     123
     120
     159
     159
     194
     210
     293
     350
     523
     671
     909
    1054
    1283
    1546
    1695
    1813
    1849
    1811
    1732
    1536
    1358
    1070
     816
     646
     491
     381
     272
     196
     175
     126
     148
     120
     118
     119
     123
     137
     116
     129
     124
     117
     111
     133
     108
     109
      89
      99
     111
     106
     109
     129
     116
     109
     105
     107
     104
     100
     112
     119
     112
     114
     106
     112
      97
     113
     103
     120
     109
     118
     109
     115
      98
     103
     105
      90
     129
     103
     114
     107
     115
      99
     113
      95
      98
     112
      89
      91
     109
      98
      93
     113
     108
      97
      99
     104
     112
     119
     108
     114
     117
     101
     117
      88
     121
     103
     110
      88
     106
      95
     106
      90
     111
     126
     100
     120
      99
     101
     125
     105
     124
     125
     103
     111
     108
     100
      99
     105
     130
     109
     103
     110
     115
     112
     119
     141
     134
     132
     130
     140
     145
     137
     128
     156
     151
     119
     130
     138
     116
     101
     124
     103
      95
      98
      96
     120
     108
     111
     105
     104
     121
     119
     126
     116
     118
     126
     144
     139
     146
     173
     221
     257
     258
     296
     311
     371
     401
     396
     413
     386
     369
     323
     274
     231
     192
     167
     145
     124
     136
     107
     119
     106
     131
     112
     103
     107
     114
     109
     104
     106
     103
     119
     115
     119
      94
     128
      97
     106
     109
     118
     104
     124
      93
     102
      87
     105
     105
     103
     119
     114
     104
      93
     104
     133
      98
      91
     107
      95
     106
     107
      95
     101
     127
     117
     107
      98
      90
     103
      86
     111
     112
      86
     101
     116
     107
     115
     103
     113
     113
     124
     108
     112
      94
     104
     111
     114
      92
      95
     127
     107
     116
     111
     108
     118
     103
     106
     115
      93
      96
      78
     100
      97
     108
      94
      84
      88
      91
      92
      84
      98
      90
      81
      85
      88
      83
     102
      93
      76
      80
      87
      90
      79
      90
      90
      80
      62
      76
      94
      86
      92
      77
      80
      78
      81
      65
      78
      86
      72
      63
      81
      78
      83
      75
      64
      96
      84
      82
      67
      77
      90
      85
      84
      72
      85
      86
      89
      71
      87
     103
     100
     124
     128
     120
     121
     126
     120
     103
     113
     101
     100
      75
      82
      99
      74
      83
      94
      99
      98
      84
      86
      96
      84
     101
      93
      95
      94
      89
      82
      92
      83
      78
      71
      71
      73
      63
      73
      86
      63
      91
      78
      70
      71
      78
      83
      69
      76
      74
      71
      80
      57
      77
      70
      62
      73
      72
     100
      56
      69
      91
      89
      81
      61
      76
      69
      75
      74
      61
      74
      75
      61
      61
      70
      79
      78
      70
      59
      83
      67
      67
      50
      58
      68
      74
      71
      73
      59
      54
      72
      64
      60
      75
      62
      70
      75
      84
      64
      68
      60
      77
      64
      57
      71
      88
      77
      84
      73
      71
      84
      78
      80
      93
      90
      89
      91
      93
      87
      70
      72
      84
      80
      81
      56
      65
      78
      56
      66
      71
      89
      71
      63
      71
      63
      84
      65
      66
      75
      68
      75
      49
      70
      66
      72
      57
      84
      59
      77
      71
      75
      71
      79
      86
      83
      87
      77
      91
      93
      90
      89
     107
      99
      93
      87
      74
      72
      76
      88
      82
      73
      73
      68
      64
      72
      65
      60
      63
      49
      71
      69
      66
      78
      58
      53
      70
      56
      65
      75
      67
      66
      60
      54
      66
      81
      72
      73
      70
      79
      64
      78
      71
      74
      58
      74
     104
      96
      97
      96
     110
     136
     108
     158
     120
     135
     117
     106
     100
     117
     104
      88
      99
      74
      89
      86
      74
      54
      75
      65
      67
      62
      54
      71
      58
      59
      67
      50
      65
      58
      66
      48
      49
      67
      60
      58
      70
      54
      61
      64
      54
      77
      59
      66
      65
      60
      61
      59
      70
      57
      64
      58
      60
      60
      59
      49
      57
      56
      63
      53
      65
      67
      51
      69
      57
      49
      59
      54
      55
      64
      58
      59
      70
      60
      62
      60
      47
      70
      47
      60
      48
      53
      68
      58
      63
      54
      74
      44
      60
      60
      53
      49
      57
      60
      58
      53
      73
      47
      65
      50
      54
      66
      61
      61
      72
      72
      49
      60
      72
      67
      71
      48
      56
      56
      48
      51
      62
      47
      63
      66
      61
      57
      61
      61
      63
      57
      59
      55
      47
      54
      58
      51
      50
      73
      65
      54
      64
      53
      59
      65
      56
      65
      53
      55
      63
      64
      58
      57
      58
      54
      48
      75
      59
      61
      65
      66
      67
      78
      79
      82
      67
      71
     100
      98
      86
     103
     102
      90
      78
      74
      67
      67
      53
      54
      66
      65
      41
      64
      67
      58
      51
      52
      54
      54
      59
      67
      62
      56
      56
      59
      57
      50
      47
      50
      54
      41
      50
      49
      64
      54
      59
      40
      57
      51
      66
      52
      51
      38
      64
      53
      43
      45
      51
      49
      41
      50
      52
      50
      54
      45
      50
      51
      59
      66
      58
      61
      46
      68
      64
      83
      79
      83
     106
      82
      92
     115
      95
     101
     103
      96
      65
      63
      63
      65
      42
      47
      56
      48
      37
      58
      44
      47
      64
      52
      37
      45
      43
      40
      56
      46
      51
      48
      46
      53
      49
      54
      54
      53
      54
      48
      50
      42
      44
      35
      47
      54
      48
      55
      56
      46
      61
      59
      43
      57
      62
      52
      51
      56
      46
      57
      53
      44
      48
      35
      53
      55
      50
      53
      55
      39
      48
      57
      69
      47
      45
      54
      39
      43
      37
      40
      42
      51
      47
      49
      53
      44
      50
      44
      46
      47
      41
      51
      40
      37
      48
      50
      42
      34
      39
      48
      37
      43
      38
      49
      51
      42
      46
      40
      47
      49
      47
      45
      66
      58
      41
      53
      53
      45
      55
      46
      66
      39
      51
      68
      67
      57
      55
      74
      71
      66
      71
      61
      71
      54
      56
      35
      43
      49
      52
      42
      54
      54
      40
      47
      45
      53
      31
      43
      45
      46
      37
      45
      50
      54
      50
      64
      59
      77
      94
      83
     124
     132
     143
     119
     128
     135
     133
     127
     106
     109
     106
      88
      67
      54
      55
      66
      57
      62
      49
      68
      79
      98
     100
     104
     125
     147
     147
     157
     136
     151
     113
     110
     103
     110
      70
      71
      54
      53
      42
      51
      47
      42
      42
      38
      34
      41
      41
      35
      54
      42
      42
      41
      39
      56
      65
      80
      71
      75
      85
      65
      73
      73
      67
      71
      63
      52
      59
      60
      45
      50
      57
      40
      48
      44
      38
      32
      35
      39
      45
      44
      40
      37
      41
      52
      41
      37
      41
      38
      49
      28
      45
      33
      36
      32
      41
      39
      34
      29
      44
      42
      34
      35
      33
      41
      34
      36
      36
      43
      36
      48
      48
      41
      40
      29
      24
      43
      50
      40
      36
      25
      37
      28
      28
      36
      37
      39
      40
      32
      38
      44
      37
      41
      36
      36
      36
      31
      43
      47
      36
      57
      47
      49
      43
      41
      57
      48
      63
      65
      70
      65
      75
      68
      58
      69
      51
      45
      51
      53
      45
      36
      31
      36
      34
      39
      28
      38
      35
      25
      40
      36
      52
      38
      30
      30
      31
      33
      39
      42
      32
      35
      29
      42
      40
      32
      36
      28
      40
      34
      30
      40
      44
      37
      30
      30
      38
      42
      25
      41
      36
      36
      46
      24
      36
      39
      35
      33
      40
      38
      36
      36
      30
      30
      35
      31
      28
      41
      41
      33
      32
      36
      48
      31
      31
      27
      38
      37
      44
      34
      29
      31
      37
      37
      38
      43
      37
      31
      32
      34
      45
      36
      36
      42
      33
      44
      30
      43
      42
      42
      37
      29
      49
      35
      37
      42
      40
      32
      58
      41
      43
      40
      40
      33
      38
      48
      35
      30
      34
      32
      29
      37
      36
      29
      40
      26
      36
      26
      34
      31
      38
      36
      28
      35
      38
      30
      41
      21
      34
      40
      33
      38
      36
      32
      25
      42
      27
      36
      48
      45
      27
      37
      35
      31
      30
      34
      39
      36
      28
      36
      30
      29
      38
      27
      35
      38
      30
      37
      43
      35
      29
      40
      37
      32
      36
      32
      47
      45
      53
      52
      56
      62
      84
      68
      87
      75
      76
      95
      91
      88
      75
      76
      62
      49
      45
      49
      35
      39
      37
      31
      43
      42
      40
      46
      40
      58
      71
      70
      68
      76
      89
      86
      85
     111
     100
      92
     100
      70
     105
      91
      92
     121
      96
     116
     116
     105
     106
     123
     115
      97
      81
      81
      95
      63
      67
      76
      46
      50
      37
      39
      40
      58
      31
      39
      39
      34
      37
      29
      42
      36
      35
      24
      28
      34
      31
      28
      37
      35
      41
      33
      28
      29
      30
      35
      39
      26
      33
      30
      40
      26
      32
      33
      42
      41
      28
      35
      41
      31
      26
      37
      27
      26
      27
      26
      40
      27
      39
      39
      35
      24
      36
      26
      29
      31
      32
      34
      37
      37
      32
      38
      35
      33
      34
      39
      32
      42
      42
      42
      36
      30
      47
      36
      28
      27
      31
      27
      27
      23
      40
      40
      33
      22
      28
      26
      26
      21
      25
      32
      32
      40
      31
      32
      31
      38
      34
      28
      25
      31
      26
      37
      27
      36
      35
      27
      37
      47
      43
      49
      49
      48
      50
      37
      41
      44
      33
      36
      27
      36
      25
      38
      22
      35
      39
      27
      32
      32
      37
      40
      39
      39
      56
      53
      70
     116
      91
     122
     136
     161
     165
     180
     199
     155
     159
     158
     135
     120
     108
      82
      64
      65
      53
      49
      57
      60
      52
      54
      48
      45
      37
      38
      36
      34
      35
      28
      37
      26
      30
      39
      28
      29
      29
      28
      37
      23
      25
      30
      27
      35
      42
      40
      44
      38
      27
      41
      54
      45
      46
      50
      38
      49
      54
      46
      49
      48
      44
      48
      32
      33
      36
      38
      28
      32
      35
      31
      31
      26
      27
      27
      25
      27
      30
      38
      30
      28
      31
      27
      25
      31
      27
      26
      26
      23
      26
      36
      26
      33
      28
      17
      26
      25
      32
      26
      29
      31
      26
      27
      28
      18
      28
      27
      21
      25
      31
      25
      25
      19
      40
      26
      21
      41
      24
      33
      34
      29
      27
      22
      25
      23
      21
      32
      21
      24
      31
      31
      25
      23
      23
      27
      26
      22
      26
      34
      27
      27
      29
      23
      17
      26
      27
      24
      25
      25
      43
      31
      26
      27
      30
      15
      25
      30
      23
      25
      31
      33
      33
      41
      34
      35
      29
      32
      30
      19
      35
      33
      28
      39
      33
      25
      25
      34
      33
      27
      23
      30
      22
      27
      30
      27
      27
      27
      25
      30
      30
      29
      27
      30
      25
      29
      31
      33
      39
      28
      23
      28
      25
      29
      33
      32
      33
      33
      23
      22
      34
      34
      37
      25
      22
      36
      23
      38
      27
      54
      27
      33
      28
      25
      24
      24
      32
      24
      28
      22
      27
      28
      21
      26
      26
      31
      25
      24
      33
      29
      23
      23
      28
      11
      32
      28
      29
      25
      17
      20
      18
      26
      26
      13
      24
      19
      15
      28
      23
      16
      25
      25
      23
      26
      24
      25
      30
      22
      27
      20
      29
      20
      35
      33
      25
      27
      35
      41
      36
      39
      35
      57
      41
      39
      38
      42
      42
      32
      40
      45
      35
      51
      36
      27
      38
      18
      41
      28
      26
      26
      21
      30
      23
      41
      38
      29
      36
      28
      28
      32
      38
      31
      37
      38
      36
      49
      33
      33
      23
      30
      36
      34
      23
      23
      28
      21
      28
      25
      23
      22
      32
      24
      30
      21
      27
      27
      24
      20
      22
      24
      29
      21
      25
      17
      24
      22
      21
      21
      23
      24
      26
      28
      26
      39
      20
      28
      28
      28
      28
      27
      28
      29
      31
      26
      27
      26
      22
      21
      28
      23
      17
      30
      31
      21
      27
      29
      31
      23
      34
      28
      30
      30
      22
      29
      17
      28
      23
      37
      29
      27
      32
      29
      41
      31
      29
      39
      53
      41
      28
      49
      71
      43
      46
      36
      35
      43
      33
      29
      35
      27
      32
      33
      40
      18
      36
      24
      28
      23
      37
      22
      31
      23
      24
      27
      26
      33
      37
      40
      41
      39
      61
      56
      59
      83
     119
     165
     240
     345
     475
     617
     820
    1097
    1515
    1791
    2209
    2628
    2981
    3147
    3517
    3579
    3478
    3153
    2946
    2590
    2188
    1806
    1355
    1089
     743
     499
     364
     241
     156
     116
      66
      54
      37
      39
      37
      41
      26
      47
      34
      28
      35
      26
      26
      16
      28
      28
      30
      20
      29
      34
      25
      30
      26
      20
      29
      25
      26
      27
      26
      22
      23
      18
      29
      24
      19
      22
      32
      17
      27
      25
      25
      30
      19
      18
      23
      32
      18
      29
      32
      18
      28
      18
      31
      19
      19
      27
      18
      32
      19
      27
      20
      21
      20
      25
      21
      24
      24
      20
      19
      25
      20
      28
      19
      19
      14
      17
      19
      21
      23
      18
      30
      20
      25
      17
      15
      17
      26
      26
      24
      29
      26
      21
      23
      24
      25
      15
      19
      23
      20
      17
      24
      19
      18
      19
      13
      22
      20
      16
      27
      17
      22
      26
      21
      19
      29
      21
      22
      16
      21
      24
      18
      23
      24
      19
      18
      22
      30
      18
      19
      17
      15
      21
      19
      23
      17
      23
      22
      22
      20
      15
      28
      17
      21
      25
      19
      17
      17
      22
      16
      16
      18
      23
      23
      18
      24
      22
      17
      14
      13
      17
      18
      18
      19
      16
      22
      23
      17
      13
      20
$ENER_FIT:
0.000000 0.125000
$PRESETS:
Live Time (sec)
1148
0
$RT:
1800.000000
$DT:
652000
$ISO_DECL_U:
SMPLNAM: IDB-226
SEPDATE: 01/01/1900 00:00:00
U234: 0.3718 
DU234: 0.2690
U235: 52.488 
DU235: 0.0800
U236: 0.26451 
DU236: 0.2268
U238: 46.876 
DU238: 0.0917
$ADC:
8192
0
8191