$APPLICATION_ID:
IDB v.1.0
$SPEC_REM:
Material type: U
Material form: powder
Material compound: U3O8
U isotopics:
234U 0.0279
235U 2.9491
236U 0.0033
238U 97.0196
Detector: HPGe (Geometry: Coaxial, Size: Approx 25% rel eff closed end coax)
MCA: Unknown
$DATE_MEA:
05/22/1996 07:00:00
$MEAS_TIM:
319 360
$DATA:
0 8191
       0
       0
       0
       0
       0
       0
       0
       0
       0
       0
       0
       0
       1
       1
       6
      44
     153
     338
     434
     393
     305
     231
     228
     183
     155
     124
     109
      74
      82
      66
      56
      67
     315
    5017
   12899
   14091
   13980
   13518
   13184
   12915
   12834
   12453
   12400
   12373
   12067
   12046
   12010
   11957
   12087
   11797
   11657
   11593
   11566
   11271
   11288
   11160
   11129
   11148
   11001
   10897
   10673
   10752
   10848
   10670
   10487
   10325
   10403
   10404
   10172
   10179
   10184
   10179
   10102
   10052
   10096
    9938
    9943
    9845
    9902
    9778
    9836
    9734
    9769
    9619
    9457
    9508
    9712
    9604
    9576
    9539
    9777
    9593
    9640
    9442
    9559
    9557
    9395
    9509
    9243
    9457
    9438
    9516
    9251
    9263
    9343
    9242
    9133
    9066
    9206
    9082
    9212
    9075
    9178
    8919
    9104
    9096
    8999
    9153
    8963
    8938
    8926
    8825
    8691
    8701
    8797
    8642
    8735
    8825
    8754
    8656
    8712
    8941
    8604
    8644
    8534
    8644
    8545
    8500
    8640
    8364
    8522
    8584
    8590
    8456
    8491
    8635
    8428
    8227
    8423
    8412
    8364
    8386
    8390
    8330
    8340
    8258
    8416
    8029
    8302
    8193
    8107
    8195
    8156
    8052
    8070
    7966
    8121
    8045
    8068
    8095
    8139
    8019
    8079
    7978
    7935
    7894
    8085
    8021
    7932
    8001
    7979
    8044
    8113
    7814
    8017
    7925
    7981
    8055
    7964
    7854
    7846
    7828
    7769
    7820
    8092
    7707
    7728
    7992
    7673
    7854
    7591
    7730
    7821
    7764
    7739
    7734
    7752
    7731
    7734
    7682
    7696
    7646
    7703
    7900
    7656
    7744
    7817
    7731
    7709
    7542
    7690
    7610
    7697
    7469
    7596
    7649
    7899
    7601
    7459
    7628
    7385
    7419
    7544
    7481
    7600
    7472
    7325
    7423
    7317
    7312
    7435
    7417
    7470
    7369
    7491
    7481
    7621
    7496
    7345
    7409
    7419
    7451
    7397
    7321
    7404
    7357
    7239
    7271
    7419
    7324
    7221
    7460
    7391
    7553
    7389
    7292
    7336
    7429
    7368
    7331
    7315
    7328
    7165
    7148
    7264
    7295
    7222
    7199
    7328
    7311
    7245
    7231
    7325
    7151
    7308
    7042
    7161
    7026
    7103
    7248
    7218
    7142
    7090
    7060
    7063
    7189
    7083
    7104
    6964
    7218
    7231
    7339
    7114
    7169
    6821
    7146
    7215
    6907
    6991
    7045
    6893
    7037
    6985
    6944
    7133
    6942
    7013
    6979
    6937
    7059
    6965
    6993
    7005
    7055
    7028
    7094
    6907
    6919
    6988
    6992
    6930
    6872
    7005
    7021
    7023
    6922
    6936
    6960
    6979
    6996
    6888
    7006
    7010
    6913
    7001
    7019
    7032
    6892
    7016
    6762
    6975
    6862
    6825
    6844
    6959
    6991
    6852
    6935
    6801
    6893
    6882
    6816
    7130
    6885
    6945
    6980
    6838
    6877
    6824
    6839
    6831
    6909
    6881
    6827
    6868
    6883
    6868
    6926
    6776
    6924
    6776
    6842
    6924
    6903
    6742
    6844
    6842
    6778
    6891
    6956
    7000
    6933
    6848
    6879
    6784
    6711
    6808
    6837
    6782
    6781
    6843
    6966
    6706
    6905
    6745
    6810
    6873
    6845
    6856
    6830
    6702
    6937
    6789
    6798
    6831
    6843
    6776
    6680
    6739
    6702
    6717
    6816
    6745
    6826
    6907
    6659
    6848
    6791
    6728
    6803
    6686
    6786
    6806
    6860
    6766
    6734
    6754
    6676
    6858
    6584
    6721
    6662
    6764
    6740
    6737
    6686
    6613
    6648
    6739
    6808
    6631
    6700
    6641
    6626
    6772
    6821
    6607
    6760
    6740
    6819
    6628
    6677
    6815
    6734
    6744
    6571
    6655
    6871
    6876
    6751
    6619
    6883
    6590
    6619
    6779
    6576
    6721
    6802
    6806
    6911
    6723
    6834
    6691
    6695
    6736
    6816
    6652
    6705
    6652
    6863
    6740
    6676
    6727
    6740
    6719
    6767
    6758
    6710
    6698
    6558
    6720
    6643
    6876
    6675
    6683
    6674
    6729
    6596
    6788
    6710
    6749
    6492
    6728
    6777
    6823
    6715
    6714
    6724
    6714
    6780
    6779
    6810
    6873
    6846
    6802
    6857
    6690
    6751
    6741
    6821
    6897
    6735
    6738
    6897
    6732
    6703
    6630
    6631
    6640
    6897
    6735
    6830
    6738
    6647
    6753
    6592
    6618
    6712
    6688
    6780
    6784
    6617
    6780
    6772
    6715
    6684
    6834
    6764
    6892
    6733
    6698
    6753
    6672
    6802
    6915
    6838
    6858
    6854
    6841
    6928
    6734
    6768
    6731
    6921
    6843
    6696
    6682
    6814
    6814
    6621
    6899
    6780
    6907
    7008
    6861
    6899
    6903
    6860
    6862
    6765
    6930
    6908
    6853
    6857
    6943
    6693
    6820
    6892
    6972
    7055
    6856
    6922
    6831
    6822
    6799
    6676
    6733
    6828
    6777
    6620
    6697
    6573
    6824
    6583
    6641
    6848
    6604
    6611
    6661
    6508
    6597
    6638
    6399
    6532
    6596
    6460
    6512
    6407
    6295
    6413
    6309
    6399
    6359
    6314
    6334
    6439
    6211
    6201
    6145
    6282
    6198
    6296
    6298
    6230
    6309
    6200
    6232
    6193
    6290
    6119
    6103
    6333
    6033
    6113
    6275
    6060
    6074
    5968
    6132
    6045
    6190
    6152
    6147
    6027
    5956
    6038
    6007
    6185
    6145
    6077
    6286
    6241
    6330
    6416
    6343
    6511
    6262
    6337
    6379
    6222
    6256
    6088
    6160
    6163
    6019
    6186
    6043
    6097
    6223
    6140
    6148
    6104
    6061
    6018
    6165
    6057
    6115
    6173
    6160
    6053
    6137
    6278
    6111
    6268
    6143
    6059
    6145
    6236
    6192
    6317
    6170
    6276
    6434
    6257
    6328
    6449
    6427
    6582
    6740
    6797
    6761
    6823
    6809
    6652
    6602
    6444
    6398
    6392
    6424
    6251
    6501
    6459
    6559
    6653
    7020
    7543
    7945
    8764
    9501
   10018
   10583
   10954
   10474
   10333
    9759
    9379
    8833
    8364
    7887
    7717
    7679
    7705
    8139
    8680
    9929
   11252
   12238
   12853
   12926
   11933
   11017
    9736
    8601
    7959
    7333
    7098
    6930
    6955
    6831
    6782
    6815
    6657
    6821
    6583
    6622
    6665
    6833
    6555
    6746
    7061
    7652
    8420
    9924
   11590
   14583
   17848
   20854
   22690
   22991
   21514
   18822
   15734
   12904
   10624
    8916
    7960
    7339
    7102
    6768
    6625
    6469
    6508
    6406
    6595
    6379
    6412
    6371
    6452
    6365
    6453
    6412
    6586
    6408
    6438
    6425
    6696
    6568
    6816
    6837
    6903
    6742
    6708
    6579
    6585
    6681
    6627
    6563
    6587
    6642
    6558
    6651
    6726
    6761
    6950
    6788
    6923
    7024
    7169
    7321
    7345
    7451
    7598
    7627
    7731
    7744
    7929
    7871
    7864
    7458
    7452
    7321
    7195
    7207
    7069
    7188
    7419
    7045
    7191
    7361
    7314
    7205
    7524
    7504
    7396
    7579
    7651
    7839
    7885
    8291
    8790
    8808
    9049
    9514
    9748
    9450
    9563
    9664
    9607
    9963
   10558
   11339
   12449
   13813
   14978
   15724
   15941
   17119
   17884
   19176
   20944
   21711
   21342
   20200
   17697
   15379
   13467
   11603
   10465
    9749
    9484
    9522
    9504
    9645
    9691
    9352
    9060
    8695
    8569
    8502
    8490
    9032
    9763
   10696
   11711
   12656
   13441
   14026
   13828
   13478
   12606
   11497
   10907
   10164
    9759
    9222
    8429
    7982
    7690
    7143
    7004
    6747
    6526
    6735
    6682
    6588
    6604
    6567
    6493
    6640
    6625
    6499
    6715
    6609
    6540
    6693
    6476
    6657
    6611
    6641
    6626
    6727
    6686
    6739
    6795
    6658
    6711
    6647
    6845
    6694
    6709
    6822
    6670
    6839
    7063
    7335
    7220
    7442
    7444
    7521
    7422
    7381
    7177
    6907
    7024
    6877
    6947
    6906
    6897
    6927
    6776
    6999
    6751
    6974
    6971
    7145
    6927
    7042
    6975
    6995
    6897
    6884
    6929
    6951
    7043
    7044
    7066
    7191
    7107
    7180
    7039
    7082
    7124
    7146
    7215
    7234
    7078
    7032
    7149
    7027
    7362
    7094
    7176
    7185
    7236
    7278
    7168
    7310
    7334
    7265
    7316
    7172
    7245
    7179
    7299
    7438
    7316
    7304
    7349
    7464
    7223
    7350
    7255
    7509
    7216
    7389
    7356
    7309
    7292
    7368
    7440
    7279
    7417
    7585
    7533
    7436
    7639
    7636
    7623
    7854
    7889
    7651
    7589
    7748
    7688
    7657
    7635
    7828
    7733
    7647
    7721
    7763
    7703
    7692
    7605
    7690
    7664
    7659
    7950
    7844
    7869
    7735
    7710
    7742
    7821
    7899
    7867
    7950
    7852
    7918
    7910
    7868
    7853
    7841
    8012
    7902
    8028
    8074
    8073
    7899
    8114
    8021
    8104
    8109
    8063
    8135
    7914
    8001
    8069
    8057
    7917
    8070
    8085
    8018
    8124
    8100
    8067
    8191
    8008
    8118
    8165
    8162
    8285
    8205
    8394
    8121
    8182
    8309
    8273
    8255
    8145
    8309
    8338
    8446
    8533
    8647
    8830
    8780
    8904
    8587
    8550
    8535
    8429
    8514
    8446
    8584
    8424
    8452
    8463
    8414
    8266
    8432
    8782
    9259
    9935
   11076
   13589
   16800
   21457
   25693
   29467
   31463
   31593
   28709
   24872
   20266
   16328
   13552
   11040
    9847
    9118
    8883
    8590
    8537
    8462
    8446
    8358
    8395
    8410
    8323
    8448
    8577
    8561
    8522
    8426
    8358
    8373
    8489
    8591
    8490
    8430
    8449
    8411
    8513
    8534
    8507
    8546
    8550
    8391
    8508
    8594
    8496
    8693
    8685
    8551
    8480
    8625
    8668
    8601
    8720
    8664
    8807
    8769
    8774
    8774
    8838
    8949
    8876
    9116
    8929
    8930
    9020
    9119
    8860
    8837
    8819
    8883
    8877
    8849
    8816
    9059
    8975
    8921
    8905
    9203
    8895
    8847
    8793
    8941
    8971
    9010
    9077
    9031
    9048
    9065
    9021
    9198
    9091
    8978
    9047
    9184
    8978
    9046
    9105
    9231
    9187
    9141
    9163
    9189
    9182
    9152
    9090
    9299
    9273
    9387
    9043
    9377
    9255
    9418
    9434
    9174
    9400
    9235
    9275
    9152
    9301
    9516
    9199
    9579
    9308
    9338
    9544
    9483
    9414
    9407
    9533
    9379
    9299
    9553
    9516
    9509
    9506
    9349
    9550
    9530
    9450
    9480
    9722
    9478
    9619
    9611
    9607
    9396
    9676
    9579
    9638
    9697
    9595
    9802
    9826
   10445
   11265
   12808
   14842
   18125
   21254
   25074
   27727
   28781
   27813
   25822
   22277
   18896
   15898
   13521
   11669
   10876
   10190
    9828
    9646
    9659
    9747
    9624
    9689
    9684
    9700
    9630
    9670
    9607
    9567
    9761
    9584
    9744
    9575
    9774
    9760
    9618
    9555
    9761
    9826
    9821
    9881
    9896
    9741
    9747
    9862
    9764
    9876
    9853
   10095
    9824
    9855
    9882
   10046
    9998
    9924
    9969
   10069
   10093
   10073
    9980
   10025
    9989
   10072
   10145
   10018
   10183
    9991
   10054
   10053
   10067
   10123
   10143
   10172
   10127
   10111
   10179
   10024
   10108
   10152
    9960
   10206
   10039
   10088
   10291
   10154
   10273
   10264
   10285
   10350
   10343
   10339
   10414
   10330
   10414
   10514
   10262
   10406
   10665
   10507
   10372
   10395
   10426
   10408
   10480
   10433
   10358
   10438
   10432
   10400
   10578
   10490
   10481
   10514
   10723
   10577
   10455
   10476
   10367
   10598
   10615
   10678
   10673
   10599
   10568
   10489
   10615
   10680
   10832
   10608
   10604
   10702
   10755
   10660
   10866
   10835
   10877
   10845
   10871
   10583
   10984
   10864
   10700
   10980
   10987
   10900
   11050
   10746
   10915
   10894
   11106
   10782
   11038
   11268
   11154
   11093
   11219
   11749
   12220
   12714
   12806
   13092
   13238
   13032
   12925
   12490
   12288
   12061
   11597
   11565
   11521
   11595
   11283
   11434
   11441
   11558
   12479
   14136
   18271
   26550
   43315
   71275
  113011
  167298
  229541
  289029
  330875
  348294
  331842
  289471
  231066
  169612
  116001
   75116
   46542
   28810
   19315
   13869
   11055
    9549
    9135
    8260
    7914
    7957
    7996
    7701
    7578
    7612
    7645
    7630
    7603
    7589
    7492
    7519
    7391
    7469
    7534
    7537
    7578
    7523
    7597
    7336
    7486
    7644
    7456
    7496
    7566
    7456
    7535
    7469
    7612
    7390
    7524
    7513
    7625
    7503
    7471
    7358
    7588
    7594
    7422
    7461
    7555
    7322
    7449
    7509
    7619
    7592
    7497
    7476
    7458
    7482
    7545
    7826
    8036
    8473
    9043
    9691
   10405
   11130
   11753
   11872
   11498
   10932
   10181
    9509
    8760
    8326
    7877
    7698
    7574
    7455
    7430
    7550
    7526
    7408
    7318
    7485
    7433
    7423
    7296
    7352
    7513
    7374
    7411
    7447
    7380
    7626
    7520
    7589
    7653
    7721
    7706
    7701
    7774
    7638
    7796
    7597
    7684
    7535
    7641
    7565
    7514
    7428
    7328
    7405
    7553
    7564
    7665
    7529
    7863
    8059
    8953
    9829
   11144
   12505
   13922
   15048
   15230
   14973
   14326
   12946
   11573
   10141
    9509
    8404
    8051
    7832
    7677
    7592
    7452
    7455
    7541
    7607
    7839
    8583
    9819
   12176
   16120
   20867
   27557
   34342
   40519
   45110
   45594
   42878
   37741
   31103
   24764
   18532
   14354
   11212
    9396
    8382
    7557
    7417
    7088
    7073
    7100
    7197
    7019
    7197
    6909
    6895
    7149
    6999
    6962
    7093
    6860
    7037
    6944
    6879
    6997
    7064
    6983
    6814
    6891
    7083
    6866
    6957
    7023
    7052
    6990
    7146
    7174
    7162
    7072
    6897
    6949
    6928
    7018
    6929
    7002
    6972
    7018
    6929
    7020
    6868
    7226
    6956
    6804
    7063
    6902
    6859
    6998
    6919
    7014
    6994
    6849
    7133
    6741
    6834
    6827
    6880
    6998
    7085
    6921
    7104
    6971
    7073
    7190
    7047
    7099
    7013
    7049
    6986
    7071
    7026
    6952
    6943
    6964
    6831
    6972
    6923
    6811
    6910
    6953
    6805
    6984
    6979
    6941
    6988
    7187
    7146
    7089
    7302
    7212
    7184
    7254
    7093
    6861
    6713
    6777
    6792
    6748
    6922
    6682
    6828
    6778
    6885
    6835
    6811
    6825
    6807
    6930
    6950
    7055
    7167
    7265
    7465
    7584
    7769
    7847
    7756
    7806
    7654
    7282
    7148
    7145
    7019
    7028
    6809
    6656
    6845
    6651
    6690
    6786
    6700
    6689
    6749
    6785
    6755
    6744
    6752
    6613
    6767
    6868
    6737
    6714
    6789
    6648
    6658
    6651
    6696
    6724
    6698
    6778
    6742
    6756
    6914
    6845
    7024
    7021
    7088
    7124
    7209
    7205
    7128
    7119
    6954
    7173
    7060
    6973
    7053
    6812
    6636
    6802
    6619
    6660
    6821
    6888
    6655
    6759
    6651
    6765
    6778
    6669
    6564
    6631
    6568
    6576
    6678
    6758
    6667
    6594
    6728
    6572
    6607
    6535
    6598
    6691
    6674
    6528
    6558
    6631
    6574
    6633
    6629
    6636
    6732
    6555
    6674
    6609
    6552
    6729
    6621
    6748
    6790
    6853
    6785
    6933
    6748
    6794
    6789
    6787
    6549
    6385
    6429
    6610
    6468
    6552
    6655
    6637
    6475
    6580
    6515
    6744
    6395
    6594
    6434
    6593
    6517
    6575
    6598
    6669
    6520
    6465
    6545
    6592
    6538
    6599
    6436
    6530
    6451
    6343
    6628
    6581
    6509
    6590
    6551
    6515
    6524
    6625
    6630
    6552
    6499
    6245
    6623
    6506
    6504
    6569
    6548
    6716
    6719
    6844
    6912
    7021
    7063
    7194
    7014
    6943
    6793
    6864
    6721
    6527
    6593
    6396
    6323
    6448
    6312
    6419
    6351
    6516
    6414
    6297
    6378
    6438
    6246
    6438
    6453
    6346
    6386
    6387
    6508
    6374
    6439
    6354
    6394
    6320
    6450
    6370
    6273
    6533
    6308
    6578
    6259
    6289
    6540
    6330
    6381
    6434
    6631
    6450
    6796
    6584
    6842
    6635
    6792
    6750
    6687
    6502
    6551
    6466
    6364
    6384
    6305
    6317
    6356
    6246
    6425
    6197
    6243
    6318
    6319
    6470
    6424
    6372
    6367
    6452
    6202
    6233
    6374
    6200
    6319
    6320
    6252
    6186
    6399
    6086
    6295
    6176
    6114
    6238
    6256
    6073
    6036
    6104
    6003
    6111
    6139
    6165
    6251
    6092
    6080
    6133
    6283
    6177
    6112
    6286
    6135
    6081
    6048
    6107
    6074
    6101
    6133
    6018
    6147
    6159
    5981
    6027
    6094
    6150
    6054
    6110
    6260
    6125
    6121
    6056
    5993
    6063
    6046
    6032
    6035
    6077
    6067
    6134
    6240
    6234
    6425
    6416
    6751
    7381
    8139
    8669
    9471
    9839
   10010
    9995
    9661
    8874
    8139
    7703
    7040
    6574
    6479
    6051
    6122
    6005
    6084
    5804
    5865
    5903
    6059
    6049
    5863
    6002
    5852
    5859
    5889
    5951
    5955
    5892
    5943
    5951
    5796
    6018
    5776
    5992
    5945
    5739
    5775
    5836
    5798
    5887
    5841
    5975
    6000
    5778
    5860
    5891
    5881
    5798
    5834
    5748
    5810
    5748
    5825
    5710
    5839
    5936
    5854
    5775
    5775
    5861
    5829
    5908
    5667
    5731
    5846
    5876
    5858
    5666
    5827
    5863
    5799
    5834
    5799
    5825
    5731
    5774
    5804
    5682
    5872
    5960
    5690
    5669
    5721
    5737
    5845
    5669
    5750
    5899
    5813
    5488
    5861
    5644
    5754
    5707
    5764
    5728
    5814
    5568
    5689
    5793
    5654
    5639
    5618
    5689
    5815
    5771
    5711
    5784
    5722
    5746
    5751
    5755
    5797
    5829
    5683
    5771
    5765
    5811
    5728
    5619
    5543
    5662
    5627
    5673
    5512
    5632
    5618
    5510
    5626
    5636
    5593
    5704
    5753
    5637
    5788
    5744
    5726
    5789
    5683
    5818
    5825
    5569
    5781
    5663
    5706
    5527
    5551
    5654
    5583
    5444
    5441
    5551
    5422
    5658
    5525
    5499
    5539
    5595
    5524
    5525
    5539
    5509
    5541
    5529
    5441
    5513
    5435
    5489
    5525
    5627
    5403
    5495
    5399
    5515
    5455
    5527
    5464
    5469
    5565
    5553
    5526
    5597
    5455
    5343
    5508
    5458
    5485
    5507
    5438
    5479
    5442
    5390
    5385
    5446
    5524
    5381
    5428
    5547
    5469
    5461
    5569
    5394
    5531
    5399
    5412
    5404
    5431
    5420
    5410
    5341
    5349
    5437
    5316
    5307
    5387
    5439
    5244
    5391
    5192
    5371
    5327
    5321
    5307
    5402
    5251
    5318
    5463
    5422
    5369
    5217
    5281
    5195
    5342
    5387
    5326
    5358
    5302
    5319
    5289
    5260
    5337
    5182
    5279
    5342
    5249
    5296
    5332
    5422
    5170
    5255
    5350
    5341
    5337
    5332
    5281
    5191
    5287
    5346
    5295
    5412
    5333
    5274
    5313
    5262
    5203
    5248
    5383
    5371
    5416
    5608
    5241
    5410
    5324
    5284
    5377
    5331
    5298
    5276
    5361
    5205
    5307
    5311
    5345
    5489
    5493
    5350
    5421
    5570
    5502
    5336
    5275
    5271
    5242
    5150
    5203
    5246
    5162
    5068
    5176
    5077
    5080
    5137
    5082
    5048
    5193
    5193
    5035
    5070
    5162
    4981
    5007
    5074
    5145
    4873
    5050
    5144
    4915
    5168
    5047
    5132
    5090
    5119
    4884
    4983
    4975
    5032
    5061
    4940
    5019
    4982
    5109
    5011
    5169
    5124
    5088
    5088
    5139
    5018
    5049
    5138
    4996
    5078
    5130
    5086
    5010
    4994
    4983
    4939
    5069
    4958
    4964
    4950
    5113
    5152
    4979
    4901
    4990
    4901
    4961
    4997
    4953
    5000
    5050
    4836
    4823
    4986
    4899
    4902
    4922
    4912
    4859
    4876
    4799
    4886
    4863
    5005
    4781
    4812
    4904
    4868
    4848
    4930
    4857
    4972
    4866
    4879
    4811
    4899
    4853
    4876
    4761
    4877
    4870
    4750
    4900
    4837
    4833
    4941
    4772
    4875
    4795
    4849
    4720
    4847
    4756
    4739
    4718
    4746
    4756
    4840
    4701
    4798
    4803
    4777
    4767
    4891
    4770
    4881
    4827
    4796
    4921
    4732
    4729
    4807
    4714
    4811
    4824
    4737
    4716
    4643
    4668
    4708
    4641
    4711
    4748
    4814
    4748
    4773
    4711
    4799
    4592
    4642
    4813
    4791
    4706
    4712
    4755
    4726
    4588
    4655
    4641
    4729
    4750
    4556
    4696
    4655
    4617
    4597
    4597
    4699
    4764
    4620
    4697
    4693
    4652
    4691
    4551
    4551
    4749
    4697
    4635
    4549
    4605
    4743
    4650
    4597
    4515
    4567
    4633
    4567
    4573
    4659
    4591
    4589
    4389
    4674
    4678
    4531
    4546
    4516
    4482
    4539
    4642
    4543
    4576
    4637
    4710
    4479
    4545
    4681
    4562
    4497
    4511
    4522
    4558
    4421
    4395
    4474
    4612
    4530
    4511
    4545
    4431
    4528
    4658
    4484
    4594
    4422
    4514
    4480
    4509
    4407
    4523
    4597
    4431
    4511
    4455
    4433
    4471
    4521
    4421
    4489
    4420
    4359
    4490
    4411
    4418
    4485
    4428
    4534
    4492
    4320
    4376
    4543
    4405
    4568
    4387
    4462
    4446
    4364
    4389
    4446
    4380
    4384
    4410
    4361
    4376
    4342
    4366
    4425
    4290
    4362
    4301
    4364
    4385
    4366
    4378
    4304
    4332
    4346
    4433
    4415
    4383
    4271
    4482
    4425
    4429
    4425
    4318
    4267
    4339
    4470
    4423
    4422
    4348
    4330
    4452
    4334
    4357
    4333
    4309
    4394
    4350
    4290
    4304
    4358
    4164
    4309
    4269
    4276
    4293
    4372
    4296
    4332
    4262
    4400
    4251
    4293
    4189
    4355
    4323
    4230
    4258
    4347
    4205
    4193
    4323
    4294
    4197
    4183
    4183
    4115
    4297
    4210
    4297
    4105
    4233
    4291
    4183
    4109
    4125
    4139
    4285
    4346
    4167
    4268
    4107
    4205
    4142
    4121
    4191
    4183
    4108
    4176
    4182
    4189
    4256
    4244
    4214
    4160
    4077
    4170
    4147
    4230
    4161
    4200
    4088
    4193
    4183
    4245
    4235
    4161
    4136
    4133
    4200
    4080
    4066
    4125
    4184
    4050
    4115
    4203
    4073
    4220
    4098
    4111
    4018
    4023
    4115
    4159
    4058
    4197
    4032
    4108
    4141
    4062
    4114
    4047
    4068
    4097
    4008
    4048
    4080
    3988
    4083
    4099
    4068
    4219
    4103
    4330
    4626
    4456
    4457
    4488
    4325
    4440
    4291
    4293
    4242
    4225
    4090
    4137
    4014
    3950
    4090
    4075
    3973
    3997
    3987
    4004
    4007
    4055
    3959
    4137
    3938
    3861
    3901
    4143
    4056
    4009
    3874
    3955
    4012
    3904
    3920
    3909
    3926
    3914
    4096
    4041
    3969
    3998
    4013
    3930
    3895
    4019
    4033
    3999
    4014
    3968
    3983
    3939
    4023
    3905
    3982
    3838
    3842
    3903
    3998
    3914
    3896
    3858
    3913
    3795
    3969
    3817
    3902
    3905
    3917
    3926
    3874
    3937
    3910
    3776
    3843
    3780
    3772
    3927
    3917
    3802
    3817
    3897
    3836
    3952
    3873
    3856
    3967
    3868
    3897
    3947
    3824
    3960
    3869
    3763
    3805
    3772
    3774
    3772
    3894
    3898
    3886
    3913
    3756
    3702
    3724
    3757
    3766
    3774
    3768
    3697
    3823
    3848
    3803
    3755
    3760
    3865
    3795
    3701
    3614
    3823
    3797
    3732
    3751
    3838
    3817
    3763
    3757
    3801
    3667
    3729
    3742
    3624
    3717
    3669
    3644
    3736
    3709
    3706
    3814
    3647
    3684
    3742
    3688
    3677
    3724
    3788
    3615
    3770
    3783
    3615
    3731
    3737
    3689
    3735
    3746
    3764
    3580
    3630
    3658
    3775
    3718
    3605
    3689
    3667
    3704
    3599
    3690
    3678
    3673
    3731
    3770
    3644
    3658
    3672
    3758
    3678
    3759
    3712
    3740
    3727
    3752
    3631
    3647
    3780
    3789
    3665
    3814
    3826
    3772
    3835
    3999
    4042
    3943
    3881
    3865
    3873
    3771
    3765
    3839
    3759
    3639
    3669
    3681
    3585
    3641
    3819
    3660
    3657
    3657
    3656
    3812
    3614
    3720
    3794
    3678
    3793
    3692
    3685
    3689
    3530
    3523
    3569
    3567
    3582
    3511
    3504
    3567
    3503
    3558
    3459
    3550
    3661
    3510
    3550
    3528
    3507
    3558
    3524
    3607
    3571
    3633
    3451
    3489
    3504
    3585
    3499
    3482
    3562
    3521
    3525
    3582
    3434
    3522
    3415
    3461
    3423
    3428
    3411
    3469
    3402
    3513
    3552
    3462
    3449
    3447
    3469
    3359
    3432
    3471
    3421
    3473
    3348
    3542
    3485
    3430
    3411
    3435
    3464
    3391
    3412
    3306
    3327
    3352
    3420
    3468
    3393
    3500
    3493
    3461
    3386
    3421
    3374
    3344
    3430
    3370
    3485
    3504
    3378
    3354
    3486
    3420
    3349
    3494
    3295
    3423
    3349
    3328
    3432
    3445
    3428
    3380
    3269
    3437
    3360
    3414
    3370
    3399
    3343
    3374
    3344
    3301
    3404
    3378
    3295
    3468
    3384
    3313
    3231
    3282
    3267
    3340
    3199
    3249
    3432
    3456
    3504
    3462
    3500
    3462
    3524
    3515
    3416
    3400
    3499
    3380
    3376
    3253
    3411
    3187
    3286
    3391
    3436
    3236
    3221
    3220
    3300
    3260
    3316
    3260
    3248
    3229
    3280
    3237
    3250
    3276
    3327
    3186
    3244
    3253
    3230
    3186
    3345
    3287
    3323
    3235
    3335
    3236
    3225
    3173
    3208
    3280
    3122
    3206
    3279
    3275
    3293
    3252
    3149
    3180
    3261
    3150
    3246
    3230
    3179
    3118
    3134
    3150
    3195
    3141
    3220
    3250
    3146
    3253
    3146
    3194
    3149
    3223
    3103
    3180
    3195
    3220
    3127
    3195
    3231
    3219
    3196
    3236
    3139
    3189
    3195
    3159
    3193
    3156
    3180
    3086
    3068
    3097
    3145
    3066
    3090
    3196
    3110
    3115
    3151
    3058
    3244
    3201
    3054
    3166
    3052
    3088
    3146
    3183
    3243
    3142
    3057
    3110
    3073
    3160
    3067
    3138
    3185
    2968
    3132
    3147
    3037
    3086
    3125
    3040
    3162
    3037
    2985
    3109
    3012
    3090
    3074
    3064
    3121
    3202
    3096
    3081
    3098
    3006
    3067
    3126
    3123
    3054
    2990
    3109
    3049
    3089
    3052
    3091
    3103
    3046
    2988
    3050
    3042
    3011
    3071
    3082
    3022
    3033
    2966
    2966
    3072
    2942
    3070
    3079
    2996
    3035
    2996
    3055
    3024
    3036
    2982
    2980
    3112
    3069
    3105
    2963
    3003
    2980
    3048
    3030
    3039
    3077
    3004
    3015
    3038
    3036
    3063
    3001
    2957
    2937
    2977
    2954
    3005
    3047
    3010
    2926
    2959
    2942
    3011
    2983
    3050
    3015
    2955
    2908
    3015
    2922
    2940
    2982
    2960
    3021
    3039
    2969
    2877
    2880
    2903
    2979
    2956
    3013
    2928
    2936
    2845
    2943
    2879
    2971
    2844
    2922
    2987
    2952
    2900
    2896
    2910
    2882
    3026
    2822
    2913
    2986
    3014
    2924
    2799
    2898
    2920
    2972
    2978
    2997
    2892
    2918
    2903
    2792
    2890
    2928
    2921
    2895
    2825
    2878
    2830
    2854
    2876
    2853
    2886
    2921
    2903
    2802
    2955
    2967
    2941
    2926
    2856
    2781
    2855
    2804
    2921
    2811
    2935
    2912
    2834
    2919
    2877
    2928
    2838
    2802
    2792
    2838
    2830
    2739
    2863
    2737
    2837
    2824
    2831
    2859
    2818
    2953
    2927
    2829
    2812
    2944
    2800
    2801
    2853
    2858
    2790
    2791
    2855
    2666
    2812
    2842
    2797
    2768
    2759
    2805
    2844
    2824
    2879
    2853
    2836
    2876
    2847
    2842
    2823
    2784
    2841
    2819
    2837
    2783
    2908
    2839
    2707
    2790
    2681
    2756
    2771
    2871
    2845
    2753
    2803
    2767
    2723
    2793
    2788
    2808
    2769
    2743
    2840
    2753
    2728
    2800
    2686
    2773
    2710
    2805
    2741
    2710
    2708
    2747
    2717
    2810
    2669
    2795
    2749
    2793
    2661
    2782
    2679
    2767
    2759
    2730
    2763
    2637
    2774
    2727
    2651
    2702
    2777
    2668
    2709
    2725
    2777
    2729
    2702
    2717
    2626
    2672
    2702
    2835
    2652
    2676
    2691
    2671
    2691
    2685
    2744
    2649
    2692
    2637
    2657
    2729
    2658
    2605
    2658
    2599
    2682
    2607
    2585
    2614
    2613
    2636
    2674
    2631
    2591
    2561
    2717
    2693
    2656
    2699
    2641
    2651
    2652
    2622
    2593
    2610
    2676
    2687
    2634
    2682
    2599
    2611
    2699
    2658
    2628
    2608
    2648
    2719
    2594
    2620
    2619
    2669
    2719
    2478
    2530
    2614
    2622
    2609
    2586
    2597
    2575
    2545
    2616
    2563
    2613
    2561
    2545
    2658
    2654
    2584
    2656
    2636
    2667
    2553
    2503
    2623
    2593
    2514
    2624
    2546
    2609
    2524
    2544
    2607
    2510
    2573
    2631
    2492
    2553
    2628
    2648
    2626
    2562
    2592
    2566
    2628
    2542
    2559
    2544
    2499
    2543
    2608
    2525
    2529
    2592
    2552
    2512
    2587
    2571
    2545
    2597
    2582
    2577
    2541
    2539
    2553
    2586
    2533
    2526
    2645
    2648
    2588
    2753
    2679
    2658
    2769
    2745
    2735
    2660
    2630
    2571
    2557
    2506
    2585
    2530
    2581
    2565
    2501
    2443
    2540
    2625
    2536
    2570
    2591
    2563
    2677
    2626
    2575
    2586
    2618
    2540
    2625
    2582
    2510
    2528
    2585
    2550
    2418
    2528
    2465
    2421
    2545
    2418
    2485
    2479
    2458
    2440
    2504
    2538
    2491
    2426
    2444
    2425
    2364
    2500
    2426
    2374
    2455
    2537
    2529
    2448
    2633
    2496
    2563
    2670
    2647
    2611
    2507
    2557
    2577
    2512
    2583
    2516
    2509
    2449
    2558
    2460
    2448
    2384
    2486
    2403
    2454
    2446
    2450
    2481
    2426
    2478
    2365
    2505
    2462
    2418
    2480
    2469
    2444
    2491
    2466
    2444
    2433
    2360
    2435
    2449
    2376
    2478
    2351
    2430
    2481
    2424
    2460
    2456
    2366
    2458
    2490
    2468
    2445
    2383
    2357
    2468
    2470
    2470
    2360
    2414
    2431
    2312
    2381
    2309
    2332
    2328
    2480
    2403
    2427
    2365
    2446
    2435
    2386
    2318
    2344
    2406
    2390
    2332
    2469
    2474
    2433
    2477
    2527
    2551
    2509
    2519
    2590
    2443
    2437
    2390
    2474
    2431
    2389
    2412
    2378
    2366
    2373
    2353
    2354
    2395
    2363
    2277
    2387
    2321
    2369
    2337
    2291
    2355
    2392
    2386
    2377
    2381
    2400
    2386
    2452
    2389
    2304
    2255
    2276
    2349
    2386
    2280
    2374
    2300
    2292
    2313
    2400
    2248
    2306
    2358
    2347
    2305
    2234
    2279
    2348
    2421
    2406
    2405
    2428
    2444
    2476
    2506
    2523
    2341
    2471
    2408
    2421
    2403
    2339
    2317
    2260
    2276
    2363
    2284
    2260
    2308
    2399
    2271
    2366
    2270
    2264
    2278
    2202
    2366
    2351
    2270
    2246
    2258
    2235
    2322
    2362
    2272
    2275
    2321
    2275
    2308
    2311
    2305
    2287
    2271
    2331
    2266
    2198
    2266
    2339
    2352
    2285
    2242
    2304
    2297
    2250
    2212
    2173
    2265
    2308
    2277
    2184
    2260
    2258
    2249
    2264
    2255
    2280
    2190
    2316
    2247
    2210
    2185
    2285
    2278
    2173
    2228
    2247
    2246
    2255
    2164
    2198
    2239
    2206
    2204
    2205
    2215
    2252
    2269
    2295
    2273
    2295
    2239
    2289
    2254
    2239
    2150
    2092
    2231
    2332
    2240
    2142
    2184
    2264
    2225
    2262
    2227
    2165
    2097
    2175
    2106
    2101
    2209
    2183
    2157
    2242
    2198
    2270
    2257
    2177
    2188
    2179
    2173
    2138
    2253
    2174
    2157
    2166
    2121
    2203
    2228
    2188
    2213
    2251
    2260
    2181
    2153
    2164
    2161
    2169
    2215
    2246
    2197
    2172
    2242
    2171
    2232
    2135
    2234
    2130
    2176
    2139
    2236
    2176
    2174
    2178
    2089
    2204
    2211
    2166
    2249
    2179
    2182
    2161
    2085
    2161
    2109
    2204
    2134
    2203
    2088
    2162
    2172
    2108
    2097
    2148
    2187
    2086
    2096
    2208
    2214
    2122
    2169
    2094
    2112
    2156
    2210
    2118
    2136
    2036
    2146
    2147
    2168
    2100
    2131
    2151
    2051
    2208
    2089
    2159
    2113
    2153
    2112
    2111
    2156
    2108
    2130
    2191
    2162
    2174
    2106
    2157
    2212
    2077
    2133
    2071
    2067
    2082
    2178
    2094
    2052
    2127
    2022
    2114
    2066
    2194
    2111
    2033
    2051
    2123
    2152
    2124
    2093
    2090
    2091
    2036
    2178
    2129
    2093
    2088
    2088
    2143
    2176
    2111
    2094
    2085
    2103
    2167
    2109
    2203
    2161
    2251
    2255
    2255
    2296
    2318
    2294
    2288
    2235
    2158
    2166
    2235
    2105
    2103
    2108
    2090
    2130
    2119
    2181
    2257
    2163
    2243
    2271
    2247
    2261
    2308
    2361
    2323
    2351
    2305
    2322
    2325
    2258
    2360
    2391
    2322
    2293
    2248
    2365
    2331
    2344
    2355
    2303
    2253
    2270
    2272
    2203
    2280
    2173
    2243
    2145
    2233
    2120
    2167
    2252
    2200
    2203
    2278
    2256
    2251
    2164
    2185
    2177
    2111
    2105
    2088
    2104
    2051
    2115
    2012
    2034
    2117
    2059
    1955
    2032
    2079
    2009
    2005
    1934
    2040
    2033
    2058
    2049
    2019
    2072
    2058
    1966
    1942
    2010
    2061
    2079
    2088
    2059
    1892
    1929
    1907
    1991
    2014
    1989
    2050
    2002
    2000
    1984
    2075
    2100
    2056
    2031
    2048
    2002
    1984
    1986
    1963
    2060
    2064
    2067
    1938
    2072
    2007
    2044
    1986
    2073
    1948
    2116
    2013
    2065
    2051
    2062
    2075
    2066
    1987
    1927
    1980
    2031
    1994
    1975
    1854
    1933
    1944
    1998
    1984
    2064
    2024
    1924
    1975
    1949
    1954
    1981
    2069
    1956
    2071
    1887
    2010
    1955
    2043
    1937
    1974
    1957
    2017
    1949
    2020
    2067
    1923
    2014
    1906
    1948
    2002
    1973
    1997
    2004
    1972
    1896
    2008
    2004
    1965
    2034
    1914
    1964
    1913
    1996
    1950
    1956
    1912
    1929
    1946
    1919
    1991
    1915
    1985
    1904
    1884
    1981
    1939
    2023
    1894
    1894
    1949
    1933
    1937
    1994
    1939
    1957
    2026
    2013
    1982
    1937
    1992
    2064
    1919
    1999
    1990
    1955
    1961
    1988
    1924
    1966
    1876
    1896
    1931
    1885
    2033
    1884
    1997
    2034
    1958
    1900
    1878
    1973
    1959
    1891
    1936
    1953
    1971
    1963
    1937
    1888
    1884
    1961
    1942
    1966
    1990
    1940
    1830
    1982
    1899
    1844
    1913
    1896
    1927
    1959
    1909
    1928
    1940
    1921
    1904
    1954
    1852
    1929
    1991
    1876
    1867
    1896
    1896
    1838
    1888
    1930
    1857
    1903
    1907
    1937
    1815
    1838
    1869
    1841
    1908
    1881
    1822
    1938
    1924
    2004
    1906
    1865
    1941
    1908
    1918
    1890
    1864
    1880
    1879
    1907
    1926
    1835
    1816
    1930
    1905
    1981
    1980
    1906
    1949
    2025
    2053
    2089
    2068
    2108
    2150
    2104
    2029
    1959
    2021
    1997
    1877
    1918
    1902
    1916
    1808
    1916
    1929
    1921
    1859
    1839
    1845
    1897
    1916
    1910
    1845
    1893
    1881
    1886
    1841
    1854
    1856
    1884
    1882
    1939
    1895
    1887
    1903
    1887
    1899
    1772
    1846
    1921
    1878
    1912
    1879
    1853
    1905
    1886
    1854
    1863
    1864
    1768
    1849
    1901
    1821
    1861
    1787
    1854
    1792
    1951
    1803
    1902
    1832
    1768
    1820
    1855
    1819
    1847
    1850
    1826
    1852
    1767
    1836
    1852
    1849
    1776
    1744
    1897
    1753
    1877
    1838
    1740
    1861
    1779
    1833
    1817
    1849
    1763
    1792
    1857
    1822
    1838
    1722
    1838
    1834
    1798
    1774
    1869
    1714
    1855
    1809
    1846
    1746
    1850
    1780
    1820
    1740
    1823
    1869
    1844
    1916
    1783
    1875
    1772
    1853
    1809
    1852
    1790
    1816
    1763
    1818
    1767
    1838
    1821
    1726
    1826
    1746
    1801
    1725
    1713
    1722
    1769
    1758
    1800
    1776
    1760
    1777
    1899
    1727
    1801
    1787
    1848
    1742
    1805
    1838
    1818
    1806
    1827
    1841
    1760
    1799
    1741
    1774
    1746
    1765
    1778
    1704
    1901
    1728
    1754
    1806
    1798
    1683
    1742
    1784
    1771
    1864
    1785
    1870
    1786
    1841
    1794
    1847
    1842
    1855
    1896
    1791
    1872
    1853
    1818
    1802
    1824
    1795
    1792
    1763
    1768
    1778
    1726
    1801
    1785
    1718
    1787
    1770
    1805
    1783
    1896
    1932
    1980
    2030
    2123
    2305
    2422
    2454
    2539
    2708
    2759
    2718
    2732
    2664
    2579
    2387
    2395
    2183
    2075
    2069
    1926
    1763
    1783
    1794
    1728
    1762
    1735
    1745
    1745
    1809
    1713
    1688
    1707
    1800
    1661
    1690
    1620
    1635
    1680
    1669
    1638
    1734
    1696
    1714
    1650
    1711
    1666
    1654
    1622
    1620
    1733
    1688
    1669
    1714
    1682
    1631
    1636
    1601
    1689
    1649
    1680
    1595
    1708
    1609
    1661
    1623
    1671
    1670
    1592
    1668
    1612
    1590
    1648
    1618
    1683
    1667
    1603
    1638
    1606
    1614
    1656
    1656
    1593
    1604
    1560
    1655
    1604
    1620
    1600
    1583
    1650
    1594
    1650
    1645
    1625
    1718
    1578
    1636
    1592
    1625
    1621
    1562
    1593
    1562
    1587
    1592
    1640
    1574
    1604
    1590
    1621
    1602
    1587
    1559
    1629
    1671
    1605
    1592
    1688
    1668
    1638
    1571
    1713
    1615
    1654
    1526
    1642
    1594
    1607
    1612
    1600
    1618
    1596
    1527
    1533
    1510
    1684
    1519
    1641
    1565
    1499
    1531
    1595
    1527
    1542
    1511
    1538
    1570
    1564
    1600
    1547
    1625
    1494
    1601
    1527
    1556
    1509
    1494
    1591
    1547
    1524
    1522
    1571
    1504
    1516
    1513
    1514
    1460
    1519
    1508
    1441
    1553
    1619
    1565
    1482
    1471
    1527
    1537
    1562
    1530
    1568
    1531
    1557
    1507
    1526
    1553
    1522
    1470
    1580
    1545
    1497
    1522
    1486
    1461
    1549
    1497
    1444
    1512
    1479
    1517
    1537
    1493
    1398
    1456
    1552
    1434
    1487
    1523
    1536
    1532
    1481
    1449
    1468
    1477
    1495
    1471
    1493
    1500
    1488
    1470
    1501
    1512
    1509
    1521
    1498
    1531
    1562
    1458
    1478
    1465
    1488
    1502
    1535
    1485
    1549
    1433
    1418
    1462
    1508
    1480
    1473
    1450
    1489
    1477
    1411
    1385
    1476
    1496
    1468
    1397
    1401
    1469
    1407
    1520
    1420
    1393
    1529
    1469
    1390
    1440
    1465
    1460
    1396
    1421
    1479
    1542
    1466
    1462
    1481
    1516
    1484
    1451
    1427
    1435
    1480
    1490
    1469
    1480
    1457
    1497
    1482
    1424
    1514
    1384
    1473
    1400
    1415
    1380
    1393
    1435
    1436
    1398
    1454
    1484
    1490
    1405
    1370
    1374
    1413
    1426
    1392
    1426
    1450
    1413
    1387
    1410
    1437
    1455
    1346
    1433
    1424
    1403
    1406
    1369
    1374
    1416
    1452
    1395
    1427
    1439
    1416
    1433
    1454
    1423
    1408
    1418
    1321
    1442
    1379
    1389
    1358
    1437
    1476
    1378
    1379
    1462
    1392
    1360
    1400
    1430
    1417
    1414
    1388
    1397
    1432
    1403
    1401
    1373
    1409
    1424
    1404
    1398
    1404
    1416
    1397
    1360
    1344
    1373
    1356
    1419
    1402
    1410
    1344
    1405
    1376
    1325
    1409
    1442
    1343
    1467
    1374
    1397
    1395
    1295
    1353
    1373
    1324
    1365
    1411
    1393
    1286
    1328
    1423
    1315
    1306
    1422
    1398
    1318
    1276
    1305
    1391
    1337
    1388
    1340
    1387
    1336
    1290
    1346
    1387
    1323
    1327
    1416
    1367
    1331
    1345
    1303
    1377
    1303
    1448
    1366
    1346
    1365
    1319
    1322
    1279
    1325
    1343
    1299
    1330
    1329
    1415
    1423
    1344
    1326
    1337
    1327
    1319
    1375
    1372
    1305
    1260
    1307
    1333
    1344
    1346
    1346
    1309
    1411
    1316
    1351
    1312
    1365
    1291
    1297
    1331
    1332
    1418
    1373
    1320
    1324
    1370
    1342
    1335
    1317
    1346
    1288
    1307
    1314
    1423
    1304
    1313
    1315
    1267
    1344
    1342
    1357
    1317
    1309
    1303
    1321
    1266
    1372
    1328
    1299
    1318
    1382
    1371
    1271
    1344
    1370
    1303
    1396
    1338
    1319
    1317
    1304
    1285
    1357
    1352
    1286
    1343
    1278
    1291
    1325
    1287
    1306
    1347
    1344
    1242
    1299
    1360
    1270
    1286
    1282
    1301
    1223
    1299
    1270
    1245
    1305
    1309
    1295
    1304
    1244
    1320
    1268
    1320
    1269
    1254
    1320
    1236
    1239
    1295
    1278
    1308
    1257
    1218
    1198
    1304
    1305
    1249
    1240
    1318
    1274
    1298
    1247
    1253
    1274
    1245
    1272
    1320
    1195
    1270
    1270
    1238
    1256
    1243
    1312
    1266
    1238
    1245
    1291
    1300
    1256
    1295
    1296
    1252
    1227
    1314
    1273
    1251
    1181
    1238
    1268
    1244
    1248
    1168
    1306
    1182
    1191
    1274
    1245
    1271
    1293
    1209
    1305
    1298
    1208
    1221
    1307
    1340
    1220
    1210
    1303
    1303
    1167
    1217
    1275
    1169
    1254
    1128
    1231
    1263
    1189
    1308
    1178
    1205
    1253
    1191
    1285
    1264
    1256
    1202
    1266
    1369
    1270
    1220
    1269
    1243
    1240
    1267
    1269
    1167
    1202
    1147
    1149
    1208
    1260
    1232
    1235
    1200
    1174
    1221
    1191
    1288
    1173
    1274
    1157
    1261
    1285
    1185
    1259
    1183
    1268
    1180
    1236
    1310
    1227
    1247
    1226
    1244
    1247
    1216
    1198
    1183
    1173
    1194
    1164
    1224
    1213
    1167
    1228
    1213
    1126
    1236
    1204
    1132
    1198
    1160
    1249
    1197
    1214
    1198
    1207
    1213
    1195
    1270
    1230
    1260
    1190
    1179
    1204
    1246
    1236
    1248
    1212
    1263
    1161
    1234
    1197
    1233
    1211
    1258
    1193
    1250
    1255
    1285
    1318
    1258
    1324
    1254
    1376
    1304
    1250
    1306
    1268
    1256
    1264
    1285
    1186
    1225
    1175
    1225
    1138
    1246
    1293
    1164
    1226
    1223
    1181
    1186
    1144
    1171
    1146
    1220
    1175
    1197
    1159
    1243
    1196
    1248
    1159
    1176
    1178
    1223
    1167
    1179
    1213
    1281
    1153
    1145
    1174
    1228
    1161
    1168
    1192
    1156
    1157
    1180
    1221
    1128
    1147
    1087
    1198
    1144
    1162
    1148
    1134
    1170
    1177
    1127
    1136
    1154
    1170
    1160
    1156
    1194
    1183
    1137
    1217
    1158
    1119
    1100
    1206
    1166
    1147
    1193
    1198
    1218
    1185
    1170
    1145
    1175
    1109
    1182
    1173
    1179
    1161
    1160
    1144
    1210
    1212
    1242
    1219
    1223
    1197
    1268
    1217
    1278
    1252
    1211
    1229
    1288
    1270
    1188
    1254
    1196
    1166
    1160
    1140
    1101
    1148
    1190
    1160
    1175
    1093
    1180
    1185
    1214
    1161
    1181
    1235
    1232
    1240
    1170
    1202
    1173
    1197
    1230
    1182
    1185
    1156
    1123
    1111
    1170
    1160
    1173
    1101
    1146
    1138
    1076
    1148
    1108
    1161
    1180
    1166
    1125
    1218
    1127
    1196
    1157
    1134
    1120
    1158
    1128
    1182
    1191
    1093
    1147
    1141
    1219
    1152
    1158
    1185
    1137
    1215
    1087
    1122
    1155
    1082
    1091
    1128
    1154
    1103
    1094
    1113
    1121
    1078
    1120
    1040
    1054
    1087
    1089
    1097
    1150
    1081
    1102
    1070
    1154
    1138
    1067
    1129
    1070
    1105
    1102
    1071
    1120
    1163
    1099
    1114
    1047
    1081
    1074
    1131
    1067
    1112
    1055
    1048
    1110
    1095
    1069
    1072
    1110
    1152
    1149
    1165
    1135
    1093
    1099
    1046
    1122
    1186
    1084
    1039
    1107
    1055
    1079
    1142
    1105
    1140
    1085
    1113
    1061
    1068
    1090
    1060
    1137
    1179
    1090
    1072
    1057
    1101
    1101
    1080
    1062
    1098
    1060
    1054
    1127
    1155
    1055
    1163
    1065
    1108
    1037
    1083
    1057
    1008
    1073
    1084
    1062
    1090
    1026
    1095
    1101
    1055
    1092
    1114
    1073
    1095
    1089
    1043
    1009
    1052
    1062
    1013
    1070
    1117
    1062
    1107
    1158
    1116
    1076
    1139
    1090
    1168
    1152
    1152
    1233
    1295
    1291
    1362
    1435
    1489
    1543
    1465
    1519
    1461
    1451
    1399
    1325
    1276
    1279
    1298
    1262
    1177
    1166
    1188
    1186
    1128
    1147
    1185
    1113
    1117
    1075
    1139
    1049
    1052
    1098
    1053
    1026
    1112
    1064
    1059
    1047
    1041
    1026
    1070
    1076
    1097
    1069
    1102
    1122
    1056
    1105
    1014
    1065
    1018
    1032
    1087
     974
    1071
    1063
    1051
    1066
    1050
    1102
    1069
    1077
    1151
    1175
    1162
    1202
    1265
    1321
    1297
    1343
    1352
    1423
    1328
    1442
    1326
    1325
    1241
    1210
    1241
    1141
    1237
    1160
    1145
    1155
    1074
    1125
    1129
    1145
    1216
    1199
    1239
    1331
    1225
    1388
    1425
    1401
    1404
    1462
    1398
    1356
    1354
    1254
    1308
    1190
    1159
    1159
    1126
    1045
    1078
    1054
    1033
    1078
    1055
    1035
    1075
    1013
    1087
    1091
    1143
    1119
    1163
    1228
    1313
    1329
    1389
    1394
    1433
    1377
    1436
    1317
    1355
    1234
    1262
    1227
    1213
    1192
    1118
    1076
    1095
    1067
    1037
    1063
    1107
    1111
    1051
    1099
    1113
    1070
    1073
    1057
    1076
    1045
    1070
    1058
    1049
    1017
    1052
     993
    1081
    1059
    1034
    1045
    1130
    1112
    1026
    1074
    1056
     984
    1058
    1063
    1057
    1011
    1057
    1077
    1046
    1078
    1062
    1025
    1059
    1021
    1052
    1028
    1091
    1090
    1010
    1055
    1017
    1004
    1030
    1038
    1051
    1065
    1025
    1005
     996
     966
    1054
    1078
    1048
    1102
    1081
    1042
    1048
    1017
    1075
    1098
    1029
    1070
    1052
    1083
    1027
    1063
    1044
    1053
    1091
    1014
    1043
    1014
    1007
    1001
    1069
     981
    1074
    1033
     983
    1032
     997
    1002
    1007
    1029
    1012
    1069
    1075
    1050
    1015
    1062
    1045
    1014
    1053
    1045
    1039
    1026
     998
    1028
    1024
     967
    1006
     965
     989
    1001
    1043
     998
     991
    1055
    1123
     975
    1041
    1086
    1009
    1007
     987
     987
    1001
    1045
    1049
     987
     933
    1010
     964
    1019
    1023
    1067
    1069
    1048
    1037
    1031
    1047
    1040
     975
    1030
    1028
    1010
    1012
    1021
    1043
    1033
    1025
    1002
    1024
     991
     993
    1026
    1067
    1030
     975
    1007
     997
     995
    1024
    1026
    1070
     978
     998
     998
    1022
    1024
    1036
    1029
    1010
    1022
     983
    1022
    1003
    1061
    1026
     980
    1006
    1045
    1032
    1043
    1031
    1013
    1022
    1068
    1067
    1026
    1061
    1039
    1058
    1048
    1038
    1038
    1014
    1068
    1096
    1107
    1110
    1117
    1151
    1238
    1266
    1316
    1372
    1420
    1441
    1572
    1576
    1574
    1583
    1491
    1536
    1414
    1332
    1311
    1149
    1160
    1109
    1099
    1084
    1054
    1026
     996
    1037
    1058
    1023
    1010
    1050
    1002
    1045
    1009
    1013
     973
    1042
    1071
    1016
     994
    1028
    1042
    1031
    1128
    1129
    1123
    1117
    1118
    1102
    1123
    1115
    1131
    1158
    1140
    1113
    1222
    1280
    1309
    1368
    1420
    1453
    1526
    1512
    1552
    1586
    1553
    1556
    1534
    1476
    1413
    1350
    1288
    1300
    1299
    1513
    1601
    1908
    2128
    2386
    2947
    3278
    3876
    4393
    4897
    5238
    5270
    5559
    5339
    5206
    4763
    4325
    3908
    3473
    2915
    2475
    2183
    1861
    1583
    1481
    1362
    1234
    1209
    1193
    1148
    1074
    1017
    1032
    1024
     999
    1074
    1005
    1035
    1001
     996
    1035
    1069
    1019
    1061
    1006
     965
     980
     974
    1018
    1027
     992
     992
     966
    1036
     985
    1010
     945
    1013
    1022
    1026
     989
    1024
    1036
     976
     986
     945
     995
     990
     944
     917
     947
     996
    1013
    1014
    1003
    1014
    1031
     988
    1000
    1000
     981
     957
     946
     988
     984
     959
     934
     966
     999
    1006
     932
     986
     976
     935
    1003
     975
    1014
     981
     995
     950
     978
     928
    1004
    1008
    1008
    1084
    1044
    1081
    1093
    1094
    1032
    1132
    1027
    1065
     969
    1063
    1068
     971
    1032
     930
    1004
     939
     970
     999
    1020
     928
     975
     959
     919
     875
     973
     979
    1026
    1013
     937
    1030
    1024
     931
    1029
     987
     999
    1000
     977
     946
     995
    1027
     977
    1001
     949
     966
    1010
     983
     949
    1002
    1016
     980
     989
    1025
     998
     961
    1024
    1040
     970
     951
     983
    1024
     950
     983
     943
    1014
     972
     995
    1051
    1001
     999
     996
    1022
    1078
    1010
    1018
    1072
    1091
    1139
    1177
    1249
    1350
    1564
    1829
    2188
    2785
    3368
    4234
    5302
    6540
    8158
    9622
   11752
   13179
   14885
   15722
   16392
   16586
   16140
   15124
   13787
   12064
   10292
    8478
    6934
    5281
    4133
    3203
    2483
    2010
    1560
    1356
    1273
    1127
    1059
    1035
     987
     965
     995
    1017
    1060
     960
     978
     967
    1017
     918
     947
     977
     919
     945
     973
     950
     986
     971
     978
     951
     993
     941
     968
     954
     981
     968
     980
     902
     973
     933
     971
     919
     988
     958
     943
     923
     925
     941
     970
     948
     947
     936
     952
     902
     938
     975
     916
     969
     960
     955
     897
     964
     925
     957
     901
     894
     935
     958
     905
     939
     936
     948
     942
     975
     934
     875
     943
     976
     963
     963
     955
     962
     978
     901
     967
     896
     947
     903
     943
     968
     934
     934
     968
     952
     951
    1015
     997
     986
     998
    1003
    1062
    1077
    1119
    1065
    1100
    1110
    1121
    1198
    1157
    1154
    1258
    1238
    1306
    1322
    1291
    1294
    1314
    1226
    1189
    1186
    1166
    1102
    1021
    1044
    1030
    1003
    1005
    1043
     964
     941
     966
    1033
    1011
     988
    1062
    1024
    1105
    1081
    1201
    1334
    1406
    1641
    1882
    2081
    2303
    2616
    2946
    3107
    3434
    3493
    3542
    3457
    3217
    2996
    2839
    2578
    2199
    1943
    1698
    1479
    1366
    1171
    1120
    1047
    1042
     998
     977
     989
     990
     932
     967
     907
     922
     950
     974
     964
     902
     979
     943
     922
     892
     886
     932
     855
     966
     912
     915
     955
     881
     918
     924
     896
     901
     923
     974
     919
     916
     857
     893
     982
     902
     933
     933
     912
     852
     892
     928
     896
     946
     947
     909
     933
     909
     922
     971
     961
     880
     903
     912
     953
     929
     951
     950
     908
     928
     959
     994
     982
    1025
    1016
     984
    1013
     969
    1027
     983
     992
    1064
     964
     982
     953
     884
     865
     848
     803
     807
     825
     779
     822
     810
     775
     792
     752
     724
     746
     739
     732
     794
     746
     753
     749
     769
     806
     777
     785
     752
     691
     744
     691
     759
     763
     711
     753
     746
     766
     710
     732
     718
     740
     729
     728
     704
     668
     716
     749
     732
     734
     716
     706
     728
     745
     772
     754
     735
     778
     747
     727
     808
     858
     820
     878
     965
     992
    1037
    1078
    1094
    1154
    1186
    1116
    1042
    1067
     958
     945
     914
     844
     871
     806
     824
     757
     729
     738
     762
     796
     796
     796
     778
     803
     812
     851
     801
     799
     790
     731
     699
     742
     685
     740
     719
     654
     661
     684
     707
     657
     661
     626
     668
     658
     698
     657
     673
     664
     638
     652
     673
     674
     684
     674
     674
     648
     633
     644
     638
     645
     636
     685
     655
     646
     624
     623
     690
     664
     730
     670
     651
     702
     634
     659
     647
     651
     620
     671
     649
     628
     664
     689
     618
     638
     634
     620
     652
     615
     644
     661
     631
     625
     685
     630
     628
     615
     640
     653
     656
     662
     661
     643
     706
     672
     691
     725
     727
     744
     751
     828
     783
     767
     729
     795
     809
     746
     713
     728
     700
     662
     651
     637
     649
     656
     578
     626
     666
     671
     597
     612
     574
     638
     606
     616
     591
     606
     619
     589
     634
     616
     624
     605
     622
     645
     682
     662
     729
     736
     690
     747
     781
     751
     779
     807
     797
     746
     832
     803
     760
     807
     821
     794
     779
     805
     756
     720
     714
     696
     667
     632
     681
     631
     609
     625
     582
     589
     582
     615
     583
     610
     583
     616
     589
     617
     635
     602
     623
     621
     629
     584
     592
     621
     627
     596
     655
     638
     619
     652
     613
     661
     675
     697
     705
     815
     792
     815
     858
     901
     886
     888
     953
     877
     901
     796
     821
     773
     740
     700
     671
     645
     591
     565
     574
     559
     560
     573
     570
     587
     568
     571
     563
     542
     564
     595
     513
     577
     570
     566
     555
     527
     554
     550
     574
     570
     552
     558
     551
     541
     545
     544
     526
     557
     542
     522
     549
     541
     537
     535
     586
     544
     548
     550
     534
     571
     573
     510
     539
     519
     546
     588
     516
     533
     548
     564
     550
     524
     537
     498
     549
     529
     562
     518
     576
     528
     515
     533
     567
     501
     518
     580
     544
     504
     529
     500
     519
     520
     536
     538
     580
     530
     497
     510
     550
     495
     523
     518
     554
     532
     569
     568
     569
     554
     576
     533
     554
     536
     537
     564
     552
     493
     521
     558
     526
     570
     495
     519
     478
     493
     520
     546
     528
     498
     508
     509
     508
     522
     502
     516
     495
     533
     503
     494
     508
     500
     504
     513
     513
     478
     483
     529
     507
     540
     512
     469
     496
     521
     521
     536
     531
     548
     563
     629
     654
     664
     710
     656
     667
     734
     736
     785
     811
     794
     794
     787
     741
     693
     685
     631
     619
     579
     569
     546
     506
     523
     486
     490
     493
     459
     508
     480
     517
     475
     500
     500
     472
     509
     485
     483
     480
     506
     492
     432
     495
     465
     423
     489
     466
     466
     465
     445
     456
     461
     446
     461
     504
     455
     457
     449
     528
     492
     499
     460
     474
     461
     436
     477
     489
     437
     465
     456
     482
     488
     465
     482
     457
     486
     454
     489
     487
     486
     434
     497
     475
     470
     445
     496
     479
     471
     473
     475
     477
     482
     450
     462
     466
     455
     435
     455
     491
     468
     442
     458
     463
     443
     469
     442
     471
     423
     460
     460
     456
     408
     448
     461
     476
     480
     433
     456
     422
     457
     432
     425
     449
     466
     488
     500
     494
     471
     492
     527
     480
     479
     481
     485
     481
     523
     464
     477
     401
     440
     455
     473
     425
     438
     426
     451
     451
     457
     398
     404
     428
     450
     439
     436
     461
     440
     433
     439
     436
     421
     414
     409
     422
     417
     399
     427
     437
     435
     455
     422
     401
     443
     453
     397
     404
     417
     430
     404
     391
     430
     447
     409
     436
     411
     426
     406
     437
     452
     411
     423
     469
     426
     435
     459
     450
     470
     489
     464
     505
     530
     526
     567
     626
     602
     593
     587
     606
     606
     562
     557
     576
     572
     533
     499
     492
     438
     462
     400
     425
     378
     415
     434
     424
     418
     445
     410
     441
     450
     455
     519
     513
     559
     609
     714
     736
     907
     911
    1081
    1091
    1209
    1136
    1259
    1191
    1274
    1089
    1104
     996
     936
     888
     744
     712
     701
     649
     643
     718
     726
     778
     849
     925
     998
    1087
    1197
    1270
    1239
    1317
    1160
    1099
    1070
     946
     872
     759
     744
     690
     569
     522
     496
     454
     398
     397
     378
     400
     409
     357
     413
     398
     426
     467
     472
     496
     490
     530
     524
     575
     609
     650
     657
     655
     628
     589
     656
     531
     558
     524
     491
     499
     463
     396
     432
     378
     363
     330
     380
     355
     355
     336
     342
     353
     346
     360
     352
     355
     362
     355
     378
     337
     379
     379
     339
     356
     371
     371
     344
     355
     343
     363
     361
     340
     295
     365
     327
     347
     329
     379
     349
     325
     349
     352
     340
     335
     362
     322
     368
     342
     342
     334
     334
     350
     343
     353
     391
     367
     318
     320
     325
     355
     329
     339
     339
     327
     356
     349
     347
     347
     360
     376
     376
     386
     368
     405
     374
     479
     422
     477
     487
     518
     546
     588
     561
     577
     566
     542
     527
     487
     495
     414
     433
     400
     364
     348
     357
     347
     351
     343
     355
     353
     325
     323
     332
     304
     339
     318
     329
     309
     318
     337
     306
     340
     328
     342
     334
     330
     314
     353
     334
     331
     341
     344
     341
     350
     366
     360
     320
     356
     364
     335
     341
     337
     347
     337
     335
     343
     330
     331
     317
     327
     309
     314
     331
     338
     314
     312
     328
     325
     271
     307
     318
     310
     291
     293
     329
     302
     356
     306
     322
     309
     319
     342
     317
     314
     303
     317
     341
     306
     296
     317
     306
     309
     308
     365
     290
     293
     321
     300
     298
     349
     310
     293
     286
     324
     294
     327
     304
     325
     340
     276
     307
     318
     296
     290
     274
     318
     300
     318
     310
     291
     325
     278
     277
     293
     321
     298
     344
     287
     311
     295
     285
     314
     317
     316
     316
     288
     319
     321
     300
     290
     313
     296
     341
     336
     305
     285
     306
     298
     292
     327
     280
     325
     311
     286
     312
     270
     303
     309
     296
     314
     321
     320
     328
     309
     264
     313
     284
     304
     312
     284
     318
     315
     346
     349
     360
     371
     413
     417
     468
     510
     557
     623
     657
     671
     749
     748
     787
     835
     759
     738
     654
     665
     579
     559
     500
     450
     433
     416
     418
     355
     405
     404
     405
     495
     501
     595
     594
     658
     723
     787
     774
     799
     884
     876
     872
    1015
     917
     959
     989
     966
     984
    1036
    1096
    1067
    1041
    1111
    1090
    1017
     992
     892
     851
     749
     744
     650
     533
     456
     451
     406
     333
     343
     313
     334
     280
     271
     291
     289
     296
     258
     288
     294
     288
     283
     257
     305
     249
     301
     304
     264
     290
     269
     257
     294
     286
     273
     289
     294
     302
     280
     284
     265
     243
     251
     268
     330
     281
     293
     274
     277
     265
     283
     287
     262
     268
     253
     281
     271
     274
     293
     286
     257
     284
     277
     269
     290
     255
     274
     285
     298
     293
     303
     288
     279
     300
     330
     309
     326
     314
     322
     311
     307
     297
     286
     287
     287
     292
     298
     294
     254
     309
     253
     251
     234
     228
     274
     269
     276
     269
     290
     284
     245
     244
     279
     250
     267
     271
     270
     303
     255
     285
     289
     295
     353
     322
     327
     365
     391
     376
     333
     375
     323
     356
     362
     359
     362
     321
     351
     304
     295
     309
     280
     292
     301
     290
     333
     352
     310
     382
     425
     453
     513
     553
     659
     787
     900
     999
    1214
    1207
    1385
    1433
    1591
    1621
    1539
    1527
    1366
    1290
    1195
    1076
     958
     814
     716
     661
     595
     517
     500
     439
     433
     417
     397
     357
     333
     340
     327
     320
     293
     259
     307
     275
     296
     290
     262
     263
     264
     259
     286
     270
     280
     281
     274
     252
     252
     250
     270
     293
     271
     255
     245
     253
     237
     274
     276
     240
     262
     285
     225
     266
     291
     251
     252
     269
     288
     274
     253
     253
     246
     272
     263
     283
     273
     243
     250
     270
     252
     268
     236
     234
     228
     261
     286
     243
     254
     259
     231
     266
     246
     242
     252
     245
     225
     246
     241
     262
     244
     255
     261
     267
     216
     248
     237
     235
     243
     226
     271
     265
     224
     228
     273
     262
     269
     246
     265
     272
     234
     245
     252
     251
     268
     258
     242
     268
     251
     267
     259
     239
     228
     240
     240
     258
     243
     244
     263
     232
     253
     241
     251
     255
     251
     256
     233
     213
     249
     241
     236
     248
     237
     244
     252
     254
     281
     274
     222
     280
     262
     261
     282
     285
     272
     290
     276
     286
     257
     290
     282
     277
     258
     273
     249
     254
     251
     265
     256
     236
     242
     238
     239
     225
     236
     247
     257
     257
     230
     243
     256
     251
     248
     240
     221
     239
     255
     225
     273
     246
     244
     276
     243
     247
     254
     251
     215
     250
     261
     253
     267
     263
     241
     262
     221
     222
     262
     226
     228
     262
     259
     221
     253
     236
     238
     235
     234
     251
     235
     248
     249
     230
     237
     228
     239
     228
     226
     222
     231
     240
     256
     267
     263
     230
     219
     234
     228
     227
     257
     235
     243
     234
     236
     229
     232
     213
     256
     237
     212
     241
     230
     228
     221
     249
     238
     252
     242
     256
     259
     250
     255
     247
     242
     269
     295
     265
     288
     303
     360
     342
     360
     339
     360
     384
     364
     355
     380
     408
     397
     387
     325
     339
     337
     321
     275
     324
     292
     284
     258
     270
     262
     249
     270
     234
     281
     229
     298
     272
     313
     301
     322
     319
     329
     351
     331
     317
     307
     326
     330
     325
     304
     291
     279
     258
     258
     252
     255
     224
     250
     252
     218
     231
     214
     217
     225
     194
     234
     222
     236
     214
     255
     231
     239
     229
     259
     242
     223
     245
     240
     242
     217
     215
     237
     210
     238
     218
     241
     246
     242
     265
     233
     237
     224
     239
     242
     213
     235
     260
     234
     231
     245
     218
     241
     227
     242
     234
     223
     232
     251
     259
     250
     242
     252
     242
     224
     249
     248
     272
     253
     256
     244
     293
     271
     288
     311
     346
     372
     393
     385
     447
     427
     414
     396
     430
     460
     394
     405
     374
     317
     336
     335
     277
     304
     266
     273
     259
     278
     257
     287
     270
     276
     288
     314
     341
     368
     366
     434
     451
     576
     644
     764
     894
    1158
    1393
    1801
    2416
    3090
    3893
    5277
    6662
    8444
   10710
   13233
   15910
   19095
   21982
   24941
   27013
   29341
   30923
   31606
   30929
   29776
   28048
   25512
   22223
   19335
   16057
   12817
   10265
    8262
    5882
    4406
    3136
    2145
    1544
    1069
     748
     541
     411
     311
     279
     215
     198
     191
     207
     203
     196
     149
     164
     191
     168
     174
     169
     186
     162
     171
     153
     165
     184
     164
     159
     154
     156
     185
     184
     173
     172
     150
     161
     154
     168
     194
     147
     183
     135
     150
     161
     155
     157
     157
     155
     146
     170
     174
     175
     169
     144
     151
     148
     154
     186
     156
     168
     151
     176
     136
     146
     157
     142
     177
     177
     140
     167
     154
     161
     167
     155
     151
     166
     179
     162
     149
     142
     171
     131
     149
     143
     155
     144
     146
     163
     139
     152
     148
     167
     145
     151
     166
     158
     142
     156
     172
     163
     156
     142
     158
     162
     144
     166
     164
     149
     168
     166
     130
     145
     140
     160
     160
     150
     141
     140
     140
     140
     140
     142
     157
     155
     156
     163
     182
     147
     188
     154
     150
     136
     147
     165
     168
     147
     149
     172
     158
     136
     140
     158
     168
     142
     153
     163
     176
     161
     153
     151
     150
     131
     151
     160
     159
     142
     176
     161
     165
     169
     154
     167
     160
     147
     145
     162
     125
     144
     142
$ENER_FIT:
0.000000 0.125000
$PRESETS:
Live Time (sec)
319
0
$RT:
360.000000
$DT:
41399
$ISO_DECL_U:
SMPLNAM: IDB-264
SEPDATE: 01/01/1900 00:00:00
U234: 0.0279 
DU234: 1.4337
U235: 2.9492 
DU235: 0.0712
U236: 0.0033 
DU236: 6.0606
U238: 97.0196 
DU238: 0.0030
$ADC:
8192
0
8191