$APPLICATION_ID:
IDB v.1.0
$SPEC_REM:
Material type: U
Material form: powder
Material compound: U3O8
U isotopics:
234U 0.14861
235U 20.107
236U 0.1973
238U 79.547
Detector: HPGe (Geometry: Coaxial, Size: Approx 25% rel eff closed end coax)
MCA: Unknown
$DATE_MEA:
09/22/1998 21:10:00
$MEAS_TIM:
2942 3600
$DATA:
0 8191
       0
       0
       0
       0
       0
       0
       0
       0
       0
       0
       0
       0
       0
       0
       0
       0
       0
       0
       0
       0
       0
       0
       0
       0
       0
       0
       0
       0
       0
       0
       0
       0
       0
       0
       0
       0
       0
       0
       0
       0
       0
       0
       0
       0
       0
       0
       0
       0
       0
       0
       0
       0
       0
       0
       0
       0
       0
       0
       0
       0
       0
       0
       0
       0
       0
       0
       0
       0
       0
       0
       0
       0
       0
       0
       0
       0
       0
       0
       0
       0
       0
       0
       0
       0
       0
       0
       0
       0
       0
       0
       0
       0
       0
       0
       0
       0
       0
       0
       0
       0
       0
       0
       0
       0
       0
       0
       0
       0
       0
       0
       0
       0
       0
       0
       0
       0
       0
       0
       0
       0
       0
       0
       0
       0
       0
       0
       0
       0
       0
       0
       0
       0
       0
       0
       0
       0
       0
       0
       0
       0
       0
       0
       0
       0
       0
       0
       0
       0
       0
       0
       0
       0
       0
       0
       0
       0
       0
       0
       1
       0
       0
       0
       1
       3
      25
      66
     162
     499
    1325
    2846
    5412
    9336
   15848
   18625
   18673
   19100
   18781
   18651
   18849
   18731
   18560
   18851
   18562
   18467
   18595
   18365
   18324
   18140
   18100
   18325
   18690
   18210
   18382
   18435
   18387
   18133
   18428
   18047
   18109
   18036
   18443
   18071
   18021
   18038
   18083
   17886
   17842
   17771
   17769
   17903
   17873
   18032
   17934
   17558
   17818
   17725
   17745
   17537
   17392
   17273
   17356
   17347
   17186
   17416
   17316
   17481
   16967
   17172
   17318
   17064
   17195
   17165
   16969
   17305
   17257
   17187
   17062
   17048
   16997
   17176
   17068
   16831
   17003
   16724
   16759
   16839
   16606
   16778
   16993
   16656
   16915
   16526
   16517
   16718
   16444
   16933
   16610
   16130
   16403
   16593
   16383
   16581
   16529
   16440
   16260
   16398
   16349
   16267
   16314
   16262
   16136
   16126
   16041
   16151
   16028
   16158
   16005
   15808
   16017
   15893
   16005
   16065
   16011
   16028
   15857
   15837
   15699
   15554
   15658
   15782
   15822
   15556
   15669
   15742
   15608
   15659
   15698
   15688
   15512
   15755
   15608
   15546
   15542
   15524
   15540
   15706
   15264
   15529
   15333
   15510
   15143
   15503
   15321
   15328
   15274
   15377
   15443
   15037
   15254
   15419
   15323
   15462
   15425
   15162
   15258
   15122
   15222
   15169
   15365
   15136
   14935
   15120
   15197
   15276
   15134
   15307
   15325
   15076
   15012
   15183
   15234
   15128
   15205
   14936
   15425
   15185
   15067
   15180
   15079
   14939
   14923
   15022
   15005
   15092
   15145
   14896
   14943
   14892
   15123
   14930
   15117
   15066
   15204
   15123
   15211
   14905
   14862
   15015
   14887
   14779
   15078
   14856
   15099
   15165
   14936
   14783
   15022
   14995
   15152
   14965
   15240
   14965
   14855
   15173
   14977
   15013
   14934
   14714
   14930
   15086
   14857
   15108
   14831
   15080
   14816
   15058
   15003
   14919
   15064
   14835
   14596
   14753
   14819
   14807
   14816
   14998
   15022
   14689
   14790
   14786
   14694
   14688
   14916
   14855
   14746
   15053
   14685
   14657
   14579
   14685
   14900
   14741
   14731
   14706
   14479
   14632
   14898
   14553
   14798
   14908
   14777
   14813
   14642
   14820
   14723
   14878
   14728
   14643
   14840
   14820
   14528
   14698
   14685
   14681
   14637
   14711
   14854
   14544
   14758
   14840
   14665
   14715
   14707
   14764
   14839
   14871
   14652
   14932
   14973
   14551
   14758
   14746
   14922
   14871
   14733
   14818
   14525
   14993
   14704
   14897
   14958
   14983
   15041
   14963
   14951
   14979
   14922
   15022
   14818
   14916
   15187
   14998
   14871
   14961
   14921
   15192
   14932
   15000
   15122
   15019
   15028
   14987
   15064
   14984
   15140
   15085
   14959
   15102
   15057
   15113
   15115
   15138
   15209
   15350
   14984
   15236
   15138
   15293
   15174
   15256
   15287
   14992
   15105
   15136
   15025
   15176
   15222
   15399
   15238
   15312
   15406
   15182
   15385
   15350
   15554
   15444
   15344
   15398
   15304
   15442
   15684
   15350
   15487
   15804
   15376
   15540
   15533
   15658
   15495
   15556
   15581
   15411
   15688
   15586
   15593
   15539
   15643
   15760
   16011
   15499
   15850
   15806
   15841
   15810
   15977
   15892
   15955
   15727
   16085
   15784
   16229
   16105
   16256
   16213
   16120
   16288
   16276
   15996
   16230
   16254
   16206
   16008
   16343
   16195
   16064
   16419
   16186
   16445
   16286
   16511
   16497
   16807
   16878
   16625
   17072
   16829
   16718
   16890
   16472
   16485
   16591
   16762
   16696
   16807
   16651
   16845
   16531
   16836
   17305
   17265
   17412
   17413
   17227
   17168
   16877
   16688
   16417
   16193
   16478
   16178
   16340
   16068
   16024
   15879
   16142
   15861
   15771
   15791
   15664
   15430
   15495
   15438
   15378
   15128
   14972
   14848
   14723
   14741
   14448
   14347
   14281
   14190
   13961
   14027
   13884
   14054
   13698
   13957
   13659
   13650
   13391
   13287
   13519
   13228
   13363
   13474
   13502
   13519
   13739
   13726
   13635
   13722
   13413
   13627
   13289
   13364
   13484
   13366
   13365
   13351
   12966
   13163
   13049
   12983
   12970
   12739
   13037
   13152
   13844
   14300
   15250
   16719
   18526
   19902
   20738
   20905
   20295
   18763
   17083
   15776
   14788
   14280
   13916
   13289
   13210
   12954
   13133
   13215
   13031
   13192
   13196
   13258
   13292
   13054
   13431
   13298
   13371
   13583
   13448
   13624
   13894
   13879
   13749
   13770
   13661
   13496
   13756
   13765
   13912
   13875
   14018
   14309
   14244
   14820
   15337
   16208
   17395
   19093
   20586
   22669
   22915
   23229
   22114
   20515
   18898
   17720
   16600
   16121
   15372
   15153
   15125
   14988
   15303
   15914
   16588
   17254
   18995
   20269
   21961
   23628
   25397
   26753
   27942
   29388
   30936
   32374
   33773
   33789
   33602
   32538
   31154
   30814
   32476
   38173
   46342
   56218
   66845
   73210
   74590
   71705
   63680
   53093
   42902
   34031
   27962
   24092
   22003
   20898
   20055
   19164
   18749
   18218
   17743
   16950
   16813
   16972
   17053
   17470
   18461
   19761
   22981
   28482
   38895
   54262
   75530
  100934
  125559
  144345
  153352
  147694
  130751
  107931
   82544
   60834
   43893
   32230
   25067
   20462
   17454
   16034
   14879
   14435
   13936
   13720
   13430
   13531
   13237
   13389
   13257
   13241
   13156
   13257
   13377
   13867
   14049
   14954
   15663
   16296
   16828
   16723
   16547
   16125
   15343
   14983
   14155
   14094
   13928
   13794
   13981
   14048
   14030
   14413
   14452
   14827
   15740
   16396
   17486
   18464
   19547
   20615
   21384
   22397
   23224
   24839
   25459
   25600
   25195
   24690
   22636
   21039
   19618
   17956
   17121
   16449
   15956
   16245
   16048
   16360
   16441
   16742
   17097
   17198
   17768
   18284
   19031
   20517
   21474
   23190
   25764
   28327
   31379
   34287
   37119
   39312
   39853
   38805
   37395
   35980
   35616
   37713
   41801
   48723
   54701
   61695
   67244
   71197
   76757
   82970
   90604
   99477
  105151
  105465
   99711
   89377
   75109
   59968
   47271
   37634
   30497
   26085
   23492
   21714
   20811
   20251
   19544
   19022
   18547
   18602
   19252
   20367
   23041
   27128
   32078
   38678
   45265
   51116
   53921
   54697
   52720
   47968
   42843
   38384
   34174
   30876
   27960
   25045
   22119
   19727
   17459
   15948
   14452
   14172
   13470
   13270
   12986
   13191
   12973
   12918
   13035
   12760
   12989
   12940
   12901
   13014
   12971
   12975
   12897
   12809
   13061
   13197
   13367
   13037
   13081
   13144
   13413
   13423
   13216
   13258
   13374
   13510
   13653
   13915
   14295
   14531
   15523
   16516
   17540
   17813
   17946
   17945
   16963
   16245
   15278
   14683
   14330
   13998
   13749
   13634
   13652
   13621
   13682
   13762
   13641
   13908
   13865
   13826
   13795
   13919
   13907
   13979
   13770
   13926
   14027
   14094
   13995
   14181
   14413
   14311
   14425
   14646
   14312
   14692
   14538
   14819
   14477
   14560
   14449
   14493
   14524
   14160
   14388
   14308
   14618
   14470
   14538
   14574
   14651
   14561
   14483
   14632
   14531
   14801
   14635
   14880
   14719
   14921
   14779
   14775
   15034
   14913
   14803
   15238
   15169
   15183
   15084
   15140
   15460
   15144
   15389
   15422
   15158
   15362
   15403
   15273
   15206
   15425
   15596
   15364
   15531
   15618
   15399
   15772
   15780
   15751
   15800
   15773
   15616
   15785
   15938
   15732
   15804
   15788
   15904
   15975
   15703
   16048
   15897
   16054
   16136
   16529
   16404
   16336
   16356
   16587
   16490
   16614
   16551
   16434
   16519
   16528
   16787
   16721
   17102
   17142
   17464
   17442
   17502
   17579
   17335
   17282
   17049
   17174
   17025
   16868
   17063
   17091
   17104
   17237
   17142
   16970
   17194
   17134
   17061
   16966
   16884
   17433
   17353
   17182
   17567
   17392
   17263
   17277
   17352
   17449
   17496
   17646
   17626
   17712
   18005
   18046
   18119
   18609
   18823
   19550
   20108
   20666
   20943
   21106
   20873
   20509
   19980
   19542
   18965
   18700
   18697
   18400
   18577
   18393
   18698
   18930
   19417
   20666
   23117
   28433
   38213
   53942
   77037
  105663
  135336
  161343
  176289
  178086
  165216
  140057
  111343
   82985
   59717
   42236
   31223
   25059
   21586
   19733
   18765
   18323
   17901
   17695
   17882
   17666
   17915
   17902
   17716
   17288
   17501
   17620
   17532
   17717
   17356
   17503
   17405
   17402
   17595
   17463
   17343
   17668
   17483
   17644
   17610
   17603
   17851
   17663
   17866
   17909
   17719
   17823
   18111
   18069
   17885
   18029
   18121
   18191
   18208
   18354
   18376
   18457
   18792
   19118
   19152
   19562
   19457
   19635
   19444
   19510
   19050
   18922
   18425
   18698
   18718
   18696
   18707
   18876
   19003
   18820
   18835
   18856
   18953
   18744
   18929
   18863
   18733
   19062
   18994
   18969
   19034
   19126
   19267
   19328
   19235
   19181
   19069
   19540
   19370
   19232
   19289
   19310
   19552
   19189
   19398
   19535
   19392
   19593
   19656
   19801
   19869
   19963
   19814
   19682
   19749
   19964
   19922
   20229
   19996
   20038
   20186
   20192
   20242
   20131
   20236
   20165
   20815
   20294
   20451
   20588
   20296
   20461
   20548
   20388
   20466
   20770
   20486
   20907
   20486
   20503
   20573
   20810
   20802
   20863
   21022
   20991
   21006
   21017
   21211
   21188
   21352
   21198
   21006
   21647
   21671
   22345
   23901
   26937
   32713
   42175
   55586
   74320
   95894
  115732
  132154
  138621
  136285
  123480
  104510
   84042
   64376
   48444
   37499
   30065
   25746
   23475
   22331
   21683
   21229
   21213
   21064
   20893
   21035
   21036
   20915
   20783
   21163
   21170
   20980
   21030
   21048
   21237
   21137
   21227
   21279
   21400
   21492
   21243
   21282
   21349
   21412
   21253
   21168
   21322
   21558
   21565
   21697
   21525
   21567
   21607
   21794
   21865
   21807
   22040
   21864
   21667
   21895
   22198
   21991
   22206
   22006
   22197
   22475
   22357
   22351
   22466
   22147
   22692
   22738
   22540
   22599
   22710
   22681
   22578
   22773
   22961
   22768
   22835
   22849
   22863
   23492
   23409
   23126
   23391
   23366
   23401
   23586
   23649
   23626
   23788
   23973
   23785
   24002
   23758
   23980
   23788
   24206
   24135
   23821
   23804
   24098
   24226
   24195
   24220
   24349
   24385
   23761
   24201
   24009
   23973
   24279
   24500
   24392
   24495
   24417
   24556
   24386
   24492
   24426
   24644
   24846
   24838
   24848
   24997
   24841
   25057
   25285
   25256
   24974
   25468
   25341
   25425
   25481
   25800
   26066
   25865
   25932
   26143
   25844
   25896
   26035
   26073
   25941
   26162
   25921
   26209
   26440
   26532
   26515
   26580
   27225
   27629
   28576
   29746
   31629
   33841
   35915
   37598
   38792
   39014
   39289
   37866
   36142
   34810
   33116
   32044
   30898
   30351
   29933
   29558
   29463
   30470
   32644
   39291
   54342
   86221
  149000
  258712
  431807
  678963
  988350
 1323416
 1635666
 1859306
 1931316
 1853117
 1625901
 1320859
  986661
  684617
  444702
  269767
  158680
   92402
   54720
   35369
   25070
   19949
   16643
   14856
   13349
   12408
   11713
   11336
   10956
   10630
   10637
   10423
   10440
   10240
   10035
   10140
    9929
    9719
    9780
    9706
    9299
    9539
    9447
    9396
    9347
    9276
    8980
    9205
    9247
    9252
    8990
    9067
    9014
    9109
    9153
    8942
    8933
    9016
    9016
    8598
    8896
    8778
    8897
    8833
    8878
    8755
    8677
    8790
    8614
    8519
    8652
    8962
    9229
    9607
   10732
   11960
   14648
   17634
   21488
   25543
   29333
   31546
   32074
   30264
   27204
   23409
   19306
   15872
   13214
   11208
    9737
    9161
    8750
    8368
    8397
    8292
    8324
    8494
    8258
    8345
    8244
    8054
    8113
    8139
    8118
    8160
    8263
    8726
    8572
    8815
    9158
    9335
    9573
    9741
    9671
    9642
    9637
    9043
    8890
    8589
    8413
    8183
    8092
    8090
    7943
    8089
    8269
    8264
    8505
    8718
    9496
   11027
   13495
   17363
   23036
   29900
   37090
   44036
   48722
   50847
   49283
   44614
   37849
   30711
   24001
   18581
   14373
   11636
    9909
    9041
    8608
    8217
    8392
    8900
    9840
   12364
   17608
   26545
   41727
   64343
   93609
  128732
  163338
  193997
  211299
  214245
  200408
  172908
  139405
  103672
   73002
   48756
   31830
   20386
   13895
   10431
    8201
    7351
    6659
    6458
    6185
    5985
    6026
    6029
    5919
    5805
    5835
    5784
    5716
    5779
    5821
    5801
    5719
    5795
    5650
    5747
    5737
    5824
    5672
    5796
    5590
    5632
    5570
    5625
    5661
    5556
    5611
    5678
    5621
    5552
    5601
    5560
    5451
    5567
    5667
    5677
    5438
    5467
    5491
    5456
    5470
    5499
    5523
    5522
    5549
    5530
    5536
    5634
    5502
    5467
    5432
    5482
    5550
    5628
    5465
    5447
    5538
    5529
    5667
    5694
    6152
    6293
    6455
    6674
    6663
    6658
    6698
    6341
    6052
    5923
    5864
    5623
    5631
    5592
    5387
    5480
    5382
    5517
    5532
    5776
    5805
    6043
    6386
    6644
    6995
    7150
    7204
    6936
    6624
    6452
    6257
    5798
    5802
    5523
    5463
    5309
    5303
    5365
    5395
    5261
    5274
    5132
    5307
    5317
    5553
    5719
    6017
    6436
    7078
    7887
    8931
    9629
   10518
   10610
   10765
   10116
    9251
    8385
    7413
    6736
    5999
    5837
    5425
    5302
    5333
    5206
    5192
    5125
    5269
    5122
    5110
    5152
    5100
    5109
    5131
    5175
    5170
    5116
    5239
    5209
    5160
    5119
    5180
    5181
    5145
    5187
    5124
    5205
    5214
    5286
    5212
    5201
    5346
    5286
    5251
    5377
    5261
    5479
    5394
    5387
    5308
    5347
    5368
    5324
    5252
    5246
    5266
    5119
    5145
    5235
    5428
    5506
    5454
    5362
    5392
    5294
    5334
    5264
    5145
    5083
    5030
    4994
    5178
    4905
    4945
    4945
    5054
    4949
    4930
    5050
    5078
    4937
    5033
    4929
    5035
    4807
    4765
    4944
    4977
    4833
    4984
    4950
    5197
    5225
    5430
    5583
    5809
    6063
    6170
    6459
    6477
    6344
    6136
    6046
    5711
    5470
    5260
    5197
    4988
    5136
    4977
    4883
    5065
    5058
    5114
    5149
    5179
    5403
    5301
    5437
    5508
    5435
    5450
    5307
    5246
    5023
    5170
    5077
    4890
    4960
    5097
    5038
    5352
    5657
    6385
    7197
    8153
    9314
   11059
   11984
   13062
   13256
   12848
   12044
   10725
    9430
    8118
    7157
    6259
    5869
    5574
    5334
    5653
    5949
    6529
    7015
    7916
    8455
    9005
    9218
    9128
    8518
    8096
    7212
    6679
    5929
    5508
    5355
    4999
    4774
    4818
    4847
    4825
    4760
    4707
    4815
    4911
    4641
    4783
    4705
    4748
    4702
    4778
    4799
    4802
    4736
    4594
    4642
    4671
    4788
    4707
    4725
    4637
    4677
    4821
    4845
    4783
    4782
    4847
    5105
    5399
    5666
    6031
    6528
    6923
    7251
    7303
    7520
    7242
    6951
    6520
    6024
    5762
    5433
    5063
    4834
    4754
    4847
    4697
    4685
    4879
    4580
    4715
    4677
    4722
    4886
    4753
    4807
    4664
    4845
    4713
    4567
    4579
    4586
    4666
    4555
    4602
    4572
    4559
    4530
    4572
    4470
    4471
    4581
    4693
    4631
    4621
    4534
    4590
    4526
    4539
    4694
    4624
    4606
    4502
    4480
    4645
    4645
    4588
    4448
    4611
    4654
    4525
    4478
    4654
    4531
    4566
    4539
    4533
    4583
    4505
    4473
    4554
    4525
    4548
    4374
    4536
    4533
    4597
    4490
    4506
    4474
    4513
    4540
    4493
    4459
    4558
    4571
    4626
    4464
    4798
    5029
    5232
    5635
    6069
    6275
    6600
    6761
    7045
    6892
    6473
    6177
    5774
    5344
    5013
    4890
    4740
    4567
    4624
    4560
    4494
    4599
    4375
    4406
    4538
    4430
    4504
    4513
    4412
    4489
    4437
    4276
    4485
    4406
    4434
    4295
    4525
    4423
    4427
    4286
    4348
    4448
    4354
    4399
    4413
    4411
    4305
    4460
    4236
    4307
    4368
    4344
    4319
    4363
    4284
    4359
    4316
    4318
    4379
    4295
    4371
    4352
    4324
    4279
    4297
    4393
    4293
    4519
    4393
    4498
    4437
    4525
    4604
    4590
    4582
    4575
    4462
    4350
    4459
    4364
    4343
    4395
    4482
    4370
    4327
    4268
    4421
    4348
    4363
    4339
    4375
    4256
    4229
    4323
    4439
    4293
    4328
    4153
    4352
    4415
    4277
    4301
    4235
    4289
    4276
    4192
    4287
    4205
    4240
    4291
    4371
    4272
    4175
    4278
    4358
    4423
    4410
    4358
    4356
    4416
    4417
    4359
    4454
    4372
    4204
    4207
    4211
    4111
    4039
    4269
    4222
    4342
    4226
    4242
    4291
    4412
    4359
    4344
    4642
    4702
    4770
    4981
    5107
    5105
    5119
    5118
    4885
    4923
    4841
    4737
    4479
    4427
    4331
    4380
    4388
    4480
    4628
    4607
    4664
    4626
    4625
    4687
    4824
    4614
    4627
    4470
    4474
    4501
    4367
    4471
    4360
    4294
    4394
    4465
    4203
    4441
    4295
    4404
    4384
    4451
    4332
    4373
    4369
    4293
    4327
    4335
    4285
    4264
    4314
    4230
    4235
    4276
    4344
    4481
    4237
    4388
    4228
    4469
    4276
    4338
    4422
    4443
    4537
    4624
    4628
    4757
    4635
    4655
    4685
    4625
    4808
    4677
    4692
    4665
    4536
    4516
    4368
    4379
    4348
    4111
    4083
    4100
    4131
    4081
    4049
    3994
    4007
    3993
    4117
    4097
    4089
    4046
    3970
    3959
    4075
    3942
    3957
    3910
    4014
    4035
    3914
    3905
    3951
    4031
    4079
    4002
    3987
    4055
    4005
    4044
    4108
    4151
    4048
    4009
    4021
    4125
    4233
    4361
    4251
    4139
    4243
    4293
    4215
    4247
    4021
    4133
    4117
    4112
    4095
    4376
    4500
    4740
    4882
    4950
    5029
    5159
    5021
    5101
    4935
    4790
    4566
    4261
    4200
    4144
    4006
    4101
    4074
    4054
    4117
    4159
    4193
    4322
    4245
    4243
    4283
    4293
    4243
    4223
    4216
    4213
    4184
    4241
    4287
    4274
    4271
    4240
    4202
    4298
    4092
    4305
    4332
    4263
    4192
    4153
    4297
    4258
    4238
    4217
    4250
    4175
    4064
    3962
    4016
    4000
    3982
    3993
    3943
    3793
    3906
    3911
    3911
    4066
    3971
    3994
    4075
    4204
    4413
    4623
    4863
    4994
    5138
    5177
    5313
    5415
    5126
    5125
    4828
    4695
    4350
    4219
    4065
    3919
    3852
    3888
    3949
    3879
    3925
    3981
    3848
    3823
    3772
    3812
    3695
    3838
    3608
    3792
    3868
    3802
    3813
    3777
    3738
    3726
    3645
    3733
    3689
    3698
    3663
    3612
    3580
    3762
    3653
    3650
    3702
    3614
    3679
    3653
    3684
    3678
    3650
    3691
    3737
    3690
    3682
    3698
    3806
    3796
    3669
    3697
    3585
    3660
    3694
    3597
    3505
    3652
    3618
    3703
    3672
    3733
    3633
    3581
    3620
    3647
    3569
    3490
    3659
    3677
    3638
    3609
    3637
    3608
    3653
    3614
    3731
    3726
    3694
    3707
    3930
    3935
    4119
    4330
    4681
    4980
    5384
    5930
    6268
    6634
    6981
    6903
    6618
    6262
    5822
    5339
    4857
    4562
    4213
    3979
    3720
    3638
    3714
    3682
    3662
    3575
    3575
    3510
    3617
    3479
    3605
    3550
    3621
    3617
    3577
    3479
    3550
    3416
    3488
    3639
    3457
    3659
    3469
    3557
    3497
    3501
    3600
    3494
    3669
    3654
    3591
    3550
    3574
    3496
    3449
    3438
    3476
    3568
    3491
    3506
    3414
    3432
    3432
    3548
    3521
    3520
    3495
    3373
    3467
    3520
    3489
    3517
    3465
    3475
    3491
    3495
    3492
    3568
    3423
    3466
    3416
    3458
    3643
    3379
    3473
    3495
    3452
    3345
    3445
    3393
    3560
    3380
    3375
    3406
    3414
    3418
    3355
    3496
    3411
    3467
    3329
    3417
    3357
    3439
    3362
    3369
    3446
    3413
    3395
    3364
    3435
    3511
    3488
    3418
    3481
    3434
    3442
    3463
    3438
    3379
    3461
    3475
    3574
    3476
    3495
    3573
    3505
    3401
    3522
    3615
    3581
    3662
    3605
    3587
    3612
    3758
    3708
    3715
    3609
    3823
    3765
    3648
    3693
    3924
    3816
    3837
    3833
    3974
    3885
    3931
    3844
    3867
    3737
    3716
    3626
    3694
    3591
    3526
    3410
    3499
    3345
    3342
    3346
    3460
    3286
    3294
    3217
    3329
    3292
    3312
    3257
    3175
    3192
    3300
    3417
    3168
    3305
    3288
    3289
    3269
    3274
    3320
    3255
    3290
    3146
    3245
    3286
    3317
    3234
    3172
    3280
    3282
    3227
    3281
    3240
    3266
    3202
    3271
    3175
    3191
    3332
    3261
    3289
    3325
    3313
    3282
    3318
    3252
    3298
    3215
    3291
    3245
    3209
    3269
    3240
    3176
    3219
    3275
    3147
    3208
    3266
    3253
    3188
    3163
    3279
    3212
    3300
    3226
    3144
    3250
    3243
    3179
    3238
    3370
    3377
    3510
    3468
    3543
    3628
    3502
    3471
    3431
    3473
    3395
    3455
    3255
    3233
    3282
    3230
    3254
    3253
    3155
    3212
    3202
    3153
    3174
    3194
    3207
    3164
    3151
    3196
    3274
    3185
    3202
    3166
    3188
    3154
    3178
    3189
    3144
    3220
    3267
    3194
    3537
    3532
    3698
    3982
    4337
    4704
    5048
    5257
    5427
    5579
    5434
    5320
    5211
    4790
    4492
    4100
    3930
    3732
    3616
    3525
    3390
    3419
    3425
    3356
    3476
    3433
    3468
    3455
    3444
    3654
    3599
    3646
    3651
    3512
    3548
    3388
    3342
    3457
    3311
    3265
    3077
    3062
    3105
    3018
    3085
    3117
    3005
    3096
    3070
    3184
    3106
    3083
    3192
    3068
    3042
    3153
    3212
    3128
    3107
    3011
    3134
    3022
    3043
    3047
    3108
    2980
    3006
    3125
    3073
    3006
    3055
    2977
    3058
    3014
    3078
    2877
    2910
    2939
    3000
    3048
    3000
    2973
    3107
    3065
    3105
    3000
    3112
    3082
    3194
    3143
    3193
    3138
    3104
    3113
    3079
    3106
    3042
    2941
    3005
    2975
    2998
    3053
    3008
    3085
    3081
    2962
    2989
    2953
    2933
    2960
    2928
    2955
    2983
    3009
    2871
    2908
    2904
    2886
    2839
    3029
    2915
    2922
    3028
    2946
    3029
    2829
    2926
    2895
    2920
    2961
    2983
    2882
    2911
    2987
    2941
    2871
    2937
    2966
    2878
    2961
    2957
    2878
    2833
    2996
    2861
    2940
    2837
    2935
    2950
    2929
    2816
    2911
    2904
    2831
    2973
    2887
    3032
    2968
    2907
    2872
    2897
    2917
    2989
    2859
    2955
    2950
    2897
    2903
    2905
    2993
    2928
    2900
    2974
    2981
    3015
    3152
    3153
    3109
    3327
    3294
    3454
    3492
    3364
    3664
    3706
    3856
    3991
    3872
    4019
    4165
    4153
    4230
    4254
    4299
    4333
    4437
    4584
    4599
    4765
    4784
    4870
    4992
    5038
    5153
    5337
    5363
    5607
    5724
    5889
    6109
    6074
    6054
    6039
    5590
    5407
    4993
    4380
    4107
    3696
    3417
    3214
    3045
    2890
    2815
    2716
    2701
    2676
    2649
    2730
    2750
    2631
    2724
    2816
    2642
    2581
    2596
    2566
    2630
    2699
    2580
    2638
    2708
    2701
    2734
    2695
    2629
    2679
    2680
    2657
    2642
    2722
    2721
    2603
    2608
    2651
    2657
    2626
    2563
    2720
    2559
    2640
    2586
    2696
    2614
    2578
    2606
    2711
    2708
    2630
    2606
    2602
    2658
    2547
    2653
    2667
    2655
    2705
    2673
    2558
    2645
    2698
    2691
    2584
    2679
    2653
    2693
    2631
    2693
    2557
    2620
    2600
    2529
    2593
    2558
    2512
    2554
    2506
    2615
    2512
    2497
    2531
    2439
    2507
    2424
    2578
    2551
    2552
    2594
    2515
    2618
    2616
    2613
    2588
    2606
    2486
    2599
    2559
    2492
    2666
    2612
    2521
    2552
    2535
    2624
    2520
    2554
    2602
    2597
    2642
    2700
    2580
    2672
    2658
    2697
    2814
    2840
    3057
    3038
    3163
    3204
    3303
    3544
    3457
    3534
    3645
    3624
    3515
    3310
    3194
    3311
    3059
    2959
    2972
    2900
    2917
    2877
    2877
    2784
    2955
    2991
    2952
    2961
    3076
    3004
    3085
    3155
    3116
    3230
    3160
    3141
    3029
    2980
    2818
    2821
    2685
    2485
    2487
    2373
    2517
    2361
    2351
    2415
    2456
    2360
    2384
    2434
    2319
    2388
    2449
    2422
    2309
    2395
    2308
    2359
    2451
    2347
    2410
    2385
    2354
    2361
    2341
    2325
    2403
    2440
    2379
    2353
    2323
    2367
    2347
    2371
    2365
    2248
    2377
    2433
    2399
    2336
    2333
    2341
    2383
    2264
    2383
    2344
    2408
    2332
    2440
    2388
    2406
    2467
    2449
    2485
    2484
    2384
    2462
    2399
    2374
    2450
    2370
    2399
    2305
    2314
    2250
    2235
    2424
    2305
    2410
    2297
    2378
    2389
    2416
    2327
    2299
    2396
    2294
    2377
    2284
    2373
    2367
    2310
    2272
    2406
    2278
    2390
    2252
    2274
    2260
    2330
    2260
    2321
    2256
    2263
    2371
    2300
    2256
    2306
    2257
    2308
    2324
    2322
    2304
    2268
    2331
    2268
    2354
    2264
    2319
    2214
    2224
    2265
    2297
    2274
    2222
    2296
    2357
    2264
    2257
    2215
    2260
    2234
    2248
    2335
    2243
    2254
    2292
    2245
    2282
    2171
    2202
    2198
    2286
    2276
    2279
    2247
    2241
    2173
    2177
    2287
    2317
    2270
    2330
    2308
    2264
    2363
    2376
    2289
    2361
    2291
    2398
    2332
    2280
    2280
    2283
    2155
    2147
    2147
    2166
    2199
    2123
    2142
    2143
    2125
    2167
    2115
    2182
    2177
    2125
    2078
    2208
    2139
    2069
    2156
    2127
    2135
    2120
    2080
    2101
    2164
    2191
    2218
    2104
    2204
    2182
    2243
    2298
    2239
    2337
    2243
    2291
    2243
    2275
    2357
    2228
    2244
    2271
    2174
    2180
    2145
    2129
    2119
    2073
    2112
    2113
    2132
    2084
    2091
    2158
    2140
    2134
    2187
    2109
    2162
    2126
    2083
    2164
    2085
    2042
    2069
    2133
    2133
    2061
    2200
    2128
    2165
    2037
    2036
    2070
    2027
    1967
    2014
    2023
    2072
    2032
    2171
    2048
    2051
    2029
    2087
    2047
    2165
    2060
    2190
    2105
    2093
    2023
    2063
    2151
    2022
    2094
    2119
    2057
    2101
    2160
    2045
    2068
    2017
    2047
    2057
    2162
    2106
    2013
    2072
    2058
    2090
    2061
    2042
    2091
    2012
    2012
    2045
    2070
    1987
    2029
    2151
    2018
    1977
    2107
    2038
    2105
    2079
    2010
    2061
    2138
    2007
    2100
    2023
    2110
    2063
    2047
    2047
    1944
    2118
    2032
    2079
    2003
    2007
    2011
    1992
    2012
    2151
    2039
    1986
    1995
    2057
    2084
    2013
    2049
    2006
    1984
    2024
    2027
    2052
    2040
    1935
    1980
    2084
    1996
    2036
    2014
    2043
    2018
    2060
    2038
    2093
    1985
    1983
    1956
    1940
    2014
    1975
    1952
    1911
    1979
    1970
    1977
    1949
    1982
    1915
    1983
    1980
    2048
    1962
    1879
    1972
    1968
    1976
    1911
    2002
    1974
    1927
    1960
    1922
    1977
    1957
    1940
    1937
    1909
    1975
    2047
    1969
    1996
    2018
    1944
    1922
    1946
    1932
    1956
    1828
    1940
    1862
    1929
    1935
    1981
    1870
    1960
    1956
    1933
    1930
    1891
    1924
    1876
    1939
    1898
    1916
    1971
    2006
    1900
    1904
    1920
    1917
    1930
    1830
    1902
    1871
    1893
    1937
    1851
    1849
    1958
    1900
    1944
    1837
    1848
    1875
    1896
    1919
    1881
    1860
    1917
    1847
    1894
    1908
    1864
    1959
    1929
    1940
    1853
    1899
    1951
    1908
    1860
    1859
    1870
    1900
    1905
    1914
    1837
    1873
    1834
    1858
    1817
    1840
    1870
    1885
    1868
    1951
    1899
    1897
    1926
    1870
    1871
    1969
    1820
    1853
    1918
    1876
    1843
    1892
    1832
    1827
    1893
    1805
    1940
    1881
    1846
    1789
    1862
    1922
    1899
    1891
    1962
    1926
    1871
    1884
    1887
    1901
    1872
    1942
    1868
    1903
    1967
    2004
    1905
    1901
    1900
    1864
    1958
    1912
    1858
    1901
    1913
    1930
    1910
    2004
    1894
    1997
    1915
    1951
    1937
    1917
    1905
    1903
    1922
    1909
    1925
    1924
    1821
    1876
    1841
    1885
    1826
    1878
    1806
    1879
    1738
    1831
    1804
    1909
    1874
    1798
    1804
    1811
    1863
    1828
    1763
    1775
    1748
    1858
    1857
    1776
    1742
    1850
    1867
    1849
    1814
    1825
    1857
    1883
    1827
    1854
    1833
    1827
    1796
    1907
    1878
    1862
    1832
    1858
    1824
    1774
    1787
    1780
    1798
    1855
    1782
    1763
    1762
    1724
    1744
    1729
    1764
    1744
    1824
    1746
    1804
    1755
    1787
    1765
    1770
    1753
    1737
    1729
    1743
    1869
    1866
    1717
    1799
    1822
    1741
    1787
    1764
    1745
    1743
    1833
    1705
    1783
    1753
    1659
    1750
    1767
    1681
    1755
    1776
    1736
    1687
    1733
    1713
    1759
    1689
    1708
    1699
    1740
    1783
    1752
    1751
    1751
    1705
    1707
    1780
    1789
    1790
    1709
    1739
    1736
    1703
    1731
    1734
    1818
    1786
    1780
    1834
    1806
    1821
    1810
    1827
    1821
    1682
    1767
    1689
    1748
    1710
    1615
    1704
    1627
    1665
    1697
    1722
    1672
    1648
    1709
    1772
    1777
    1766
    1687
    1693
    1642
    1720
    1722
    1709
    1720
    1794
    1633
    1707
    1736
    1687
    1672
    1755
    1704
    1742
    1671
    1672
    1653
    1721
    1711
    1698
    1603
    1635
    1692
    1633
    1648
    1698
    1756
    1667
    1711
    1808
    1783
    1723
    1832
    1798
    1800
    1809
    1786
    1723
    1766
    1727
    1698
    1687
    1745
    1713
    1628
    1698
    1617
    1593
    1655
    1638
    1678
    1713
    1593
    1588
    1663
    1606
    1767
    1631
    1725
    1609
    1651
    1669
    1684
    1661
    1720
    1641
    1630
    1593
    1617
    1565
    1648
    1681
    1678
    1715
    1638
    1713
    1699
    1661
    1644
    1659
    1651
    1554
    1563
    1618
    1561
    1635
    1631
    1688
    1595
    1623
    1624
    1660
    1550
    1678
    1623
    1616
    1618
    1617
    1644
    1706
    1714
    1626
    1643
    1638
    1666
    1649
    1658
    1674
    1551
    1601
    1630
    1655
    1548
    1594
    1649
    1582
    1632
    1575
    1627
    1637
    1589
    1624
    1620
    1583
    1588
    1568
    1621
    1575
    1635
    1634
    1634
    1660
    1605
    1597
    1656
    1590
    1572
    1536
    1632
    1520
    1560
    1543
    1616
    1538
    1553
    1584
    1549
    1687
    1626
    1562
    1608
    1576
    1542
    1589
    1585
    1621
    1549
    1534
    1619
    1593
    1571
    1636
    1622
    1650
    1602
    1533
    1611
    1529
    1571
    1592
    1602
    1638
    1608
    1592
    1590
    1670
    1578
    1627
    1581
    1638
    1525
    1628
    1586
    1573
    1527
    1538
    1570
    1631
    1633
    1575
    1602
    1545
    1582
    1604
    1578
    1630
    1567
    1556
    1528
    1543
    1532
    1499
    1629
    1654
    1499
    1582
    1533
    1561
    1571
    1552
    1641
    1582
    1549
    1485
    1539
    1536
    1536
    1557
    1559
    1582
    1540
    1588
    1491
    1590
    1529
    1495
    1608
    1529
    1507
    1566
    1562
    1482
    1537
    1583
    1573
    1529
    1465
    1532
    1556
    1535
    1595
    1508
    1561
    1590
    1514
    1592
    1523
    1566
    1479
    1475
    1550
    1533
    1506
    1521
    1561
    1494
    1514
    1505
    1488
    1507
    1499
    1560
    1616
    1545
    1526
    1563
    1557
    1519
    1514
    1526
    1481
    1552
    1623
    1561
    1577
    1534
    1598
    1660
    1619
    1581
    1612
    1597
    1660
    1705
    1632
    1615
    1564
    1655
    1615
    1538
    1629
    1593
    1640
    1622
    1652
    1653
    1618
    1747
    1746
    1786
    1868
    1963
    2009
    2057
    2165
    2294
    2478
    2656
    2901
    3107
    3268
    3495
    3833
    3646
    3880
    3740
    3728
    3488
    3288
    3086
    2933
    2717
    2509
    2356
    2249
    2096
    2043
    1969
    1896
    1920
    1831
    1776
    1832
    1748
    1781
    1739
    1692
    1661
    1614
    1498
    1581
    1534
    1505
    1541
    1484
    1471
    1544
    1473
    1453
    1503
    1474
    1460
    1417
    1474
    1487
    1502
    1415
    1463
    1500
    1453
    1512
    1442
    1454
    1421
    1442
    1485
    1467
    1444
    1436
    1451
    1472
    1460
    1482
    1467
    1430
    1478
    1464
    1473
    1447
    1529
    1453
    1487
    1502
    1499
    1443
    1432
    1504
    1463
    1533
    1463
    1537
    1471
    1477
    1438
    1485
    1479
    1507
    1498
    1459
    1407
    1489
    1561
    1467
    1490
    1473
    1401
    1464
    1479
    1451
    1476
    1440
    1442
    1409
    1405
    1429
    1427
    1500
    1426
    1442
    1433
    1440
    1444
    1427
    1433
    1342
    1426
    1461
    1460
    1422
    1344
    1460
    1445
    1424
    1442
    1475
    1378
    1354
    1417
    1415
    1478
    1459
    1395
    1442
    1459
    1392
    1406
    1401
    1480
    1463
    1412
    1489
    1440
    1390
    1479
    1467
    1480
    1439
    1480
    1394
    1426
    1499
    1453
    1418
    1435
    1426
    1452
    1416
    1404
    1459
    1443
    1402
    1433
    1479
    1384
    1397
    1478
    1389
    1420
    1422
    1405
    1489
    1435
    1394
    1423
    1435
    1347
    1376
    1476
    1423
    1410
    1404
    1387
    1392
    1400
    1424
    1428
    1366
    1475
    1421
    1403
    1387
    1414
    1387
    1417
    1424
    1426
    1359
    1416
    1451
    1465
    1304
    1382
    1442
    1412
    1391
    1333
    1467
    1392
    1372
    1425
    1389
    1439
    1418
    1430
    1461
    1411
    1416
    1469
    1375
    1443
    1388
    1459
    1432
    1317
    1363
    1349
    1338
    1423
    1435
    1296
    1437
    1347
    1339
    1346
    1386
    1328
    1373
    1343
    1419
    1318
    1369
    1352
    1342
    1360
    1381
    1433
    1341
    1375
    1394
    1310
    1331
    1354
    1418
    1335
    1365
    1324
    1403
    1345
    1361
    1367
    1381
    1366
    1408
    1395
    1496
    1411
    1489
    1468
    1503
    1458
    1520
    1432
    1488
    1436
    1414
    1473
    1411
    1401
    1383
    1398
    1268
    1380
    1412
    1329
    1359
    1375
    1342
    1440
    1372
    1305
    1341
    1414
    1306
    1319
    1374
    1333
    1349
    1350
    1310
    1360
    1337
    1339
    1343
    1380
    1315
    1389
    1330
    1375
    1365
    1363
    1351
    1389
    1390
    1304
    1332
    1322
    1379
    1402
    1357
    1389
    1267
    1325
    1339
    1337
    1370
    1368
    1235
    1379
    1419
    1293
    1338
    1312
    1262
    1280
    1287
    1311
    1317
    1299
    1327
    1301
    1370
    1335
    1363
    1248
    1325
    1334
    1284
    1358
    1313
    1357
    1332
    1317
    1332
    1324
    1333
    1357
    1330
    1321
    1282
    1292
    1290
    1349
    1346
    1339
    1337
    1305
    1299
    1386
    1355
    1255
    1299
    1262
    1241
    1267
    1264
    1349
    1273
    1310
    1361
    1259
    1363
    1375
    1283
    1282
    1249
    1342
    1309
    1351
    1345
    1455
    1358
    1283
    1276
    1290
    1235
    1277
    1335
    1264
    1308
    1289
    1277
    1316
    1203
    1197
    1313
    1266
    1256
    1316
    1276
    1297
    1305
    1278
    1326
    1285
    1327
    1242
    1307
    1295
    1304
    1203
    1284
    1281
    1223
    1257
    1276
    1332
    1282
    1286
    1258
    1256
    1316
    1268
    1314
    1333
    1255
    1333
    1312
    1362
    1294
    1308
    1300
    1341
    1279
    1301
    1374
    1354
    1237
    1312
    1279
    1329
    1294
    1208
    1249
    1300
    1343
    1251
    1223
    1383
    1227
    1278
    1423
    1367
    1359
    1483
    1530
    1505
    1692
    1687
    1813
    1799
    1855
    1816
    1906
    1889
    1863
    1737
    1721
    1534
    1547
    1528
    1465
    1404
    1357
    1235
    1277
    1331
    1205
    1228
    1257
    1238
    1247
    1167
    1283
    1220
    1210
    1261
    1154
    1278
    1211
    1190
    1219
    1263
    1223
    1185
    1208
    1249
    1267
    1180
    1211
    1215
    1228
    1191
    1267
    1205
    1155
    1263
    1204
    1147
    1176
    1168
    1147
    1282
    1159
    1252
    1183
    1214
    1151
    1203
    1171
    1108
    1274
    1165
    1191
    1111
    1175
    1225
    1168
    1165
    1177
    1204
    1139
    1124
    1168
    1180
    1204
    1149
    1198
    1149
    1158
    1111
    1146
    1214
    1175
    1149
    1190
    1142
    1177
    1169
    1147
    1202
    1165
    1161
    1109
    1164
    1156
    1189
    1229
    1317
    1323
    1420
    1601
    1655
    1963
    2331
    2638
    3135
    3740
    4404
    4986
    5435
    6112
    6454
    6653
    6787
    6732
    6375
    5949
    5383
    4693
    3957
    3534
    2878
    2456
    2061
    1725
    1476
    1402
    1226
    1237
    1232
    1060
    1110
    1133
    1054
    1099
    1165
    1179
    1157
    1129
    1131
    1164
    1092
    1105
    1117
    1099
    1143
    1149
    1122
    1068
    1097
    1122
    1195
    1058
    1111
    1098
    1120
    1081
    1025
    1036
    1124
    1080
    1093
    1113
    1114
    1090
    1076
    1055
    1090
    1073
    1069
    1149
    1084
    1057
    1078
    1143
    1058
    1053
    1094
    1077
    1126
    1083
    1052
    1049
    1077
    1048
    1079
    1040
    1124
    1087
    1051
    1052
    1077
    1119
    1121
    1086
    1079
    1072
    1123
    1095
    1065
     998
    1125
    1044
    1135
    1065
    1031
    1055
    1028
    1072
    1057
    1061
    1043
    1056
    1054
    1008
    1055
    1035
    1077
    1093
    1091
    1026
    1080
    1045
    1041
    1020
    1077
    1057
    1038
    1057
    1057
    1052
    1067
     991
    1055
    1075
    1061
    1032
    1020
    1031
    1043
    1034
    1029
    1065
    1054
    1058
    1130
    1034
    1041
    1081
    1053
    1023
    1017
    1002
    1049
    1056
    1026
    1019
    1002
    1060
     992
     975
    1069
    1074
    1082
    1079
    1088
    1008
    1022
    1069
    1068
    1084
    1065
    1056
    1081
    1088
    1031
    1029
    1035
    1006
    1005
    1047
    1025
    1031
     999
     979
    1001
    1006
    1006
    1006
    1034
    1030
    1041
    1043
     971
    1037
     974
     957
    1005
     981
    1044
    1005
    1009
    1048
     999
    1000
    1015
    1000
     962
    1087
    1004
    1008
     992
     994
    1034
    1044
     967
     982
     979
    1054
     985
    1009
    1064
     984
     989
    1038
     959
    1002
     971
     969
    1015
     976
     997
    1010
    1028
    1021
     982
    1032
     989
     978
     946
     991
     951
    1078
     984
    1040
     969
     948
     994
     988
    1016
    1031
     978
    1061
     921
     970
     967
     900
     960
     972
     947
     973
    1006
     906
    1030
     951
     963
     969
     953
     927
     917
     971
     948
    1044
     971
     962
     975
     941
     967
     929
     982
     960
     963
     941
     946
    1016
     939
    1026
     934
     960
     879
    1000
     988
     986
     951
     956
     951
     944
     985
     960
     939
    1005
     970
     988
     981
     959
     987
    1025
     901
     967
     981
     952
     959
     922
     955
     941
     943
     950
     904
     941
     995
     904
     993
     919
     954
     942
     882
     965
     971
     980
     927
     884
     923
     962
     949
     980
     984
     993
     942
     951
     947
     960
     951
     993
     984
     977
     973
     966
     993
    1012
     969
     944
     932
     944
     879
     931
     940
     935
     969
     968
     909
     924
     971
     905
     953
     944
     936
    1017
     919
     920
     936
     982
     920
     954
     946
     987
    1008
     978
     947
     989
     928
     978
     878
     995
     960
     989
     997
     946
    1004
     865
     953
     899
     980
     938
     912
     918
     972
     914
     956
     924
     918
     910
     886
     962
     900
     913
     879
     906
     909
     919
     873
     921
     969
     895
     839
     936
     924
     927
     881
     906
     885
     905
     887
     898
     913
     980
     931
     894
     909
     925
     925
     919
     895
     922
     872
     929
     905
     923
     911
     917
     879
     912
     919
     897
     919
     882
     916
     913
     888
     877
     862
     920
     909
     850
     934
     879
     889
     796
     920
     922
     896
     873
     914
     870
     856
     903
     869
     836
     868
     851
     865
     968
     893
     858
     902
     846
     884
     897
     838
     870
     885
     850
     908
     906
     887
     883
     914
     878
     888
     938
     869
     894
     894
     871
     903
     852
     902
     885
     897
     860
     928
     835
     886
     894
     840
     895
     813
     860
     888
     878
     840
     874
     891
     900
     922
     877
     912
     859
     924
     864
     888
     841
     938
     907
     867
     912
     876
     876
     870
     906
     905
     908
     925
     825
     918
     904
     862
     905
     861
     848
     909
     958
     884
     846
     871
     808
     875
     853
     824
     879
     899
     880
     927
     885
     902
     882
     914
     859
     854
     861
     867
     859
     831
     849
     852
     851
     874
     863
     867
     826
     866
     836
     878
     871
     901
     873
     902
     899
     946
     895
     954
     867
     918
     902
     938
     901
     912
     918
     899
     922
     893
     880
     845
     874
     889
     849
     846
     874
     847
     845
     854
     859
     822
     866
     790
     890
     875
     865
     848
     854
     911
     915
     850
     810
     822
     809
     828
     813
     899
     903
     776
     833
     818
     836
     857
     852
     833
     864
     858
     830
     803
     840
     876
     865
     899
     844
     871
     893
     813
     889
     860
     935
     890
     845
     852
     846
     863
     881
     882
     857
     875
     895
     828
     872
     859
     876
     883
     865
     821
     857
     831
     948
     839
     851
     836
     808
     860
     817
     815
     852
     876
     873
     887
     835
     873
     895
     845
     851
     919
     904
     918
     879
     877
     902
     913
     831
     775
     822
     872
     825
     820
     821
     850
     805
     819
     801
     848
     835
     792
     863
     885
     809
     831
     876
     882
     849
     893
     846
     854
     814
     853
     885
     850
     830
     823
     813
     789
     797
     794
     778
     756
     791
     805
     821
     817
     781
     760
     802
     852
     812
     872
     759
     806
     825
     761
     775
     793
     848
     820
     857
     851
     856
     863
     884
     806
     828
     774
     848
     834
     820
     775
     779
     803
     793
     749
     822
     819
     813
     760
     835
     817
     796
     769
     809
     813
     807
     783
     798
     823
     850
     791
     780
     750
     798
     818
     808
     814
     832
     783
     790
     812
     788
     733
     809
     794
     840
     796
     774
     772
     797
     827
     765
     822
     828
     824
     751
     830
     795
     829
     763
     806
     784
     798
     761
     768
     762
     771
     844
     780
     829
     797
     780
     834
     770
     830
     773
     727
     812
     797
     794
     745
     784
     814
     842
     830
     725
     807
     758
     795
     775
     781
     800
     833
     815
     847
     847
     758
     805
     777
     755
     804
     726
     834
     814
     780
     783
     779
     746
     717
     822
     799
     801
     752
     768
     812
     765
     772
     768
     777
     750
     737
     792
     820
     772
     830
     822
     796
     807
     880
     904
     944
     924
     964
     972
     981
     952
    1033
    1016
     994
    1038
     967
     960
     900
     906
     909
     896
     863
     875
     870
     814
     842
     780
     822
     848
     806
     830
     786
     771
     789
     753
     800
     735
     843
     798
     814
     817
     775
     792
     789
     811
     795
     796
     765
     804
     830
     772
     771
     732
     790
     779
     759
     757
     734
     770
     796
     771
     824
     806
     810
     811
     859
     786
     840
     831
     833
     898
     917
     887
     899
     960
     888
     909
     947
     912
     938
     889
     885
     839
     819
     797
     827
     839
     837
     778
     831
     828
     863
     800
     888
     869
     958
     900
     910
     961
     926
     976
     995
     942
     972
     881
     930
     850
     864
     844
     816
     785
     799
     720
     766
     795
     769
     784
     755
     780
     805
     813
     817
     828
     841
     878
     880
     838
     873
     966
     967
     923
     942
     936
     917
     910
     945
     897
     895
     799
     794
     750
     752
     744
     775
     834
     735
     740
     793
     817
     751
     780
     777
     754
     790
     757
     788
     760
     759
     775
     751
     796
     773
     720
     729
     725
     715
     786
     701
     737
     737
     738
     801
     741
     750
     701
     765
     771
     731
     734
     742
     777
     708
     712
     754
     773
     746
     742
     723
     735
     741
     774
     757
     735
     708
     749
     744
     741
     724
     718
     719
     780
     723
     696
     713
     754
     710
     791
     738
     772
     771
     719
     755
     729
     743
     710
     746
     722
     743
     734
     731
     728
     727
     719
     739
     741
     747
     713
     700
     733
     711
     759
     680
     747
     795
     764
     735
     698
     694
     751
     755
     723
     705
     760
     755
     747
     774
     742
     766
     733
     765
     728
     712
     728
     756
     717
     730
     761
     761
     727
     782
     771
     708
     712
     730
     655
     760
     753
     711
     733
     705
     702
     702
     719
     703
     786
     759
     708
     730
     718
     761
     739
     709
     733
     751
     736
     798
     812
     810
     850
     860
     953
    1066
    1104
    1164
    1370
    1449
    1477
    1524
    1622
    1713
    1766
    1827
    1745
    1694
    1668
    1537
    1502
    1393
    1287
    1090
    1072
     988
     893
     932
     821
     772
     763
     726
     767
     744
     714
     722
     753
     711
     752
     714
     725
     754
     778
     753
     748
     725
     738
     748
     674
     772
     807
     804
     775
     777
     823
     838
     850
     861
     912
     926
     949
    1022
     961
     992
    1013
     997
     948
    1046
     972
     978
     877
     925
     858
     800
     780
     760
     775
     717
     691
     774
     735
     696
     694
     722
     755
     756
     708
     740
     704
     720
     695
     740
     706
     741
     781
     721
     763
     758
     771
     813
     847
     792
     785
     795
     821
     820
     812
     909
     862
     923
     870
     945
     949
     984
     998
    1046
    1022
    1017
    1059
    1043
     997
    1013
    1015
    1025
     993
    1074
    1119
    1240
    1289
    1411
    1634
    1890
    2045
    2271
    2451
    2718
    2934
    3114
    3195
    3113
    3188
    2951
    2993
    2807
    2556
    2348
    2108
    1861
    1627
    1462
    1265
    1146
    1011
     948
     860
     888
     825
     812
     749
     712
     743
     708
     732
     741
     715
     652
     722
     716
     725
     697
     687
     692
     702
     732
     734
     710
     675
     747
     775
     720
     686
     716
     716
     723
     753
     741
     708
     701
     702
     679
     724
     683
     699
     751
     711
     671
     672
     714
     681
     683
     708
     700
     693
     632
     682
     696
     713
     662
     743
     709
     670
     701
     664
     687
     682
     740
     643
     696
     722
     707
     684
     709
     720
     678
     690
     720
     725
     713
     708
     691
     715
     745
     732
     733
     727
     795
     740
     746
     700
     699
     698
     738
     707
     780
     777
     696
     728
     744
     639
     711
     693
     702
     727
     661
     657
     678
     701
     705
     675
     707
     685
     725
     672
     667
     716
     731
     693
     691
     761
     698
     736
     641
     688
     671
     715
     734
     683
     701
     710
     710
     681
     748
     728
     666
     695
     664
     692
     666
     700
     716
     695
     687
     747
     724
     718
     697
     770
     766
     754
     767
     755
     809
     761
     834
     835
     841
     870
     912
     979
    1002
    1024
    1090
    1290
    1472
    1660
    2045
    2375
    2937
    3437
    4117
    4828
    5693
    6362
    7030
    7897
    8476
    8930
    9216
    9136
    9204
    8788
    8314
    7908
    6796
    6035
    5141
    4427
    3575
    2852
    2304
    1873
    1544
    1289
    1078
     924
     840
     798
     762
     763
     769
     694
     720
     665
     733
     681
     705
     724
     697
     630
     687
     701
     708
     666
     704
     681
     705
     700
     693
     702
     707
     681
     704
     712
     694
     672
     670
     711
     677
     661
     678
     723
     657
     708
     662
     697
     670
     713
     668
     655
     643
     706
     735
     690
     672
     665
     695
     644
     675
     744
     683
     685
     706
     676
     675
     670
     719
     679
     652
     683
     690
     703
     663
     701
     647
     643
     660
     684
     667
     667
     652
     667
     701
     659
     692
     650
     653
     664
     676
     694
     707
     715
     679
     695
     704
     711
     703
     683
     683
     782
     766
     708
     752
     809
     807
     830
     853
     802
     889
     875
     912
     871
     886
     903
     843
     820
     811
     810
     790
     794
     780
     766
     750
     724
     751
     749
     711
     729
     786
     756
     720
     804
     827
     873
     935
     986
    1081
    1227
    1220
    1413
    1512
    1561
    1767
    1896
    1900
    2106
    2169
    2210
    2126
    2153
    2098
    1984
    1878
    1764
    1542
    1436
    1356
    1150
    1024
     999
     943
     827
     782
     692
     675
     680
     641
     705
     632
     671
     652
     642
     692
     666
     663
     675
     674
     620
     644
     684
     661
     665
     674
     620
     642
     670
     658
     586
     626
     636
     650
     624
     677
     687
     642
     589
     645
     653
     654
     643
     635
     608
     668
     651
     700
     627
     625
     597
     620
     643
     662
     677
     651
     674
     669
     691
     614
     654
     652
     670
     644
     615
     681
     681
     688
     650
     720
     683
     708
     706
     726
     705
     706
     730
     697
     660
     702
     687
     603
     621
     600
     651
     568
     594
     568
     557
     593
     579
     540
     558
     563
     537
     568
     545
     514
     543
     534
     527
     555
     534
     561
     530
     524
     509
     541
     539
     488
     486
     501
     534
     527
     579
     483
     537
     492
     517
     486
     507
     547
     518
     512
     504
     495
     505
     544
     494
     556
     520
     494
     510
     545
     518
     608
     525
     606
     609
     643
     655
     624
     650
     689
     704
     730
     729
     751
     706
     723
     675
     690
     717
     634
     656
     610
     622
     572
     589
     587
     584
     519
     556
     580
     563
     558
     547
     578
     544
     572
     551
     553
     527
     510
     529
     518
     500
     495
     503
     485
     487
     449
     453
     480
     496
     460
     534
     488
     488
     430
     457
     494
     509
     469
     488
     458
     465
     473
     483
     456
     474
     470
     509
     425
     507
     459
     470
     464
     546
     460
     431
     445
     458
     448
     500
     441
     457
     473
     483
     505
     471
     492
     475
     462
     447
     449
     449
     452
     455
     475
     417
     470
     476
     492
     461
     476
     439
     484
     469
     442
     455
     459
     507
     481
     475
     475
     476
     499
     476
     503
     513
     542
     523
     519
     555
     544
     510
     506
     547
     522
     492
     462
     496
     501
     429
     441
     457
     445
     434
     408
     401
     472
     456
     473
     439
     406
     444
     465
     460
     424
     425
     466
     467
     423
     454
     437
     457
     478
     492
     481
     500
     483
     537
     515
     587
     561
     539
     529
     576
     597
     565
     545
     559
     561
     588
     565
     553
     584
     543
     522
     522
     526
     501
     465
     496
     464
     452
     492
     412
     446
     449
     420
     431
     417
     442
     426
     441
     399
     459
     432
     448
     465
     428
     412
     426
     408
     501
     421
     460
     459
     496
     486
     465
     491
     494
     517
     517
     504
     607
     586
     615
     604
     661
     593
     617
     602
     572
     612
     554
     533
     553
     526
     468
     442
     436
     418
     443
     422
     407
     411
     424
     402
     406
     424
     432
     396
     446
     407
     443
     405
     402
     373
     425
     423
     452
     416
     405
     404
     396
     358
     386
     437
     401
     360
     390
     395
     393
     415
     396
     407
     388
     395
     413
     385
     390
     399
     400
     413
     422
     398
     369
     376
     401
     409
     419
     381
     381
     406
     381
     386
     409
     386
     367
     379
     385
     390
     381
     398
     433
     380
     394
     362
     392
     353
     388
     391
     403
     383
     411
     379
     413
     393
     381
     391
     394
     426
     387
     417
     392
     413
     398
     386
     382
     404
     400
     430
     374
     432
     370
     417
     401
     360
     394
     412
     418
     405
     381
     347
     372
     389
     416
     347
     357
     388
     390
     353
     371
     388
     355
     371
     368
     362
     391
     402
     355
     349
     323
     366
     351
     422
     380
     360
     365
     390
     380
     380
     376
     365
     364
     408
     393
     407
     426
     423
     421
     437
     472
     445
     494
     475
     491
     519
     530
     549
     547
     529
     496
     495
     509
     449
     467
     494
     471
     430
     437
     412
     407
     389
     367
     337
     415
     384
     371
     352
     367
     381
     370
     366
     336
     350
     346
     356
     356
     376
     377
     360
     404
     389
     372
     356
     350
     356
     371
     346
     345
     344
     348
     325
     346
     353
     350
     331
     375
     353
     373
     370
     352
     375
     393
     391
     369
     386
     472
     456
     493
     516
     529
     585
     639
     705
     762
     833
     865
     872
     962
     906
     919
     909
     926
     843
     824
     794
     667
     621
     648
     590
     542
     490
     451
     423
     382
     374
     354
     370
     363
     348
     326
     319
     306
     331
     347
     333
     334
     340
     337
     323
     306
     335
     338
     327
     334
     329
     350
     335
     333
     302
     350
     384
     309
     344
     383
     355
     358
     329
     369
     319
     356
     357
     343
     343
     330
     331
     347
     360
     362
     323
     324
     341
     311
     330
     319
     321
     322
     320
     302
     344
     323
     341
     327
     297
     347
     305
     341
     332
     329
     333
     321
     314
     329
     307
     333
     304
     304
     308
     299
     291
     312
     323
     351
     325
     299
     334
     294
     323
     318
     324
     313
     295
     325
     326
     336
     320
     346
     335
     343
     329
     347
     317
     364
     355
     373
     354
     370
     370
     389
     407
     387
     401
     390
     387
     399
     387
     370
     426
     384
     384
     401
     352
     371
     346
     280
     330
     342
     300
     298
     348
     344
     316
     318
     332
     330
     364
     382
     393
     428
     423
     490
     518
     566
     636
     593
     642
     703
     726
     721
     770
     765
     746
     764
     785
     720
     689
     666
     622
     588
     589
     543
     539
     542
     588
     536
     632
     642
     650
     716
     728
     710
     731
     732
     718
     745
     649
     732
     623
     611
     556
     520
     497
     401
     401
     346
     316
     329
     302
     316
     357
     316
     323
     304
     327
     325
     353
     351
     370
     394
     396
     439
     408
     427
     435
     428
     404
     427
     419
     426
     414
     389
     372
     373
     369
     305
     306
     303
     300
     300
     276
     289
     286
     277
     296
     272
     255
     268
     290
     261
     262
     270
     262
     241
     288
     259
     263
     268
     260
     270
     282
     279
     278
     277
     284
     276
     298
     297
     326
     347
     297
     303
     338
     298
     321
     342
     340
     314
     311
     292
     275
     280
     261
     269
     296
     251
     259
     244
     285
     288
     268
     290
     277
     264
     218
     264
     288
     265
     259
     268
     263
     286
     261
     307
     263
     301
     313
     333
     306
     339
     342
     347
     356
     359
     355
     381
     360
     360
     388
     359
     365
     377
     341
     325
     338
     300
     316
     277
     273
     273
     287
     261
     237
     255
     250
     278
     230
     216
     268
     233
     278
     238
     250
     262
     282
     233
     242
     270
     231
     254
     258
     261
     269
     263
     264
     264
     241
     302
     240
     253
     260
     267
     273
     269
     234
     280
     235
     265
     237
     262
     232
     259
     252
     237
     255
     252
     257
     283
     264
     243
     241
     253
     251
     265
     240
     230
     256
     237
     263
     228
     234
     254
     205
     273
     235
     224
     225
     233
     267
     225
     243
     227
     247
     247
     236
     227
     279
     244
     264
     240
     236
     250
     233
     233
     249
     254
     251
     273
     273
     242
     244
     257
     239
     235
     244
     233
     216
     237
     241
     263
     217
     253
     257
     267
     256
     246
     211
     251
     239
     221
     269
     241
     234
     249
     212
     261
     241
     232
     223
     246
     249
     242
     270
     248
     232
     197
     232
     229
     229
     249
     227
     205
     243
     237
     244
     223
     254
     256
     244
     234
     225
     245
     218
     234
     222
     212
     216
     225
     232
     213
     261
     232
     235
     247
     245
     248
     284
     250
     267
     302
     286
     326
     354
     335
     399
     400
     427
     489
     488
     478
     506
     476
     496
     486
     449
     446
     410
     423
     401
     404
     386
     341
     382
     330
     370
     341
     329
     369
     356
     414
     411
     431
     458
     507
     518
     548
     560
     584
     602
     628
     718
     677
     630
     696
     663
     683
     694
     647
     718
     678
     693
     664
     647
     664
     642
     588
     494
     491
     435
     458
     424
     389
     347
     338
     284
     247
     254
     278
     235
     222
     210
     230
     202
     238
     209
     228
     202
     207
     202
     188
     229
     220
     220
     193
     221
     206
     205
     226
     201
     230
     200
     210
     226
     220
     208
     218
     237
     229
     208
     219
     213
     213
     242
     224
     224
     207
     212
     209
     194
     232
     223
     211
     167
     223
     184
     205
     190
     223
     224
     219
     211
     214
     225
     268
     212
     257
     247
     206
     217
     235
     236
     220
     243
     239
     237
     216
     220
     231
     213
     219
     239
     209
     209
     186
     206
     216
     221
     235
     220
     196
     219
     226
     206
     232
     240
     190
     211
     222
     211
     244
     234
     243
     246
     235
     234
     245
     239
     242
     252
     241
     258
     260
     248
     247
     269
     282
     304
     281
     290
     282
     259
     228
     244
     265
     274
     257
     261
     236
     242
     276
     307
     341
     351
     409
     407
     457
     524
     547
     621
     699
     723
     738
     798
     861
     899
     877
     949
     921
     853
     826
     824
     746
     715
     679
     585
     526
     571
     466
     445
     397
     308
     335
     313
     291
     313
     261
     248
     251
     244
     248
     257
     233
     205
     256
     220
     228
     209
     233
     209
     217
     231
     258
     234
     254
     260
     257
     248
     230
     285
     231
     258
     241
     243
     287
     293
     239
     229
     231
     228
     229
     218
     220
     225
     213
     221
     210
     186
     201
     173
     199
     207
     176
     195
     222
     189
     194
     180
     207
     195
     181
     206
     216
     189
     191
     228
     197
     197
     211
     202
     214
     228
     204
     200
     189
     209
     186
     183
     185
     190
     192
     184
     201
     178
     189
     189
     170
     189
     187
     195
     205
     188
     200
     194
     201
     193
     211
     209
     211
     205
     189
     187
     197
     180
     184
     185
     197
     188
     197
     192
     153
     222
     189
     216
     197
     215
     181
     211
     189
     182
     183
     191
     177
     169
     183
     167
     195
     199
     208
     174
     192
     195
     190
     186
     205
     201
     199
     178
     192
     182
     200
     212
     215
     191
     206
     218
     218
     217
     211
     215
     216
     196
     209
     195
     184
     191
     188
     195
     189
     222
     197
     195
     193
     199
     189
     211
     194
     192
     168
     184
     182
     206
     188
     188
     197
     196
     199
     211
     186
     180
     194
     195
     195
     213
     186
     192
     199
     210
     186
     201
     175
     195
     180
     189
     187
     181
     181
     207
     192
     189
     177
     195
     191
     200
     175
     174
     188
     187
     187
     181
     201
     175
     175
     179
     174
     170
     199
     166
     179
     186
     170
     191
     169
     185
     197
     205
     194
     167
     178
     186
     187
     187
     175
     175
     189
     197
     161
     166
     181
     188
     177
     184
     169
     193
     175
     166
     180
     174
     203
     218
     198
     218
     237
     209
     241
     208
     218
     249
     244
     251
     266
     260
     270
     277
     259
     255
     260
     256
     218
     252
     230
     250
     235
     211
     219
     201
     221
     215
     202
     201
     236
     187
     220
     195
     218
     238
     238
     237
     249
     249
     241
     226
     211
     221
     247
     208
     221
     233
     241
     188
     216
     210
     204
     192
     172
     186
     189
     168
     178
     182
     182
     187
     148
     186
     191
     180
     185
     204
     188
     185
     189
     207
     204
     165
     181
     175
     200
     177
     207
     203
     163
     179
     174
     162
     176
     165
     175
     182
     224
     179
     189
     190
     172
     188
     195
     171
     166
     170
     172
     173
     189
     192
     196
     178
     190
     184
     186
     191
     193
     210
     174
     187
     217
     195
     229
     188
     215
     217
     213
     225
     231
     265
     269
     253
     249
     269
     286
     304
     274
     306
     289
     334
     258
     282
     290
     286
     282
     283
     232
     236
     212
     222
     230
     223
     253
     248
     195
     272
     282
     279
     286
     287
     379
     401
     462
     579
     657
     740
     917
    1211
    1483
    1875
    2180
    2870
    3549
    4283
    5060
    6144
    7179
    8257
    9552
   11064
   12026
   13212
   14324
   15199
   15885
   16146
   16238
   16423
   15986
   15471
   14538
   13659
   12300
   11338
    9708
    8205
    6911
    5625
    4523
    3513
    2745
    1986
    1503
    1084
     816
     555
     425
     337
     302
     241
     221
     212
     168
     150
     181
     187
     184
     173
     174
     143
     172
     165
     173
     152
     145
     151
     158
     166
     145
     168
     169
     135
     163
     154
     159
     160
     157
     160
     175
     172
     154
     151
     153
     171
     169
     159
     151
     140
     138
     146
     159
     147
     146
     149
     138
     152
     135
     121
     148
     148
     129
     153
     161
     146
     173
     138
     122
     158
     148
     148
     138
     139
     127
     124
     125
     133
     139
     122
     137
     134
     140
     128
     134
     155
     135
     138
     136
     134
     141
     140
     143
     134
     158
     137
     145
     125
     137
     141
     129
     120
     156
     126
     117
     127
     113
     126
     140
     132
     112
     128
     122
     146
     143
     147
     124
     122
     133
     124
     131
     128
     141
     117
     129
     126
     123
     126
     136
     121
     132
     121
     132
     115
     129
     127
     138
     140
     129
     130
     101
     126
     147
     130
     151
     138
     127
     117
     140
     136
     137
     124
     136
     136
     124
     139
     137
     130
     162
     117
     136
     139
     125
     143
     132
     133
     140
     123
     125
     129
     112
     132
$ENER_FIT:
0.000000 0.125000
$PRESETS:
Live Time (sec)
2942
0
$RT:
3600.000000
$DT:
658000
$ISO_DECL_U:
SMPLNAM: IDB-283
SEPDATE: 01/01/1900 00:00:00
U234: 0.14861 
DU234: 0.2490
U235: 20.107 
DU235: 0.0995
U236: 0.1973 
DU236: 0.6589
U238: 79.547 
DU238: 0.0251
$ADC:
8192
0
8191