$APPLICATION_ID:
IDB v.1.0
$SPEC_REM:
Material type: U
Material form: powder
Material compound: U3O8
U isotopics:
234U 0.98
235U 93.1703
236U 0.2937
238U 5.5559
Detector: HPGe (Geometry: Planar, Size: Planar HPGe)
MCA: Unknown
$DATE_MEA:
02/25/2002 21:24:00
$MEAS_TIM:
993 1800
$DATA:
0 4095
       0
       0
       0
       0
       0
       0
       0
       0
       0
       0
       0
       0
       0
       0
       0
       0
       0
       0
       0
       0
       0
       0
       0
       0
    9617
   11048
   11123
   11219
   11046
   10856
   10873
   10940
   11013
   10956
   10960
   10834
   10769
   10877
   10825
   10847
   10741
   10793
   10861
   10777
   10799
   10695
   10749
   10742
   10751
   10674
   10771
   10711
   10600
   10661
   10534
   10678
   10513
   10505
   10664
   10477
   10560
   10431
   10496
   10404
   10237
   10341
   10388
   10376
   10387
   10620
   10371
   10177
   10409
   10298
   10221
   10286
   10330
   10178
   10321
   10254
   10361
   10307
   10282
   10361
   10106
   10184
   10126
   10026
    9900
    9957
    9936
    9753
    9771
    9622
    9620
    9607
    9638
    9398
    9421
    9227
    9132
    9403
    9160
    8959
    8932
    8946
    8942
    9011
    9064
    8940
    9047
    8883
    8894
    8835
    8759
    8865
    8722
    8781
    8823
    8663
    8964
    8851
    8669
    8771
    8788
    8574
    8722
    8831
    8868
    8630
    8980
    8698
    8601
    8797
    8721
    8714
    8725
    8547
    8719
    8498
    8540
    8613
    8588
    8526
    8655
    8621
    8542
    8752
    8750
    8913
    9022
    9017
    8956
    9141
    9042
    8890
    8918
    9178
    8966
    8843
    9137
    8992
    9163
    9072
    9125
    8982
    8941
    8925
    8833
    9042
    8961
    9157
    9046
    9326
    9484
    9853
    9734
    9673
    9772
    9291
    9113
    8729
    8844
    8899
    8955
    8996
    9148
    9153
    9406
    9662
    9405
    9665
    9276
    9272
    8942
    8982
    8803
    8875
    8681
    8853
    8945
    8889
    8861
    8873
    8660
    8889
    8950
    9124
    9242
    9286
    9246
    9332
    9373
    9349
   10078
   10518
   10462
   10509
    9665
    9407
    9276
    9257
    9114
    9358
    9204
    9068
    8785
    9089
    9012
    8988
    8941
    9249
    8908
    9084
    8924
    8958
    8925
    8852
    8749
    8987
    9056
    8827
    9033
    8899
    8888
    9022
    8995
    8969
    8965
    9135
    9337
    9882
    9907
   10312
    9732
    9496
    9426
    9237
    9201
    9343
    9384
    9706
    9581
    9332
    9214
    9035
    9080
    9133
    9195
    9259
    9144
    9050
    9219
    8893
    8877
    8984
    8726
    8947
    8841
    9048
    9062
    8809
    8894
    8928
    8826
    8991
    9043
    8886
    8914
    8945
    8867
    9043
    9067
    9039
    8888
    9020
    8873
    9036
    9166
    9194
    9370
    9289
    9441
   10420
   11804
   13435
   15033
   16963
   17562
   16914
   14883
   12444
   10419
    9485
    9024
    9178
    9624
   10540
   12128
   13956
   15792
   17228
   17440
   16461
   14690
   12060
   10208
    9330
    8631
    8685
    8588
    8630
    8534
    8809
    8582
    8670
    9009
    9052
    9643
   10769
   12259
   13613
   13952
   13146
   11752
   11254
   11491
   12283
   12277
   11274
   10067
    9095
    8674
    8620
    8723
    8768
    8570
    8468
    8295
    8338
    8531
    9162
    9691
    9954
    9920
    9219
    8505
    8019
    7886
    7797
    7906
    7870
    7861
    7746
    7504
    7548
    7249
    7241
    7223
    7258
    7147
    7188
    7235
    7120
    7018
    7012
    7122
    7110
    6996
    6948
    7068
    7029
    6921
    7072
    6863
    6806
    7091
    6798
    6853
    6924
    6707
    6870
    6734
    6715
    6734
    6877
    6908
    6747
    6730
    6711
    6722
    6729
    6589
    6586
    6730
    6713
    6766
    6591
    6768
    6691
    6838
    6720
    6727
    6711
    6588
    6640
    6509
    6580
    6446
    6360
    6503
    6493
    6336
    6402
    6476
    6277
    6485
    6337
    6306
    6341
    6348
    6389
    6334
    6251
    6194
    6082
    6159
    6173
    6193
    6117
    6023
    6149
    6057
    5918
    6010
    6056
    5951
    5953
    6008
    5937
    5890
    5830
    5743
    5912
    5884
    5784
    5733
    5717
    5762
    5818
    5711
    5721
    5655
    5688
    5713
    5566
    5738
    5554
    5606
    5565
    5617
    5513
    5625
    5612
    5530
    5508
    5490
    5475
    5385
    5590
    5356
    5508
    5385
    5378
    5452
    5527
    5397
    5507
    5445
    5451
    5438
    5453
    5404
    5406
    5386
    5317
    5385
    5276
    5275
    5423
    5280
    5378
    5321
    5157
    5282
    5369
    5225
    5209
    5318
    5152
    5243
    5276
    5061
    5422
    5179
    5282
    5215
    5207
    5250
    5281
    5292
    5099
    5250
    5119
    5282
    5245
    5079
    5280
    5168
    5262
    5183
    5223
    5161
    5208
    5215
    5022
    5028
    5051
    5262
    5260
    5071
    5088
    5171
    5092
    5109
    5105
    5213
    5119
    5244
    5345
    5449
    5212
    5245
    5312
    5207
    5240
    5210
    5186
    5174
    5292
    5163
    5311
    5336
    5248
    5198
    5319
    5425
    5445
    5497
    5335
    5231
    5200
    5089
    5127
    5116
    5088
    5230
    5173
    5105
    5164
    5180
    5142
    5226
    4999
    5132
    5119
    5155
    5043
    5153
    5138
    5113
    5112
    5319
    5108
    5114
    5083
    5217
    5227
    5075
    5275
    5156
    5067
    5240
    5183
    5096
    5170
    5265
    5059
    5160
    5140
    5107
    5199
    5168
    5103
    5074
    4974
    5096
    5154
    5116
    5192
    5183
    5246
    5203
    5246
    5237
    5242
    5138
    5282
    5243
    5143
    5320
    5217
    5128
    5157
    5212
    5139
    5179
    5172
    5129
    5252
    5211
    5206
    5312
    5133
    5256
    5200
    5153
    5213
    5255
    5157
    5193
    5324
    5359
    5183
    5248
    5043
    5201
    5214
    5141
    5162
    5316
    5221
    5086
    5393
    5268
    5222
    5175
    5182
    5306
    5097
    5273
    5237
    5282
    5250
    5336
    5382
    5310
    5283
    5264
    5203
    5194
    5227
    5158
    5232
    5180
    5264
    5280
    5204
    5196
    5158
    5364
    5407
    5575
    6208
    7610
   10278
   14630
   20660
   27219
   31141
   30336
   25588
   18722
   12345
    8293
    6070
    5387
    5193
    5163
    5069
    5125
    5038
    5198
    5225
    5066
    5057
    5198
    5046
    5082
    5107
    5182
    5297
    5154
    5189
    5067
    5101
    5136
    5145
    5183
    5109
    5055
    5133
    5208
    5170
    5225
    5183
    5291
    5232
    5115
    5271
    5288
    5294
    5247
    5288
    5317
    5257
    5124
    5277
    5335
    5242
    5417
    5332
    5409
    5378
    5357
    5393
    5431
    5433
    5397
    5353
    5557
    5414
    5587
    5638
    5687
    5804
    6222
    7046
    7875
    8901
    9702
    9823
    9135
    8268
    7352
    6398
    5917
    5628
    5709
    5673
    5722
    5703
    5746
    5704
    5742
    5779
    5732
    5643
    5776
    5692
    5673
    5593
    5746
    5624
    5718
    5747
    5762
    5920
    5817
    5894
    5777
    5770
    5813
    5936
    5879
    5882
    5927
    5910
    5964
    5847
    5895
    6025
    6114
    6027
    5948
    5930
    6004
    6037
    6055
    6000
    6119
    6196
    6048
    6063
    6089
    6094
    6015
    6194
    6277
    6205
    6416
    6546
    6707
    6555
    6694
    6680
    6560
    6567
    6548
    6545
    6732
    6576
    6565
    6646
    6469
    6441
    6582
    6622
    6576
    6477
    6630
    6794
    6661
    6714
    6610
    6655
    6730
    6800
    6629
    6685
    6728
    6698
    6763
    6717
    6928
    6749
    6799
    6901
    6926
    6857
    7046
    7006
    7212
    7217
    7075
    7004
    7127
    7176
    7180
    7154
    7296
    7121
    7203
    7273
    7226
    7419
    7404
    7444
    7447
    7389
    7416
    7536
    7562
    7560
    7469
    7659
    7610
    7586
    7775
    7839
    7824
    7987
    7890
    8055
    8006
    8090
    8152
    7880
    8122
    8137
    8180
    8329
    8241
    8356
    8447
    8457
    8488
    8600
    8487
    8455
    8537
    8730
    8746
    8724
    8785
    8942
    8998
    9105
    8900
    9062
    9111
    9272
    9348
    9257
    9408
    9175
    9483
    9502
    9500
    9526
    9719
    9551
    9891
   10033
   10098
    9999
   10039
   10014
   10154
   10094
   10108
   10172
   10416
   10425
   10801
   11256
   11992
   12708
   14007
   14760
   15645
   15173
   14756
   13273
   12176
   11561
   11375
   10830
   10835
   10736
   10926
   10953
   10712
   11077
   10932
   10952
   11281
   11288
   11349
   11370
   11732
   11676
   11952
   12177
   12404
   12905
   12815
   13295
   13398
   13625
   13521
   12733
   12622
   12057
   11660
   11508
   11247
   11091
   11092
   11273
   11108
   11033
   10900
   11374
   11222
   11363
   11161
   11135
   11221
   11335
   11325
   11324
   11440
   11159
   11460
   11437
   11600
   11555
   11495
   11710
   11522
   11513
   11416
   11462
   11190
   11274
   11103
   11226
   11203
   10992
   11068
   11205
   11158
   11197
   11110
   10832
   10884
   11033
   11018
   11023
   10771
   10943
   10896
   10755
   11009
   10844
   10875
   10768
   10748
   11031
   10728
   10616
   10561
   10778
   10799
   10964
   10804
   10997
   10983
   11047
   10922
   10815
   11034
   10979
   10804
   11124
   11589
   12321
   14064
   16868
   20458
   24322
   28171
   29241
   28441
   24885
   20619
   16692
   14245
   13184
   13265
   14267
   16091
   17841
   18974
   19332
   18258
   16265
   14439
   12642
   11706
   11000
   10687
   10854
   10486
   10732
   10321
   10617
   10603
   10814
   10777
   11089
   11314
   11629
   12655
   14458
   18392
   26798
   40756
   63012
   91414
  122284
  146931
  156567
  146372
  118337
   86105
   55555
   34130
   21607
   15356
   12837
   11586
   11444
   11017
   10791
   10689
   10397
   10286
   10170
   10142
   10222
   10241
   10320
   10049
   10185
   10351
   10265
   10350
   10125
   10487
   10306
   10398
   10438
   10426
   10375
   10462
   10456
   10474
   10598
   10662
   10734
   10787
   11057
   10988
   11133
   11239
   11175
   10943
   10877
   11076
   11043
   10762
   11000
   11062
   11249
   11330
   11629
   11731
   12034
   12315
   12235
   12658
   12308
   12136
   11921
   12006
   12186
   12289
   12741
   13620
   15205
   17324
   22025
   29832
   40898
   55895
   72745
   87671
   97670
   96990
   86480
   70612
   52556
   37288
   26336
   19726
   15738
   13842
   12929
   12113
   12027
   11848
   11910
   11861
   11555
   11800
   11588
   11655
   11884
   12032
   12045
   12262
   12692
   13283
   14238
   15409
   17047
   19165
   20989
   22073
   22751
   22021
   21040
   19885
   19417
   20459
   22989
   28440
   37281
   50098
   68052
   87737
  106704
  120100
  123337
  115271
   97757
   76935
   58145
   43995
   35304
   31880
   32846
   39916
   52613
   75798
  110723
  158865
  218410
  278734
  326296
  347413
  333496
  289409
  227267
  163793
  109823
   70900
   46783
   32206
   25061
   21997
   21304
   21746
   23883
   26504
   28435
   29389
   29150
   27235
   24610
   21616
   18796
   16396
   14843
   13777
   13207
   12740
   12525
   12425
   12730
   12863
   13024
   13201
   13484
   14224
   14966
   15635
   17130
   18768
   21513
   25915
   33385
   45685
   66886
  102154
  155200
  232584
  329874
  437063
  531500
  589218
  590970
  535558
  438910
  325107
  222792
  142648
   88930
   56602
   38884
   29763
   24539
   21075
   18728
   16509
   14460
   12579
   11326
   10603
    9777
    9151
    8897
    8707
    8505
    8144
    8102
    7754
    7817
    7797
    7782
    7362
    7374
    7297
    7206
    7053
    6933
    7014
    6990
    7031
    7014
    6948
    6944
    6907
    7152
    7091
    7772
    8680
   10489
   12559
   14953
   17803
   19726
   19989
   18514
   16123
   13112
   10484
    8744
    7427
    6713
    6489
    6316
    6365
    6382
    6316
    6441
    6323
    6367
    6468
    6480
    6516
    6554
    6491
    6595
    6755
    6835
    7126
    7387
    8048
    8999
   10487
   12613
   15050
   17931
   20703
   22293
   23044
   22133
   20657
   19408
   18653
   20121
   22990
   27104
   32611
   36415
   38062
   37120
   33185
   27191
   22058
   17187
   13589
   11111
    9976
    9151
    8869
    8472
    8262
    7953
    7890
    7678
    7604
    7359
    7441
    7580
    7630
    7824
    8112
    8609
    9128
    9742
    9723
   10040
    9906
    9965
   10012
   10051
   10628
   11706
   13239
   15487
   17655
   20378
   22877
   24576
   25569
   26942
   28896
   32475
   38442
   45470
   53694
   59111
   60727
   57851
   50194
   40614
   31550
   24471
   19854
   17975
   18382
   21698
   27634
   35930
   48435
   62751
   77523
   89423
   96450
   95915
   88906
   77816
   68136
   62824
   65251
   77670
   98067
  124686
  151562
  171665
  179424
  172278
  151854
  122269
   92011
   66468
   47130
   34326
   26583
   21734
   18586
   16442
   14814
   13298
   11906
   10839
    9905
    9637
    9038
    8918
    8621
    8514
    8392
    8204
    8215
    8234
    8128
    8200
    8294
    8545
    9033
    9590
   10387
   11768
   14281
   17745
   22680
   29901
   38247
   47740
   57424
   64420
   69443
   69892
   65895
   58869
   49209
   39610
   31899
   26069
   22511
   21617
   22159
   22957
   23291
   22679
   20753
   18039
   15024
   11747
    9471
    7563
    6382
    5815
    5272
    5092
    5012
    4903
    4915
    5017
    4958
    4975
    5068
    5065
    5041
    5039
    5083
    4937
    4840
    4729
    4765
    4781
    4568
    4653
    4720
    4691
    4735
    4670
    4725
    4685
    4625
    4482
    4597
    4684
    4493
    4724
    4577
    4470
    4695
    4613
    4505
    4497
    4646
    4515
    4517
    4592
    4567
    4549
    4463
    4496
    4458
    4546
    4430
    4494
    4657
    4533
    4466
    4629
    4703
    5046
    5136
    5705
    6274
    7558
    9097
   11046
   13005
   14422
   15221
   14612
   13403
   11155
    9178
    7224
    5955
    5154
    4710
    4518
    4427
    4316
    4213
    4377
    4255
    4234
    4155
    4298
    4150
    4224
    4267
    4199
    4264
    4257
    4266
    4126
    4102
    4124
    4151
    4252
    4191
    4210
    4243
    4151
    4268
    4133
    4240
    4207
    4174
    4166
    4160
    4097
    4165
    4123
    4129
    4072
    4176
    4152
    4251
    4296
    4449
    4434
    4534
    4464
    4770
    4644
    4465
    4359
    4250
    4052
    4034
    4120
    4092
    4007
    4030
    4033
    3939
    3937
    3966
    3984
    3896
    3876
    3910
    3940
    3893
    3984
    3912
    3988
    3922
    3922
    3864
    3792
    3819
    3824
    3813
    3849
    3796
    3733
    3875
    3901
    3811
    3884
    3797
    3783
    3846
    3794
    3656
    3729
    3779
    3821
    3836
    3789
    3810
    3720
    3763
    3714
    3850
    3741
    3692
    3679
    3768
    3698
    3726
    3682
    3827
    3628
    3580
    3685
    3629
    3846
    3703
    3592
    3717
    3750
    3717
    3611
    3611
    3600
    3670
    3612
    3563
    3679
    3756
    3750
    3558
    3685
    3580
    3651
    3698
    3595
    3577
    3572
    3583
    3641
    3501
    3503
    3589
    3576
    3536
    3521
    3476
    3510
    3698
    3608
    3611
    3459
    3493
    3548
    3595
    3550
    3538
    3573
    3387
    3470
    3507
    3378
    3593
    3587
    3492
    3598
    3699
    3812
    3801
    3832
    3998
    3931
    3817
    3754
    3657
    3551
    3509
    3474
    3457
    3407
    3461
    3333
    3482
    3503
    3459
    3524
    3573
    3545
    3725
    3791
    4136
    4131
    4223
    4282
    4185
    3981
    3940
    3722
    3700
    3577
    3415
    3418
    3288
    3341
    3474
    3374
    3431
    3473
    3405
    3407
    3422
    3448
    3282
    3309
    3446
    3243
    3244
    3248
    3387
    3253
    3238
    3375
    3321
    3325
    3165
    3222
    3222
    3350
    3289
    3223
    3179
    3324
    3178
    3231
    3207
    3199
    3097
    3311
    3275
    3243
    3065
    3172
    3134
    3146
    3327
    3212
    3265
    3260
    3141
    3304
    3261
    3164
    3318
    3284
    3599
    3740
    4196
    4608
    5187
    5400
    5873
    5910
    5694
    5345
    4871
    4510
    3906
    3667
    3370
    3148
    3201
    3129
    3193
    3202
    3121
    3075
    3147
    3105
    3057
    3139
    3045
    3111
    3181
    3131
    3106
    3094
    3189
    3143
    3299
    3712
    4152
    5551
    8234
   12960
   21335
   33797
   51631
   73654
   98255
  120653
  136391
  141016
  132373
  114972
   90630
   65215
   43184
   26522
   15428
    8880
    5498
    3992
    3227
    3013
    2978
    2850
    2820
    2944
    2915
    2906
    2873
    2875
    2926
    2757
    2880
    2953
    2918
    2888
    3040
    3106
    3100
    3032
    3002
    2991
    2849
    2784
    2697
    2781
    2764
    2739
    2616
    2674
    2689
    2653
    2652
    2703
    2739
    2666
    2683
    2768
    2687
    2706
    2682
    2829
    2713
    2621
    2796
    2682
    2675
    2705
    2691
    2649
    2552
    2659
    2660
    2600
    2686
    2672
    2635
    2608
    2649
    2654
    2645
    2631
    2727
    2638
    2687
    2712
    2638
    2620
    2562
    2578
    2545
    2625
    2722
    2657
    2607
    2699
    2751
    2653
    2828
    2876
    3050
    3151
    3307
    3462
    3636
    3544
    3529
    3344
    3289
    3060
    2821
    2771
    2689
    2723
    2510
    2643
    2683
    2708
    2593
    2618
    2564
    2592
    2598
    2589
    2634
    2607
    2559
    2475
    2563
    2556
    2648
    2611
    2635
    2600
    2569
    2545
    2550
    2603
    2565
    2707
    2530
    2640
    2699
    2609
    2605
    2543
    2579
    2512
    2567
    2516
    2628
    2547
    2471
    2585
    2464
    2550
    2482
    2476
    2510
    2578
    2521
    2577
    2576
    2462
    2612
    2527
    2463
    2558
    2579
    2527
    2483
    2560
    2510
    2496
    2477
    2595
    2516
    2505
    2492
    2549
    2509
    2542
    2510
    2531
    2594
    2546
    2590
    2569
    2555
    2460
    2547
    2539
    2530
    2486
    2437
    2551
    2519
    2483
    2478
    2459
    2591
    2468
    2538
    2567
    2562
    2557
    2419
    2623
    2574
    2422
    2480
    2561
    2439
    2540
    2488
    2475
    2433
    2521
    2415
    2479
    2552
    2543
    2567
    2557
    2355
    2597
    2576
    2439
    2513
    2534
    2569
    2578
    2433
    2519
    2527
    2517
    2545
    2524
    2434
    2597
    2607
    2557
    2501
    2425
    2504
    2473
    2488
    2471
    2557
    2580
    2531
    2564
    2419
    2462
    2474
    2539
    2547
    2697
    2941
    3417
    4384
    6027
    9067
   13385
   19981
   28783
   39764
   51599
   61131
   68425
   71194
   68570
   61027
   49837
   38129
   26930
   17685
   11495
    7090
    4679
    3400
    2849
    2680
    2546
    2389
    2483
    2490
    2478
    2442
    2396
    2487
    2456
    2492
    2437
    2479
    2372
    2436
    2363
    2404
    2465
    2342
    2505
    2452
    2393
    2363
    2460
    2339
    2436
    2384
    2356
    2403
    2441
    2328
    2348
    2368
    2312
    2393
    2461
    2450
    2442
    2389
    2312
    2442
    2432
    2413
    2450
    2426
    2343
    2398
    2390
    2384
    2427
    2464
    2424
    2505
    2318
    2499
    2492
    2361
    2333
    2377
    2366
    2368
    2341
    2337
    2299
    2405
    2348
    2347
    2377
    2338
    2428
    2360
    2389
    2344
    2425
    2299
    2417
    2370
    2377
    2413
    2303
    2416
    2403
    2365
    2374
    2317
    2394
    2391
    2294
    2382
    2357
    2393
    2349
    2358
    2324
    2373
    2487
    2393
    2365
    2290
    2323
    2383
    2404
    2398
    2360
    2397
    2432
    2396
    2491
    2374
    2426
    2370
    2434
    2366
    2401
    2470
    2496
    2488
    2529
    2578
    2527
    2495
    2414
    2399
    2480
    2489
    2359
    2455
    2473
    2463
    2610
    2691
    2842
    2621
    2834
    2688
    2669
    2644
    2682
    2606
    2696
    2555
    2589
    2573
    2607
    2506
    2636
    2572
    2617
    2777
    2935
    2890
    3078
    3243
    3345
    3342
    3308
    3229
    3142
    3005
    2819
    2580
    2583
    2456
    2508
    2571
    2438
    2508
    2401
    2462
    2409
    2390
    2477
    2462
    2414
    2486
    2605
    2511
    2621
    2465
    2512
    2471
    2502
    2537
    2493
    2503
    2542
    2532
    2392
    2538
    2485
    2572
    2615
    2690
    2638
    2714
    2758
    2650
    2798
    2667
    2655
    2688
    2628
    2676
    2630
    2599
    2675
    2496
    2637
    2529
    2468
    2542
    2507
    2416
    2466
    2529
    2502
    2429
    2541
    2402
    2475
    2493
    2506
    2438
    2473
    2439
    2443
    2499
    2404
    2509
    2558
    2500
    2490
    2539
    2525
    2845
    2872
    3308
    3680
    4527
    5164
    6020
    6874
    7701
    7975
    8139
    7857
    7126
    6377
    5789
    5156
    4597
    4084
    3815
    3685
    3524
    3357
    3174
    3112
    3026
    2905
    2776
    2685
    2569
    2555
    2536
    2570
    2613
    2519
    2581
    2608
    2862
    3209
    4024
    5827
    9207
   16428
   29636
   52810
   91034
  149903
  231926
  338028
  463181
  596156
  710949
  793049
  823053
  794822
  710899
  590569
  457663
  327505
  217428
  133933
   76777
   40875
   20389
   10295
    5252
    3019
    2095
    1793
    1635
    1665
    1491
    1455
    1512
    1476
    1377
    1380
    1424
    1480
    1545
    1508
    1557
    1534
    1620
    1506
    1658
    1621
    1607
    1564
    1549
    1464
    1388
    1369
    1325
    1427
    1406
    1401
    1318
    1295
    1363
    1376
    1344
    1314
    1220
    1232
    1210
    1164
    1137
    1083
    1077
    1023
    1030
     980
    1045
    1086
     981
     968
    1015
    1032
     995
    1138
     992
    1054
    1018
    1077
    1012
    1041
    1123
    1080
    1132
    1226
    1214
    1332
    1341
    1335
    1282
    1191
    1216
    1135
    1151
    1116
    1138
    1197
    1178
    1290
    1401
    1439
    1568
    1620
    1707
    1724
    1747
    1661
    1609
    1364
    1244
    1131
    1031
     996
     898
     763
     794
     863
     864
     874
     979
    1192
    1421
    1899
    2637
    3505
    4629
    6056
    7656
    8741
    9465
    9797
    9455
    8540
    7342
    5941
    4642
    3391
    2433
    1759
    1377
    1124
     910
     854
     812
     814
     855
     845
     903
     994
     998
    1115
    1256
    1339
    1393
    1446
    1407
    1397
    1335
    1252
    1178
    1039
     931
     789
     744
     710
     653
     660
     583
     600
     649
     634
     577
     647
     647
     669
     718
     765
     859
     922
    1032
    1113
    1244
    1375
    1303
    1323
    1296
    1136
    1068
     976
     846
     787
     727
     694
     696
     650
     687
     625
     735
     669
     704
     718
     731
     724
     676
     714
     715
     643
     688
     687
     713
     722
     717
     729
     803
     954
    1186
    1553
    2189
    3165
    4486
    6162
    8582
   10952
   13168
   15114
   16477
   16444
   15416
   13454
   11101
    8658
    6326
    4440
    2959
    2080
    1402
    1045
     863
     772
     777
     809
     813
     793
     809
     766
     857
     877
     851
     915
     871
     889
     869
     823
     933
    1012
    1241
    1592
    2271
    3609
    5698
    9269
   14294
   21753
   30694
   41295
   52550
   62748
   69574
   73360
   72317
   66415
   56996
   45866
   34238
   24074
   15849
   10129
    5968
    3522
    2171
    1426
    1009
     749
     683
     657
     687
     609
     598
     634
     623
     629
     699
     615
     644
     622
     608
     701
     696
     725
     707
     697
     661
     645
     622
     625
     611
     621
     597
     651
     639
     742
     771
     756
     824
     873
     870
     905
     898
     861
     883
     881
     869
     891
     921
     919
    1010
     979
     990
     886
     884
     763
     762
     646
     625
     577
     506
     492
     462
     459
     435
     406
     396
     386
     412
     400
     372
     360
     383
     384
     359
     394
     407
     399
     378
     395
     378
     365
     373
     409
     362
     409
     435
     436
     466
     440
     476
     538
     531
     560
     565
     530
     487
     506
     464
     410
     404
     425
     369
     361
     391
     356
     396
     386
     367
     338
     350
     316
     341
     310
     294
     329
     319
     397
     385
     394
     453
     526
     539
     606
     697
     734
     737
     724
     667
     663
     527
     560
     435
     416
     348
     387
     376
     341
     309
     327
     331
     289
     341
     303
     329
     331
     347
     335
     344
     341
     343
     333
     366
     347
     430
     439
     515
     590
     689
     717
     826
     894
     873
     888
     767
     742
     601
     535
     441
     423
     376
     362
     329
     333
     347
     328
     364
     366
     333
     314
     373
     346
     385
     349
     358
     350
     367
     292
     318
     337
     304
     365
     320
     354
     364
     395
     437
     391
     446
     552
     655
     767
    1050
    1243
    1413
    1681
    1926
    2024
    1960
    1890
    1729
    1546
    1273
    1034
     778
     641
     529
     465
     393
     383
     381
     348
     349
     357
     347
     341
     338
     387
     287
     305
     298
     285
     275
     278
     275
     282
     310
     275
     270
     250
     299
     257
     304
     286
     289
     261
     299
     284
     295
     298
     323
     283
     301
     302
     293
     303
     314
     306
     295
     308
     332
     331
     301
     338
     318
     342
     363
     332
     330
     301
     307
     330
     291
     277
     256
     283
     270
     261
     269
     266
     246
     267
     254
     229
     241
     270
     256
     267
     248
     278
     290
     292
     306
     346
     301
     339
     288
     342
     300
     285
     307
     330
     325
     308
     342
     322
     347
     328
     330
     322
     320
     311
     301
     264
     235
     270
     247
     246
     257
     267
     250
     223
     242
     230
     244
     241
     243
     228
     221
     264
     251
     240
     236
     226
     229
     220
     231
     199
     208
     248
     236
     242
     232
     229
     227
     223
     243
     239
     233
     223
     252
     245
     225
     234
     248
     262
     240
     252
     262
     286
     269
     312
     362
     396
     454
     543
     642
     656
     662
     739
     704
     625
     592
     520
     474
     449
     331
     337
     303
     279
     282
     281
     249
     253
     274
     240
     259
     265
     248
     247
     245
     234
     260
     258
     269
     309
     335
     353
     361
     386
     391
     424
     396
     461
     446
     412
     389
     379
     351
     333
     357
     324
     333
     318
     333
     339
     365
     348
     340
     331
     307
     348
     284
     312
     317
     335
     356
     414
     438
     515
     554
     678
     756
     899
    1004
    1057
    1143
    1225
    1107
    1103
    1023
     848
     790
     626
     562
     431
     399
     325
     289
     283
     253
     241
     244
     216
     230
     272
     257
     331
     351
     380
     427
     484
     663
     762
     945
    1096
    1205
    1240
    1205
    1200
    1102
     958
     814
     703
     576
     503
     475
     458
     444
     439
     521
     570
     574
     631
     601
     619
     546
     531
     479
     404
     362
     345
     298
     261
     249
     225
     208
     207
     189
     209
     215
     222
     213
     215
     181
     218
     252
     205
     185
     222
     199
     227
     261
     244
     233
     204
     223
     204
     215
     197
     191
     214
     190
     205
     207
     221
     191
     208
     202
     242
     225
     222
     229
     234
     221
     218
     247
     236
     290
     378
     393
     512
     610
     684
     789
     898
     898
     913
     976
     845
     757
     693
     570
     477
     430
     377
     341
     302
     258
     274
     236
     248
     237
     212
     204
     228
     220
     221
     249
     219
     216
     230
     216
     229
     239
     252
     223
     243
     247
     250
     251
     256
     244
     235
     245
     254
     227
     230
     234
     225
     248
     222
     246
     239
     242
     237
     232
     244
     238
     238
     247
     197
     220
     236
     225
     258
     245
     237
     220
     246
     266
     232
     207
     248
     229
     239
     252
     263
     238
     254
     258
     259
     273
     256
     284
     300
     297
     300
     315
     300
     315
     293
     320
     305
     271
     280
     285
     278
     261
     287
     293
     261
     304
     322
     299
     308
     307
     330
     289
     316
     350
     358
     358
     364
     380
     374
     352
     367
     368
     348
     348
     294
     263
     313
     265
     312
     281
     268
     286
     298
     268
     299
     287
     296
     284
     307
     319
     307
     301
     317
     299
     259
     284
     286
     314
     254
     298
     305
     306
     316
     331
     340
     371
     375
     393
     422
     462
     406
     389
     398
     383
     393
     359
     298
     281
     274
     274
     262
     301
     324
     306
     261
     280
     284
     269
     267
     262
     295
     265
     282
     279
     305
     265
     261
     272
     264
     289
     248
     263
     266
     267
     258
     271
     265
     279
     255
     281
     294
     361
     326
     368
     399
     428
     449
     434
     427
     447
     417
     399
     383
     388
     340
     340
     292
     271
     263
     255
     234
     254
     238
     259
     274
     234
     229
     265
     243
     247
     241
     248
     266
     248
     268
     247
     221
     260
     250
     226
     277
     235
     240
     265
     240
     232
     240
     254
     242
     249
     259
     236
     248
     273
     224
     241
     260
     248
     274
     246
     256
     291
     297
     304
     289
     304
     293
     297
     340
     367
     392
     363
     381
     377
     411
     356
     388
     367
     374
     347
     351
     338
     367
     322
     310
     348
     305
     321
     310
     344
     357
     348
     301
     318
     315
     313
     322
     307
     304
     323
     319
     318
     343
     331
     361
     356
     395
     417
     423
     487
     529
     596
     630
     740
     820
     822
     862
     841
     847
     781
     698
     689
     559
     469
     423
     370
     360
     328
     302
     337
     309
     345
     316
     332
     355
     304
     343
     354
     310
     342
     340
     334
     303
     343
     370
     337
     351
     321
     352
     357
     337
     388
     368
     333
     349
     349
     329
     319
     375
     336
     358
     343
     372
     349
     373
     372
     379
     361
     348
     409
     373
     401
     387
     412
     426
     435
     454
     460
     444
     451
     527
     521
     508
     553
     602
     632
     679
     719
     762
     822
     887
     958
     871
     865
     861
     853
     777
     755
     670
     604
     560
     535
     464
     472
     431
     397
     404
     416
     404
     434
     470
     419
     466
     448
     448
     499
     520
     510
     529
     500
     508
     516
     545
     540
     565
     551
     574
     530
     547
     588
     637
     667
     697
     780
     818
     878
     922
     982
    1024
    1017
    1028
     950
     976
     941
     843
     799
     844
     904
     971
    1009
    1177
    1297
    1420
    1589
    1657
    1753
    1770
    1787
    1660
    1521
    1400
    1199
    1034
     878
     720
     681
     567
     567
     577
     524
     547
     508
     504
     581
     504
     510
     478
     478
     455
     451
     437
     480
     481
     463
     437
     473
     487
     512
     512
     544
     523
     540
     604
     642
     656
     672
     813
     905
    1085
    1175
    1471
    1744
    2056
    2260
    2476
    2605
    2804
    2642
    2462
    2427
    2002
    1827
    1436
    1112
     903
     688
     590
     446
     373
     316
     274
     246
     249
     220
     215
     199
     205
     224
     223
     202
     212
     217
     217
     230
     248
     216
     204
     217
     260
     231
     217
     222
     222
     194
     241
     241
     220
     239
     260
     244
     290
     295
     294
     281
     307
     267
     262
     286
     262
     284
     254
     248
     277
     246
     239
     204
     217
     245
     223
     241
     243
     222
     264
     278
     284
     294
     330
     299
     323
     342
     315
     350
     340
     307
     294
     353
     306
     312
     350
     338
     345
     346
     337
     376
     355
     357
     360
     350
     351
     409
     428
     495
     527
     539
     527
     539
     595
     562
     567
     554
     496
     448
     424
     391
     362
     373
     321
     299
     287
     287
     279
     278
     289
     288
     324
     293
     269
     296
     308
     369
     309
     325
     303
     332
     351
     339
     379
     357
     383
     347
     408
     428
     458
     462
     442
     461
     488
     511
     506
     563
     553
     497
     532
     475
     505
     523
     515
     464
     499
     509
     523
     540
     599
     626
     677
     638
     704
     693
     759
     761
     832
     781
     816
     810
     903
     964
     997
    1016
     985
     951
     884
     798
     760
     655
     587
     416
     427
     379
     292
     280
     292
     239
     245
     235
     205
     227
     241
     221
     225
     248
     278
     232
     241
     250
     268
     231
     267
     245
     247
     271
     294
     355
     372
     449
     479
     589
     600
     647
     685
     695
     736
     668
     639
     636
     581
     538
     426
     401
     377
     341
     330
     291
     266
     245
     244
     248
     204
     212
     182
     163
     198
     184
     156
     170
     151
     162
     143
     174
     141
     134
     127
     182
     171
     160
     166
     164
     208
     183
     195
     183
     201
     204
     247
     253
     275
     297
     301
     170
       0
       0
       0
       0
       0
       0
       0
       0
       0
       0
       0
       0
       0
       0
       0
       0
       0
       0
       0
       0
       0
       0
       0
       0
       0
       0
       0
       0
       0
       0
       0
       0
       0
       0
       0
       0
       0
       0
       0
       0
       0
       0
       0
       0
       0
       0
       0
$ENER_FIT:
0.000000 0.075000
$PRESETS:
Live Time (sec)
993
0
$RT:
1800.000000
$DT:
807000
$ISO_DECL_U:
SMPLNAM: IDB-297
SEPDATE: 01/01/1900 00:00:00
U234: 0.98 
DU234: 0.2959
U235: 93.1703 
DU235: 0.0056
U236: 0.2937 
DU236: 0.7491
U238: 5.5559 
DU238: 0.0954
$ADC:
4096
0
4095