$APPLICATION_ID:
IDB v.1.0
$SPEC_REM:
Material type: U
Material form: powder
Material compound: U3O8
U isotopics:
234U 0.0359
235U 4.4623
236U 0.0068
238U 95.495
Detector: HPGe (Geometry: Planar, Size: Planar HPGe)
MCA: Unknown
$DATE_MEA:
03/01/2002 07:39:00
$MEAS_TIM:
1599 1800
$DATA:
0 4095
       0
       0
       0
       0
       0
       0
       0
       0
       0
       0
       0
       0
       0
       0
       0
       0
       0
       0
       0
       0
       0
       0
       0
       0
    2352
    2768
    2772
    2749
    2707
    2829
    2718
    2747
    2770
    2780
    2741
    2747
    2740
    2723
    2779
    2742
    2757
    2716
    2794
    2769
    2818
    2796
    2707
    2754
    2734
    2692
    2657
    2676
    2669
    2606
    2835
    2772
    2739
    2737
    2677
    2780
    2738
    2690
    2738
    2560
    2683
    2732
    2614
    2750
    2664
    2741
    2712
    2633
    2695
    2722
    2726
    2722
    2677
    2766
    2706
    2712
    2678
    2704
    2659
    2688
    2716
    2652
    2612
    2728
    2626
    2583
    2669
    2528
    2554
    2583
    2682
    2578
    2525
    2488
    2587
    2595
    2559
    2539
    2616
    2638
    2522
    2590
    2535
    2509
    2634
    2528
    2540
    2531
    2674
    2518
    2644
    2534
    2481
    2638
    2448
    2551
    2563
    2561
    2615
    2566
    2530
    2553
    2495
    2505
    2490
    2509
    2600
    2600
    2457
    2583
    2497
    2573
    2531
    2493
    2539
    2471
    2460
    2507
    2597
    2465
    2511
    2459
    2569
    2541
    2624
    2650
    2613
    2612
    2698
    2637
    2805
    2652
    2634
    2584
    2655
    2585
    2575
    2588
    2585
    2624
    2647
    2696
    2659
    2665
    2589
    2660
    2573
    2693
    2680
    2694
    2744
    2779
    2627
    2694
    2642
    2611
    2617
    2680
    2606
    2628
    2591
    2585
    2651
    2790
    2759
    2826
    2648
    2775
    2762
    2654
    2572
    2622
    2659
    2602
    2626
    2597
    2593
    2585
    2672
    2573
    2580
    2521
    2651
    2540
    2611
    2664
    2686
    2661
    2592
    2686
    2736
    2723
    2842
    2733
    2694
    2674
    2604
    2628
    2629
    2631
    2717
    2650
    2560
    2626
    2614
    2655
    2638
    2715
    2619
    2674
    2636
    2633
    2576
    2653
    2706
    2667
    2675
    2602
    2622
    2517
    2629
    2594
    2614
    2659
    2733
    2705
    2612
    2720
    2759
    2717
    2728
    2638
    2616
    2661
    2716
    2677
    2702
    2624
    2642
    2688
    2638
    2659
    2718
    2633
    2712
    2765
    2649
    2798
    2675
    2709
    2652
    2781
    2564
    2685
    2654
    2686
    2710
    2642
    2615
    2545
    2704
    2639
    2620
    2643
    2712
    2740
    2650
    2682
    2595
    2599
    2644
    2674
    2679
    2743
    2575
    2557
    2717
    2658
    2735
    2634
    2770
    2868
    2946
    3008
    3161
    3091
    2904
    2928
    2692
    2719
    2764
    2679
    2853
    3072
    3644
    4227
    4823
    5246
    5566
    5225
    4267
    3481
    2984
    2647
    2717
    2673
    2606
    2539
    2581
    2648
    2484
    2553
    2539
    2485
    2632
    2625
    2906
    3073
    3058
    2951
    2710
    2628
    2673
    2720
    2758
    2784
    2588
    2427
    2611
    2500
    2539
    2433
    2506
    2496
    2547
    2485
    2646
    2798
    3027
    3221
    3039
    2727
    2516
    2455
    2405
    2398
    2392
    2495
    2423
    2298
    2371
    2216
    2274
    2286
    2236
    2342
    2200
    2263
    2301
    2308
    2279
    2233
    2200
    2248
    2270
    2198
    2328
    2232
    2181
    2232
    2230
    2210
    2113
    2162
    2241
    2189
    2205
    2089
    2250
    2178
    2169
    2150
    2130
    2110
    2139
    2194
    2151
    2165
    2213
    2177
    2154
    2112
    2104
    2141
    2132
    2165
    2122
    2174
    2150
    2154
    2156
    2115
    2168
    2113
    2127
    2069
    2161
    2184
    2126
    2163
    2175
    2126
    2146
    2083
    2028
    2103
    2069
    2082
    2144
    2062
    1996
    2105
    2096
    1996
    2029
    2074
    2047
    1997
    2069
    2011
    1953
    2004
    1963
    2004
    1868
    1988
    2001
    2031
    1931
    1887
    1987
    2030
    1974
    1982
    1934
    1968
    1879
    1971
    1999
    1983
    1871
    1946
    2024
    2002
    1960
    1934
    1950
    1914
    2018
    1959
    1985
    1897
    1982
    1937
    1951
    1928
    1892
    1922
    2028
    1912
    1891
    1916
    1930
    1924
    1921
    1939
    1887
    1834
    1924
    1976
    1897
    1891
    1900
    1951
    1957
    1866
    1901
    1934
    1938
    2022
    1916
    1927
    1879
    1959
    1845
    1972
    1867
    1893
    1848
    1907
    1798
    1863
    1903
    1832
    1938
    1887
    1916
    1902
    1900
    1890
    1864
    1917
    1957
    1842
    1934
    1825
    1930
    1814
    1831
    1939
    1960
    1872
    1873
    1910
    1922
    1842
    1993
    1888
    1947
    1878
    1860
    1894
    1938
    1901
    1888
    1964
    1973
    1916
    1961
    2021
    1868
    1994
    1950
    1949
    1942
    1888
    1927
    1989
    1980
    2006
    1909
    1916
    1998
    1948
    1972
    1946
    1928
    1939
    1901
    1887
    1910
    1891
    1911
    2011
    1913
    1921
    2066
    1915
    1913
    1949
    1878
    2018
    1986
    1931
    1967
    1923
    2001
    2014
    1874
    2076
    1991
    1961
    2016
    1958
    1975
    1991
    1918
    1898
    2014
    1952
    1977
    1955
    1948
    1948
    1947
    2089
    1965
    1939
    1954
    2008
    2054
    2014
    2005
    2012
    1970
    1945
    2083
    1951
    1969
    2041
    1936
    2005
    1963
    2026
    2039
    2021
    2101
    2003
    2059
    1976
    2010
    2031
    2017
    2048
    1987
    2078
    1893
    2060
    2133
    2078
    2061
    1975
    2066
    2142
    2281
    2218
    2249
    2140
    2164
    2109
    2107
    2032
    2086
    2092
    2050
    2066
    2112
    2110
    2032
    2078
    2041
    2114
    2031
    2112
    2126
    2022
    2050
    2130
    2140
    2161
    2127
    2118
    2148
    2116
    2111
    2147
    2166
    2159
    2142
    2176
    2178
    2162
    2113
    2243
    2192
    2214
    2254
    2105
    2146
    2254
    2416
    2680
    3169
    4042
    4841
    5319
    5319
    4520
    3695
    3011
    2503
    2239
    2194
    2185
    2212
    2205
    2145
    2201
    2186
    2128
    2251
    2139
    2181
    2226
    2258
    2203
    2203
    2294
    2291
    2276
    2251
    2202
    2229
    2299
    2276
    2244
    2350
    2216
    2186
    2296
    2299
    2289
    2231
    2257
    2383
    2264
    2297
    2211
    2215
    2298
    2282
    2247
    2354
    2339
    2341
    2338
    2365
    2246
    2301
    2396
    2418
    2302
    2349
    2404
    2426
    2448
    2382
    2457
    2389
    2444
    2420
    2403
    2443
    2571
    2684
    2914
    3121
    3073
    2978
    2891
    2657
    2497
    2510
    2488
    2471
    2483
    2513
    2558
    2565
    2476
    2412
    2487
    2470
    2542
    2606
    2511
    2492
    2515
    2497
    2541
    2485
    2626
    2548
    2519
    2524
    2505
    2510
    2551
    2615
    2573
    2501
    2534
    2704
    2585
    2669
    2585
    2682
    2636
    2574
    2719
    2541
    2700
    2720
    2593
    2621
    2618
    2748
    2726
    2699
    2756
    2818
    2919
    3013
    3299
    4058
    5998
    9176
   14322
   19972
   24281
   24842
   21347
   15537
    9851
    6082
    3939
    2995
    2621
    2698
    2660
    2665
    2638
    2641
    2683
    2609
    2606
    2534
    2662
    2552
    2595
    2708
    2687
    2566
    2635
    2709
    2578
    2531
    2631
    2670
    2747
    2806
    2741
    2716
    2615
    2745
    2691
    2680
    2762
    2740
    2728
    2864
    2824
    2700
    2844
    2718
    2857
    2746
    2738
    2830
    2814
    2860
    2889
    2802
    2852
    2928
    2766
    2898
    2986
    2882
    2873
    2914
    2993
    2910
    2905
    3084
    3046
    3092
    2950
    3040
    2911
    2980
    3163
    3218
    3108
    3192
    3020
    3198
    3219
    3158
    3149
    3080
    3181
    3104
    3177
    3301
    3253
    3242
    3232
    3203
    3176
    3273
    3324
    3403
    3406
    3339
    3375
    3391
    3477
    3491
    3356
    3479
    3455
    3475
    3481
    3490
    3522
    3523
    3417
    3599
    3586
    3621
    3655
    3608
    3649
    3641
    3617
    3717
    3614
    3851
    3802
    3646
    3829
    3999
    4120
    4237
    4514
    4594
    4598
    4346
    3943
    4057
    3929
    3839
    3760
    3639
    3822
    3783
    3834
    3951
    3864
    3951
    3927
    4059
    3932
    3920
    3941
    4029
    4049
    4030
    4024
    4038
    4128
    4215
    4241
    4264
    4260
    4235
    4143
    4032
    4018
    3923
    4046
    4081
    3936
    3988
    3848
    4009
    3862
    3964
    3810
    4027
    3895
    3966
    4010
    3893
    4014
    3849
    3956
    3955
    4071
    4010
    4083
    3957
    3988
    3928
    4043
    4040
    4121
    4031
    3990
    4046
    4033
    4059
    4015
    3951
    4010
    4091
    3937
    3926
    3996
    4006
    3956
    4131
    4010
    3852
    4003
    3959
    4011
    4021
    4023
    4084
    3966
    3893
    3976
    4137
    3997
    3997
    4116
    3952
    3924
    3965
    4056
    3974
    4117
    4181
    4017
    4045
    4065
    3993
    4042
    4043
    4089
    4190
    4249
    4419
    5010
    5492
    6113
    6977
    7172
    6933
    6196
    5696
    4874
    4604
    4226
    4587
    4646
    4901
    5234
    5436
    5376
    5205
    4976
    4736
    4406
    4347
    4235
    4109
    4304
    4281
    4309
    4447
    4527
    4606
    4882
    5095
    5119
    4992
    4876
    4686
    4704
    5151
    6060
    8146
   11579
   16701
   21818
   26243
   27460
   25466
   20359
   14994
   10409
    7217
    5614
    4698
    4369
    4402
    4317
    4239
    4215
    4128
    4137
    4069
    3993
    4024
    4110
    4125
    4201
    4180
    4127
    4141
    4126
    4115
    4105
    4099
    4113
    4111
    4039
    4169
    4152
    4154
    4299
    4326
    4354
    4453
    4444
    4274
    4370
    4417
    4409
    4420
    4396
    4294
    4377
    4233
    4450
    4290
    4316
    4472
    4489
    4666
    4529
    4694
    4772
    4865
    4774
    4795
    4744
    4710
    4757
    4643
    4759
    4653
    4558
    4809
    4917
    5362
    5925
    6977
    8788
   11227
   14255
   16602
   18207
   17964
   16013
   13366
   10609
    8058
    6552
    5794
    5067
    4971
    4794
    4729
    4617
    4781
    4696
    4614
    4801
    4778
    4770
    4753
    4777
    4697
    4927
    4930
    5397
    5848
    7269
    9576
   13702
   20350
   28018
   36192
   42190
   44076
   43983
   43606
   43230
   44042
   43328
   40271
   34682
   28800
   24234
   22304
   22420
   23054
   22209
   20947
   17633
   14304
   11535
    9612
    8347
    8215
    8647
   10009
   12809
   17842
   26206
   38465
   53503
   69506
   81859
   86258
   82048
   69471
   53713
   37866
   25260
   16201
   11173
    8492
    6996
    6403
    6133
    6244
    6653
    7116
    7534
    7664
    7740
    7320
    6691
    6183
    5583
    5179
    4992
    4762
    4696
    4399
    4568
    4639
    4729
    4612
    4690
    4858
    4922
    5093
    5240
    5427
    5773
    6244
    6832
    7718
    8988
   11377
   15725
   23402
   35764
   54434
   79125
  108323
  132447
  146442
  145055
  129162
  103537
   74998
   49808
   31705
   20037
   13268
    9742
    7678
    6695
    5921
    5303
    4991
    4710
    4228
    4137
    3827
    3826
    3696
    3666
    3555
    3516
    3452
    3526
    3401
    3378
    3343
    3225
    3303
    3324
    3175
    3143
    3104
    3260
    3229
    3225
    3174
    3153
    3242
    3170
    3075
    3091
    3012
    3260
    3309
    3627
    3895
    4467
    4945
    5284
    5363
    5069
    4656
    4031
    3553
    3324
    3193
    3110
    3042
    2964
    3031
    3022
    3041
    3110
    3104
    3067
    3188
    3106
    3092
    3066
    3099
    3045
    3030
    3212
    3201
    3271
    3225
    3467
    3735
    3980
    4458
    4966
    5436
    5766
    5689
    5626
    5231
    4930
    4943
    5046
    5644
    6361
    7178
    7764
    8058
    8026
    7153
    6188
    5362
    4533
    4023
    3833
    3647
    3620
    3323
    3455
    3397
    3298
    3264
    3314
    3297
    3251
    3238
    3300
    3226
    3380
    3305
    3512
    3458
    3695
    3790
    3858
    3591
    3763
    3633
    3565
    3809
    3892
    4289
    4663
    4961
    5521
    5728
    6099
    6095
    6270
    6530
    7005
    7952
    9278
   10664
   11678
   11997
   11477
   10009
    8520
    7010
    5863
    5365
    5093
    5305
    5927
    7550
    9690
   12910
   16560
   20538
   23578
   25200
   24932
   22866
   19398
   16630
   15032
   15874
   19050
   24372
   31547
   38757
   43798
   45709
   42973
   37348
   29695
   22203
   15964
   11591
    8787
    7330
    6402
    5669
    5233
    4922
    4661
    4592
    4896
    5492
    6223
    7062
    7652
    7782
    7635
    6672
    5606
    4979
    4259
    3816
    3532
    3640
    3604
    3588
    3696
    3837
    4168
    4548
    5594
    6531
    8266
   10235
   12609
   14992
   17003
   18199
   18118
   17337
   15160
   12650
   10397
    8446
    7000
    6363
    6211
    6441
    6665
    6490
    6461
    5883
    5059
    4128
    3330
    2765
    2220
    2009
    1801
    1723
    1715
    1659
    1671
    1646
    1698
    1600
    1648
    1683
    1748
    1721
    1665
    1663
    1632
    1620
    1570
    1668
    1609
    1616
    1637
    1611
    1695
    1672
    1635
    1655
    1631
    1617
    1582
    1706
    1658
    1601
    1645
    1571
    1630
    1626
    1574
    1549
    1637
    1581
    1610
    1623
    1611
    1596
    1605
    1602
    1564
    1641
    1608
    1637
    1521
    1584
    1582
    1677
    1657
    1623
    1689
    1688
    1711
    1752
    2005
    2166
    2376
    2586
    2878
    2879
    2913
    2671
    2334
    2095
    1910
    1762
    1628
    1662
    1514
    1509
    1604
    1576
    1534
    1597
    1501
    1574
    1541
    1536
    1560
    1528
    1587
    1513
    1520
    1529
    1645
    1503
    1494
    1642
    1591
    1591
    1540
    1506
    1537
    1517
    1522
    1582
    1502
    1566
    1469
    1527
    1584
    1548
    1599
    1529
    1550
    1524
    1539
    1532
    1574
    1582
    1635
    1636
    1631
    1687
    1661
    1605
    1544
    1597
    1636
    1541
    1563
    1534
    1441
    1487
    1515
    1527
    1539
    1562
    1570
    1546
    1558
    1530
    1538
    1467
    1507
    1528
    1547
    1438
    1463
    1487
    1510
    1465
    1446
    1513
    1500
    1481
    1499
    1501
    1473
    1493
    1477
    1473
    1528
    1479
    1469
    1447
    1480
    1481
    1527
    1512
    1493
    1494
    1487
    1526
    1460
    1442
    1504
    1466
    1484
    1518
    1456
    1451
    1454
    1443
    1474
    1497
    1423
    1538
    1496
    1445
    1485
    1382
    1473
    1441
    1447
    1493
    1483
    1405
    1450
    1404
    1488
    1523
    1525
    1547
    1578
    1534
    1657
    1643
    1647
    1668
    1640
    1497
    1515
    1530
    1434
    1399
    1427
    1461
    1427
    1517
    1465
    1469
    1430
    1401
    1429
    1493
    1454
    1510
    1427
    1437
    1519
    1518
    1457
    1455
    1420
    1522
    1403
    1483
    1472
    1450
    1505
    1436
    1470
    1492
    1589
    1514
    1500
    1473
    1451
    1400
    1450
    1422
    1433
    1396
    1449
    1434
    1435
    1486
    1474
    1417
    1466
    1495
    1531
    1572
    1596
    1657
    1642
    1550
    1551
    1539
    1486
    1431
    1506
    1408
    1455
    1419
    1495
    1429
    1490
    1406
    1453
    1426
    1481
    1408
    1410
    1414
    1454
    1389
    1459
    1370
    1428
    1437
    1400
    1448
    1447
    1427
    1444
    1479
    1409
    1405
    1364
    1396
    1410
    1455
    1428
    1448
    1376
    1424
    1470
    1468
    1415
    1372
    1497
    1460
    1416
    1369
    1358
    1452
    1397
    1458
    1427
    1406
    1408
    1392
    1451
    1426
    1512
    1485
    1532
    1582
    1596
    1670
    1764
    1890
    1812
    1785
    1713
    1653
    1469
    1500
    1437
    1444
    1410
    1398
    1385
    1438
    1382
    1453
    1446
    1464
    1356
    1363
    1413
    1413
    1421
    1446
    1356
    1375
    1400
    1416
    1441
    1440
    1488
    1587
    1740
    2065
    2768
    3960
    5832
    9032
   12537
   16969
   20448
   23211
   23586
   21877
   18595
   14542
   10295
    7137
    4461
    2972
    2055
    1673
    1447
    1307
    1403
    1382
    1322
    1334
    1405
    1446
    1337
    1371
    1403
    1356
    1338
    1332
    1360
    1320
    1360
    1340
    1325
    1418
    1420
    1403
    1325
    1396
    1339
    1349
    1381
    1351
    1361
    1346
    1342
    1283
    1261
    1354
    1299
    1325
    1249
    1295
    1373
    1376
    1347
    1264
    1318
    1346
    1327
    1291
    1366
    1283
    1327
    1296
    1347
    1276
    1339
    1310
    1316
    1336
    1372
    1342
    1323
    1303
    1326
    1337
    1312
    1335
    1433
    1318
    1266
    1277
    1290
    1293
    1391
    1269
    1297
    1234
    1304
    1277
    1373
    1305
    1356
    1380
    1355
    1431
    1356
    1456
    1443
    1464
    1499
    1430
    1437
    1346
    1345
    1381
    1392
    1313
    1300
    1326
    1338
    1296
    1370
    1309
    1261
    1355
    1342
    1333
    1255
    1365
    1321
    1329
    1365
    1384
    1295
    1382
    1401
    1337
    1350
    1334
    1270
    1303
    1267
    1239
    1363
    1278
    1312
    1332
    1333
    1248
    1277
    1208
    1296
    1311
    1359
    1258
    1315
    1299
    1329
    1314
    1300
    1344
    1346
    1294
    1264
    1282
    1264
    1322
    1217
    1240
    1329
    1274
    1251
    1265
    1253
    1274
    1321
    1243
    1293
    1283
    1308
    1316
    1313
    1293
    1280
    1272
    1315
    1304
    1312
    1292
    1254
    1309
    1275
    1300
    1297
    1288
    1287
    1301
    1280
    1319
    1254
    1282
    1288
    1321
    1271
    1338
    1277
    1315
    1363
    1283
    1220
    1257
    1303
    1302
    1341
    1256
    1210
    1342
    1324
    1263
    1325
    1277
    1237
    1265
    1281
    1379
    1286
    1298
    1259
    1292
    1302
    1304
    1261
    1273
    1324
    1249
    1306
    1210
    1262
    1291
    1283
    1340
    1314
    1323
    1293
    1287
    1396
    1292
    1300
    1229
    1267
    1281
    1239
    1259
    1262
    1281
    1267
    1349
    1336
    1264
    1308
    1382
    1272
    1342
    1395
    1600
    1759
    2184
    2856
    3943
    5331
    7186
    9140
   10972
   12196
   12570
   11845
   10474
    8705
    6638
    4846
    3513
    2495
    1870
    1510
    1376
    1304
    1262
    1271
    1196
    1276
    1246
    1210
    1218
    1262
    1245
    1227
    1249
    1219
    1255
    1227
    1243
    1277
    1286
    1241
    1213
    1226
    1233
    1286
    1260
    1252
    1221
    1251
    1215
    1205
    1291
    1258
    1220
    1306
    1283
    1264
    1268
    1246
    1199
    1191
    1309
    1271
    1274
    1258
    1188
    1214
    1230
    1280
    1267
    1242
    1209
    1231
    1296
    1220
    1237
    1254
    1197
    1247
    1197
    1281
    1250
    1290
    1191
    1188
    1242
    1284
    1167
    1209
    1194
    1263
    1252
    1169
    1198
    1230
    1299
    1221
    1203
    1198
    1246
    1233
    1266
    1208
    1187
    1193
    1233
    1233
    1228
    1189
    1253
    1314
    1201
    1211
    1240
    1271
    1194
    1246
    1205
    1216
    1271
    1210
    1222
    1236
    1220
    1171
    1281
    1213
    1230
    1239
    1177
    1189
    1273
    1182
    1227
    1192
    1310
    1193
    1287
    1269
    1290
    1225
    1234
    1261
    1215
    1258
    1198
    1267
    1156
    1250
    1267
    1268
    1256
    1314
    1234
    1278
    1290
    1236
    1334
    1194
    1216
    1250
    1308
    1253
    1241
    1224
    1303
    1249
    1255
    1243
    1255
    1186
    1191
    1303
    1321
    1363
    1352
    1411
    1350
    1380
    1356
    1354
    1306
    1314
    1284
    1201
    1224
    1234
    1234
    1220
    1182
    1177
    1229
    1218
    1199
    1187
    1225
    1238
    1247
    1200
    1195
    1203
    1287
    1166
    1207
    1269
    1219
    1197
    1263
    1223
    1271
    1233
    1224
    1228
    1234
    1173
    1251
    1308
    1238
    1311
    1243
    1297
    1245
    1258
    1270
    1245
    1240
    1255
    1252
    1179
    1205
    1181
    1248
    1182
    1191
    1264
    1199
    1187
    1227
    1269
    1198
    1213
    1190
    1227
    1235
    1206
    1251
    1286
    1177
    1197
    1225
    1234
    1226
    1217
    1229
    1282
    1238
    1188
    1264
    1229
    1326
    1390
    1490
    1679
    1763
    1822
    2019
    2091
    2043
    1989
    1875
    1783
    1663
    1611
    1507
    1454
    1457
    1430
    1433
    1352
    1286
    1305
    1276
    1229
    1215
    1214
    1254
    1254
    1241
    1211
    1242
    1236
    1269
    1308
    1296
    1395
    1522
    1782
    2150
    3080
    4957
    8267
   13863
   23406
   36701
   54859
   75933
   98531
  118547
  131919
  136605
  129354
  114611
   94026
   70598
   49290
   31593
   19199
   10997
    5841
    3233
    1845
    1295
     993
     892
     863
     880
     842
     863
     889
     928
     887
     860
     891
     892
     871
     880
     892
     885
     895
     876
     849
     879
     866
     877
     855
     970
     911
     922
     847
     886
     883
     878
     867
     849
     862
     827
     837
     846
     840
     872
     869
     831
     785
     826
     892
     856
     800
     832
     890
     870
     817
     828
     797
     912
     794
     860
     853
     874
     858
     836
     915
     875
     837
     865
     894
     850
     783
     887
     836
     814
     847
     849
     898
     863
     834
     812
     793
     851
     833
     856
     839
     831
     849
     853
     877
     878
     874
     890
     904
     875
     915
     852
     836
     896
     855
     838
     843
     836
     819
     796
     813
     833
     927
     895
    1041
    1080
    1226
    1464
    1642
    1920
    2152
    2257
    2316
    2240
    2073
    1825
    1607
    1412
    1157
    1035
     920
     891
     837
     805
     780
     799
     751
     807
     807
     811
     839
     787
     826
     822
     843
     867
     818
     904
     859
     846
     838
     795
     823
     788
     807
     831
     812
     769
     776
     780
     765
     771
     821
     777
     829
     777
     775
     774
     746
     829
     824
     892
     878
     896
     870
     877
     884
     897
     845
     815
     837
     815
     800
     805
     752
     841
     818
     806
     733
     797
     842
     777
     780
     810
     787
     772
     809
     796
     769
     764
     768
     770
     825
     838
     811
     872
     777
     876
     912
    1007
    1158
    1367
    1679
    1975
    2420
    2736
    3138
    3347
    3261
    3105
    2785
    2425
    1965
    1578
    1323
    1084
     921
     912
     805
     817
     836
     847
     807
     816
     763
     807
     772
     777
     784
     800
     800
     833
     764
     768
     859
     811
     817
     782
     892
     979
    1176
    1459
    2080
    2836
    4073
    5502
    7406
    9264
   10979
   12350
   12565
   12275
   11594
    9612
    7801
    5963
    4205
    2957
    1951
    1504
    1071
     941
     806
     783
     732
     799
     692
     704
     670
     724
     755
     716
     693
     740
     744
     674
     753
     724
     717
     740
     728
     715
     702
     719
     696
     687
     739
     687
     732
     723
     692
     722
     683
     742
     775
     717
     745
     717
     761
     697
     774
     696
     687
     711
     741
     741
     753
     729
     807
     751
     757
     696
     734
     716
     736
     724
     755
     703
     741
     726
     644
     713
     677
     707
     729
     731
     717
     672
     731
     663
     675
     686
     724
     679
     695
     684
     687
     693
     757
     687
     711
     714
     625
     671
     718
     685
     638
     690
     680
     753
     749
     718
     712
     677
     685
     650
     682
     675
     702
     714
     655
     707
     679
     691
     730
     685
     683
     696
     701
     690
     708
     631
     665
     647
     676
     677
     703
     719
     717
     725
     796
     722
     769
     776
     749
     742
     712
     672
     679
     703
     653
     715
     732
     695
     676
     688
     709
     693
     707
     738
     677
     671
     659
     745
     669
     693
     696
     655
     692
     690
     661
     711
     682
     688
     678
     727
     737
     750
     738
     758
     765
     702
     709
     679
     724
     656
     717
     623
     688
     614
     643
     638
     641
     649
     656
     695
     660
     668
     603
     685
     627
     695
     691
     618
     705
     688
     669
     660
     686
     659
     644
     653
     674
     668
     638
     616
     699
     765
     734
     748
     802
     796
     876
     868
     931
     872
     875
     862
     831
     754
     724
     726
     664
     675
     666
     631
     640
     628
     676
     608
     662
     630
     672
     626
     683
     628
     668
     680
     658
     622
     656
     611
     640
     644
     627
     628
     611
     670
     607
     640
     601
     637
     630
     633
     636
     621
     607
     662
     563
     656
     602
     589
     609
     635
     640
     588
     597
     682
     637
     691
     624
     611
     655
     628
     643
     639
     614
     663
     651
     669
     681
     655
     685
     673
     692
     657
     694
     673
     696
     671
     684
     696
     718
     706
     713
     659
     662
     619
     615
     707
     632
     595
     625
     582
     650
     612
     592
     645
     626
     597
     619
     592
     593
     644
     630
     662
     626
     665
     626
     611
     652
     590
     574
     581
     617
     556
     590
     564
     592
     599
     621
     629
     572
     601
     630
     587
     597
     629
     591
     625
     603
     596
     570
     593
     641
     567
     576
     593
     607
     593
     616
     583
     580
     577
     647
     613
     622
     597
     591
     610
     595
     575
     577
     609
     573
     623
     598
     597
     657
     580
     611
     652
     662
     675
     633
     673
     678
     672
     646
     672
     590
     613
     643
     625
     620
     620
     573
     597
     572
     619
     573
     593
     578
     622
     548
     586
     590
     577
     551
     612
     566
     569
     592
     584
     593
     587
     583
     641
     628
     548
     578
     604
     582
     603
     628
     610
     580
     626
     601
     570
     598
     597
     565
     552
     582
     580
     630
     589
     564
     548
     564
     606
     604
     593
     565
     607
     615
     603
     591
     612
     621
     614
     629
     666
     604
     671
     702
     644
     616
     610
     622
     590
     569
     583
     562
     544
     556
     570
     561
     598
     588
     549
     605
     553
     596
     587
     615
     604
     619
     649
     643
     649
     664
     722
     691
     736
     673
     668
     620
     650
     575
     572
     541
     617
     530
     546
     596
     574
     555
     559
     596
     562
     569
     596
     551
     597
     587
     546
     564
     576
     559
     514
     593
     570
     516
     555
     550
     574
     522
     571
     556
     534
     613
     562
     522
     566
     544
     563
     585
     506
     564
     525
     551
     540
     538
     559
     542
     563
     537
     545
     557
     559
     540
     601
     538
     567
     530
     565
     524
     529
     532
     555
     510
     533
     562
     535
     513
     577
     595
     614
     608
     675
     652
     640
     643
     657
     647
     628
     607
     622
     592
     552
     551
     533
     548
     561
     526
     554
     518
     504
     532
     513
     547
     549
     526
     517
     538
     563
     562
     545
     590
     568
     585
     579
     543
     584
     545
     557
     559
     551
     561
     587
     547
     507
     508
     561
     497
     483
     549
     525
     540
     524
     511
     502
     492
     552
     547
     524
     576
     513
     548
     465
     540
     503
     514
     553
     541
     499
     488
     506
     530
     517
     516
     510
     525
     509
     492
     491
     533
     520
     483
     516
     508
     535
     546
     502
     504
     501
     526
     547
     542
     500
     518
     539
     494
     532
     521
     529
     527
     535
     505
     520
     478
     516
     465
     501
     509
     497
     485
     491
     496
     548
     530
     497
     535
     523
     519
     533
     510
     508
     467
     477
     502
     494
     508
     473
     533
     493
     493
     514
     498
     528
     541
     540
     438
     495
     520
     473
     469
     493
     515
     528
     502
     490
     479
     511
     514
     573
     624
     626
     719
     801
     854
     948
    1009
    1043
    1106
    1052
    1004
     947
     812
     771
     673
     637
     598
     556
     524
     552
     495
     544
     492
     512
     454
     524
     476
     489
     509
     493
     499
     488
     520
     492
     488
     493
     514
     493
     532
     503
     473
     490
     497
     519
     492
     502
     463
     453
     480
     515
     503
     533
     490
     481
     512
     533
     474
     498
     473
     489
     480
     516
     475
     520
     488
     494
     495
     469
     498
     456
     470
     474
     534
     476
     469
     507
     477
     473
     497
     488
     485
     434
     499
     490
     486
     506
     497
     503
     465
     445
     436
     473
     494
     501
     454
     474
     489
     480
     451
     466
     473
     503
     477
     499
     422
     456
     498
     471
     488
     487
     469
     503
     473
     463
     495
     509
     459
     472
     499
     486
     469
     548
     457
     466
     503
     497
     452
     450
     498
     465
     480
     459
     480
     495
     450
     496
     468
     431
     507
     482
     434
     496
     469
     480
     485
     503
     497
     502
     476
     475
     454
     508
     496
     503
     494
     464
     482
     455
     487
     450
     465
     456
     477
     469
     468
     444
     473
     460
     470
     482
     498
     505
     495
     444
     433
     436
     447
     460
     471
     435
     453
     473
     477
     482
     429
     489
     468
     467
     434
     481
     472
     487
     465
     468
     474
     452
     454
     475
     474
     467
     500
     463
     510
     453
     458
     442
     456
     451
     421
     429
     432
     491
     457
     475
     443
     470
     422
     477
     483
     453
     451
     460
     461
     444
     483
     467
     471
     444
     453
     483
     502
     456
     471
     511
     512
     501
     476
     512
     472
     495
     510
     474
     522
     475
     476
     481
     477
     430
     459
     476
     493
     450
     484
     474
     420
     439
     439
     467
     466
     435
     458
     466
     437
     439
     457
     431
     515
     472
     484
     478
     463
     503
     471
     453
     461
     471
     485
     483
     464
     513
     519
     492
     506
     498
     524
     501
     550
     530
     495
     449
     482
     431
     472
     472
     500
     468
     435
     484
     499
     486
     459
     465
     467
     503
     452
     473
     480
     496
     455
     468
     453
     431
     441
     448
     476
     451
     466
     438
     417
     426
     432
     436
     474
     420
     450
     411
     481
     421
     448
     427
     431
     445
     424
     455
     406
     450
     454
     467
     407
     438
     416
     427
     473
     431
     414
     443
     413
     438
     482
     472
     464
     494
     523
     469
     463
     499
     458
     485
     456
     443
     437
     424
     411
     434
     414
     451
     383
     399
     400
     406
     427
     433
     426
     468
     422
     435
     409
     428
     442
     408
     400
     438
     413
     412
     430
     396
     427
     428
     427
     422
     423
     413
     459
     413
     425
     383
     430
     423
     384
     454
     407
     393
     462
     386
     439
     446
     439
     360
     424
     380
     390
     427
     422
     417
     382
     398
     389
     420
     420
     416
     415
     438
     379
     409
     412
     408
     409
     443
     397
     424
     435
     364
     399
     388
     393
     393
     375
     413
     383
     437
     411
     426
     402
     433
     439
     380
     442
     453
     443
     456
     475
     429
     468
     429
     417
     445
     493
     452
     431
     432
     457
     433
     412
     394
     382
     405
     428
     413
     417
     424
     416
     407
     384
     406
     437
     435
     406
     446
     449
     467
     448
     446
     432
     436
     422
     425
     421
     425
     372
     400
     402
     398
     397
     382
     443
     425
     390
     445
     371
     422
     401
     390
     398
     416
     403
     431
     425
     396
     392
     377
     407
     426
     419
     424
     378
     392
     396
     443
     406
     449
     429
     400
     405
     454
     420
     424
     412
     388
     417
     420
     389
     396
     375
     383
     377
     373
     397
     392
     391
     336
     414
     381
     426
     400
     382
     392
     378
     376
     362
     365
     375
     408
     381
     363
     425
     419
     389
     416
     369
     418
     387
     424
     430
     393
     391
     431
     414
     388
     436
     367
     398
     391
     431
     413
     388
     399
     378
     366
     352
     386
     371
     374
     369
     379
     395
     364
     383
     395
     417
     391
     393
     371
     380
     393
     380
     397
     375
     353
     335
     331
     389
     355
     398
     366
     384
     393
     375
     382
     377
     373
     388
     352
     412
     230
       0
       0
       0
       0
       0
       0
       0
       0
       0
       0
       0
       0
       0
       0
       0
       0
       0
       0
       0
       0
       0
       0
       0
       0
       0
       0
       0
       0
       0
       0
       0
       0
       0
       0
       0
       0
       0
       0
       0
       0
       0
       0
       0
       0
       0
       0
       0
$ENER_FIT:
0.000000 0.075000
$PRESETS:
Live Time (sec)
1599
0
$RT:
1800.000000
$DT:
201000
$ISO_DECL_U:
SMPLNAM: IDB-319
SEPDATE: 01/01/1900 00:00:00
U234: 0.0359 
DU234: 18.9415
U235: 4.4623 
DU235: 0.0717
U236: 0.0068 
DU236: 2.9412
U238: 95.495 
DU238: 0.0034
$ADC:
4096
0
4095