$APPLICATION_ID:
IDB v.1.0
$SPEC_REM:
Material type: U
Material form: powder
Material compound: U3O8
U isotopics:
234U 0.0171
235U 1.942
236U 0.0003
238U 98.0406
Detector: HPGe (Geometry: Planar, Size: Planar HPGe)
MCA: Unknown
$DATE_MEA:
02/28/2002 02:28:00
$MEAS_TIM:
1652 1800
$DATA:
0 4095
       0
       0
       0
       0
       0
       0
       0
       0
       0
       0
       0
       0
       0
       0
       0
       0
       0
       0
       0
       0
       0
       0
       0
       0
    1723
    1952
    1917
    1919
    1906
    1975
    1905
    1877
    1922
    1924
    1938
    1906
    1941
    1943
    1877
    1873
    1973
    1937
    1825
    1942
    1954
    1881
    1855
    1884
    1895
    1921
    1894
    1915
    1880
    1879
    1888
    1812
    1898
    1948
    1851
    1921
    1943
    1946
    1917
    1875
    1941
    1845
    1933
    1926
    1854
    1954
    1919
    1854
    1808
    1861
    1914
    1864
    1882
    1888
    1775
    1870
    1812
    1844
    1834
    1886
    1942
    1853
    1842
    1889
    1895
    1896
    1895
    1774
    1843
    1799
    1850
    1839
    1853
    1822
    1830
    1736
    1785
    1826
    1810
    1798
    1831
    1825
    1866
    1844
    1774
    1796
    1737
    1783
    1783
    1794
    1774
    1836
    1837
    1739
    1774
    1823
    1836
    1848
    1811
    1775
    1777
    1775
    1766
    1779
    1799
    1854
    1768
    1801
    1801
    1817
    1805
    1778
    1817
    1690
    1745
    1781
    1877
    1732
    1779
    1787
    1766
    1774
    1746
    1837
    1824
    1877
    1903
    1869
    1878
    1887
    1870
    1914
    1886
    1835
    1843
    1852
    1802
    1864
    1894
    1842
    1828
    1887
    1891
    1845
    1841
    1851
    1866
    1833
    1889
    1936
    1951
    1882
    1923
    1919
    1889
    1897
    1911
    1886
    1800
    1945
    1909
    1894
    1904
    1908
    1981
    2005
    1918
    2082
    1998
    1877
    1932
    1888
    1903
    1832
    1868
    1851
    1877
    1869
    1926
    1824
    1845
    1865
    1859
    1775
    1848
    1877
    1819
    1923
    1947
    1894
    1899
    1918
    1942
    1927
    1902
    1979
    1903
    1938
    1913
    1899
    1894
    1865
    1861
    1848
    1931
    1858
    1975
    1922
    1830
    1962
    1870
    1852
    1947
    1859
    1871
    1853
    1907
    1912
    1849
    1883
    1836
    1878
    1928
    1878
    1883
    1871
    1935
    1942
    1876
    2051
    1948
    1876
    1899
    1875
    1843
    1895
    2050
    1940
    1948
    1903
    2000
    1955
    1958
    2030
    2103
    2011
    1963
    1934
    1898
    1913
    1940
    1979
    1891
    1915
    1853
    1893
    1923
    1899
    1908
    1947
    1826
    1867
    1951
    1858
    1888
    1926
    1907
    1869
    1899
    1887
    1905
    1857
    1950
    1931
    1938
    1919
    1874
    1934
    1821
    2064
    1880
    2079
    2166
    2249
    2211
    2265
    2173
    1988
    1940
    1914
    1848
    1948
    2077
    2255
    2633
    3003
    3624
    3794
    3976
    3801
    3179
    2546
    2069
    1927
    1980
    1830
    1836
    1816
    1846
    1857
    1815
    1869
    1775
    1821
    1847
    1911
    1946
    2116
    2127
    1911
    1941
    1964
    1963
    2079
    1953
    1900
    1794
    1781
    1797
    1805
    1854
    1756
    1711
    1781
    1818
    1769
    1897
    2000
    2135
    2419
    2293
    2032
    1869
    1763
    1656
    1755
    1709
    1769
    1745
    1712
    1643
    1671
    1606
    1681
    1577
    1662
    1692
    1658
    1679
    1609
    1567
    1674
    1635
    1645
    1559
    1555
    1577
    1588
    1589
    1578
    1666
    1600
    1601
    1622
    1594
    1530
    1605
    1591
    1620
    1673
    1598
    1559
    1615
    1586
    1545
    1628
    1653
    1612
    1552
    1537
    1598
    1580
    1502
    1619
    1550
    1607
    1605
    1605
    1614
    1574
    1590
    1480
    1512
    1615
    1531
    1574
    1541
    1540
    1561
    1604
    1521
    1588
    1553
    1539
    1525
    1580
    1623
    1529
    1580
    1551
    1538
    1554
    1537
    1562
    1473
    1581
    1508
    1513
    1455
    1536
    1483
    1560
    1488
    1472
    1497
    1486
    1596
    1484
    1533
    1492
    1558
    1471
    1513
    1482
    1543
    1451
    1536
    1455
    1485
    1467
    1414
    1423
    1466
    1557
    1438
    1429
    1488
    1472
    1478
    1459
    1392
    1477
    1427
    1481
    1475
    1500
    1426
    1453
    1463
    1512
    1441
    1376
    1448
    1461
    1443
    1450
    1435
    1438
    1489
    1520
    1422
    1425
    1478
    1424
    1422
    1428
    1442
    1494
    1493
    1486
    1535
    1439
    1419
    1476
    1524
    1423
    1425
    1458
    1473
    1410
    1500
    1508
    1415
    1451
    1393
    1414
    1488
    1476
    1429
    1482
    1478
    1499
    1464
    1463
    1473
    1463
    1487
    1447
    1575
    1448
    1502
    1491
    1531
    1451
    1439
    1476
    1482
    1408
    1466
    1543
    1483
    1505
    1419
    1458
    1464
    1549
    1470
    1482
    1473
    1478
    1463
    1513
    1518
    1538
    1521
    1435
    1498
    1460
    1496
    1468
    1523
    1492
    1482
    1637
    1513
    1587
    1471
    1538
    1600
    1569
    1535
    1519
    1572
    1491
    1459
    1522
    1545
    1558
    1500
    1548
    1423
    1507
    1553
    1558
    1577
    1561
    1530
    1477
    1565
    1572
    1447
    1551
    1603
    1506
    1536
    1548
    1532
    1493
    1554
    1590
    1554
    1559
    1554
    1574
    1609
    1593
    1551
    1538
    1536
    1497
    1569
    1564
    1566
    1528
    1560
    1582
    1668
    1540
    1596
    1506
    1572
    1512
    1547
    1568
    1525
    1592
    1522
    1550
    1542
    1647
    1615
    1618
    1603
    1678
    1575
    1542
    1588
    1581
    1651
    1601
    1652
    1654
    1676
    1728
    1783
    1841
    1855
    1736
    1798
    1605
    1681
    1685
    1673
    1644
    1600
    1656
    1665
    1624
    1661
    1664
    1596
    1677
    1650
    1712
    1680
    1669
    1692
    1644
    1681
    1691
    1680
    1651
    1705
    1719
    1642
    1725
    1784
    1683
    1677
    1720
    1764
    1784
    1773
    1705
    1819
    1676
    1696
    1756
    1800
    1767
    1874
    2035
    2211
    2717
    3059
    3357
    3357
    2992
    2613
    2308
    2092
    1959
    1794
    1771
    1733
    1798
    1714
    1737
    1753
    1850
    1758
    1730
    1804
    1826
    1830
    1833
    1838
    1817
    1873
    1851
    1846
    1876
    1865
    1814
    1809
    1789
    1835
    1819
    1802
    1913
    1844
    1928
    1834
    1890
    1812
    1917
    1916
    1816
    1946
    1873
    1914
    1893
    1847
    1843
    1916
    1958
    1859
    1891
    1906
    1870
    1937
    1894
    1968
    1856
    1953
    1992
    1937
    2052
    2019
    1989
    1950
    2008
    1975
    2015
    2057
    2298
    2219
    2316
    2247
    2108
    2132
    2033
    2049
    2070
    2060
    2067
    1990
    2043
    1998
    2025
    2085
    2044
    2074
    2033
    2059
    2052
    2033
    2065
    1979
    2059
    2163
    2114
    2102
    2145
    2138
    2076
    2077
    2050
    2103
    2079
    2120
    2136
    2100
    2136
    2131
    2194
    2198
    2208
    2178
    2191
    2113
    2155
    2190
    2172
    2167
    2169
    2226
    2177
    2231
    2251
    2319
    2409
    2492
    2759
    3553
    5430
    8916
   14451
   20852
   25282
   25936
   22376
   15939
    9830
    5659
    3592
    2500
    2252
    2011
    2104
    2052
    2085
    2090
    2086
    2159
    2120
    2121
    2157
    2148
    2038
    2108
    2152
    2076
    2069
    2087
    2178
    2105
    2119
    2152
    2196
    2146
    2215
    2218
    2134
    2138
    2099
    2207
    2210
    2204
    2262
    2157
    2254
    2244
    2270
    2249
    2214
    2288
    2238
    2285
    2281
    2223
    2192
    2299
    2345
    2305
    2312
    2328
    2329
    2292
    2323
    2341
    2363
    2311
    2345
    2283
    2381
    2432
    2371
    2383
    2365
    2419
    2449
    2462
    2414
    2469
    2531
    2475
    2501
    2469
    2450
    2503
    2489
    2560
    2480
    2537
    2507
    2536
    2587
    2559
    2585
    2649
    2662
    2665
    2660
    2519
    2513
    2670
    2654
    2531
    2652
    2732
    2740
    2728
    2789
    2710
    2836
    2894
    2860
    2823
    2847
    2773
    2832
    2820
    2743
    2882
    2872
    2866
    2819
    2915
    2815
    2945
    2871
    2967
    3091
    3105
    3246
    3286
    3244
    3109
    3195
    3025
    3026
    2987
    2998
    2942
    2998
    3049
    3052
    3108
    2984
    3071
    3122
    3258
    3122
    3115
    3112
    3069
    3049
    3147
    3005
    3115
    3097
    3118
    3247
    3117
    3155
    3223
    3194
    3085
    3266
    3136
    3113
    2950
    3117
    3072
    3142
    3111
    2994
    3150
    3159
    3024
    2978
    3055
    3020
    3045
    3128
    3045
    3092
    3087
    3097
    3113
    3118
    3020
    3077
    3018
    3159
    3151
    3235
    3142
    3059
    3194
    2982
    3129
    3202
    3194
    3072
    3042
    3135
    3195
    3092
    3114
    3160
    3093
    3149
    3166
    3243
    3140
    3242
    3125
    3170
    3234
    3142
    3251
    3126
    3146
    3177
    3214
    3221
    3187
    3171
    3188
    3174
    3280
    3234
    3210
    3123
    3162
    3284
    3253
    3244
    3182
    3451
    3314
    3232
    3379
    3608
    4021
    4216
    4494
    4601
    4552
    4373
    3845
    3660
    3456
    3354
    3388
    3533
    3640
    3746
    3830
    3829
    3859
    3678
    3596
    3507
    3589
    3509
    3410
    3413
    3473
    3439
    3566
    3757
    3807
    3960
    4250
    4215
    4165
    3930
    3729
    3701
    3805
    4165
    5180
    6540
    8758
   11413
   13557
   13992
   12899
   10554
    8320
    6154
    4716
    3808
    3732
    3491
    3525
    3469
    3512
    3331
    3331
    3406
    3347
    3347
    3337
    3349
    3374
    3388
    3400
    3312
    3365
    3365
    3279
    3383
    3374
    3457
    3401
    3345
    3399
    3451
    3433
    3410
    3546
    3563
    3569
    3552
    3511
    3569
    3539
    3527
    3437
    3579
    3556
    3521
    3533
    3458
    3491
    3669
    3560
    3515
    3740
    3666
    3695
    3699
    3784
    3741
    3881
    3764
    3741
    3763
    3621
    3705
    3779
    3717
    3840
    3805
    3965
    4146
    4722
    5578
    6586
    7827
    8992
    9783
    9809
    8980
    7747
    6471
    5225
    4558
    4093
    4036
    3825
    3738
    3893
    3818
    3712
    3759
    3743
    3790
    3796
    3811
    3790
    3807
    3787
    4017
    4087
    4228
    4815
    5845
    8387
   12420
   18893
   27758
   35420
   42374
   44465
   44499
   43873
   44137
   44599
   43947
   40082
   33999
   26040
   19740
   15265
   13018
   12444
   11839
   10991
    9498
    8251
    6815
    6009
    5646
    5585
    5852
    6942
    8430
   11896
   17266
   25267
   35343
   45930
   53833
   57723
   55034
   46436
   36115
   25398
   17086
   11411
    7991
    6010
    5116
    4605
    4486
    4553
    4779
    4751
    5048
    5280
    5142
    5083
    4660
    4436
    4025
    3735
    3637
    3536
    3562
    3665
    3555
    3630
    3573
    3677
    3632
    3672
    3741
    3890
    3955
    4068
    4371
    4517
    4807
    5531
    6262
    7812
   10494
   15373
   23250
   35552
   51885
   70627
   86806
   96377
   96768
   86358
   68720
   50018
   33469
   21446
   13635
    9252
    6700
    5520
    4821
    4407
    4029
    3916
    3497
    3455
    3226
    3231
    3174
    3189
    2965
    2952
    2934
    2843
    2789
    2948
    2874
    2729
    2786
    2707
    2752
    2788
    2625
    2589
    2689
    2683
    2588
    2667
    2724
    2617
    2691
    2700
    2703
    2681
    2684
    2670
    2846
    3027
    3131
    3388
    3554
    3647
    3477
    3254
    2979
    2698
    2749
    2694
    2507
    2743
    2567
    2646
    2617
    2604
    2566
    2636
    2650
    2673
    2671
    2787
    2710
    2568
    2608
    2664
    2717
    2720
    2647
    2724
    2655
    2898
    3051
    3171
    3337
    3614
    3748
    3788
    3678
    3657
    3464
    3360
    3556
    3598
    4025
    4476
    4709
    4901
    4757
    4496
    4073
    3589
    3279
    3091
    2839
    2791
    2785
    2766
    2726
    2699
    2631
    2661
    2691
    2734
    2677
    2650
    2633
    2641
    2724
    2723
    2753
    2897
    2865
    3020
    3017
    2927
    2924
    2858
    2931
    2985
    2904
    3152
    3341
    3446
    3651
    3848
    4002
    4100
    4025
    4146
    4224
    4862
    5390
    5948
    6408
    6753
    6478
    5767
    5186
    4450
    3983
    3689
    3631
    3979
    4461
    5245
    6666
    8796
   11056
   13611
   15999
   16814
   16983
   15212
   13159
   11534
   10278
   10967
   12770
   16301
   20806
   25628
   29042
   30309
   28949
   24896
   19884
   15140
   11130
    8029
    6353
    5133
    4644
    4321
    3973
    3700
    3630
    3900
    4107
    4787
    5716
    6638
    7145
    7416
    6998
    6247
    5273
    4416
    3650
    3234
    2892
    2928
    2786
    2929
    2921
    3035
    3129
    3477
    4036
    4693
    5784
    7141
    8795
   10515
   11692
   12482
   12494
   11750
   10390
    8945
    7240
    6030
    5132
    4710
    4488
    4557
    4754
    4768
    4543
    4265
    3620
    3094
    2412
    2038
    1694
    1545
    1336
    1387
    1261
    1333
    1286
    1297
    1297
    1323
    1223
    1281
    1307
    1305
    1275
    1294
    1272
    1324
    1346
    1348
    1289
    1216
    1264
    1224
    1269
    1313
    1215
    1300
    1224
    1279
    1254
    1304
    1261
    1285
    1236
    1306
    1269
    1247
    1258
    1300
    1234
    1283
    1245
    1286
    1265
    1223
    1303
    1238
    1239
    1346
    1317
    1290
    1248
    1264
    1294
    1256
    1252
    1232
    1282
    1344
    1354
    1312
    1462
    1507
    1714
    1755
    1897
    1929
    1929
    1803
    1643
    1500
    1448
    1308
    1300
    1274
    1253
    1275
    1229
    1261
    1214
    1276
    1264
    1262
    1225
    1244
    1200
    1189
    1192
    1204
    1225
    1264
    1310
    1287
    1247
    1188
    1233
    1271
    1254
    1199
    1298
    1188
    1282
    1218
    1195
    1231
    1291
    1210
    1265
    1175
    1243
    1224
    1217
    1200
    1230
    1304
    1259
    1264
    1250
    1273
    1283
    1256
    1239
    1244
    1229
    1219
    1154
    1254
    1188
    1229
    1250
    1229
    1250
    1225
    1222
    1230
    1275
    1264
    1252
    1163
    1208
    1224
    1238
    1165
    1146
    1174
    1180
    1188
    1198
    1202
    1159
    1188
    1184
    1175
    1231
    1221
    1212
    1271
    1181
    1193
    1294
    1259
    1192
    1267
    1245
    1205
    1250
    1225
    1197
    1287
    1194
    1176
    1159
    1200
    1200
    1250
    1221
    1224
    1200
    1168
    1260
    1225
    1250
    1120
    1176
    1265
    1248
    1211
    1151
    1212
    1265
    1197
    1199
    1261
    1227
    1249
    1203
    1281
    1150
    1262
    1299
    1226
    1308
    1340
    1414
    1370
    1411
    1367
    1331
    1257
    1234
    1290
    1321
    1260
    1174
    1267
    1126
    1153
    1246
    1184
    1151
    1188
    1159
    1156
    1209
    1201
    1199
    1189
    1220
    1234
    1208
    1233
    1158
    1228
    1242
    1174
    1257
    1223
    1155
    1191
    1215
    1206
    1240
    1207
    1208
    1231
    1216
    1171
    1152
    1217
    1218
    1189
    1197
    1199
    1230
    1191
    1206
    1148
    1168
    1246
    1183
    1194
    1203
    1252
    1212
    1279
    1202
    1210
    1169
    1173
    1222
    1249
    1217
    1201
    1235
    1184
    1209
    1210
    1175
    1200
    1209
    1187
    1145
    1165
    1176
    1176
    1213
    1127
    1168
    1176
    1150
    1169
    1204
    1254
    1177
    1221
    1148
    1196
    1199
    1224
    1156
    1139
    1220
    1135
    1156
    1145
    1138
    1240
    1121
    1146
    1180
    1206
    1158
    1193
    1156
    1216
    1205
    1156
    1159
    1117
    1136
    1171
    1214
    1199
    1144
    1177
    1210
    1240
    1231
    1289
    1397
    1429
    1371
    1396
    1346
    1256
    1270
    1238
    1169
    1136
    1177
    1104
    1168
    1243
    1150
    1202
    1167
    1193
    1143
    1170
    1097
    1199
    1198
    1183
    1146
    1205
    1125
    1215
    1137
    1189
    1183
    1260
    1330
    1387
    1714
    2232
    3090
    4347
    5997
    8069
    9647
   10888
   11293
   10526
    8867
    7219
    5253
    3737
    2579
    1873
    1415
    1259
    1246
    1111
    1130
    1149
    1104
    1129
    1168
    1146
    1157
    1158
    1177
    1119
    1147
    1114
    1167
    1117
    1121
    1139
    1144
    1200
    1156
    1177
    1153
    1127
    1117
    1160
    1190
    1125
    1155
    1155
    1118
    1104
    1186
    1077
    1083
    1142
    1163
    1160
    1097
    1164
    1152
    1080
    1076
    1145
    1143
    1096
    1130
    1134
    1076
    1114
    1117
    1090
    1107
    1168
    1090
    1108
    1114
    1112
    1106
    1093
    1134
    1140
    1191
    1091
    1084
    1099
    1120
    1115
    1076
    1131
    1095
    1065
    1076
    1093
    1091
    1129
    1054
    1083
    1070
    1142
    1120
    1200
    1089
    1128
    1220
    1188
    1203
    1222
    1150
    1090
    1121
    1117
    1056
    1090
    1054
    1123
    1125
    1082
    1134
    1075
    1076
    1152
    1107
    1075
    1094
    1122
    1172
    1062
    1176
    1173
    1113
    1162
    1157
    1211
    1136
    1109
    1117
    1121
    1132
    1105
    1118
    1056
    1147
    1142
    1054
    1134
    1130
    1109
    1130
    1108
    1078
    1135
    1095
    1097
    1100
    1105
    1081
    1132
    1142
    1094
    1120
    1143
    1049
    1079
    1106
    1084
    1083
    1013
    1090
    1083
    1035
    1077
    1080
    1102
    1118
    1052
    1115
    1025
    1073
    1144
    1141
    1137
    1120
    1080
    1098
    1169
    1084
    1069
    1044
    1116
    1052
    1038
    1127
    1106
    1107
    1066
    1094
    1149
    1143
    1105
    1064
    1088
    1063
    1103
    1054
    1072
    1091
    1090
    1055
    1100
    1093
    1062
    1089
    1131
    1047
    1056
    1087
    1065
    1112
    1100
    1119
    1079
    1053
    1095
    1042
    1079
    1049
    1098
    1042
    1112
    1034
     980
    1025
    1043
    1085
    1084
    1055
    1055
    1073
    1120
    1061
    1084
    1088
    1035
    1080
    1055
    1072
    1087
    1073
    1050
    1041
    1023
    1094
    1091
    1106
    1063
    1117
    1089
    1068
    1051
    1120
    1168
    1276
    1429
    1774
    2264
    2926
    3642
    4556
    5349
    5917
    6330
    5794
    5099
    4435
    3486
    2645
    2032
    1617
    1315
    1144
    1061
    1122
    1064
    1092
    1058
    1057
    1092
    1023
    1022
     996
    1012
    1025
    1021
    1027
    1060
    1016
    1069
    1026
    1052
    1007
    1040
    1051
    1020
    1038
    1080
    1057
    1055
    1030
    1063
    1035
    1019
     996
    1041
    1025
    1072
    1146
    1088
    1067
     988
    1061
    1015
    1072
    1013
    1047
    1039
    1014
     994
    1061
    1035
    1049
    1054
    1048
    1026
    1057
    1097
    1035
    1037
     992
    1006
    1043
     997
    1041
    1050
    1023
    1048
     982
    1038
    1081
    1001
     987
    1028
    1018
     995
    1075
     986
    1003
     995
     986
    1002
    1045
    1047
    1044
    1014
    1034
    1027
    1030
    1006
    1023
    1035
    1053
    1015
    1049
    1001
    1076
    1073
    1025
    1008
    1053
    1007
    1054
    1015
    1041
     965
    1031
    1029
     994
    1011
     994
    1038
    1015
     968
     993
     987
    1029
    1029
    1026
    1039
    1054
     963
    1055
    1016
    1017
    1065
     971
    1015
    1004
    1026
     943
    1033
     971
     990
    1069
     983
    1093
    1039
    1038
     981
     981
    1018
    1046
     984
    1029
    1052
     986
    1020
    1019
    1029
    1008
    1045
    1023
    1002
    1108
    1062
    1070
    1069
    1109
    1103
    1093
    1079
    1031
    1109
    1014
    1056
     973
     967
     993
    1036
    1019
     986
     987
    1018
    1012
     999
    1010
     967
    1000
    1000
    1054
    1003
    1066
    1011
    1006
     997
    1027
    1057
    1004
    1056
    1023
     966
    1052
     982
    1027
    1082
    1020
    1001
    1055
     969
     996
    1009
     994
    1066
    1015
    1034
    1090
     986
    1034
     991
     959
    1003
     986
     963
     962
     959
     965
    1003
    1016
     960
    1018
    1011
    1028
     975
     967
     979
     996
     971
    1061
    1023
     999
     977
     984
    1000
    1012
    1015
     960
    1036
     959
    1063
    1047
    1045
    1036
    1071
    1170
    1216
    1294
    1391
    1344
    1352
    1341
    1272
    1177
    1121
    1121
    1144
    1060
    1103
    1063
    1087
    1042
     988
    1011
    1025
    1068
     975
    1055
     976
     967
     978
    1017
    1016
     956
     966
    1020
     989
    1019
    1072
    1173
    1423
    1760
    2484
    3835
    6398
   10324
   16145
   23976
   33506
   43524
   53009
   58989
   61227
   58357
   52018
   42682
   32282
   23133
   14882
    9310
    5617
    3195
    1863
    1270
     982
     914
     887
     880
     842
     845
     840
     849
     819
     745
     833
     778
     767
     807
     871
     758
     799
     845
     815
     834
     837
     855
     772
     829
     803
     797
     845
     827
     791
     813
     741
     762
     842
     807
     875
     764
     828
     812
     821
     791
     809
     805
     749
     801
     802
     803
     862
     850
     796
     792
     801
     846
     832
     802
     833
     819
     851
     810
     823
     786
     810
     830
     827
     771
     767
     832
     789
     802
     825
     817
     805
     820
     798
     849
     757
     805
     783
     796
     808
     811
     814
     801
     821
     891
     886
     802
     846
     840
     832
     792
     813
     762
     759
     815
     791
     778
     793
     720
     725
     786
     806
     810
     874
     864
     903
     919
    1045
    1168
    1293
    1381
    1480
    1398
    1419
    1263
    1233
    1161
    1029
     941
     862
     848
     845
     773
     830
     741
     841
     852
     759
     782
     754
     808
     777
     752
     861
     800
     801
     853
     816
     787
     804
     766
     788
     771
     737
     755
     753
     745
     775
     727
     721
     766
     779
     766
     781
     752
     773
     769
     758
     742
     772
     787
     753
     852
     794
     796
     825
     801
     789
     753
     812
     765
     734
     716
     733
     776
     752
     736
     778
     696
     738
     708
     766
     729
     799
     747
     744
     734
     711
     772
     798
     758
     750
     721
     834
     758
     792
     764
     788
     786
     818
     873
    1070
    1113
    1293
    1431
    1640
    1657
    1857
    1856
    1763
    1683
    1356
    1258
    1117
    1001
     890
     840
     808
     780
     801
     774
     780
     795
     754
     782
     725
     706
     731
     769
     749
     770
     747
     729
     732
     737
     776
     801
     769
     797
     812
     911
    1030
    1229
    1658
    2053
    2802
    3546
    4437
    5229
    5803
    6149
    6013
    5626
    4716
    3828
    3107
    2279
    1708
    1318
    1098
     902
     839
     757
     723
     742
     688
     733
     671
     627
     684
     716
     729
     679
     724
     681
     728
     721
     763
     734
     697
     742
     777
     714
     692
     697
     717
     685
     713
     764
     687
     726
     716
     693
     731
     664
     707
     714
     685
     722
     701
     748
     718
     763
     753
     705
     717
     695
     705
     673
     735
     725
     743
     737
     680
     706
     682
     696
     714
     654
     736
     698
     652
     721
     696
     749
     739
     730
     700
     699
     631
     760
     679
     713
     685
     732
     675
     726
     673
     715
     666
     703
     710
     708
     700
     705
     677
     692
     683
     683
     680
     691
     694
     669
     733
     709
     655
     706
     680
     703
     682
     696
     671
     668
     681
     706
     653
     650
     660
     677
     674
     702
     678
     646
     677
     667
     662
     671
     707
     679
     692
     701
     632
     696
     677
     694
     694
     631
     673
     651
     635
     654
     662
     636
     676
     631
     661
     695
     698
     640
     664
     671
     687
     697
     701
     647
     682
     629
     646
     658
     671
     630
     686
     652
     684
     625
     681
     689
     682
     681
     694
     639
     712
     642
     667
     673
     669
     666
     657
     698
     657
     640
     675
     647
     654
     675
     649
     701
     650
     647
     639
     622
     611
     648
     612
     656
     682
     647
     681
     690
     658
     626
     660
     650
     613
     621
     667
     685
     625
     678
     675
     709
     737
     693
     777
     778
     766
     829
     699
     759
     732
     696
     645
     691
     692
     635
     650
     626
     640
     601
     658
     623
     610
     631
     628
     631
     664
     607
     593
     620
     649
     614
     668
     624
     661
     617
     670
     608
     656
     627
     663
     599
     636
     680
     604
     584
     640
     637
     622
     656
     664
     618
     620
     606
     629
     619
     642
     637
     627
     603
     638
     660
     626
     617
     630
     611
     619
     635
     686
     658
     613
     677
     680
     685
     718
     659
     646
     667
     652
     662
     657
     716
     681
     686
     659
     684
     711
     628
     659
     625
     626
     636
     610
     560
     607
     586
     631
     599
     590
     569
     636
     563
     617
     652
     607
     670
     614
     625
     611
     566
     597
     613
     576
     625
     593
     586
     579
     597
     623
     556
     576
     578
     641
     578
     596
     598
     571
     610
     605
     636
     580
     574
     603
     594
     588
     566
     542
     599
     608
     596
     558
     613
     549
     577
     601
     578
     581
     574
     635
     603
     565
     598
     602
     562
     581
     604
     614
     595
     584
     605
     590
     593
     585
     641
     627
     606
     607
     577
     594
     594
     565
     587
     610
     599
     579
     571
     568
     612
     577
     563
     552
     579
     553
     597
     585
     623
     604
     610
     582
     612
     581
     593
     565
     565
     610
     573
     592
     605
     559
     553
     592
     561
     576
     565
     587
     628
     560
     557
     609
     602
     566
     590
     609
     612
     623
     571
     584
     619
     571
     548
     594
     558
     561
     594
     587
     562
     563
     549
     583
     595
     542
     560
     563
     556
     524
     542
     556
     523
     602
     513
     575
     542
     591
     517
     560
     577
     540
     566
     584
     559
     540
     545
     550
     557
     574
     531
     584
     563
     557
     603
     600
     569
     595
     634
     600
     640
     639
     615
     593
     581
     639
     553
     595
     573
     575
     538
     574
     524
     552
     544
     555
     522
     614
     560
     571
     570
     546
     516
     552
     533
     580
     551
     564
     544
     580
     544
     530
     520
     547
     584
     526
     505
     564
     537
     527
     542
     520
     545
     514
     544
     515
     556
     556
     532
     530
     514
     537
     521
     502
     521
     506
     520
     525
     584
     514
     522
     535
     576
     566
     573
     535
     547
     528
     514
     546
     525
     549
     532
     575
     554
     538
     569
     560
     589
     555
     605
     617
     566
     552
     565
     574
     542
     570
     491
     528
     524
     524
     554
     530
     543
     539
     547
     519
     563
     522
     574
     531
     531
     542
     539
     571
     548
     551
     570
     565
     547
     611
     597
     582
     575
     584
     541
     551
     574
     540
     576
     537
     539
     558
     515
     552
     518
     505
     483
     510
     529
     514
     526
     528
     504
     549
     498
     486
     512
     538
     537
     541
     524
     510
     500
     468
     523
     513
     472
     505
     495
     530
     489
     519
     515
     522
     515
     477
     495
     504
     513
     475
     498
     533
     495
     470
     528
     473
     525
     529
     458
     543
     518
     506
     524
     475
     545
     493
     505
     492
     520
     480
     501
     515
     502
     453
     495
     498
     496
     470
     520
     473
     473
     498
     467
     456
     459
     506
     518
     477
     498
     520
     494
     474
     499
     481
     542
     509
     525
     500
     453
     486
     501
     509
     460
     493
     459
     503
     494
     512
     547
     551
     534
     564
     600
     666
     736
     774
     863
     962
     988
    1075
    1116
    1065
     976
     914
     884
     771
     647
     601
     541
     536
     471
     521
     472
     510
     469
     538
     460
     449
     496
     490
     474
     470
     463
     454
     486
     462
     498
     479
     447
     478
     489
     465
     501
     473
     479
     479
     479
     481
     494
     503
     492
     531
     456
     466
     446
     502
     499
     440
     479
     455
     464
     470
     485
     478
     499
     492
     474
     470
     472
     490
     457
     436
     490
     463
     435
     503
     475
     466
     447
     476
     445
     454
     456
     461
     449
     447
     467
     465
     434
     505
     464
     455
     479
     504
     486
     462
     457
     450
     482
     446
     451
     456
     453
     490
     452
     438
     433
     460
     408
     456
     504
     452
     488
     490
     444
     462
     493
     513
     512
     500
     424
     441
     430
     489
     462
     460
     460
     465
     448
     452
     495
     457
     475
     462
     453
     450
     427
     434
     466
     468
     475
     459
     433
     452
     490
     447
     418
     453
     491
     425
     433
     477
     442
     435
     420
     431
     464
     486
     488
     491
     456
     446
     465
     465
     469
     446
     441
     456
     441
     472
     439
     417
     457
     421
     432
     461
     440
     414
     429
     453
     433
     489
     448
     495
     456
     474
     438
     422
     455
     434
     432
     488
     445
     469
     460
     485
     478
     498
     445
     426
     437
     443
     408
     452
     447
     472
     445
     505
     471
     440
     450
     435
     422
     413
     425
     412
     406
     428
     468
     458
     418
     438
     438
     449
     452
     440
     408
     486
     449
     434
     436
     438
     435
     438
     451
     430
     474
     436
     486
     460
     483
     443
     474
     454
     455
     445
     426
     461
     430
     464
     456
     412
     455
     426
     456
     460
     445
     412
     406
     415
     419
     391
     411
     418
     417
     434
     421
     456
     463
     420
     425
     471
     401
     437
     435
     430
     438
     438
     411
     455
     436
     444
     443
     468
     460
     410
     508
     465
     448
     463
     427
     404
     464
     431
     401
     431
     436
     425
     424
     432
     442
     439
     432
     427
     454
     454
     423
     408
     410
     436
     396
     440
     409
     425
     404
     455
     429
     397
     410
     447
     439
     413
     402
     421
     396
     418
     451
     399
     461
     435
     430
     423
     395
     430
     445
     411
     460
     395
     456
     465
     425
     388
     386
     416
     433
     416
     418
     410
     393
     436
     428
     452
     426
     424
     436
     405
     417
     414
     464
     402
     465
     447
     407
     388
     386
     420
     384
     448
     407
     415
     393
     433
     383
     451
     400
     404
     403
     414
     415
     430
     407
     417
     380
     418
     429
     430
     432
     388
     422
     389
     346
     417
     412
     390
     419
     408
     388
     383
     404
     400
     415
     430
     415
     374
     394
     402
     397
     392
     387
     369
     425
     386
     405
     398
     426
     390
     407
     409
     389
     389
     387
     402
     409
     401
     425
     386
     377
     412
     407
     415
     380
     383
     373
     409
     385
     410
     388
     398
     398
     395
     416
     430
     399
     415
     414
     414
     419
     392
     379
     427
     446
     426
     419
     402
     406
     405
     362
     423
     412
     403
     389
     431
     385
     395
     387
     386
     410
     358
     385
     403
     379
     375
     380
     392
     383
     385
     423
     410
     412
     401
     410
     421
     399
     454
     439
     394
     420
     381
     408
     387
     417
     413
     406
     412
     412
     432
     405
     376
     393
     395
     393
     383
     400
     393
     366
     380
     402
     422
     382
     373
     384
     364
     396
     374
     389
     351
     410
     399
     395
     419
     371
     406
     371
     391
     385
     416
     395
     389
     377
     415
     378
     384
     388
     426
     367
     382
     389
     355
     357
     364
     383
     361
     396
     357
     375
     368
     361
     374
     350
     378
     367
     392
     377
     407
     374
     399
     355
     383
     365
     370
     362
     379
     406
     387
     364
     377
     386
     366
     369
     396
     378
     384
     370
     377
     328
     360
     369
     369
     374
     391
     388
     336
     385
     363
     353
     380
     365
     370
     391
     384
     380
     335
     317
     378
     380
     358
     414
     388
     370
     368
     339
     378
     396
     347
     368
     366
     352
     372
     354
     346
     376
     359
     369
     342
     368
     224
       0
       0
       0
       0
       0
       0
       0
       0
       0
       0
       0
       0
       0
       0
       0
       0
       0
       0
       0
       0
       0
       0
       0
       0
       0
       0
       0
       0
       0
       0
       0
       0
       0
       0
       0
       0
       0
       0
       0
       0
       0
       0
       0
       0
       0
       0
       0
$ENER_FIT:
0.000000 0.075000
$PRESETS:
Live Time (sec)
1652
0
$RT:
1800.000000
$DT:
148000
$ISO_DECL_U:
SMPLNAM: IDB-328
SEPDATE: 01/01/1900 00:00:00
U234: 0.0171 
DU234: 1.1696
U235: 1.942 
DU235: 0.0721
U236: 0.0003 
DU236: 100.0000
U238: 98.0406 
DU238: 0.0018
$ADC:
4096
0
4095