$APPLICATION_ID:
IDB v.1.0
$SPEC_REM:
Material type: U
Material form: powder
Material compound: U3O8
U isotopics:
234U 0.0052
235U 0.7119
236U 0.0
238U 99.2828
Detector: CdTe (Geometry: Unknown, Size: 10mm x 10mm x 1mm Peltier-cooled)
MCA: DigiDart
$DATE_MEA:
09/25/2002 20:22:00
$MEAS_TIM:
873 900
$DATA:
0 2047
       0
       0
       0
       0
       0
       0
       0
       0
       0
       0
       0
       0
       0
       0
       0
       0
       0
       0
       0
       0
       0
       0
       0
       0
       0
       0
       0
       0
       0
       0
       0
       0
       0
       0
       0
       0
       0
       0
       0
       0
       0
       0
       0
       0
       0
       0
       0
       0
       0
       0
       0
       0
       0
       0
       0
       0
       0
       0
       0
       0
       0
       0
       0
       0
       0
       0
       0
       0
       0
       0
       0
       0
       0
       0
       0
       0
       0
       0
       0
       0
       0
       0
       0
       0
       0
       0
       0
       0
       0
       0
       0
       0
       0
       0
       0
       0
       0
       0
       0
       1
      34
      94
      92
      95
      90
      99
      95
      93
      69
      81
      98
      88
      92
     105
      91
      92
      95
      98
      99
      93
      96
      87
      91
     103
      92
     106
      82
      87
      88
      93
      99
      97
      87
     101
      91
      87
      72
      96
      97
     112
      94
      80
     103
     106
      91
     102
     112
      99
      84
      82
      94
      92
     112
      86
     100
      95
      91
      96
      87
     111
     108
      95
      91
     103
      91
     109
     129
     105
     102
     105
     133
     146
     130
     147
     151
     149
     142
     147
     148
     131
     149
     122
     120
     128
     124
     103
     111
     111
     112
     107
     106
     112
     123
     108
     110
     141
     135
     129
     105
     122
     123
     133
     112
     114
     111
     127
     134
     128
     125
     102
     115
     103
     113
     111
     119
     103
     109
      99
     107
      88
      91
      98
      98
      97
      97
     102
     103
      89
     109
     100
      95
      88
      95
      81
     100
     113
     121
      93
     102
     108
      72
     100
      92
      86
     115
     117
      98
      92
     107
     101
      98
     112
      97
      97
     120
      98
     117
      88
      94
      92
      98
      79
      87
     100
     106
      90
      91
     109
      94
     118
      93
      90
     109
     113
      94
     117
     106
     102
      99
     124
     124
     127
     123
     104
     128
     117
     111
     135
     116
     112
     106
     116
      91
     143
     110
     108
     106
     113
     101
     122
     117
      96
      98
     123
      97
      96
      95
      81
      94
     102
     117
     102
      94
     111
     140
     127
     147
     132
     136
     136
     118
     141
     131
     128
     136
     132
     117
     108
     123
     111
     120
     107
     117
     124
     110
     109
     104
     117
      93
     106
     123
     124
     126
     138
     117
     123
     121
     126
     101
     114
     113
     116
     120
     118
     133
     126
     123
     136
     119
     116
     128
     129
     116
     131
     117
     141
     139
     130
     118
     134
     152
     123
     115
     159
     135
     143
     130
     110
     123
     121
     154
     125
     126
     132
     138
     137
     138
     136
     126
     145
     134
     122
     172
     136
     143
     136
     135
     158
     162
     151
     160
     161
     143
     157
     139
     152
     134
     148
     166
     156
     156
     141
     146
     176
     160
     142
     160
     133
     176
     150
     163
     171
     200
     166
     179
     170
     191
     175
     170
     180
     191
     180
     178
     198
     169
     154
     195
     160
     193
     188
     201
     197
     207
     194
     193
     192
     205
     201
     209
     201
     197
     172
     200
     204
     213
     181
     194
     192
     208
     215
     200
     219
     213
     216
     224
     213
     232
     213
     213
     226
     210
     210
     236
     238
     231
     199
     212
     248
     244
     225
     220
     248
     233
     236
     228
     263
     231
     278
     262
     252
     248
     248
     262
     286
     284
     296
     330
     390
     432
     548
     604
     780
     880
     924
    1078
    1058
    1030
     975
     900
     790
     631
     562
     423
     374
     338
     282
     252
     278
     277
     254
     263
     292
     271
     260
     281
     239
     275
     235
     250
     282
     271
     258
     285
     287
     273
     274
     284
     299
     275
     259
     259
     264
     263
     268
     269
     285
     246
     283
     273
     298
     319
     310
     314
     311
     327
     334
     329
     317
     300
     304
     295
     308
     286
     314
     278
     299
     322
     306
     342
     325
     358
     307
     314
     337
     363
     347
     342
     355
     301
     317
     326
     339
     286
     372
     335
     340
     340
     347
     307
     358
     334
     355
     328
     347
     387
     366
     404
     393
     402
     416
     386
     389
     428
     457
     434
     395
     398
     404
     437
     398
     373
     370
     352
     363
     342
     303
     361
     316
     322
     349
     308
     314
     343
     292
     340
     363
     336
     315
     343
     314
     333
     346
     329
     301
     328
     344
     356
     339
     362
     327
     330
     370
     348
     361
     380
     372
     392
     399
     386
     366
     371
     387
     341
     410
     359
     442
     380
     391
     371
     392
     393
     442
     422
     441
     435
     499
     442
     489
     524
     521
     538
     522
     567
     553
     588
     560
     520
     523
     483
     481
     433
     424
     435
     384
     410
     440
     462
     438
     448
     429
     421
     460
     465
     493
     448
     425
     455
     451
     454
     473
     498
     465
     465
     431
     462
     477
     448
     498
     492
     463
     467
     493
     484
     495
     521
     537
     574
     555
     593
     634
     572
     575
     582
     610
     662
     636
     713
     765
     904
     924
    1030
    1222
    1373
    1577
    1795
    2079
    2332
    2560
    2725
    2842
    2823
    2786
    2609
    2550
    2265
    2047
    1859
    1597
    1523
    1423
    1491
    1558
    1592
    1746
    1823
    1888
    1983
    1912
    1867
    1692
    1594
    1327
    1122
    1000
     857
     747
     639
     571
     552
     543
     567
     618
     650
     751
     714
     781
     927
    1078
    1236
    1483
    1668
    2001
    2261
    2540
    2763
    2831
    2879
    2902
    2867
    2558
    2258
    1994
    1616
    1260
    1052
     743
     675
     472
     412
     380
     330
     315
     277
     309
     276
     286
     262
     273
     292
     256
     275
     288
     250
     269
     259
     276
     255
     267
     277
     287
     271
     261
     273
     259
     279
     269
     273
     281
     269
     266
     288
     252
     285
     296
     318
     269
     261
     281
     288
     327
     313
     306
     319
     283
     301
     314
     292
     283
     263
     291
     294
     309
     273
     266
     278
     271
     271
     285
     244
     291
     284
     314
     301
     287
     302
     368
     351
     374
     375
     401
     429
     436
     484
     502
     572
     538
     627
     649
     750
     842
     827
     914
    1011
    1043
    1094
    1121
    1162
    1205
    1152
    1151
    1107
    1057
     980
     832
     793
     730
     661
     604
     539
     578
     481
     472
     498
     450
     428
     447
     452
     449
     439
     424
     485
     464
     496
     499
     487
     521
     504
     501
     481
     429
     382
     372
     314
     246
     211
     228
     190
     165
     168
     122
     112
     120
     108
      99
     105
      93
     100
      97
      80
      86
      98
     111
      85
     102
     105
     108
      95
      87
      89
     100
     107
     105
      95
      86
     106
     119
     109
      93
     120
      77
      98
      94
     108
     115
     106
     101
     105
      88
     112
      98
      96
     110
     106
      97
     116
     102
     101
      88
      91
      99
      99
     102
      97
      92
      84
     105
      96
     109
     112
     101
      88
      97
      71
      87
      75
     117
      96
      84
     104
      80
      83
      98
     102
      86
     102
      96
     106
      87
      92
      93
      83
     103
      89
     110
     101
     105
      97
      95
     113
      74
      94
      85
     121
      94
      81
      92
      86
      80
      98
      91
      79
      81
      85
      95
      96
      86
     102
      91
      91
      89
      79
      91
     105
      90
     107
      94
     109
      93
     116
      88
      93
     101
      97
      92
      88
     106
      98
      90
      78
     113
      76
      84
      91
     102
      96
      87
      90
      87
      89
      88
      89
      95
      86
      80
     104
      87
      97
      87
      83
      85
      72
      76
     102
      96
      91
      94
      78
      64
      78
     100
      86
      85
      72
      84
      88
      87
      82
      85
      88
      81
     102
      80
      95
      72
      97
      90
      88
      89
      81
      87
      88
      94
     104
      86
      85
      88
      67
      89
     100
     104
     107
      91
      73
      75
      99
      77
     103
      76
      92
      71
      81
      88
     117
      99
     105
     107
     110
     119
     121
     117
     119
     129
     134
     145
     189
     158
     190
     175
     196
     180
     148
     167
     163
     149
     134
     137
     128
     125
      99
      93
      70
      80
      99
      96
      89
      99
      86
      77
      85
      96
      76
      77
      84
     102
      92
      65
      86
      66
      60
      92
      61
      80
      82
      84
      77
      66
      80
      86
      82
      90
      80
      65
      77
      74
      75
      82
      79
      80
      92
      77
      90
      78
      94
      76
      63
      83
      65
      93
      83
      63
      77
      88
      81
      90
      88
      90
      75
      85
      87
      80
      83
      91
      64
      76
      77
      67
      80
      70
      70
      85
      85
      75
      84
      68
      86
      69
      86
      88
      68
      70
      58
      86
      94
      80
     100
      61
      67
      72
      76
      74
      89
      90
      94
      66
      88
      82
      66
      93
      81
      80
      83
      77
      86
      77
      88
      61
      91
      70
      80
      90
      82
      68
      74
      79
      69
      63
      95
      90
      78
      73
      64
      86
      86
      82
      77
      76
      73
      71
      77
      69
      91
      93
      65
      89
      95
      80
     107
     101
     104
      96
     101
     108
     130
     130
     120
     123
     119
     127
     126
     119
     104
     109
      93
      93
      77
      85
      60
      67
      67
      76
      65
      64
      72
      61
      55
      57
      75
      78
      86
      62
      72
      57
      73
      71
      64
      78
      68
      77
      72
      89
      74
      70
      78
      84
      64
      73
      71
      77
      69
      85
      62
      61
      76
      72
      58
      65
      89
      72
      61
      84
      79
      66
      47
      67
      65
      71
      66
      72
      66
      64
      81
      75
      65
      70
      77
      65
      74
      85
      81
      64
      72
      68
      80
      69
      68
      76
      67
      74
      63
      79
      80
      76
      68
      78
      67
      74
      69
      59
      47
      69
      73
      61
      58
      63
      71
      77
      74
      51
      73
      73
      77
      67
      61
      62
      82
      49
      65
      66
      72
      68
      74
      67
      57
      72
      88
      66
      73
      62
      69
      69
      67
      68
      88
      68
      78
      72
      71
      83
      59
      78
      68
      92
      67
      71
      71
      74
      81
      63
      81
      67
      84
      63
      82
      87
      86
      68
      85
      92
      73
      87
      71
      97
     104
     105
      98
      89
      81
     105
     101
     107
     134
     148
     159
     177
     216
     205
     240
     274
     323
     316
     405
     453
     482
     510
     579
     576
     593
     586
     532
     514
     479
     425
     354
     298
     253
     208
     177
     116
     115
      85
      76
      69
      67
      61
      50
      54
      44
      64
      50
      52
      43
      65
      55
      54
      52
      45
      56
      52
      51
      50
      52
      50
      54
      48
      64
      38
      48
      51
      51
      42
      54
      39
      48
      49
      42
      53
      56
      64
      42
      56
      51
      37
      60
      40
      46
      54
      48
      42
      51
      50
      58
      50
      49
      55
      61
      50
      56
      52
      46
      55
      55
      55
      63
      63
      50
      51
      49
      52
      56
      43
      52
      48
      51
      59
      33
      54
      52
      44
      58
      46
      50
      60
      49
      57
      59
      42
      49
      54
      51
      53
      48
      37
      48
      51
      41
      47
      35
      53
      66
      46
      37
      44
      41
      47
      43
      48
      58
      52
      51
      50
      51
      56
      49
      52
      41
      72
      51
      38
      61
      64
      51
      55
      55
      55
      77
      45
      50
      53
      46
      53
      50
      56
      54
      62
      61
      58
      61
      76
      90
      65
      72
      82
      80
      78
      92
      90
      75
      88
      70
      81
      58
      69
      51
      56
      54
      53
      37
      49
      56
      39
      49
      55
      53
      36
      46
      48
      44
      30
      34
      35
      42
      52
      41
      40
      30
      46
      41
      38
      48
      41
      41
      36
      39
      43
      46
      38
      56
      34
      35
      48
      38
      40
      41
      31
      39
      39
      39
      43
      39
      29
      40
      50
      42
      31
      32
      40
      50
      38
      32
      41
      44
      40
      42
      32
      44
      41
      29
      29
      44
      55
      44
      43
      41
      36
      36
      39
      34
      31
      45
      36
      40
      38
      23
      45
      34
      41
      41
      38
      39
      42
      40
      37
      34
      38
      37
      43
      50
      40
      37
      28
      33
      38
      44
      40
      36
      38
      41
      33
      32
      39
      42
      48
      38
      34
      33
      40
      39
      32
      46
      35
      45
      41
      40
      32
      31
      30
      34
      28
      33
      41
      38
      42
      31
      36
      49
      41
      27
      26
      36
      31
      35
      43
      31
      36
      31
      32
      35
      38
      23
      30
      37
      41
      45
      42
      28
      27
      30
      34
      32
      42
      33
      43
      36
      39
      45
      39
      30
      34
      38
      48
      33
      41
      39
      33
      40
      37
      29
      34
      38
      41
      28
      37
      37
      20
      38
      19
      30
      37
      34
      36
      32
      29
      31
      31
      20
      33
      37
      24
      32
      40
      37
      31
      30
      34
      31
      23
      30
      29
      43
      33
      25
      44
      27
      32
      36
      35
      42
      26
      24
      20
      33
      32
      35
      35
      32
      40
      32
      31
      30
      31
      30
      25
      31
      31
      33
      26
      43
      29
      37
      32
      28
      28
      20
      27
      24
      43
      30
      27
      33
      27
      35
      28
      42
      33
      28
      34
      26
      21
      27
      25
      27
      27
      41
      25
      27
      23
      40
      31
      29
      23
      32
      24
      41
      28
      24
      28
      29
      27
      27
      27
      25
      24
      28
      24
      37
      30
      31
      25
      29
      33
      41
      29
      26
      23
      29
      31
      28
      16
      29
      23
      28
      29
      24
      25
      27
      31
      28
      25
      25
      26
      22
      28
      30
      25
      24
      27
      27
      32
      28
      29
      25
      30
      19
      25
      21
      30
      29
      19
      24
      33
      18
      21
      28
      24
      33
      22
      23
      29
      22
      26
      26
      29
      29
      29
      29
      29
      27
      31
      28
      27
      24
      25
      26
      26
      37
      21
      23
      29
      20
      26
      22
      23
      34
      32
      24
      27
      31
      35
      21
      37
      26
      21
      24
      31
      27
      31
      23
      21
      19
      16
      23
      21
      28
      34
      29
      31
      18
      16
      17
      17
      23
      28
      20
      25
      13
      15
      25
$ENER_FIT:
0.000000 0.125000
$PRESETS:
Live Time (sec)
873
0
$RT:
900.000000
$DT:
27000
$ISO_DECL_U:
SMPLNAM: IDB-33
SEPDATE: 01/01/1900 00:00:00
U234: 0.0052 
DU234: 3.8462
U235: 0.7119 
DU235: 0.0702
U236: 0.0 
DU236: Unknown
U238: 99.2828 
DU238: 0.0004
$ADC:
2048
0
2047