$APPLICATION_ID:
IDB v.1.0
$SPEC_REM:
Material type: U
Material form: powder
Material compound: U3O8
U isotopics:
234U 0.0171
235U 1.942
236U 0.0003
238U 98.0406
Detector: HPGe (Geometry: Planar, Size: Planar HPGe)
MCA: Unknown
$DATE_MEA:
02/28/2002 05:58:00
$MEAS_TIM:
1652 1800
$DATA:
0 4095
       0
       0
       0
       0
       0
       0
       0
       0
       0
       0
       0
       0
       0
       0
       0
       0
       0
       0
       0
       0
       0
       0
       0
       0
    1627
    1877
    1940
    1899
    1874
    1866
    1908
    1857
    1973
    1990
    1896
    1947
    1954
    1906
    1844
    1886
    1855
    1874
    1939
    1889
    1893
    1856
    1903
    1929
    1867
    1917
    1930
    1954
    1896
    1921
    1898
    1953
    1875
    1839
    1859
    1944
    1870
    1867
    1927
    1954
    1848
    1936
    1884
    1945
    1942
    1832
    1884
    1912
    1803
    1945
    1817
    1839
    1828
    1807
    1807
    1911
    1860
    1884
    1936
    1893
    1853
    1902
    1845
    1865
    1878
    1867
    1844
    1785
    1841
    1772
    1915
    1879
    1872
    1823
    1717
    1794
    1839
    1775
    1704
    1848
    1772
    1822
    1875
    1844
    1798
    1816
    1814
    1851
    1776
    1909
    1852
    1767
    1761
    1834
    1809
    1777
    1793
    1854
    1749
    1818
    1793
    1751
    1855
    1720
    1807
    1738
    1747
    1796
    1790
    1791
    1732
    1875
    1825
    1744
    1790
    1755
    1708
    1774
    1793
    1784
    1737
    1890
    1796
    1805
    1849
    1921
    1857
    1835
    1858
    1902
    1861
    1921
    1885
    1858
    1868
    1911
    1834
    1907
    1820
    1887
    1825
    1891
    1826
    1869
    1861
    1874
    1818
    1909
    1870
    1880
    1895
    1970
    1918
    1944
    1903
    1927
    1788
    1857
    1900
    1875
    1870
    1909
    1868
    1873
    1937
    1943
    1997
    2043
    1939
    1915
    1845
    1886
    1863
    1780
    1891
    1854
    1752
    1799
    1866
    1917
    1889
    1968
    1831
    1902
    1840
    1898
    1894
    1929
    1904
    1887
    1896
    1891
    1989
    1928
    1854
    1970
    1845
    1858
    1867
    1879
    1859
    1909
    1917
    1892
    1865
    2009
    1948
    1937
    1920
    1877
    1907
    1862
    1923
    1884
    1933
    1837
    1818
    1937
    1859
    1833
    1819
    1839
    1881
    1774
    1872
    1815
    1903
    1898
    1915
    1912
    1985
    1885
    1898
    1867
    1948
    1929
    1892
    1854
    1890
    1909
    1883
    1789
    1901
    1893
    1911
    1918
    1917
    1816
    1809
    1827
    1897
    1897
    1980
    1912
    1895
    1906
    1961
    1865
    1931
    1955
    1911
    1842
    1886
    1825
    1874
    1978
    1819
    1856
    1867
    1908
    1865
    1855
    1895
    1826
    1937
    1880
    1881
    1912
    1919
    1938
    1948
    2046
    2260
    2294
    2326
    2253
    2207
    2095
    1923
    1911
    1908
    1911
    2050
    2195
    2602
    3128
    3507
    3859
    4038
    3808
    3179
    2554
    2105
    1896
    1877
    1867
    1962
    1840
    1843
    1862
    1824
    1778
    1852
    1772
    1848
    1954
    2052
    2084
    2053
    1990
    2028
    1943
    1887
    2056
    1984
    1984
    1847
    1849
    1764
    1759
    1788
    1835
    1802
    1874
    1751
    1796
    1899
    2055
    2228
    2274
    2384
    2010
    1888
    1692
    1711
    1774
    1760
    1759
    1747
    1787
    1715
    1687
    1561
    1651
    1573
    1636
    1656
    1671
    1667
    1603
    1648
    1609
    1701
    1756
    1610
    1548
    1630
    1635
    1622
    1550
    1594
    1619
    1611
    1614
    1603
    1540
    1614
    1608
    1579
    1589
    1624
    1660
    1559
    1615
    1567
    1574
    1554
    1581
    1539
    1571
    1691
    1533
    1478
    1598
    1574
    1625
    1695
    1579
    1628
    1502
    1658
    1547
    1559
    1551
    1587
    1561
    1518
    1590
    1547
    1648
    1500
    1587
    1506
    1550
    1549
    1558
    1537
    1561
    1504
    1477
    1523
    1539
    1519
    1555
    1516
    1530
    1577
    1482
    1567
    1463
    1494
    1561
    1424
    1557
    1499
    1489
    1538
    1479
    1463
    1447
    1441
    1535
    1583
    1496
    1498
    1438
    1436
    1551
    1448
    1513
    1429
    1492
    1501
    1477
    1518
    1465
    1417
    1527
    1401
    1452
    1500
    1471
    1461
    1506
    1473
    1422
    1383
    1463
    1454
    1442
    1511
    1430
    1482
    1400
    1407
    1397
    1342
    1552
    1417
    1488
    1430
    1468
    1438
    1436
    1473
    1443
    1476
    1509
    1473
    1454
    1437
    1493
    1456
    1386
    1469
    1497
    1411
    1431
    1452
    1464
    1431
    1520
    1491
    1495
    1412
    1460
    1389
    1504
    1500
    1415
    1495
    1416
    1495
    1474
    1494
    1506
    1414
    1522
    1477
    1435
    1462
    1499
    1490
    1463
    1479
    1508
    1469
    1500
    1450
    1457
    1516
    1416
    1434
    1410
    1496
    1484
    1489
    1537
    1510
    1468
    1465
    1466
    1488
    1452
    1485
    1460
    1508
    1491
    1540
    1511
    1434
    1543
    1512
    1555
    1477
    1470
    1493
    1477
    1557
    1411
    1523
    1567
    1569
    1501
    1529
    1457
    1494
    1537
    1620
    1552
    1504
    1584
    1588
    1519
    1576
    1552
    1488
    1538
    1562
    1597
    1468
    1535
    1539
    1540
    1487
    1524
    1556
    1586
    1502
    1503
    1591
    1497
    1582
    1510
    1589
    1558
    1591
    1533
    1590
    1660
    1577
    1547
    1627
    1536
    1593
    1585
    1542
    1522
    1549
    1546
    1624
    1592
    1556
    1562
    1617
    1602
    1631
    1602
    1614
    1592
    1657
    1602
    1565
    1659
    1602
    1594
    1703
    1605
    1628
    1556
    1600
    1715
    1650
    1754
    1758
    1793
    1794
    1676
    1772
    1686
    1679
    1624
    1652
    1594
    1643
    1594
    1689
    1610
    1654
    1613
    1702
    1702
    1660
    1613
    1660
    1680
    1715
    1606
    1714
    1711
    1647
    1725
    1635
    1774
    1686
    1699
    1692
    1738
    1747
    1718
    1731
    1718
    1794
    1810
    1774
    1755
    1740
    1732
    1782
    1731
    1878
    1885
    2273
    2674
    3111
    3402
    3305
    3003
    2495
    2300
    2038
    1946
    1793
    1802
    1728
    1782
    1817
    1856
    1816
    1785
    1775
    1788
    1832
    1745
    1802
    1807
    1804
    1783
    1789
    1821
    1812
    1783
    1812
    1841
    1845
    1854
    1839
    1796
    1846
    1795
    1848
    1887
    1951
    1875
    1853
    1903
    1827
    1869
    1893
    1829
    1826
    1834
    1883
    1872
    1904
    1936
    1874
    1954
    1866
    1890
    1888
    1876
    1892
    1945
    1939
    1894
    2017
    1866
    1968
    1989
    1863
    1970
    1981
    2102
    2149
    2220
    2319
    2253
    2261
    2137
    2068
    2010
    2032
    1999
    2046
    2043
    2097
    2072
    2089
    1977
    2076
    2101
    2002
    1973
    2058
    2018
    2082
    2100
    2077
    2141
    2049
    2144
    2101
    2086
    2092
    2154
    2107
    2035
    2108
    2110
    2062
    2165
    2150
    2110
    2080
    2110
    2139
    2118
    2230
    2184
    2122
    2086
    2090
    2148
    2215
    2153
    2197
    2211
    2267
    2266
    2319
    2386
    2521
    2825
    3540
    5417
    8960
   14411
   20838
   25343
   26006
   21950
   15900
    9758
    5658
    3591
    2514
    2189
    2056
    2035
    2072
    2087
    2138
    2117
    2145
    2062
    2087
    2130
    2160
    2129
    2180
    2119
    2109
    2161
    2156
    2138
    2031
    2166
    2068
    2119
    2171
    2191
    2264
    2253
    2274
    2165
    2177
    2250
    2098
    2124
    2299
    2153
    2184
    2202
    2243
    2247
    2242
    2249
    2219
    2190
    2268
    2301
    2326
    2255
    2383
    2239
    2249
    2244
    2339
    2279
    2375
    2286
    2274
    2370
    2323
    2429
    2430
    2388
    2440
    2384
    2437
    2390
    2512
    2434
    2388
    2489
    2490
    2534
    2499
    2524
    2531
    2495
    2480
    2517
    2543
    2533
    2593
    2578
    2637
    2623
    2533
    2546
    2617
    2581
    2640
    2664
    2627
    2632
    2699
    2619
    2713
    2687
    2768
    2630
    2727
    2673
    2753
    2776
    2846
    2882
    2759
    2884
    2791
    2875
    2808
    2803
    2855
    2921
    2882
    2894
    2832
    2881
    3060
    2986
    3132
    3279
    3342
    3227
    3212
    3139
    2992
    3012
    3000
    2998
    2921
    2956
    2928
    3087
    3151
    3177
    3108
    3098
    3065
    2980
    3078
    3038
    3074
    3017
    3173
    3058
    3109
    3192
    3147
    3296
    3229
    3253
    3318
    3243
    3157
    3201
    3275
    3183
    3066
    2977
    3205
    3005
    3053
    3100
    3024
    3017
    3008
    2984
    3111
    3079
    3181
    2981
    3156
    3066
    3085
    3081
    3192
    3125
    3101
    3185
    3062
    3146
    3133
    3097
    3133
    3126
    3123
    3101
    3195
    3181
    3157
    3178
    3164
    3043
    3068
    3255
    3088
    3101
    3165
    3049
    3197
    3157
    3202
    3166
    3154
    3111
    3185
    3143
    3173
    3079
    3137
    3106
    3141
    3104
    3121
    3172
    3130
    3211
    3172
    3158
    3296
    3140
    3204
    3170
    3223
    3318
    3315
    3291
    3217
    3268
    3481
    3563
    3839
    4317
    4506
    4668
    4524
    4295
    3897
    3612
    3492
    3400
    3390
    3480
    3601
    3837
    3879
    3895
    3925
    3742
    3574
    3508
    3494
    3370
    3406
    3439
    3543
    3498
    3599
    3802
    3736
    4087
    4124
    4253
    4046
    3939
    3630
    3747
    3721
    4127
    4965
    6647
    8810
   11382
   13230
   13927
   12990
   10845
    8292
    6007
    4670
    3883
    3615
    3674
    3449
    3518
    3424
    3410
    3327
    3380
    3259
    3394
    3341
    3364
    3337
    3402
    3360
    3373
    3347
    3329
    3287
    3277
    3344
    3488
    3429
    3429
    3483
    3387
    3479
    3436
    3561
    3498
    3526
    3630
    3579
    3506
    3467
    3481
    3477
    3498
    3466
    3537
    3591
    3494
    3519
    3450
    3570
    3577
    3642
    3665
    3614
    3834
    3785
    3650
    3853
    3790
    3765
    3598
    3762
    3662
    3662
    3814
    3805
    3850
    3984
    4147
    4722
    5507
    6599
    7880
    9102
    9921
    9795
    8910
    7520
    6240
    5205
    4653
    4226
    3949
    3793
    3781
    3707
    3632
    3767
    3850
    3781
    3680
    3759
    3692
    3868
    3830
    3863
    3947
    4130
    4174
    4785
    5988
    8309
   12684
   19533
   27588
   36105
   41823
   44819
   44441
   43949
   44115
   44537
   43896
   39903
   33389
   25768
   19225
   15085
   13306
   12472
   12145
   10939
    9684
    8212
    6962
    5993
    5567
    5647
    5829
    6784
    8649
   12006
   17513
   25246
   35606
   46071
   54395
   57547
   54777
   46287
   35796
   25217
   17062
   11239
    7796
    6223
    5141
    4695
    4547
    4700
    4721
    4875
    5193
    5201
    5160
    4986
    4633
    4177
    4037
    3788
    3665
    3605
    3650
    3525
    3568
    3560
    3620
    3696
    3747
    3745
    3934
    3957
    4116
    4097
    4372
    4592
    4906
    5576
    6607
    7912
   10864
   15418
   23747
   35986
   52725
   70987
   87427
   97072
   96190
   85637
   68212
   49379
   33159
   20955
   13416
    9104
    6755
    5530
    4793
    4303
    3944
    3764
    3562
    3351
    3287
    3151
    3151
    3150
    3019
    2933
    2899
    2871
    2844
    2741
    2809
    2771
    2673
    2723
    2781
    2756
    2700
    2678
    2611
    2625
    2691
    2677
    2612
    2711
    2634
    2661
    2601
    2736
    2691
    2764
    2782
    3013
    3209
    3398
    3537
    3644
    3456
    3212
    2934
    2941
    2788
    2678
    2604
    2591
    2570
    2515
    2524
    2612
    2606
    2581
    2633
    2668
    2638
    2631
    2760
    2585
    2685
    2560
    2632
    2556
    2580
    2641
    2835
    2841
    2990
    3172
    3423
    3626
    3809
    3761
    3757
    3568
    3451
    3318
    3463
    3694
    4061
    4472
    4624
    4927
    4685
    4344
    4031
    3522
    3274
    3099
    2836
    2758
    2750
    2710
    2690
    2656
    2701
    2671
    2646
    2666
    2633
    2663
    2695
    2741
    2852
    2819
    2688
    2799
    2928
    2947
    2896
    2989
    2831
    2847
    2832
    2875
    3004
    3081
    3278
    3450
    3665
    4103
    4033
    4086
    4078
    4169
    4392
    4833
    5399
    6029
    6480
    6659
    6439
    5837
    5106
    4506
    4020
    3749
    3753
    3968
    4378
    5502
    6770
    8819
   11485
   13865
   16042
   16953
   16500
   15313
   13161
   11366
   10401
   10774
   12654
   16462
   21463
   25836
   29024
   30327
   28546
   24681
   19883
   14971
   10748
    8003
    6129
    5273
    4651
    4248
    4015
    3784
    3627
    3688
    4143
    4757
    5644
    6654
    7432
    7618
    7123
    6279
    5344
    4480
    3636
    3325
    2985
    2945
    2859
    2834
    2925
    3050
    3170
    3529
    4057
    4779
    5741
    7144
    8810
   10461
   11659
   12535
   12624
   11644
   10479
    8917
    7235
    5905
    4913
    4620
    4436
    4602
    4796
    4847
    4522
    4232
    3631
    3032
    2411
    1963
    1769
    1487
    1389
    1291
    1326
    1311
    1255
    1391
    1347
    1370
    1374
    1291
    1318
    1307
    1301
    1337
    1265
    1295
    1265
    1295
    1252
    1341
    1271
    1264
    1290
    1197
    1216
    1282
    1202
    1311
    1282
    1230
    1213
    1274
    1286
    1235
    1260
    1335
    1309
    1261
    1287
    1269
    1235
    1224
    1214
    1287
    1295
    1258
    1243
    1284
    1278
    1261
    1280
    1318
    1303
    1248
    1293
    1278
    1327
    1255
    1298
    1364
    1432
    1529
    1613
    1802
    1870
    1916
    1865
    1858
    1624
    1559
    1415
    1247
    1346
    1276
    1284
    1274
    1254
    1290
    1260
    1267
    1221
    1256
    1290
    1234
    1295
    1183
    1243
    1227
    1247
    1282
    1254
    1265
    1236
    1284
    1213
    1271
    1244
    1248
    1229
    1241
    1279
    1249
    1249
    1279
    1218
    1291
    1252
    1231
    1255
    1248
    1239
    1294
    1191
    1211
    1186
    1216
    1261
    1256
    1308
    1229
    1262
    1274
    1261
    1250
    1242
    1217
    1211
    1214
    1283
    1242
    1229
    1269
    1272
    1248
    1214
    1194
    1241
    1198
    1223
    1288
    1165
    1191
    1188
    1243
    1176
    1226
    1216
    1225
    1171
    1208
    1226
    1237
    1256
    1256
    1200
    1218
    1269
    1285
    1249
    1240
    1253
    1255
    1230
    1273
    1262
    1265
    1276
    1215
    1299
    1200
    1215
    1253
    1250
    1171
    1251
    1267
    1202
    1182
    1236
    1257
    1214
    1212
    1186
    1185
    1258
    1209
    1156
    1203
    1186
    1250
    1180
    1217
    1186
    1207
    1231
    1201
    1245
    1222
    1227
    1288
    1315
    1327
    1325
    1372
    1391
    1404
    1326
    1261
    1278
    1219
    1309
    1197
    1153
    1170
    1150
    1210
    1120
    1177
    1241
    1210
    1161
    1225
    1206
    1231
    1254
    1223
    1181
    1199
    1242
    1202
    1167
    1197
    1199
    1103
    1193
    1212
    1292
    1232
    1218
    1278
    1240
    1264
    1248
    1166
    1193
    1200
    1192
    1218
    1143
    1166
    1238
    1217
    1212
    1168
    1235
    1159
    1179
    1216
    1235
    1213
    1223
    1242
    1322
    1326
    1228
    1280
    1229
    1209
    1208
    1276
    1200
    1218
    1216
    1199
    1259
    1174
    1198
    1190
    1164
    1252
    1185
    1222
    1206
    1176
    1169
    1233
    1179
    1203
    1137
    1215
    1192
    1222
    1150
    1256
    1204
    1172
    1114
    1184
    1210
    1136
    1226
    1207
    1159
    1194
    1197
    1161
    1206
    1221
    1167
    1147
    1133
    1179
    1200
    1201
    1156
    1170
    1135
    1171
    1222
    1213
    1150
    1175
    1144
    1210
    1200
    1216
    1292
    1305
    1326
    1375
    1378
    1351
    1440
    1277
    1296
    1220
    1154
    1196
    1182
    1164
    1147
    1199
    1198
    1153
    1153
    1149
    1109
    1172
    1136
    1090
    1180
    1181
    1156
    1186
    1147
    1144
    1198
    1151
    1161
    1228
    1314
    1406
    1777
    2236
    3114
    4355
    6174
    8040
    9846
   11009
   11203
   10622
    9019
    7039
    5149
    3581
    2492
    1818
    1392
    1286
    1205
    1172
    1151
    1139
    1169
    1109
    1154
    1046
    1124
    1134
    1095
    1104
    1183
    1141
    1146
    1161
    1154
    1093
    1157
    1061
    1135
    1112
    1105
    1081
    1068
    1169
    1132
    1166
    1092
    1196
    1154
    1142
    1118
    1100
    1111
    1084
    1128
    1075
    1108
    1094
    1092
    1088
    1087
    1116
    1139
    1099
    1165
    1174
    1150
    1190
    1138
    1063
    1142
    1147
    1129
    1104
    1114
    1175
    1063
    1092
    1066
    1117
    1159
    1155
    1144
    1096
    1146
    1108
    1055
    1073
    1089
    1081
    1106
    1057
    1080
    1081
    1117
    1080
    1159
    1175
    1149
    1150
    1131
    1209
    1121
    1095
    1128
    1170
    1194
    1122
    1160
    1099
    1092
    1093
    1105
    1124
    1141
    1063
    1092
    1110
    1107
    1167
    1101
    1061
    1117
    1154
    1177
    1158
    1161
    1185
    1154
    1196
    1088
    1155
    1114
    1101
    1040
    1112
    1113
    1097
    1104
    1136
    1123
    1060
    1108
    1125
    1060
    1144
    1004
    1097
    1106
    1089
    1157
    1043
    1083
    1110
    1120
    1044
    1114
    1053
    1069
    1049
    1059
    1111
    1031
    1116
    1120
    1092
    1163
    1065
    1113
    1063
    1082
    1093
    1130
    1097
    1066
    1105
    1124
    1070
    1081
    1154
    1051
    1041
    1077
    1054
    1083
    1027
    1077
    1035
    1098
    1109
    1155
    1029
    1108
    1031
    1083
    1138
    1076
    1085
    1101
    1033
    1065
    1036
    1068
    1055
    1097
    1056
    1149
    1148
    1082
    1067
    1083
    1064
    1089
    1102
    1075
    1069
    1078
    1097
    1113
    1096
    1154
    1125
    1066
    1076
    1027
    1061
    1092
    1093
    1072
    1038
    1059
    1052
    1100
    1057
    1112
    1081
    1076
    1100
    1101
    1116
    1068
    1051
    1072
    1104
    1088
    1097
    1065
    1104
    1097
    1064
    1031
    1045
    1042
    1105
    1139
    1099
    1100
    1038
    1090
    1219
    1307
    1474
    1746
    2227
    2894
    3746
    4466
    5345
    5960
    6147
    5860
    5239
    4350
    3459
    2625
    1955
    1636
    1231
    1104
    1135
    1119
    1095
     992
    1031
    1039
    1073
    1032
    1111
    1029
    1006
    1045
    1005
    1064
    1039
    1003
    1023
    1038
    1018
    1014
    1056
     999
    1013
    1039
    1052
    1116
    1047
    1011
    1003
    1003
    1013
    1018
     970
    1047
    1072
    1053
    1104
    1029
    1018
    1020
    1056
    1030
    1099
    1021
    1018
    1037
    1030
    1037
     968
    1036
    1021
    1049
     985
    1072
    1028
    1049
    1032
     991
    1041
    1034
    1057
    1069
    1035
    1036
    1009
     995
    1055
    1051
     981
    1019
    1001
    1077
     994
    1038
    1030
    1056
    1020
     978
    1013
    1035
     957
    1043
    1001
    1018
     998
    1043
     993
    1026
    1086
    1048
    1075
    1040
     952
    1073
     977
     991
    1001
    1020
    1006
    1016
    1046
    1010
     986
     997
    1056
    1013
    1015
    1028
    1015
    1003
    1006
     995
    1029
    1072
    1045
    1044
    1054
    1057
    1000
    1014
    1051
    1048
     973
    1017
    1050
    1026
    1044
    1000
    1023
    1023
    1008
    1007
    1047
    1107
     982
    1036
    1007
    1043
    1103
     999
     973
    1061
     970
    1054
     965
    1038
    1039
    1007
    1045
     996
    1029
    1124
    1021
    1034
    1146
    1073
    1069
    1119
    1111
    1027
    1057
    1015
    1044
    1007
    1018
    1039
    1041
    1014
     997
     932
    1032
    1021
    1028
    1053
    1033
    1006
    1062
     975
     954
     984
    1003
    1053
     992
    1042
    1017
     949
    1022
     956
     974
     954
     984
     990
     968
    1010
     937
    1001
     960
    1009
     979
     990
     983
    1007
     962
     981
    1024
    1038
    1006
    1000
     988
    1042
     996
     972
    1032
    1045
     981
     981
     998
     971
    1013
     988
    1013
     987
    1003
     993
    1034
    1021
    1003
     956
    1015
    1004
     991
    1001
    1014
     953
    1027
    1022
     974
     960
    1071
    1029
    1081
    1225
    1193
    1320
    1336
    1368
    1357
    1338
    1282
    1251
    1159
    1230
    1121
    1074
    1144
     998
    1044
    1042
     998
     983
     989
    1023
    1045
     960
     928
    1017
     966
     886
    1003
     969
    1068
    1035
    1052
    1031
    1107
    1218
    1436
    1663
    2548
    4009
    6405
   10540
   16567
   24739
   34097
   44422
   52993
   59386
   60985
   58324
   51746
   42179
   31921
   22223
   14441
    8909
    5093
    3127
    1891
    1283
     952
     889
     893
     817
     805
     778
     822
     835
     784
     800
     803
     767
     872
     810
     811
     825
     763
     848
     793
     804
     841
     838
     867
     841
     819
     813
     815
     834
     825
     783
     838
     787
     824
     841
     849
     820
     792
     819
     852
     786
     807
     835
     802
     780
     796
     802
     780
     746
     776
     806
     795
     826
     806
     827
     804
     854
     777
     799
     826
     811
     833
     806
     826
     764
     804
     833
     771
     820
     810
     819
     782
     751
     805
     788
     773
     776
     809
     738
     779
     792
     780
     823
     795
     816
     817
     833
     771
     832
     790
     805
     793
     843
     799
     809
     813
     743
     794
     808
     760
     815
     763
     798
     837
     860
     892
     990
    1091
    1126
    1226
    1378
    1419
    1454
    1424
    1341
    1161
    1103
    1013
     903
     897
     836
     797
     798
     789
     775
     777
     788
     764
     782
     776
     735
     750
     813
     768
     793
     826
     804
     785
     766
     822
     792
     777
     789
     783
     802
     769
     749
     812
     780
     776
     822
     735
     761
     748
     776
     818
     806
     750
     738
     779
     739
     784
     800
     778
     815
     785
     788
     802
     782
     807
     820
     768
     704
     770
     776
     797
     724
     804
     742
     753
     715
     769
     809
     703
     748
     768
     732
     701
     790
     743
     756
     769
     783
     754
     752
     758
     705
     779
     786
     878
     899
     988
    1185
    1324
    1486
    1661
    1814
    1782
    1904
    1772
    1618
    1439
    1248
    1123
     981
     868
     776
     810
     784
     777
     774
     759
     780
     770
     764
     764
     762
     744
     735
     761
     768
     736
     761
     723
     700
     753
     750
     761
     797
     839
     885
    1064
    1222
    1600
    2259
    2896
    3566
    4450
    5205
    5946
    6026
    5824
    5269
    4750
    3778
    3114
    2253
    1757
    1288
    1028
     826
     817
     777
     724
     707
     726
     756
     761
     736
     727
     733
     715
     736
     699
     681
     749
     732
     713
     764
     728
     708
     736
     711
     708
     678
     682
     740
     654
     670
     719
     740
     716
     731
     684
     678
     721
     747
     708
     764
     704
     710
     749
     737
     744
     677
     742
     735
     712
     727
     734
     703
     734
     714
     697
     697
     721
     709
     692
     702
     723
     706
     653
     630
     708
     706
     715
     694
     736
     662
     661
     701
     633
     714
     706
     725
     654
     630
     664
     667
     648
     683
     688
     648
     659
     689
     711
     702
     645
     693
     677
     643
     704
     680
     715
     670
     701
     668
     657
     675
     659
     677
     677
     695
     691
     662
     642
     688
     669
     638
     701
     660
     683
     692
     683
     667
     655
     670
     628
     681
     710
     693
     647
     702
     686
     687
     645
     669
     672
     673
     692
     672
     652
     665
     670
     703
     678
     646
     664
     657
     636
     675
     642
     667
     676
     669
     635
     654
     657
     639
     639
     664
     602
     622
     642
     713
     726
     715
     658
     694
     713
     705
     691
     711
     688
     661
     678
     566
     668
     633
     639
     719
     711
     605
     644
     670
     639
     651
     651
     646
     650
     691
     627
     657
     686
     666
     620
     641
     642
     654
     634
     674
     661
     680
     652
     670
     634
     602
     682
     653
     682
     704
     706
     750
     756
     714
     759
     742
     758
     739
     678
     648
     647
     683
     646
     666
     613
     662
     633
     633
     646
     645
     687
     648
     609
     631
     624
     639
     590
     628
     635
     625
     623
     621
     602
     627
     617
     624
     603
     614
     615
     580
     609
     665
     585
     634
     664
     661
     620
     641
     572
     623
     625
     637
     571
     598
     609
     638
     647
     602
     623
     642
     618
     656
     585
     581
     611
     617
     678
     639
     600
     667
     702
     695
     643
     635
     675
     651
     698
     691
     680
     709
     669
     688
     665
     732
     652
     658
     602
     648
     617
     607
     610
     544
     630
     617
     648
     639
     631
     552
     617
     603
     613
     600
     643
     586
     596
     606
     547
     642
     657
     540
     562
     562
     568
     590
     614
     576
     593
     596
     590
     620
     591
     590
     595
     599
     597
     565
     606
     592
     567
     588
     630
     554
     544
     601
     588
     575
     590
     548
     629
     594
     610
     584
     595
     562
     629
     575
     608
     552
     571
     585
     577
     578
     563
     577
     583
     559
     578
     579
     617
     579
     609
     582
     631
     569
     609
     636
     594
     630
     617
     572
     593
     564
     634
     572
     585
     547
     623
     608
     604
     595
     558
     587
     587
     593
     579
     585
     561
     573
     561
     588
     599
     579
     589
     556
     624
     578
     595
     566
     531
     543
     568
     595
     582
     584
     555
     586
     572
     562
     569
     576
     555
     629
     563
     521
     602
     626
     544
     573
     534
     526
     546
     569
     592
     607
     558
     504
     552
     574
     543
     566
     587
     564
     590
     571
     590
     550
     586
     528
     571
     577
     575
     549
     544
     608
     583
     544
     551
     553
     582
     590
     564
     549
     515
     517
     552
     538
     540
     583
     587
     596
     595
     631
     600
     590
     668
     603
     575
     647
     598
     568
     562
     563
     540
     602
     578
     543
     530
     514
     557
     564
     557
     528
     552
     534
     542
     529
     522
     532
     531
     549
     528
     548
     513
     530
     522
     517
     536
     466
     582
     492
     532
     561
     488
     548
     556
     522
     546
     528
     556
     526
     525
     544
     501
     546
     499
     572
     543
     586
     540
     559
     559
     547
     563
     525
     524
     543
     541
     558
     570
     514
     543
     515
     490
     569
     519
     542
     497
     539
     551
     553
     602
     545
     555
     623
     568
     593
     568
     540
     555
     562
     497
     576
     511
     501
     532
     544
     541
     546
     512
     524
     534
     511
     510
     509
     530
     522
     526
     566
     513
     468
     551
     549
     568
     548
     561
     534
     561
     568
     545
     597
     485
     537
     531
     543
     496
     514
     525
     527
     498
     527
     538
     548
     549
     486
     490
     551
     510
     535
     523
     539
     526
     520
     502
     493
     489
     550
     511
     473
     500
     522
     536
     492
     536
     545
     528
     522
     462
     525
     490
     496
     504
     476
     523
     520
     468
     524
     517
     490
     508
     489
     496
     457
     502
     485
     503
     476
     536
     509
     539
     502
     502
     480
     479
     492
     515
     502
     470
     501
     526
     513
     536
     507
     491
     534
     489
     523
     522
     502
     517
     520
     521
     500
     497
     528
     497
     458
     508
     497
     503
     500
     432
     515
     511
     479
     491
     489
     487
     464
     542
     496
     482
     527
     508
     493
     508
     566
     562
     606
     641
     736
     757
     873
     994
    1059
    1112
    1102
     939
     976
     990
     868
     749
     670
     661
     567
     557
     501
     472
     451
     439
     487
     474
     487
     475
     488
     473
     497
     507
     504
     545
     485
     492
     460
     488
     466
     483
     463
     495
     485
     448
     451
     523
     482
     476
     490
     463
     487
     499
     507
     532
     481
     469
     476
     457
     491
     444
     474
     418
     473
     459
     513
     474
     480
     478
     451
     490
     525
     440
     543
     463
     465
     494
     460
     471
     480
     506
     491
     465
     491
     409
     466
     475
     500
     486
     435
     451
     480
     481
     451
     467
     468
     443
     455
     450
     411
     498
     478
     454
     436
     453
     473
     477
     474
     475
     475
     464
     472
     416
     455
     490
     428
     423
     501
     498
     479
     450
     455
     496
     447
     456
     456
     462
     501
     457
     473
     454
     502
     433
     491
     459
     404
     457
     464
     483
     473
     481
     451
     453
     482
     468
     454
     486
     481
     477
     487
     492
     463
     428
     450
     472
     458
     450
     442
     443
     496
     472
     472
     425
     462
     424
     476
     459
     409
     428
     451
     439
     452
     459
     420
     431
     493
     431
     440
     474
     487
     482
     451
     454
     437
     451
     440
     476
     437
     480
     458
     457
     481
     451
     483
     470
     480
     469
     454
     453
     461
     431
     389
     452
     456
     437
     417
     473
     429
     444
     469
     449
     427
     448
     465
     439
     462
     439
     427
     461
     463
     449
     413
     458
     450
     463
     443
     428
     449
     459
     472
     431
     467
     401
     449
     441
     426
     460
     442
     471
     501
     523
     464
     454
     428
     481
     478
     496
     447
     435
     433
     454
     467
     405
     436
     438
     432
     461
     412
     458
     441
     418
     415
     430
     435
     440
     423
     415
     380
     448
     443
     442
     462
     427
     432
     457
     452
     421
     439
     421
     505
     462
     450
     410
     505
     454
     447
     416
     458
     483
     485
     437
     405
     455
     450
     426
     414
     444
     434
     400
     425
     451
     433
     431
     468
     417
     379
     463
     439
     444
     444
     404
     433
     407
     443
     434
     440
     424
     416
     432
     380
     436
     458
     435
     397
     431
     464
     439
     412
     447
     451
     409
     440
     414
     418
     394
     393
     432
     390
     426
     410
     410
     402
     386
     401
     448
     412
     422
     427
     427
     443
     410
     418
     430
     448
     453
     445
     495
     441
     433
     427
     418
     413
     420
     457
     403
     436
     441
     415
     357
     440
     448
     392
     435
     367
     411
     372
     401
     390
     384
     366
     383
     426
     429
     401
     424
     412
     422
     411
     415
     374
     390
     394
     399
     383
     405
     408
     428
     415
     382
     399
     420
     415
     436
     427
     404
     397
     389
     410
     373
     408
     436
     390
     397
     387
     439
     421
     372
     401
     386
     362
     363
     389
     393
     379
     422
     372
     395
     366
     397
     419
     389
     399
     385
     440
     383
     390
     383
     368
     411
     369
     394
     389
     406
     412
     396
     391
     419
     361
     438
     417
     417
     419
     415
     382
     420
     408
     388
     388
     409
     439
     415
     375
     384
     382
     400
     404
     393
     424
     436
     377
     392
     389
     410
     410
     368
     388
     408
     426
     408
     414
     402
     391
     433
     415
     442
     458
     476
     436
     456
     382
     386
     385
     418
     404
     350
     370
     377
     391
     359
     389
     356
     384
     378
     400
     357
     378
     368
     400
     398
     364
     381
     387
     401
     405
     403
     403
     368
     368
     393
     377
     407
     400
     370
     397
     389
     412
     389
     418
     372
     386
     402
     392
     402
     386
     380
     354
     372
     393
     412
     398
     380
     371
     365
     393
     379
     405
     352
     372
     414
     366
     407
     397
     397
     345
     353
     394
     370
     376
     357
     357
     394
     362
     399
     363
     365
     395
     359
     370
     361
     375
     398
     342
     398
     371
     354
     384
     386
     396
     356
     393
     382
     403
     359
     372
     378
     390
     356
     352
     376
     373
     365
     339
     362
     400
     377
     379
     381
     382
     379
     358
     345
     350
     369
     380
     357
     359
     347
     381
     386
     352
     342
     345
     383
     402
     346
     346
     213
       0
       0
       0
       0
       0
       0
       0
       0
       0
       0
       0
       0
       0
       0
       0
       0
       0
       0
       0
       0
       0
       0
       0
       0
       0
       0
       0
       0
       0
       0
       0
       0
       0
       0
       0
       0
       0
       0
       0
       0
       0
       0
       0
       0
       0
       0
       0
$ENER_FIT:
0.000000 0.075000
$PRESETS:
Live Time (sec)
1652
0
$RT:
1800.000000
$DT:
148000
$ISO_DECL_U:
SMPLNAM: IDB-332
SEPDATE: 01/01/1900 00:00:00
U234: 0.0171 
DU234: 1.1696
U235: 1.942 
DU235: 0.0721
U236: 0.0003 
DU236: 100.0000
U238: 98.0406 
DU238: 0.0018
$ADC:
4096
0
4095