$APPLICATION_ID:
IDB v.1.0
$SPEC_REM:
Material type: U
Material form: powder
Material compound: U3O8
U isotopics:
234U 0.14861
235U 20.107
236U 0.1973
238U 79.547
Detector: HPGe (Geometry: Planar, Size: Planar HPGe)
MCA: Unknown
$DATE_MEA:
02/27/2002 17:49:00
$MEAS_TIM:
1315 1800
$DATA:
0 4095
       0
       0
       0
       0
       0
       0
       0
       0
       0
       0
       0
       0
       0
       0
       0
       0
       0
       0
       0
       0
       0
       0
       0
       0
    5909
    6709
    6682
    6749
    6762
    6943
    6861
    6673
    6755
    6760
    6666
    6842
    6819
    6807
    6818
    7023
    6673
    6725
    6739
    6677
    6645
    6643
    6776
    6675
    6803
    6754
    6831
    6680
    6706
    6675
    6671
    6567
    6754
    6634
    6630
    6577
    6619
    6684
    6550
    6640
    6599
    6862
    6406
    6581
    6622
    6553
    6711
    6591
    6646
    6471
    6571
    6651
    6639
    6547
    6511
    6572
    6522
    6464
    6662
    6510
    6401
    6532
    6549
    6540
    6428
    6465
    6563
    6518
    6349
    6254
    6443
    6340
    6392
    6405
    6260
    6241
    6327
    6049
    6279
    6125
    6195
    6092
    6162
    6188
    6137
    6189
    6063
    5992
    5979
    6094
    6143
    6031
    5957
    6078
    6032
    5982
    5925
    6092
    6094
    5959
    5900
    6064
    6063
    5930
    5903
    6010
    5952
    5882
    5925
    6044
    5969
    5969
    5861
    5933
    6049
    5846
    6021
    5832
    5840
    5824
    5945
    5857
    5984
    5924
    6225
    6134
    6140
    6327
    6214
    6295
    6241
    6180
    6302
    6291
    6306
    6288
    6126
    6083
    6270
    6166
    6232
    6257
    6346
    6136
    6188
    6131
    6203
    6133
    6222
    6246
    6272
    6182
    6238
    6278
    6254
    6280
    6174
    6271
    6243
    6096
    6113
    6147
    6157
    6518
    6537
    6716
    6593
    6694
    6493
    6340
    6310
    6068
    6178
    6150
    6051
    6300
    6200
    6161
    6084
    6203
    6065
    6238
    6135
    6180
    6154
    6176
    6289
    6251
    6147
    6065
    6363
    6509
    6393
    6492
    6400
    6146
    6204
    6224
    6218
    6369
    6231
    6224
    6275
    6239
    6220
    6100
    6428
    6287
    6214
    6225
    6139
    6132
    6231
    6041
    6093
    6125
    6110
    6165
    6087
    6062
    6150
    6030
    6058
    6051
    6110
    6181
    6240
    6526
    6423
    6508
    6345
    6102
    6244
    6282
    6199
    6276
    6270
    6328
    6285
    6147
    6092
    6224
    6244
    6127
    6289
    6186
    6260
    6128
    6288
    6085
    6160
    6172
    6165
    6232
    6162
    6156
    6197
    6214
    6044
    6044
    6074
    6202
    6110
    6024
    6100
    6271
    6105
    6275
    6048
    6132
    6085
    6219
    6155
    6105
    6103
    6152
    6108
    6104
    6137
    6233
    6289
    6468
    6846
    6918
    7204
    7073
    6889
    6628
    6134
    6184
    6266
    6401
    6632
    7306
    8375
    9638
   11308
   12276
   12752
   12157
   10395
    8262
    7001
    6310
    6006
    6057
    6043
    6050
    5861
    5901
    5919
    6010
    6041
    6091
    6308
    6689
    7335
    7690
    8064
    7514
    6880
    6427
    6315
    6315
    6154
    6264
    5717
    5890
    5742
    5637
    5706
    5750
    5692
    5623
    5627
    5808
    5758
    6304
    6855
    7263
    7014
    6574
    6076
    5580
    5442
    5412
    5420
    5521
    5528
    5359
    5309
    5099
    5036
    5122
    4909
    5059
    5100
    5032
    5139
    4945
    5149
    4924
    4975
    5009
    4943
    4909
    4892
    4916
    4856
    4904
    4848
    4910
    4802
    4894
    4851
    4861
    4845
    4948
    4752
    4839
    4822
    4870
    4864
    4772
    4911
    4714
    4713
    4827
    4728
    4724
    4646
    4734
    4744
    4795
    4741
    4740
    4662
    4765
    4746
    4734
    4666
    4644
    4691
    4740
    4688
    4599
    4667
    4605
    4622
    4640
    4484
    4570
    4609
    4676
    4423
    4606
    4518
    4421
    4479
    4638
    4494
    4435
    4369
    4466
    4414
    4487
    4395
    4421
    4382
    4453
    4379
    4335
    4521
    4349
    4386
    4331
    4324
    4317
    4238
    4256
    4192
    4101
    4134
    4199
    4227
    4252
    4243
    4205
    4072
    4048
    4202
    4185
    4082
    4186
    4136
    4139
    4064
    4085
    4046
    4069
    4102
    3966
    3937
    3994
    4001
    4040
    4152
    4120
    4064
    4053
    4010
    3964
    4068
    3979
    3964
    4015
    4067
    3949
    4008
    3953
    4036
    4058
    3967
    4033
    3974
    3932
    3904
    3953
    3950
    3894
    3877
    3888
    4049
    4017
    3999
    3907
    3872
    3945
    3932
    3917
    3904
    3852
    3900
    3922
    3847
    3901
    3869
    3827
    3846
    4025
    3859
    3837
    4050
    3833
    3890
    3997
    4015
    3954
    3759
    3952
    3824
    3824
    3873
    3816
    3879
    3799
    3813
    3821
    3804
    3807
    4045
    3872
    3847
    3892
    3927
    3994
    3970
    3914
    4012
    3953
    3891
    4123
    3977
    3895
    3952
    3923
    4011
    3990
    4020
    3890
    3858
    3964
    3900
    3997
    4037
    3913
    3920
    3881
    3814
    3847
    3787
    3811
    3840
    3891
    3844
    3886
    3841
    3852
    3851
    3707
    3859
    3818
    3859
    3885
    3841
    3786
    3868
    3825
    3800
    3775
    3971
    3971
    3806
    3907
    3817
    4011
    3863
    3848
    3788
    3839
    3991
    3881
    3820
    3866
    3909
    3947
    3809
    4000
    3947
    3937
    4024
    3933
    3867
    3923
    3996
    4045
    3878
    3862
    3948
    3857
    3866
    3800
    4040
    3927
    4005
    3893
    3961
    4057
    4026
    3901
    3962
    3955
    3889
    4020
    3941
    3885
    3990
    3910
    4012
    4047
    3921
    4105
    4102
    4106
    4099
    4192
    4150
    4131
    4114
    4074
    3998
    3936
    3906
    3945
    3983
    4040
    4052
    3897
    3957
    3893
    3992
    3949
    4019
    4013
    4060
    4049
    4079
    4054
    4177
    4062
    4088
    4053
    4037
    4020
    4096
    4009
    4138
    4015
    4099
    4041
    4020
    4183
    4061
    4086
    4075
    4170
    4139
    4099
    4137
    4336
    4795
    5574
    7197
    9793
   12410
   13959
   13792
   11936
    9251
    6973
    5254
    4371
    4191
    4166
    4057
    4031
    4137
    4053
    4052
    4013
    4104
    4162
    4166
    4098
    4084
    3994
    4020
    4105
    3974
    4087
    4140
    4068
    4153
    4110
    4139
    4148
    4140
    4184
    4235
    4099
    4126
    3974
    4129
    4129
    4250
    4120
    4185
    4353
    4386
    4115
    4176
    4171
    4254
    4186
    4325
    4127
    4237
    4256
    4280
    4294
    4231
    4403
    4376
    4241
    4435
    4381
    4358
    4399
    4396
    4462
    4454
    4586
    4747
    5127
    5565
    6194
    6690
    6723
    6465
    5888
    5392
    4969
    4665
    4408
    4584
    4611
    4629
    4470
    4579
    4552
    4512
    4542
    4558
    4653
    4551
    4513
    4482
    4574
    4725
    4572
    4657
    4628
    4696
    4609
    4654
    4588
    4681
    4654
    4659
    4650
    4654
    4696
    4778
    4757
    4727
    4800
    4722
    4793
    4772
    4890
    4754
    4926
    4830
    4912
    4915
    4845
    4825
    4939
    4908
    4923
    5142
    5021
    5122
    5444
    6150
    7307
    9384
   12598
   16322
   19112
   19792
   17775
   14312
   10461
    7745
    6263
    5516
    5196
    5081
    4881
    4990
    5003
    5047
    5073
    5072
    5114
    4973
    5066
    5116
    5148
    5008
    5198
    5138
    5223
    5093
    5068
    5281
    5267
    5202
    5184
    5214
    5301
    5432
    5321
    5413
    5271
    5469
    5216
    5219
    5390
    5412
    5456
    5403
    5543
    5442
    5436
    5357
    5478
    5459
    5412
    5437
    5555
    5637
    5592
    5658
    5630
    5631
    5705
    5613
    5790
    5604
    5751
    5604
    5808
    5832
    5721
    5723
    5852
    5854
    5917
    5832
    6017
    6081
    6073
    5987
    6077
    6051
    6085
    6217
    6196
    6279
    6291
    6289
    6401
    6300
    6446
    6480
    6327
    6395
    6485
    6414
    6590
    6611
    6617
    6694
    6712
    6758
    6830
    6759
    6849
    6821
    6964
    6838
    6908
    6968
    7006
    7156
    7230
    7243
    7213
    7179
    7172
    7261
    7340
    7362
    7347
    7493
    7545
    7514
    7629
    7466
    7893
    8144
    8835
    9519
    9945
   10263
   10078
    9736
    9057
    8480
    8203
    7875
    7866
    7968
    7776
    7907
    7667
    7736
    7929
    7964
    8119
    8046
    7911
    8187
    8264
    8295
    8514
    8493
    8702
    8646
    8796
    9064
    9234
    9240
    9141
    8731
    8790
    8602
    8382
    8181
    8195
    8041
    8102
    8021
    7894
    8132
    8015
    8056
    8056
    7949
    8064
    8101
    8003
    8215
    8081
    8041
    8048
    8103
    8022
    8283
    8349
    8349
    8722
    8836
    8590
    8594
    8563
    8418
    8317
    7990
    8065
    8304
    8061
    8026
    7998
    8045
    7994
    8110
    7949
    7946
    7987
    7995
    8021
    7759
    7921
    7815
    7869
    8088
    7931
    7819
    7937
    7819
    7756
    7696
    7797
    7933
    7914
    7854
    7586
    7912
    7954
    8027
    7968
    7941
    7993
    7989
    7950
    7874
    8062
    7846
    8067
    8302
    8391
    9594
   11033
   12989
   15288
   17769
   18551
   17904
   15988
   13773
   11404
    9717
    9224
    9149
    9983
   10893
   11941
   12743
   12890
   12145
   11172
   10132
    9203
    8473
    8148
    8103
    7842
    7963
    8059
    8095
    8012
    8317
    8596
    8605
    8889
    8871
    9058
    9439
    9923
   11825
   15648
   23104
   35356
   52080
   70358
   86220
   92683
   86481
   70235
   50723
   33218
   20776
   13917
   10421
    9034
    8448
    8167
    8087
    7853
    7702
    7750
    7710
    7578
    7674
    7688
    7692
    7755
    7754
    7760
    7718
    7907
    7711
    7696
    7935
    7923
    8017
    7984
    7958
    8226
    8006
    8051
    7988
    8136
    8311
    7973
    8331
    8387
    8340
    8410
    8448
    8279
    8210
    8114
    8269
    8165
    8092
    8301
    8274
    8517
    8515
    8731
    8909
    9295
    9167
    9396
    9337
    9157
    9178
    9020
    9002
    9065
    9293
    9431
    9634
   10246
   11758
   13878
   17851
   24239
   32473
   42164
   51847
   57701
   57328
   51978
   42287
   31702
   23300
   16795
   13095
   11091
   10098
    9490
    9261
    8931
    8837
    8819
    8929
    8723
    8953
    9087
    8935
    9088
    9257
    9145
    9470
    9733
   10510
   11859
   14013
   17712
   22966
   28748
   34457
   39058
   40743
   40469
   39118
   38896
   39296
   40304
   40288
   40538
   42495
   47963
   55133
   64617
   71025
   73038
   68167
   57987
   46680
   35544
   27555
   22457
   20848
   21157
   24736
   32461
   45059
   66387
   96736
  134822
  175602
  206471
  220822
  213429
  184681
  144278
  103860
   69310
   44593
   29212
   20968
   16561
   14765
   14065
   14693
   15660
   17383
   18658
   19413
   19233
   18133
   16620
   14657
   12875
   11567
   10485
    9808
    9538
    9392
    9286
    9438
    9412
    9532
    9566
    9728
   10186
   10580
   10898
   11630
   12553
   13263
   15211
   17464
   21609
   28651
   40642
   60484
   92617
  140538
  201961
  272267
  334960
  373622
  377098
  341286
  278719
  206360
  140053
   88859
   55323
   35613
   24599
   18593
   15920
   13886
   12378
   11053
    9666
    8939
    7855
    7454
    7258
    7049
    6598
    6324
    6249
    6202
    5952
    6102
    6095
    5863
    5715
    5826
    5722
    5676
    5636
    5534
    5555
    5515
    5491
    5399
    5476
    5391
    5405
    5350
    5413
    5522
    5836
    6282
    7248
    8409
   10187
   11848
   12804
   13008
   12381
   11091
    9007
    7456
    6491
    5525
    5319
    5062
    5203
    5156
    5019
    5056
    5036
    5340
    5249
    5157
    5247
    5215
    5208
    5325
    5353
    5452
    5519
    5587
    5668
    6172
    6569
    7360
    8493
   10136
   11789
   13557
   14528
   14750
   14395
   13203
   12235
   11912
   12574
   14346
   17074
   19837
   22232
   23660
   22673
   20439
   17331
   14062
   11192
    9322
    7882
    6943
    6735
    6541
    6311
    6183
    6195
    6153
    5999
    5739
    5813
    5904
    5852
    5882
    6216
    6260
    6444
    7051
    7101
    7271
    7351
    7493
    7311
    7171
    7249
    7569
    8164
    8998
   10152
   11692
   13300
   14749
   15511
   15997
   16871
   18061
   19861
   23163
   27497
   32278
   36158
   37179
   35487
   31264
   25316
   19747
   15894
   13070
   12101
   12054
   14213
   17596
   22806
   30975
   40069
   50038
   58034
   62850
   62725
   58286
   50720
   43579
   39596
   40737
   47924
   61456
   78597
   97103
  111075
  116421
  111740
   97876
   78723
   59461
   42850
   30515
   21987
   17413
   14474
   12802
   11550
   10302
    9429
    8621
    8402
    8359
    8901
    9131
    9340
    9262
    8992
    8620
    7823
    7118
    6800
    6632
    6409
    6309
    6403
    6634
    6811
    7306
    8096
    9620
   11800
   14997
   19198
   24610
   31031
   36834
   42214
   45813
   45615
   43290
   38482
   32313
   25862
   20677
   17110
   14965
   14343
   15115
   15179
   15225
   14913
   13717
   12087
    9939
    7817
    6142
    4975
    4224
    3683
    3532
    3312
    3295
    3348
    3411
    3338
    3332
    3520
    3365
    3388
    3423
    3438
    3492
    3387
    3355
    3210
    3279
    3114
    3285
    3281
    3199
    3374
    3291
    3154
    3136
    3177
    3214
    3166
    3162
    3106
    3073
    3239
    3273
    3235
    3237
    3133
    3102
    3108
    3191
    3189
    3097
    3061
    3066
    3136
    3136
    3062
    3122
    3065
    3055
    3085
    3093
    3071
    3121
    3221
    3195
    3313
    3395
    3491
    3740
    4171
    5012
    5703
    6597
    7148
    7482
    7400
    6705
    5836
    4825
    4169
    3596
    3224
    3198
    3004
    3027
    2998
    2959
    2978
    2972
    2997
    3038
    3045
    2951
    2964
    2969
    2987
    2952
    2942
    3021
    2911
    2954
    2887
    2910
    2867
    2995
    2947
    3078
    2845
    2726
    2773
    2840
    2930
    2945
    2855
    2821
    2801
    2812
    2834
    2847
    2875
    2914
    2992
    2894
    2978
    3038
    3039
    3115
    3226
    3118
    3215
    3133
    2994
    2971
    2875
    2937
    2899
    2832
    2783
    2882
    2884
    2832
    2738
    2728
    2702
    2801
    2737
    2818
    2735
    2838
    2795
    2758
    2702
    2789
    2833
    2772
    2791
    2664
    2738
    2786
    2791
    2768
    2728
    2720
    2718
    2680
    2730
    2727
    2743
    2852
    2747
    2696
    2710
    2797
    2583
    2658
    2757
    2680
    2666
    2756
    2601
    2623
    2640
    2628
    2649
    2722
    2679
    2775
    2688
    2738
    2648
    2667
    2701
    2697
    2711
    2657
    2671
    2703
    2813
    2708
    2632
    2656
    2731
    2623
    2698
    2657
    2557
    2523
    2521
    2653
    2629
    2755
    2709
    2722
    2660
    2633
    2687
    2708
    2648
    2561
    2553
    2685
    2633
    2615
    2561
    2574
    2581
    2479
    2631
    2658
    2708
    2686
    2701
    2599
    2599
    2572
    2526
    2654
    2536
    2595
    2512
    2573
    2551
    2671
    2717
    2670
    2749
    2779
    2883
    2794
    2776
    2775
    2838
    2639
    2588
    2588
    2588
    2672
    2457
    2529
    2606
    2599
    2573
    2525
    2475
    2673
    2662
    2700
    2811
    2891
    2949
    3155
    3071
    3164
    2976
    2852
    2771
    2581
    2683
    2563
    2482
    2549
    2625
    2596
    2579
    2651
    2629
    2482
    2538
    2522
    2456
    2505
    2554
    2520
    2571
    2498
    2502
    2597
    2643
    2511
    2505
    2469
    2544
    2507
    2426
    2460
    2480
    2498
    2568
    2451
    2484
    2537
    2509
    2501
    2477
    2463
    2471
    2494
    2433
    2529
    2484
    2545
    2525
    2479
    2537
    2500
    2467
    2523
    2540
    2491
    2470
    2550
    2679
    2756
    2751
    3041
    3270
    3494
    3863
    4051
    4056
    3975
    3773
    3555
    3209
    2824
    2806
    2562
    2477
    2481
    2404
    2510
    2444
    2456
    2434
    2424
    2492
    2412
    2436
    2503
    2458
    2484
    2496
    2395
    2564
    2482
    2674
    2708
    2859
    3167
    3778
    5130
    7387
   12091
   18860
   29010
   42269
   57002
   70543
   80857
   83566
   78808
   68462
   53061
   39021
   25531
   15812
    9335
    5553
    3739
    2749
    2422
    2372
    2358
    2225
    2276
    2306
    2286
    2181
    2190
    2161
    2140
    2146
    2165
    2253
    2248
    2291
    2392
    2411
    2445
    2360
    2435
    2331
    2255
    2231
    2229
    2202
    2195
    2268
    2199
    2262
    2130
    2130
    2247
    2214
    2284
    2218
    2184
    2132
    2174
    2114
    2149
    2107
    2224
    2255
    2170
    2143
    2165
    2182
    2109
    2181
    2216
    2183
    2219
    2220
    2145
    2146
    2190
    2234
    2184
    2182
    2168
    2172
    2182
    2234
    2223
    2117
    2212
    2188
    2142
    2168
    2195
    2196
    2219
    2142
    2200
    2192
    2336
    2181
    2254
    2339
    2416
    2472
    2605
    2688
    2651
    2658
    2675
    2574
    2519
    2379
    2364
    2256
    2271
    2111
    2239
    2251
    2146
    2215
    2203
    2247
    2221
    2206
    2231
    2209
    2216
    2282
    2247
    2240
    2312
    2239
    2179
    2253
    2267
    2253
    2221
    2115
    2116
    2254
    2219
    2226
    2185
    2201
    2189
    2106
    2307
    2231
    2252
    2181
    2158
    2263
    2158
    2143
    2150
    2186
    2167
    2242
    2227
    2181
    2242
    2224
    2202
    2232
    2203
    2209
    2271
    2229
    2207
    2259
    2213
    2150
    2146
    2176
    2184
    2199
    2172
    2235
    2164
    2262
    2175
    2236
    2125
    2077
    2185
    2195
    2148
    2237
    2225
    2170
    2194
    2186
    2171
    2234
    2217
    2210
    2258
    2209
    2264
    2201
    2204
    2235
    2175
    2180
    2223
    2206
    2265
    2278
    2140
    2139
    2224
    2168
    2147
    2176
    2199
    2158
    2230
    2249
    2140
    2086
    2195
    2261
    2125
    2189
    2181
    2217
    2237
    2164
    2165
    2127
    2235
    2147
    2240
    2212
    2224
    2218
    2157
    2198
    2209
    2159
    2174
    2209
    2276
    2158
    2337
    2192
    2246
    2211
    2268
    2286
    2243
    2180
    2227
    2203
    2261
    2167
    2278
    2308
    2310
    2379
    2468
    2894
    3166
    4186
    5617
    8224
   11963
   16951
   23346
   30230
   36525
   41329
   43592
   41755
   36744
   30417
   23178
   16700
   11073
    6996
    4781
    3402
    2743
    2330
    2231
    2055
    2091
    2144
    2105
    2150
    2098
    2149
    2240
    2165
    2106
    2073
    2098
    2049
    2187
    2077
    2130
    2183
    2117
    2217
    2132
    2133
    2031
    2134
    2061
    2114
    2171
    2113
    2092
    2179
    2100
    2145
    2151
    2075
    2139
    2150
    2053
    2159
    2083
    2131
    2041
    2065
    2113
    2120
    2124
    2170
    2090
    2151
    2070
    2123
    2177
    2083
    2063
    2163
    2109
    2150
    2128
    2102
    2040
    2113
    2054
    2185
    2053
    2052
    2014
    2121
    2111
    2040
    2111
    2106
    2102
    2059
    2100
    2115
    2132
    2095
    2118
    2102
    2122
    2062
    2023
    2101
    2110
    2052
    2114
    2132
    2037
    2130
    2099
    2117
    2068
    2195
    2140
    2138
    2113
    2119
    2117
    2109
    2079
    2081
    2117
    2138
    2099
    2168
    2145
    2172
    2201
    2088
    2259
    2089
    2156
    2138
    2155
    2229
    2277
    2248
    2171
    2275
    2188
    2202
    2249
    2251
    2130
    2201
    2167
    2169
    2265
    2177
    2317
    2309
    2300
    2291
    2279
    2310
    2272
    2304
    2308
    2350
    2290
    2255
    2309
    2303
    2257
    2246
    2193
    2254
    2278
    2264
    2280
    2415
    2547
    2620
    2612
    2823
    2714
    2654
    2643
    2588
    2492
    2390
    2386
    2331
    2287
    2150
    2229
    2144
    2215
    2145
    2090
    2203
    2209
    2201
    2226
    2216
    2321
    2205
    2263
    2165
    2227
    2216
    2210
    2100
    2143
    2229
    2256
    2269
    2148
    2248
    2264
    2249
    2238
    2169
    2200
    2264
    2167
    2321
    2359
    2238
    2325
    2393
    2382
    2300
    2341
    2293
    2295
    2303
    2314
    2270
    2309
    2334
    2298
    2278
    2280
    2179
    2295
    2219
    2294
    2205
    2236
    2219
    2328
    2239
    2236
    2152
    2242
    2221
    2315
    2291
    2261
    2209
    2234
    2257
    2241
    2285
    2317
    2457
    2735
    2926
    3357
    3674
    4212
    4670
    5104
    5382
    5377
    5127
    4915
    4431
    4132
    3740
    3408
    3214
    2999
    2843
    2840
    2740
    2704
    2673
    2564
    2508
    2405
    2401
    2313
    2336
    2300
    2328
    2337
    2438
    2558
    2733
    2775
    3071
    3577
    4537
    6502
    9975
   16778
   29417
   50169
   83318
  130888
  193832
  270576
  350014
  420872
  473719
  494245
  478760
  427779
  355393
  272502
  194772
  127737
   77722
   44452
   23404
   12066
    6065
    3192
    1972
    1476
    1332
    1248
    1131
    1222
    1166
    1160
    1154
    1191
    1216
    1218
    1210
    1175
    1202
    1234
    1256
    1194
    1240
    1259
    1231
    1259
    1267
    1177
    1230
    1174
    1190
    1186
    1264
    1163
    1150
    1163
    1143
    1150
    1143
    1103
    1122
    1092
    1076
    1020
    1090
    1005
    1029
    1005
    1002
    1063
    1012
     977
    1020
     970
    1040
    1039
    1031
    1033
    1060
    1017
    1079
    1056
    1045
    1052
    1106
    1120
    1137
    1112
    1097
    1159
    1153
    1076
    1155
    1120
    1145
    1118
    1044
    1096
    1076
    1035
    1067
    1088
    1084
    1199
    1190
    1120
    1158
    1251
    1216
    1231
    1213
    1138
    1144
    1067
    1019
     991
    1020
     980
     987
    1022
     876
     950
     969
     945
    1142
    1276
    1472
    1933
    2495
    3161
    4048
    5011
    5783
    6209
    6406
    6275
    5795
    4900
    3988
    3120
    2428
    1891
    1478
    1246
    1120
    1003
     952
     892
     924
     915
     861
     915
     976
    1007
    1014
    1065
    1083
    1124
    1197
    1125
    1187
    1127
    1070
    1051
     966
     988
     950
     889
     947
     914
     888
     847
     887
     795
     841
     822
     862
     926
     905
     889
     853
     947
    1084
    1171
    1162
    1304
    1247
    1296
    1240
    1209
    1147
    1072
    1057
     982
     983
     903
     905
     853
     920
     857
     880
     842
     900
     891
     909
     927
     969
     919
     835
     861
     897
     871
     946
     939
     893
     905
     908
     930
    1022
    1139
    1362
    1669
    2130
    2899
    4122
    5279
    6699
    8212
    9353
    9949
   10197
    9594
    8526
    7073
    5599
    4220
    3086
    2184
    1631
    1303
    1026
     969
     952
     900
     899
     897
     900
     971
     890
     990
     938
     931
     946
     932
     957
     964
     957
    1035
    1034
    1215
    1421
    1759
    2471
    3581
    5536
    8301
   12597
   18309
   24574
   31290
   37596
   42658
   44937
   44154
   40599
   34768
   27902
   21179
   15050
    9876
    6264
    3828
    2335
    1540
    1086
     900
     816
     771
     752
     734
     761
     757
     787
     732
     732
     801
     773
     803
     770
     782
     738
     770
     791
     728
     766
     761
     758
     751
     765
     768
     740
     776
     800
     774
     744
     753
     792
     792
     794
     822
     814
     809
     837
     845
     867
     809
     837
     816
     849
     844
     877
     875
     834
     780
     840
     775
     738
     771
     736
     690
     712
     738
     652
     656
     645
     606
     656
     642
     639
     675
     626
     676
     650
     683
     617
     705
     654
     675
     643
     676
     652
     648
     669
     649
     666
     635
     678
     683
     732
     715
     700
     729
     706
     735
     691
     710
     723
     649
     659
     669
     626
     664
     655
     646
     654
     621
     623
     646
     615
     620
     653
     627
     635
     627
     661
     665
     661
     626
     677
     698
     726
     730
     811
     855
     862
     870
     881
     827
     809
     792
     721
     670
     701
     701
     668
     666
     623
     652
     581
     638
     631
     625
     597
     601
     632
     601
     618
     657
     653
     546
     616
     693
     645
     617
     647
     734
     830
     810
     880
     893
     942
     939
     959
     882
     918
     834
     772
     676
     669
     634
     626
     651
     636
     621
     619
     591
     636
     618
     641
     673
     607
     585
     599
     614
     622
     649
     643
     624
     599
     610
     581
     613
     632
     612
     625
     638
     645
     670
     671
     795
     868
     956
    1077
    1333
    1398
    1604
    1645
    1606
    1629
    1414
    1322
    1119
    1000
     892
     789
     715
     693
     621
     647
     557
     628
     592
     627
     589
     648
     627
     574
     611
     612
     598
     572
     558
     601
     601
     574
     597
     566
     586
     609
     576
     593
     563
     570
     555
     563
     575
     578
     560
     614
     564
     605
     604
     573
     616
     591
     533
     620
     603
     619
     575
     594
     585
     598
     634
     603
     607
     595
     593
     548
     620
     586
     635
     593
     626
     581
     628
     643
     589
     590
     655
     577
     558
     612
     600
     628
     611
     622
     621
     668
     601
     589
     538
     606
     605
     629
     577
     589
     561
     571
     605
     626
     552
     640
     599
     623
     633
     655
     639
     605
     557
     618
     626
     552
     548
     523
     561
     532
     507
     545
     507
     546
     560
     537
     552
     566
     514
     552
     552
     562
     499
     534
     540
     537
     568
     567
     553
     517
     543
     550
     520
     522
     544
     549
     580
     555
     537
     551
     575
     563
     564
     519
     501
     502
     541
     539
     572
     585
     534
     560
     567
     601
     598
     651
     677
     704
     773
     770
     881
     817
     817
     821
     743
     700
     683
     562
     642
     558
     599
     527
     536
     517
     540
     549
     495
     540
     513
     555
     493
     567
     521
     550
     518
     502
     557
     591
     559
     559
     605
     590
     624
     638
     629
     622
     652
     653
     603
     587
     566
     480
     559
     580
     587
     576
     601
     595
     624
     586
     577
     588
     625
     569
     534
     586
     596
     576
     609
     636
     681
     764
     859
     976
    1152
    1371
    1606
    1798
    1853
    1929
    1914
    1859
    1754
    1500
    1343
    1131
     928
     750
     702
     618
     568
     550
     528
     541
     556
     522
     526
     532
     547
     573
     559
     628
     639
     707
     761
     872
     981
    1067
    1126
    1262
    1212
    1110
    1178
    1019
     888
     851
     786
     710
     667
     608
     573
     615
     576
     637
     617
     624
     611
     626
     613
     583
     554
     586
     541
     532
     550
     529
     542
     522
     495
     490
     527
     512
     483
     476
     485
     498
     494
     478
     469
     473
     490
     485
     478
     449
     468
     510
     502
     524
     519
     506
     478
     485
     488
     461
     456
     485
     490
     489
     490
     520
     476
     539
     509
     485
     511
     541
     521
     514
     535
     552
     559
     588
     644
     624
     687
     810
     904
     871
     929
     986
     901
     892
     796
     747
     726
     631
     594
     559
     532
     523
     487
     539
     491
     496
     504
     480
     469
     482
     494
     471
     521
     576
     516
     534
     555
     503
     547
     563
     570
     519
     538
     540
     529
     507
     525
     533
     499
     487
     532
     475
     498
     487
     488
     533
     466
     517
     458
     495
     502
     494
     485
     484
     496
     480
     468
     479
     479
     494
     489
     502
     548
     450
     472
     495
     490
     544
     522
     470
     497
     464
     490
     484
     541
     507
     506
     521
     475
     518
     520
     514
     536
     470
     492
     483
     509
     509
     507
     495
     491
     499
     492
     460
     489
     452
     507
     514
     542
     484
     517
     494
     533
     461
     502
     493
     549
     501
     530
     510
     533
     521
     509
     512
     494
     510
     518
     522
     492
     512
     494
     521
     480
     501
     453
     449
     436
     490
     482
     506
     492
     484
     515
     504
     507
     471
     521
     477
     500
     489
     494
     486
     476
     523
     524
     606
     579
     641
     738
     793
     818
     876
     874
     891
     955
     845
     780
     743
     670
     637
     579
     545
     520
     520
     511
     503
     502
     482
     431
     474
     441
     461
     482
     469
     469
     493
     477
     507
     480
     518
     488
     497
     477
     465
     489
     490
     455
     481
     452
     456
     469
     475
     482
     521
     488
     506
     500
     527
     512
     493
     482
     483
     507
     504
     532
     514
     478
     450
     471
     458
     451
     511
     440
     472
     464
     469
     463
     468
     438
     434
     469
     462
     467
     474
     447
     448
     514
     462
     470
     491
     494
     463
     447
     436
     417
     437
     464
     445
     456
     483
     457
     466
     442
     498
     502
     479
     453
     466
     439
     463
     445
     453
     508
     474
     469
     473
     483
     485
     513
     515
     521
     500
     497
     494
     507
     484
     523
     495
     512
     513
     464
     506
     494
     482
     475
     471
     531
     452
     457
     473
     525
     472
     448
     496
     440
     449
     469
     461
     521
     512
     550
     486
     463
     473
     517
     524
     484
     501
     485
     485
     521
     487
     530
     599
     571
     612
     558
     582
     565
     580
     599
     547
     513
     543
     464
     539
     490
     476
     478
     455
     451
     468
     479
     470
     453
     449
     472
     480
     457
     428
     497
     485
     500
     489
     491
     487
     518
     500
     491
     431
     472
     511
     496
     544
     475
     519
     491
     470
     473
     429
     467
     449
     450
     514
     500
     482
     454
     473
     486
     515
     500
     429
     475
     479
     501
     480
     462
     493
     478
     477
     514
     584
     543
     565
     600
     591
     556
     644
     672
     706
     705
     739
     772
     768
     804
     732
     770
     718
     672
     632
     616
     543
     546
     528
     540
     516
     523
     514
     516
     510
     514
     536
     539
     538
     590
     610
     584
     591
     555
     603
     614
     553
     567
     600
     571
     592
     621
     583
     588
     585
     602
     652
     691
     665
     668
     758
     708
     812
     810
     841
     855
     819
     829
     761
     704
     728
     668
     648
     636
     678
     668
     684
     724
     778
     849
     823
     864
     879
     898
     806
     808
     766
     727
     666
     664
     623
     551
     539
     590
     552
     533
     509
     521
     527
     529
     533
     494
     488
     480
     443
     516
     468
     541
     510
     477
     447
     448
     488
     514
     491
     507
     495
     502
     519
     510
     571
     589
     606
     629
     643
     680
     788
     809
     966
     984
    1052
    1147
    1133
    1118
    1012
    1030
     928
     820
     757
     655
     626
     578
     476
     499
     473
     439
     448
     409
     403
     375
     424
     439
     405
     419
     412
     451
     427
     435
     403
     408
     433
     380
     407
     425
     400
     401
     406
     423
     381
     423
     376
     423
     388
     415
     398
     418
     421
     437
     407
     457
     397
     399
     389
     449
     430
     407
     422
     398
     405
     417
     430
     368
     394
     430
     456
     411
     381
     413
     426
     378
     420
     414
     429
     423
     438
     444
     409
     418
     418
     441
     421
     472
     466
     469
     414
     429
     457
     458
     464
     451
     484
     469
     435
     460
     515
     502
     546
     514
     537
     545
     661
     618
     613
     607
     616
     604
     547
     552
     514
     513
     477
     436
     448
     430
     426
     484
     392
     420
     404
     393
     429
     429
     416
     414
     435
     386
     463
     458
     460
     445
     461
     459
     455
     461
     480
     474
     428
     482
     441
     479
     482
     496
     492
     467
     518
     475
     486
     469
     498
     478
     504
     435
     471
     480
     498
     455
     467
     487
     474
     513
     522
     554
     553
     551
     506
     537
     593
     510
     530
     566
     573
     621
     630
     626
     574
     622
     588
     581
     558
     502
     491
     449
     424
     411
     442
     415
     405
     419
     389
     407
     385
     353
     395
     403
     392
     384
     385
     360
     398
     356
     404
     411
     395
     405
     377
     342
     436
     399
     431
     509
     516
     552
     589
     618
     653
     663
     681
     684
     654
     639
     603
     591
     514
     518
     473
     468
     477
     409
     411
     404
     397
     380
     363
     345
     350
     365
     394
     350
     348
     337
     387
     349
     378
     355
     353
     361
     364
     310
     377
     393
     397
     363
     366
     353
     348
     359
     378
     355
     376
     383
     406
     392
     395
     259
       0
       0
       0
       0
       0
       0
       0
       0
       0
       0
       0
       0
       0
       0
       0
       0
       0
       0
       0
       0
       0
       0
       0
       0
       0
       0
       0
       0
       0
       0
       0
       0
       0
       0
       0
       0
       0
       0
       0
       0
       0
       0
       0
       0
       0
       0
       0
$ENER_FIT:
0.000000 0.075000
$PRESETS:
Live Time (sec)
1315
0
$RT:
1800.000000
$DT:
485000
$ISO_DECL_U:
SMPLNAM: IDB-341
SEPDATE: 01/01/1900 00:00:00
U234: 0.14861 
DU234: 0.2490
U235: 20.107 
DU235: 0.0995
U236: 0.1973 
DU236: 0.6589
U238: 79.547 
DU238: 0.0251
$ADC:
4096
0
4095