$APPLICATION_ID:
IDB v.1.0
$SPEC_REM:
Material type: U
Material form: powder
Material compound: U3O8
U isotopics:
234U 0.0279
235U 2.9491
236U 0.0033
238U 97.0196
Detector: HPGe (Geometry: Planar, Size: Planar HPGe)
MCA: Unknown
$DATE_MEA:
02/28/2002 15:05:00
$MEAS_TIM:
1633 1800
$DATA:
0 4095
       0
       0
       0
       0
       0
       0
       0
       0
       0
       0
       0
       0
       0
       0
       0
       0
       0
       0
       0
       0
       0
       0
       0
       0
    1947
    2129
    2191
    2200
    2273
    2281
    2204
    2151
    2123
    2194
    2186
    2276
    2242
    2185
    2250
    2207
    2195
    2231
    2194
    2218
    2186
    2204
    2215
    2294
    2218
    2175
    2220
    2136
    2214
    2204
    2157
    2204
    2169
    2174
    2225
    2149
    2137
    2219
    2270
    2160
    2140
    2139
    2140
    2210
    2167
    2150
    2170
    2149
    2102
    2107
    2164
    2161
    2099
    2176
    2138
    2157
    2153
    2186
    2181
    2181
    2168
    2160
    2196
    2084
    2091
    2061
    2106
    2128
    2120
    2077
    2154
    2152
    2084
    2230
    2059
    2147
    2128
    2135
    2100
    2081
    2127
    2051
    2085
    2061
    2106
    2067
    2052
    2056
    2046
    2103
    2012
    2057
    2041
    2165
    2118
    2053
    2071
    2049
    2058
    2086
    2066
    2037
    2051
    2055
    2124
    2050
    1979
    2157
    2056
    2095
    2062
    2018
    2092
    2089
    2010
    2121
    2095
    2048
    2064
    2099
    2047
    2054
    2065
    2092
    2071
    2120
    2209
    2163
    2097
    2216
    2138
    2207
    2161
    2124
    2088
    2189
    2105
    2129
    2137
    2172
    2145
    2204
    2181
    2113
    2189
    2033
    2193
    2103
    2139
    2149
    2163
    2205
    2234
    2157
    2216
    2219
    2154
    2154
    2144
    2131
    2115
    2204
    2172
    2215
    2286
    2340
    2212
    2479
    2291
    2216
    2194
    2095
    2148
    2095
    2179
    2106
    2059
    2175
    2106
    2008
    2220
    2108
    2200
    2261
    2148
    2193
    2124
    2221
    2149
    2137
    2266
    2249
    2271
    2151
    2201
    2235
    2196
    2228
    2209
    2153
    2124
    2129
    2193
    2114
    2206
    2111
    2151
    2206
    2224
    2179
    2097
    2132
    2189
    2196
    2133
    2241
    2189
    2134
    2109
    2149
    2116
    2138
    2121
    2137
    2098
    2198
    2180
    2302
    2276
    2215
    2270
    2208
    2146
    2222
    2198
    2161
    2185
    2193
    2243
    2211
    2147
    2243
    2195
    2145
    2199
    2245
    2319
    2132
    2138
    2186
    2172
    2057
    2200
    2206
    2219
    2191
    2272
    2123
    2139
    2203
    2181
    2109
    2181
    2109
    2204
    2199
    2230
    2245
    2136
    2097
    2241
    2156
    2121
    2187
    2193
    2212
    2271
    2196
    2167
    2214
    2267
    2353
    2442
    2423
    2523
    2561
    2456
    2341
    2217
    2155
    2221
    2261
    2395
    2560
    2996
    3559
    4096
    4502
    4729
    4310
    3673
    2971
    2479
    2189
    2106
    2212
    2153
    2043
    2046
    2152
    2079
    2151
    2096
    2098
    2082
    2233
    2440
    2458
    2430
    2428
    2245
    2153
    2294
    2330
    2256
    2262
    2092
    2068
    2058
    2085
    2017
    2065
    2090
    1973
    2032
    2018
    2039
    2356
    2466
    2631
    2516
    2277
    2084
    1967
    2011
    2069
    1961
    2057
    1970
    1978
    1861
    1893
    1865
    1835
    1986
    1886
    1805
    1872
    1940
    1821
    1841
    1881
    1820
    1806
    1814
    1832
    1850
    1796
    1821
    1828
    1828
    1826
    1814
    1795
    1772
    1838
    1822
    1813
    1847
    1834
    1783
    1810
    1768
    1757
    1737
    1762
    1775
    1765
    1800
    1889
    1834
    1741
    1743
    1711
    1735
    1795
    1763
    1844
    1759
    1802
    1760
    1714
    1710
    1786
    1816
    1781
    1722
    1779
    1759
    1792
    1805
    1752
    1691
    1726
    1702
    1802
    1740
    1749
    1730
    1750
    1703
    1745
    1819
    1727
    1769
    1808
    1631
    1760
    1678
    1661
    1721
    1673
    1604
    1670
    1643
    1707
    1728
    1684
    1638
    1699
    1605
    1675
    1717
    1632
    1679
    1636
    1664
    1592
    1641
    1692
    1579
    1640
    1621
    1597
    1641
    1726
    1618
    1643
    1591
    1594
    1654
    1716
    1680
    1616
    1587
    1652
    1625
    1697
    1589
    1634
    1621
    1702
    1675
    1644
    1709
    1670
    1604
    1560
    1567
    1629
    1644
    1569
    1558
    1618
    1580
    1649
    1644
    1597
    1609
    1550
    1602
    1559
    1575
    1552
    1574
    1606
    1646
    1580
    1621
    1575
    1669
    1611
    1535
    1583
    1624
    1631
    1667
    1590
    1619
    1579
    1600
    1590
    1591
    1711
    1588
    1674
    1561
    1685
    1631
    1607
    1605
    1658
    1574
    1622
    1602
    1603
    1543
    1564
    1691
    1632
    1610
    1636
    1644
    1678
    1674
    1663
    1629
    1642
    1716
    1628
    1733
    1563
    1593
    1554
    1579
    1608
    1688
    1622
    1671
    1648
    1661
    1706
    1729
    1703
    1707
    1693
    1693
    1703
    1627
    1699
    1671
    1667
    1662
    1638
    1691
    1638
    1637
    1669
    1660
    1637
    1682
    1661
    1722
    1708
    1686
    1670
    1621
    1635
    1653
    1663
    1721
    1629
    1709
    1735
    1721
    1686
    1681
    1685
    1631
    1791
    1751
    1664
    1659
    1647
    1718
    1679
    1709
    1665
    1700
    1687
    1719
    1739
    1699
    1686
    1626
    1731
    1672
    1806
    1668
    1710
    1698
    1669
    1776
    1784
    1766
    1756
    1685
    1661
    1714
    1799
    1731
    1815
    1734
    1756
    1737
    1701
    1847
    1795
    1769
    1793
    1810
    1796
    1880
    1986
    1949
    2013
    2027
    1866
    1852
    1871
    1801
    1852
    1801
    1807
    1834
    1866
    1763
    1841
    1769
    1814
    1785
    1823
    1821
    1779
    1831
    1790
    1796
    1919
    1813
    1837
    1903
    1889
    1891
    1860
    1835
    1857
    1977
    1860
    1826
    1814
    1900
    1867
    1904
    2050
    1881
    1988
    1904
    1919
    1923
    2019
    1965
    2307
    2730
    3414
    4041
    4433
    4346
    3911
    3186
    2541
    2224
    2039
    1922
    1995
    1908
    1898
    1947
    1917
    1943
    1948
    1987
    1942
    1958
    2038
    1917
    1940
    1928
    1988
    1893
    1987
    1959
    1900
    1958
    1919
    2005
    1904
    2010
    1975
    2002
    2045
    1982
    2029
    2026
    2028
    1980
    2043
    2060
    1947
    2035
    1978
    2100
    2049
    1985
    2008
    2031
    2039
    2022
    1981
    2116
    2061
    2151
    2075
    2161
    2019
    2072
    2146
    2118
    2095
    2134
    2139
    2107
    2231
    2156
    2305
    2385
    2454
    2637
    2587
    2486
    2383
    2226
    2160
    2178
    2238
    2167
    2266
    2112
    2171
    2219
    2160
    2134
    2171
    2169
    2228
    2268
    2209
    2289
    2221
    2183
    2241
    2221
    2298
    2228
    2238
    2250
    2151
    2244
    2211
    2279
    2320
    2291
    2308
    2314
    2327
    2260
    2274
    2300
    2334
    2322
    2287
    2293
    2392
    2364
    2378
    2372
    2386
    2364
    2361
    2374
    2487
    2591
    2579
    2703
    2919
    3770
    5770
    9180
   14632
   20536
   24920
   25401
   21830
   15554
    9917
    5814
    3700
    2716
    2424
    2341
    2239
    2309
    2314
    2310
    2323
    2259
    2256
    2288
    2244
    2247
    2274
    2367
    2318
    2274
    2365
    2250
    2308
    2362
    2266
    2429
    2315
    2323
    2361
    2361
    2374
    2361
    2381
    2446
    2387
    2452
    2361
    2460
    2401
    2425
    2459
    2438
    2471
    2376
    2339
    2466
    2481
    2549
    2544
    2514
    2501
    2448
    2575
    2547
    2511
    2538
    2503
    2534
    2511
    2474
    2579
    2624
    2605
    2663
    2583
    2621
    2629
    2553
    2680
    2707
    2754
    2683
    2641
    2685
    2735
    2755
    2713
    2751
    2769
    2797
    2691
    2842
    2729
    2862
    2809
    2785
    2796
    2865
    2818
    2871
    2869
    2902
    2833
    2920
    2933
    2980
    2848
    2952
    3054
    2942
    3009
    3069
    3114
    3038
    3150
    3068
    3069
    3104
    3072
    3026
    3146
    3160
    3088
    3178
    3160
    3238
    3159
    3226
    3218
    3403
    3429
    3556
    3763
    3721
    3747
    3707
    3516
    3422
    3348
    3312
    3348
    3185
    3327
    3245
    3376
    3373
    3405
    3455
    3474
    3443
    3436
    3380
    3404
    3381
    3383
    3440
    3350
    3496
    3599
    3576
    3509
    3558
    3591
    3571
    3561
    3438
    3515
    3381
    3398
    3474
    3383
    3379
    3394
    3322
    3419
    3514
    3398
    3389
    3412
    3338
    3491
    3526
    3531
    3416
    3347
    3466
    3438
    3448
    3488
    3430
    3456
    3680
    3432
    3415
    3495
    3471
    3661
    3578
    3498
    3349
    3531
    3511
    3457
    3468
    3466
    3353
    3489
    3360
    3585
    3396
    3458
    3504
    3448
    3310
    3508
    3453
    3589
    3387
    3527
    3486
    3490
    3491
    3511
    3484
    3451
    3452
    3435
    3577
    3483
    3597
    3460
    3643
    3418
    3575
    3551
    3544
    3537
    3540
    3508
    3544
    3679
    3756
    4142
    4554
    5031
    5449
    5631
    5360
    5041
    4639
    4184
    3816
    3819
    3785
    4002
    4164
    4300
    4515
    4420
    4335
    4265
    3912
    3864
    3673
    3770
    3674
    3697
    3715
    3859
    3932
    3969
    4241
    4242
    4543
    4429
    4327
    4200
    4062
    4025
    4200
    4936
    6336
    8704
   12105
   15547
   18849
   19401
   18033
   14582
   10600
    7808
    5635
    4539
    4035
    3922
    3799
    3777
    3789
    3673
    3712
    3612
    3602
    3508
    3672
    3537
    3646
    3606
    3558
    3644
    3721
    3596
    3644
    3646
    3677
    3690
    3580
    3764
    3850
    3646
    3700
    3750
    3817
    3787
    3821
    3965
    3807
    3957
    3851
    3762
    3936
    3768
    3836
    3827
    3800
    3766
    3794
    3891
    3812
    3932
    3841
    4141
    4083
    4154
    4132
    4278
    4065
    4188
    4200
    4052
    3966
    3984
    3968
    4157
    4190
    4204
    4433
    4911
    5540
    6888
    8531
   10548
   12298
   13245
   13119
   11774
    9871
    8009
    6343
    5314
    4636
    4518
    4284
    4170
    4105
    4066
    4056
    4077
    4085
    4102
    4003
    4020
    4138
    4216
    4306
    4318
    4411
    4600
    5060
    6309
    8951
   13346
   19790
   28033
   36103
   41938
   44454
   44044
   43503
   43410
   44068
   44033
   40184
   33842
   26691
   21023
   18157
   16903
   16742
   16202
   14639
   13071
   10626
    8536
    7327
    6802
    6350
    7030
    7980
   10391
   14266
   20727
   30509
   42732
   55383
   64705
   69269
   65131
   54969
   42279
   29524
   19661
   12871
    9085
    6911
    5812
    5327
    5174
    5262
    5423
    5785
    6110
    6190
    5929
    5766
    5449
    4987
    4524
    4274
    4008
    3979
    3899
    3858
    3932
    3922
    4008
    3973
    4039
    4074
    4123
    4267
    4466
    4661
    4849
    5145
    5683
    6388
    7312
    9355
   12830
   18588
   28642
   43820
   63295
   85787
  105322
  116306
  115094
  101794
   80801
   58522
   39090
   24750
   15929
   10415
    7514
    6317
    5635
    5021
    4632
    4210
    3913
    3796
    3628
    3466
    3507
    3274
    3212
    3220
    3159
    3035
    3001
    3021
    2985
    2983
    2835
    2944
    2949
    2877
    2879
    2834
    2859
    2883
    2724
    2923
    2748
    2844
    2877
    2885
    2754
    2850
    2840
    2949
    3175
    3285
    3664
    3972
    4248
    4133
    4180
    3733
    3533
    3194
    2865
    2823
    2683
    2736
    2721
    2714
    2791
    2735
    2736
    2882
    2834
    2791
    2838
    2853
    2781
    2899
    2768
    2876
    2824
    2788
    2770
    2932
    2958
    3222
    3322
    3641
    3947
    4292
    4400
    4547
    4445
    4270
    3963
    3708
    3980
    4425
    5034
    5482
    6113
    6117
    6004
    5263
    4806
    4268
    3737
    3378
    3181
    3050
    2989
    3033
    2980
    2854
    2962
    2902
    2937
    2930
    2869
    2890
    2870
    2916
    2971
    2960
    3092
    3115
    3062
    3196
    3187
    3214
    3152
    3169
    3132
    3149
    3383
    3496
    3712
    4143
    4484
    4711
    4842
    4950
    4751
    5122
    5463
    6101
    7027
    7976
    8541
    8782
    8354
    7433
    6312
    5301
    4746
    4308
    4250
    4519
    5048
    6265
    7996
   10413
   13371
   16404
   18762
   19867
   19575
   17695
   15487
   13224
   12195
   12721
   14909
   19592
   25128
   30895
   34592
   36039
   34072
   29247
   23118
   17589
   12514
    9314
    7098
    6003
    5277
    4716
    4499
    4227
    4017
    4006
    4444
    4904
    5864
    6753
    7504
    7665
    7150
    6504
    5362
    4582
    3805
    3444
    3207
    3135
    3129
    3093
    3132
    3309
    3513
    3814
    4529
    5415
    6889
    8409
   10423
   12091
   13680
   14333
   14802
   13591
   12138
   10151
    8255
    6600
    5888
    5150
    4991
    5288
    5471
    5384
    5116
    4708
    4078
    3425
    2788
    2257
    1916
    1658
    1504
    1447
    1475
    1458
    1460
    1461
    1385
    1452
    1510
    1420
    1440
    1496
    1416
    1433
    1447
    1360
    1398
    1334
    1392
    1390
    1440
    1420
    1422
    1314
    1366
    1451
    1415
    1396
    1362
    1368
    1341
    1406
    1428
    1380
    1369
    1442
    1397
    1430
    1381
    1351
    1378
    1370
    1394
    1355
    1340
    1366
    1380
    1398
    1344
    1414
    1374
    1429
    1371
    1466
    1466
    1423
    1400
    1462
    1455
    1524
    1665
    1818
    2046
    2222
    2372
    2455
    2424
    2173
    1950
    1744
    1619
    1466
    1451
    1431
    1402
    1385
    1345
    1283
    1335
    1338
    1371
    1342
    1367
    1399
    1396
    1291
    1316
    1350
    1359
    1373
    1354
    1346
    1326
    1341
    1341
    1353
    1345
    1342
    1342
    1338
    1308
    1326
    1376
    1329
    1342
    1345
    1314
    1420
    1409
    1327
    1462
    1337
    1348
    1332
    1407
    1372
    1394
    1371
    1359
    1417
    1350
    1451
    1356
    1347
    1409
    1377
    1341
    1297
    1315
    1302
    1376
    1360
    1283
    1343
    1316
    1330
    1318
    1348
    1343
    1320
    1365
    1295
    1280
    1339
    1342
    1348
    1310
    1324
    1350
    1435
    1406
    1277
    1298
    1332
    1343
    1353
    1292
    1337
    1270
    1282
    1330
    1290
    1310
    1319
    1340
    1223
    1277
    1326
    1314
    1377
    1333
    1252
    1312
    1338
    1332
    1311
    1263
    1257
    1316
    1355
    1299
    1348
    1308
    1304
    1303
    1317
    1299
    1345
    1333
    1282
    1222
    1266
    1273
    1261
    1308
    1299
    1315
    1311
    1274
    1387
    1431
    1448
    1513
    1504
    1478
    1480
    1474
    1329
    1414
    1230
    1309
    1322
    1327
    1311
    1283
    1266
    1255
    1335
    1309
    1367
    1243
    1250
    1298
    1286
    1378
    1298
    1302
    1263
    1285
    1232
    1353
    1314
    1258
    1320
    1261
    1279
    1358
    1308
    1368
    1296
    1387
    1289
    1292
    1322
    1332
    1358
    1363
    1251
    1218
    1272
    1300
    1289
    1249
    1271
    1272
    1296
    1328
    1304
    1261
    1338
    1374
    1390
    1343
    1277
    1354
    1355
    1257
    1354
    1244
    1318
    1331
    1320
    1264
    1236
    1274
    1290
    1265
    1269
    1243
    1210
    1269
    1295
    1273
    1298
    1269
    1306
    1279
    1272
    1301
    1243
    1298
    1204
    1271
    1289
    1323
    1246
    1263
    1246
    1273
    1336
    1241
    1234
    1306
    1195
    1261
    1292
    1168
    1245
    1256
    1247
    1256
    1268
    1263
    1277
    1269
    1206
    1283
    1312
    1263
    1257
    1305
    1279
    1318
    1318
    1300
    1295
    1445
    1438
    1530
    1559
    1561
    1535
    1405
    1443
    1325
    1274
    1301
    1203
    1251
    1255
    1267
    1202
    1267
    1233
    1224
    1214
    1288
    1217
    1210
    1217
    1243
    1208
    1267
    1221
    1277
    1281
    1260
    1260
    1300
    1421
    1420
    1633
    2126
    2966
    4195
    6228
    8795
   11756
   14210
   15913
   16146
   14908
   12703
    9903
    7426
    4844
    3205
    2214
    1600
    1320
    1275
    1192
    1210
    1213
    1184
    1235
    1195
    1305
    1189
    1182
    1190
    1232
    1210
    1199
    1174
    1219
    1215
    1177
    1230
    1248
    1161
    1280
    1171
    1211
    1250
    1226
    1183
    1146
    1120
    1202
    1217
    1134
    1185
    1116
    1173
    1193
    1130
    1171
    1165
    1262
    1180
    1199
    1174
    1186
    1231
    1236
    1237
    1230
    1150
    1185
    1135
    1139
    1147
    1132
    1117
    1094
    1190
    1124
    1099
    1191
    1146
    1170
    1181
    1175
    1208
    1139
    1156
    1228
    1191
    1158
    1143
    1131
    1192
    1207
    1174
    1151
    1245
    1181
    1188
    1160
    1181
    1183
    1182
    1186
    1188
    1288
    1267
    1271
    1261
    1183
    1181
    1208
    1169
    1125
    1178
    1172
    1192
    1202
    1124
    1192
    1161
    1180
    1160
    1220
    1253
    1152
    1190
    1198
    1166
    1227
    1182
    1265
    1153
    1174
    1231
    1221
    1130
    1145
    1120
    1073
    1123
    1089
    1172
    1164
    1130
    1166
    1114
    1134
    1177
    1162
    1156
    1171
    1140
    1128
    1190
    1110
    1197
    1178
    1181
    1128
    1143
    1195
    1103
    1177
    1133
    1158
    1224
    1151
    1216
    1122
    1153
    1212
    1132
    1174
    1175
    1128
    1188
    1206
    1146
    1157
    1120
    1260
    1192
    1146
    1123
    1175
    1171
    1194
    1176
    1186
    1124
    1183
    1160
    1149
    1147
    1163
    1197
    1113
    1106
    1184
    1147
    1151
    1120
    1174
    1158
    1142
    1164
    1183
    1184
    1152
    1144
    1191
    1235
    1126
    1132
    1098
    1124
    1152
    1157
    1146
    1067
    1149
    1153
    1157
    1119
    1116
    1094
    1207
    1143
    1137
    1098
    1076
    1119
    1097
    1111
    1148
    1155
    1167
    1126
    1163
    1128
    1200
    1090
    1080
    1188
    1128
    1144
    1175
    1165
    1148
    1159
    1085
    1169
    1142
    1109
    1122
    1103
    1186
    1158
    1201
    1154
    1276
    1465
    1749
    2178
    2999
    3995
    5107
    6468
    7390
    8607
    8487
    8230
    7211
    5990
    4602
    3487
    2455
    1885
    1472
    1231
    1159
    1172
    1070
    1105
    1121
    1162
    1076
    1107
    1090
    1083
    1103
    1123
    1089
    1121
    1105
    1107
    1132
    1055
    1085
    1067
    1090
    1120
    1073
    1108
    1086
    1154
    1031
    1126
    1079
    1097
    1093
    1040
    1097
    1074
    1072
    1064
    1088
    1137
    1108
    1109
    1075
    1046
    1078
    1101
    1102
    1053
    1139
    1114
    1129
    1049
    1078
    1095
    1122
    1072
    1115
    1130
    1052
    1129
    1078
    1073
    1077
    1150
    1098
    1086
    1052
    1079
    1146
    1092
    1074
    1082
    1099
    1106
    1080
    1117
    1106
    1064
    1084
    1130
    1078
    1136
    1035
    1078
    1128
    1076
    1079
    1122
    1052
    1109
    1045
    1052
    1111
    1111
    1096
    1065
    1054
    1069
    1060
    1050
    1093
    1114
    1032
    1073
    1062
    1115
     982
     962
    1094
    1007
    1117
    1047
    1078
    1113
    1069
    1084
    1043
    1073
    1110
    1101
    1137
    1100
    1107
    1050
    1082
    1089
    1087
    1089
    1098
    1126
    1070
    1040
    1074
    1085
    1056
    1101
    1060
    1096
    1072
    1101
    1113
    1141
    1068
    1103
    1133
    1079
    1098
    1103
    1087
    1147
    1119
    1093
    1071
    1097
    1115
    1123
    1224
    1147
    1195
    1190
    1165
    1125
    1168
    1139
    1106
    1097
    1073
    1100
    1010
    1040
    1118
    1073
    1046
    1085
    1118
    1082
    1155
    1123
    1109
    1078
    1104
    1081
    1102
    1033
    1087
    1038
    1051
    1113
    1091
    1066
    1095
    1016
    1082
    1058
    1078
     990
    1089
    1044
    1108
    1057
    1142
    1090
    1082
    1072
    1145
    1118
    1101
    1059
    1100
    1051
    1109
    1061
    1008
    1087
    1109
    1110
    1058
     992
    1052
    1028
    1063
     990
    1043
    1027
    1039
    1102
    1075
    1081
    1079
    1089
    1073
    1071
    1092
     978
    1078
    1067
    1092
    1087
    1137
    1108
    1127
    1205
    1278
    1283
    1434
    1470
    1590
    1646
    1702
    1555
    1538
    1430
    1371
    1282
    1244
    1231
    1166
    1134
    1141
    1130
    1091
    1078
    1180
    1105
    1083
    1004
    1020
    1122
    1118
    1024
    1059
    1003
    1048
    1127
    1137
    1197
    1301
    1383
    1716
    2250
    3550
    5728
    9867
   16269
   25441
   37348
   51860
   66840
   80377
   88465
   90908
   86671
   75913
   61370
   46392
   32316
   20803
   12509
    7081
    3944
    2279
    1464
    1069
     938
     852
     780
     787
     766
     777
     783
     811
     853
     859
     849
     791
     809
     830
     755
     859
     808
     781
     853
     809
     804
     791
     856
     789
     839
     864
     783
     895
     797
     833
     781
     849
     829
     851
     807
     822
     788
     799
     830
     775
     737
     844
     777
     768
     824
     861
     757
     808
     793
     826
     826
     827
     820
     777
     843
     862
     813
     807
     777
     837
     732
     813
     776
     814
     747
     806
     789
     788
     817
     849
     800
     795
     787
     717
     784
     786
     793
     773
     823
     809
     842
     834
     808
     786
     781
     816
     902
     815
     824
     815
     799
     752
     780
     806
     811
     806
     791
     788
     815
     790
     745
     834
     867
    1040
    1072
    1239
    1369
    1461
    1655
    1746
    1768
    1758
    1584
    1461
    1185
    1123
     944
     956
     810
     834
     792
     713
     720
     707
     762
     743
     773
     760
     739
     763
     725
     800
     802
     812
     812
     781
     781
     768
     834
     769
     772
     798
     786
     746
     719
     691
     746
     737
     752
     715
     729
     777
     752
     758
     734
     792
     765
     792
     768
     738
     798
     803
     779
     796
     800
     847
     792
     817
     792
     736
     801
     756
     696
     751
     764
     728
     742
     684
     768
     749
     762
     736
     774
     752
     767
     727
     797
     770
     759
     763
     742
     754
     746
     787
     755
     779
     822
     942
    1015
    1104
    1317
    1635
    1875
    2132
    2298
    2330
    2431
    2268
    2058
    1803
    1564
    1265
    1101
     972
     886
     780
     764
     766
     791
     792
     754
     724
     728
     747
     752
     772
     767
     737
     746
     804
     777
     774
     759
     818
     797
     776
     842
     892
    1045
    1265
    1456
    2220
    2900
    3942
    5249
    6455
    7665
    8388
    8579
    8659
    7612
    6706
    5309
    3928
    2893
    2101
    1544
    1156
     920
     836
     756
     794
     714
     669
     711
     737
     662
     724
     713
     696
     720
     741
     731
     646
     671
     718
     666
     697
     636
     683
     719
     731
     699
     685
     691
     683
     716
     677
     684
     710
     674
     673
     717
     700
     701
     714
     705
     702
     687
     675
     691
     703
     653
     685
     695
     695
     740
     716
     679
     672
     703
     609
     706
     700
     722
     675
     693
     694
     736
     690
     677
     691
     613
     729
     688
     702
     673
     696
     663
     616
     655
     658
     714
     665
     679
     661
     692
     692
     677
     673
     636
     643
     610
     721
     654
     640
     686
     751
     665
     651
     696
     682
     695
     688
     669
     642
     692
     614
     656
     641
     657
     647
     652
     645
     650
     663
     655
     671
     624
     675
     624
     707
     670
     607
     706
     640
     666
     664
     702
     690
     697
     688
     701
     678
     637
     694
     660
     646
     669
     686
     693
     683
     606
     626
     661
     649
     628
     670
     678
     659
     633
     650
     577
     615
     642
     607
     623
     606
     670
     688
     700
     678
     648
     656
     668
     669
     690
     703
     699
     683
     676
     691
     709
     605
     652
     660
     651
     649
     620
     704
     681
     648
     626
     603
     630
     610
     653
     661
     636
     560
     651
     652
     657
     632
     686
     630
     671
     650
     610
     639
     671
     669
     662
     620
     642
     697
     684
     672
     737
     798
     762
     825
     818
     779
     838
     772
     745
     731
     700
     718
     647
     627
     634
     684
     639
     598
     650
     623
     613
     587
     657
     603
     614
     612
     574
     615
     584
     633
     595
     653
     642
     628
     605
     615
     597
     608
     643
     633
     637
     652
     609
     617
     628
     614
     634
     664
     630
     589
     596
     594
     583
     574
     578
     632
     624
     580
     602
     578
     563
     594
     629
     630
     570
     642
     611
     607
     638
     672
     648
     687
     680
     694
     627
     647
     649
     639
     627
     664
     655
     696
     685
     689
     663
     632
     655
     613
     610
     599
     602
     622
     612
     593
     563
     588
     568
     584
     597
     584
     642
     633
     571
     597
     558
     647
     565
     553
     577
     600
     628
     597
     597
     563
     586
     567
     618
     568
     586
     546
     586
     605
     636
     600
     563
     568
     566
     614
     595
     584
     579
     555
     641
     587
     588
     588
     563
     586
     567
     585
     587
     607
     539
     631
     594
     633
     548
     591
     592
     590
     565
     567
     582
     594
     569
     590
     568
     630
     584
     567
     602
     558
     610
     562
     621
     628
     622
     611
     585
     631
     617
     612
     609
     590
     548
     532
     527
     605
     553
     593
     593
     529
     560
     549
     558
     551
     597
     558
     567
     580
     561
     555
     540
     569
     548
     528
     578
     577
     594
     587
     574
     550
     614
     561
     577
     580
     602
     580
     562
     571
     558
     525
     537
     528
     558
     588
     541
     550
     562
     578
     574
     556
     552
     539
     566
     579
     584
     547
     571
     602
     555
     573
     532
     615
     565
     538
     622
     596
     594
     584
     532
     591
     554
     550
     556
     564
     553
     540
     520
     519
     532
     510
     523
     550
     539
     552
     557
     606
     564
     530
     626
     601
     663
     646
     613
     643
     634
     628
     617
     574
     595
     546
     574
     519
     555
     530
     536
     571
     538
     569
     512
     507
     528
     553
     501
     571
     551
     501
     561
     535
     524
     513
     550
     522
     560
     516
     521
     563
     543
     526
     555
     550
     521
     545
     492
     553
     538
     545
     568
     544
     548
     553
     513
     507
     506
     528
     495
     533
     491
     522
     561
     527
     531
     535
     536
     538
     471
     540
     519
     561
     517
     570
     503
     530
     492
     515
     557
     562
     570
     535
     559
     544
     537
     640
     594
     575
     550
     597
     576
     550
     546
     535
     503
     510
     512
     508
     495
     525
     534
     532
     506
     514
     496
     492
     534
     519
     493
     498
     522
     550
     573
     558
     582
     525
     563
     590
     566
     562
     543
     517
     518
     527
     510
     518
     547
     525
     501
     561
     493
     519
     565
     535
     515
     481
     488
     492
     485
     481
     526
     546
     484
     496
     488
     500
     493
     477
     512
     494
     504
     500
     514
     502
     548
     509
     501
     526
     465
     510
     434
     478
     507
     478
     496
     486
     473
     536
     507
     478
     484
     466
     478
     492
     522
     525
     509
     469
     533
     454
     483
     501
     499
     507
     475
     481
     498
     556
     485
     480
     479
     489
     528
     492
     509
     518
     456
     482
     484
     506
     504
     497
     476
     521
     468
     486
     463
     489
     492
     471
     454
     471
     464
     438
     477
     502
     497
     525
     513
     483
     489
     489
     500
     458
     504
     490
     482
     478
     498
     541
     598
     609
     696
     794
     881
     954
    1074
    1036
    1083
    1024
     975
     907
     805
     748
     690
     596
     578
     510
     498
     479
     476
     498
     432
     506
     452
     440
     519
     491
     427
     462
     486
     484
     433
     468
     476
     485
     457
     454
     463
     483
     465
     492
     472
     446
     450
     503
     448
     462
     461
     513
     482
     453
     472
     506
     498
     482
     471
     473
     460
     489
     485
     440
     481
     467
     499
     474
     486
     481
     477
     439
     439
     485
     448
     442
     508
     428
     451
     445
     488
     446
     442
     439
     440
     432
     462
     456
     480
     440
     439
     483
     469
     429
     462
     484
     451
     477
     442
     436
     505
     465
     462
     496
     463
     484
     452
     510
     503
     448
     414
     485
     428
     462
     447
     474
     439
     476
     443
     467
     462
     481
     456
     463
     442
     449
     458
     453
     443
     433
     432
     453
     457
     416
     464
     444
     455
     456
     419
     485
     447
     445
     443
     418
     486
     427
     432
     417
     467
     454
     478
     445
     481
     441
     431
     417
     453
     445
     449
     472
     484
     484
     432
     428
     442
     455
     453
     461
     472
     434
     467
     453
     454
     456
     475
     449
     456
     466
     446
     469
     437
     426
     433
     441
     430
     428
     436
     480
     472
     469
     479
     445
     451
     442
     430
     451
     444
     449
     479
     453
     425
     462
     457
     445
     465
     440
     430
     440
     441
     446
     494
     433
     435
     441
     425
     472
     452
     424
     428
     468
     404
     412
     401
     386
     443
     453
     432
     432
     463
     422
     429
     450
     433
     409
     404
     459
     438
     462
     454
     486
     496
     481
     492
     431
     457
     485
     413
     471
     401
     408
     462
     404
     397
     469
     427
     406
     428
     392
     454
     460
     452
     405
     410
     422
     409
     394
     423
     428
     446
     418
     424
     423
     442
     443
     449
     443
     437
     418
     432
     427
     440
     456
     483
     482
     453
     508
     455
     435
     483
     460
     426
     462
     447
     452
     467
     455
     440
     440
     448
     424
     456
     443
     443
     442
     439
     440
     414
     438
     412
     403
     443
     456
     452
     442
     381
     399
     421
     421
     394
     398
     397
     431
     425
     398
     415
     423
     425
     397
     422
     384
     432
     409
     418
     433
     418
     426
     419
     458
     447
     439
     398
     429
     409
     405
     414
     431
     428
     430
     410
     452
     428
     421
     460
     428
     406
     465
     433
     480
     444
     460
     411
     423
     398
     427
     433
     380
     399
     422
     410
     383
     385
     401
     389
     435
     406
     359
     411
     404
     411
     373
     421
     372
     405
     428
     404
     399
     375
     393
     395
     377
     395
     413
     380
     404
     404
     402
     391
     434
     431
     401
     388
     351
     392
     383
     413
     391
     414
     399
     411
     387
     433
     387
     397
     404
     356
     363
     403
     398
     370
     358
     382
     403
     404
     395
     357
     412
     385
     405
     409
     359
     421
     352
     400
     401
     407
     361
     407
     441
     380
     422
     383
     371
     399
     362
     405
     375
     410
     423
     403
     398
     391
     425
     415
     432
     439
     391
     413
     392
     452
     400
     421
     401
     366
     388
     426
     360
     399
     387
     376
     372
     409
     375
     383
     409
     387
     397
     401
     371
     441
     397
     432
     367
     456
     429
     391
     401
     419
     400
     413
     378
     381
     359
     396
     380
     380
     377
     334
     390
     378
     349
     425
     366
     405
     386
     394
     376
     395
     362
     340
     366
     372
     400
     386
     375
     390
     366
     408
     382
     405
     409
     350
     389
     382
     364
     368
     415
     362
     392
     337
     363
     349
     377
     362
     353
     423
     370
     392
     354
     335
     383
     363
     359
     386
     349
     367
     362
     398
     384
     366
     356
     380
     379
     370
     372
     388
     388
     363
     356
     389
     355
     371
     390
     373
     409
     419
     378
     355
     377
     370
     353
     378
     363
     385
     363
     406
     364
     380
     363
     356
     358
     392
     361
     324
     343
     326
     366
     372
     387
     378
     363
     369
     332
     380
     383
     366
     381
     344
     381
     343
     356
     403
     336
     386
     364
     321
     348
     370
     389
     330
     316
     318
     350
     341
     345
     349
     220
       0
       0
       0
       0
       0
       0
       0
       0
       0
       0
       0
       0
       0
       0
       0
       0
       0
       0
       0
       0
       0
       0
       0
       0
       0
       0
       0
       0
       0
       0
       0
       0
       0
       0
       0
       0
       0
       0
       0
       0
       0
       0
       0
       0
       0
       0
       0
$ENER_FIT:
0.000000 0.075000
$PRESETS:
Live Time (sec)
1633
0
$RT:
1800.000000
$DT:
167000
$ISO_DECL_U:
SMPLNAM: IDB-418
SEPDATE: 01/01/1900 00:00:00
U234: 0.0279 
DU234: 1.4337
U235: 2.9492 
DU235: 0.0712
U236: 0.0033 
DU236: 6.0606
U238: 97.0196 
DU238: 0.0030
$ADC:
4096
0
4095