$APPLICATION_ID:
IDB v.1.0
$SPEC_REM:
Material type: U
Material form: Unknown
Material compound: Unknown
U isotopics:
234U Unknown
235U Unknown
236U Unknown
238U Unknown
Detector: HPGe (Geometry: Coaxial, Size: 120% RE coaxial detector, ORTEC GEM)
MCA: DigiDart
$DATE_MEA:
06/14/2004 18:22:00
$MEAS_TIM:
68396 76521
$DATA:
0 8191
       0
       0
       0
       0
       0
       0
       0
       0
       0
       0
       0
       0
       0
       0
       0
       0
       0
       0
       0
       0
       0
       0
       0
       0
       0
       0
       0
       0
       0
       0
       0
       0
       0
       0
       0
       0
       0
       0
       0
       0
       0
       0
       0
       0
       0
       0
       0
       0
       0
       0
       0
       0
       0
       0
       0
       0
       0
       0
       0
       0
       0
       0
       0
       0
       0
       0
       0
       0
       0
       0
       0
       0
       0
       0
       0
       0
       0
       0
       0
       0
       0
       0
       0
       0
       0
       0
       0
       0
       0
       0
       0
       0
       0
       0
       0
       0
       0
       0
       0
       0
       0
       0
       0
       0
       0
       0
       0
       0
       0
       0
       0
       0
       0
       0
       0
       0
       0
       0
       0
       0
       0
       0
       0
       0
       0
       0
       0
       0
       0
       0
       0
       0
       0
       0
       0
       0
       0
       0
       0
       0
       0
       0
       0
       0
       0
       0
       0
       0
       0
       0
       0
       0
       0
       0
       0
       0
       0
       0
       0
       0
       0
       0
       0
       0
       0
       0
       0
       0
       0
       0
       0
       0
       0
       0
       0
       0
       0
       0
       0
       0
       0
       0
       0
       0
       0
       0
       0
       0
       0
       0
       0
       0
       0
       0
       0
       0
       0
       0
       0
       0
       0
       0
       0
       0
       0
       0
       0
       0
       0
       0
       0
       0
       0
       0
       0
       0
       0
       0
       0
       0
       0
       0
       0
       0
       0
       0
       0
       0
       0
       0
       0
       0
       0
       0
       0
       0
       0
       0
       0
       0
       0
       0
       0
       0
       0
      12
     199
    1052
    4882
   13700
   25226
   29665
   29335
   29424
   29252
   29559
   29449
   29343
   29293
   29292
   29126
   29201
   28990
   28957
   29033
   28954
   28813
   29012
   28821
   28888
   28817
   28720
   28657
   28569
   28583
   28421
   28659
   28493
   28375
   28264
   28471
   28125
   28299
   27925
   28050
   28082
   28228
   28120
   28254
   28311
   27978
   28114
   27895
   27936
   27874
   27932
   27672
   27980
   27945
   27837
   27507
   27542
   27918
   27732
   27695
   27723
   27511
   27568
   27537
   27423
   27446
   27276
   27301
   27397
   27518
   27293
   27671
   27451
   27671
   27703
   27681
   27400
   27497
   27200
   27174
   26658
   27086
   26836
   27058
   27308
   26883
   26855
   27016
   27146
   27016
   26603
   26954
   26937
   27228
   27048
   27254
   27196
   26821
   26854
   26731
   26800
   26613
   26388
   26353
   26281
   26369
   26555
   26250
   26500
   26488
   26148
   26394
   26566
   26340
   26232
   26551
   26038
   26383
   26334
   26300
   26504
   26136
   26271
   26239
   26298
   26243
   26150
   26307
   26489
   25966
   26011
   26289
   26300
   25987
   26059
   26308
   26095
   26226
   26254
   26138
   26134
   25589
   26127
   25967
   26006
   25712
   25654
   25602
   26033
   25901
   26175
   26085
   25908
   26203
   26372
   26112
   26142
   26074
   26080
   25788
   25994
   26254
   26271
   25859
   26039
   26265
   26405
   26025
   26064
   26341
   26161
   26033
   26358
   26243
   26252
   26329
   26601
   26270
   26844
   26497
   26802
   26827
   26683
   27125
   26960
   27420
   27045
   27552
   27959
   27898
   28317
   28501
   28461
   28299
   28286
   27865
   28046
   27593
   27561
   27016
   27192
   27092
   27220
   27156
   27340
   27523
   27401
   27211
   27649
   27626
   27543
   27494
   27429
   27573
   27844
   27878
   28044
   28248
   27992
   28212
   28168
   28386
   28112
   28850
   29034
   29145
   29528
   29516
   30025
   30717
   30788
   31187
   31016
   30577
   30401
   30719
   30237
   29736
   29807
   30264
   29824
   29885
   29860
   30071
   30058
   30304
   30273
   30604
   30415
   30842
   30781
   31032
   31139
   30963
   31351
   31399
   31970
   32299
   32275
   32213
   32196
   32693
   32700
   32572
   32585
   32784
   32980
   33126
   33293
   33032
   33165
   33760
   33662
   33835
   34242
   34434
   34648
   34929
   35162
   35584
   35701
   36473
   36270
   36629
   36972
   37139
   37151
   37018
   36958
   37424
   37366
   37613
   37659
   37859
   37981
   38268
   38400
   38555
   38789
   39246
   39243
   39413
   39474
   39597
   39805
   39989
   40180
   40287
   40414
   40655
   40691
   40733
   40978
   41389
   41954
   41640
   42235
   42453
   42933
   43101
   43348
   43682
   44041
   44434
   45115
   45844
   46470
   47577
   48668
   50103
   51157
   52915
   55003
   57755
   59969
   61990
   63551
   64745
   64533
   63041
   61165
   59372
   57293
   56252
   55335
   56542
   59211
   63048
   68725
   76068
   83836
   92458
   99389
  104056
  105925
  104015
   98506
   91440
   82108
   73703
   66724
   61307
   58577
   57928
   58841
   61803
   66893
   73380
   79680
   85675
   90620
   92877
   92702
   89617
   84566
   77315
   70396
   64225
   59115
   55583
   53442
   52596
   52990
   53476
   54421
   55763
   56881
   57997
   58557
   58256
   57290
   56480
   55057
   53391
   52604
   51519
   50793
   50302
   50436
   50695
   52062
   52679
   53256
   55090
   55901
   56845
   57712
   57572
   57561
   57358
   56363
   55349
   55289
   54410
   54679
   55480
   55556
   56928
   58014
   59016
   59620
   60590
   61346
   62282
   63553
   65209
   66818
   69901
   74237
   79346
   84719
   92158
  100761
  109916
  119971
  130252
  139084
  145950
  148256
  147434
  144243
  137201
  129596
  122154
  115680
  108868
  104200
   99823
   96670
   95175
   93277
   93386
   94398
   97151
  100129
  106340
  115547
  127610
  143027
  159764
  177373
  189172
  196294
  193937
  184193
  169045
  148749
  127796
  110216
   96325
   86595
   80145
   76568
   74648
   73224
   70760
   67959
   64990
   61994
   59096
   55944
   54159
   52624
   51579
   51602
   51118
   51401
   52066
   52383
   53169
   53450
   54574
   55397
   57135
   58046
   59496
   61811
   64763
   67730
   70662
   73419
   75543
   76284
   77315
   78829
   80527
   83586
   88653
   95027
  101497
  107777
  112459
  113381
  111549
  104692
   97122
   87504
   78382
   70458
   65143
   61611
   59319
   59199
   60749
   63115
   67659
   72423
   79660
   86670
   94785
  101737
  107163
  110573
  111747
  111194
  112465
  115917
  122113
  130246
  141625
  152550
  161354
  165764
  164627
  157792
  147863
  137112
  126404
  119128
  116301
  114990
  115806
  118542
  119359
  119476
  117826
  113557
  105172
   96842
   85861
   76498
   67487
   60228
   54439
   50577
   48013
   45889
   44859
   44389
   44627
   44953
   46163
   47893
   50014
   52676
   56006
   58598
   61529
   63298
   63455
   62799
   61806
   59626
   57889
   55372
   52945
   51557
   49876
   48517
   48619
   47809
   47766
   47497
   48357
   49148
   49214
   50285
   50130
   50945
   50949
   51036
   50315
   48943
   48391
   47746
   47383
   47478
   47971
   48710
   50239
   50702
   51533
   51319
   51268
   50077
   49367
   48732
   47721
   48030
   47619
   47992
   48833
   48953
   49182
   49213
   48735
   48272
   48085
   47850
   48147
   49248
   50951
   53197
   55837
   59284
   63614
   67373
   71645
   75170
   79232
   81735
   86010
   88929
   90912
   93153
   92302
   89514
   85661
   79973
   73122
   66336
   59970
   55318
   50624
   48133
   45811
   44115
   43113
   43519
   43166
   43051
   43853
   44488
   45577
   47400
   49451
   51932
   54740
   56968
   59366
   60919
   61985
   61864
   61481
   60290
   58101
   56797
   54050
   52424
   50282
   47785
   45831
   44359
   43697
   43287
   43968
   44982
   46267
   48548
   50574
   52609
   53898
   54113
   53823
   52710
   50848
   48118
   46714
   44737
   43672
   42830
   42893
   43335
   44349
   44558
   45298
   45755
   45454
   45032
   44363
   44134
   42875
   42399
   42437
   42297
   42769
   42888
   43258
   44128
   44581
   45082
   45484
   44736
   44462
   43726
   43471
   41882
   42146
   41283
   41164
   40490
   40580
   40714
   40869
   40986
   41244
   41418
   41779
   42811
   43095
   43025
   44277
   44719
   45223
   45750
   46950
   48439
   49817
   50771
   51570
   52654
   52958
   52234
   51210
   50326
   48488
   47191
   45879
   44553
   43660
   43142
   42788
   42701
   42937
   42464
   42272
   42852
   42452
   42447
   42510
   42569
   42192
   42276
   42748
   42482
   41836
   42112
   42340
   42368
   41846
   42443
   42329
   42034
   42061
   42426
   42586
   42395
   42557
   42590
   42060
   42224
   41952
   41920
   41677
   41910
   42021
   41804
   41960
   42047
   42266
   41858
   42368
   42301
   42261
   42891
   43228
   44010
   44384
   44662
   44637
   44502
   44357
   43909
   43645
   43052
   42595
   42033
   42149
   41338
   41266
   41340
   41194
   41321
   41163
   41323
   41259
   41725
   41349
   41673
   41735
   42093
   42402
   43531
   43652
   44418
   44645
   45311
   45065
   45622
   44682
   44361
   44028
   43966
   43934
   44335
   45027
   46296
   48047
   49355
   50560
   50945
   50115
   49408
   48299
   46549
   44602
   43614
   42294
   41817
   40657
   40459
   40190
   40088
   39516
   39775
   39782
   39962
   39885
   39856
   39959
   40111
   40195
   39752
   39990
   39984
   40092
   40250
   40009
   40110
   39893
   40327
   40324
   39578
   39901
   39540
   39982
   40137
   40093
   39923
   40314
   41001
   40887
   41323
   42178
   42320
   42814
   43577
   43605
   43817
   43864
   43086
   42521
   41788
   41917
   41259
   41184
   40635
   40953
   41400
   41744
   41943
   42636
   43279
   44189
   44892
   45796
   46082
   47047
   47679
   48559
   49769
   51499
   52604
   53840
   54604
   54891
   53982
   52916
   50950
   48895
   47382
   45947
   45526
   45730
   45941
   47157
   48672
   49838
   50062
   49942
   49555
   48100
   47188
   45888
   44217
   42930
   41848
   42329
   42097
   42390
   43386
   44316
   45565
   46279
   46844
   46456
   46054
   44829
   43944
   42833
   41508
   40268
   39479
   39241
   38673
   38603
   38795
   38155
   38120
   38560
   38235
   38394
   38301
   38921
   38508
   38782
   39128
   39223
   39238
   39616
   40542
   40969
   41941
   42985
   44041
   45411
   46610
   47931
   47985
   47424
   47085
   46016
   45327
   43887
   42197
   41134
   40995
   41003
   41566
   42985
   44165
   45868
   48126
   49395
   51207
   51793
   51742
   50966
   49990
   49153
   47015
   45803
   44533
   43664
   42894
   41304
   41051
   40041
   39293
   39523
   39103
   38463
   38660
   38591
   38302
   38163
   38192
   38179
   37922
   38185
   38132
   38096
   38112
   38204
   38061
   38601
   38498
   38524
   38913
   38519
   38634
   38776
   38764
   38810
   38911
   38844
   39219
   39425
   38994
   39810
   39357
   39518
   39780
   39796
   40084
   39935
   40258
   40088
   40310
   40414
   41119
   41669
   42815
   43851
   45834
   48107
   50432
   52949
   55245
   57135
   57674
   57291
   55641
   53912
   51872
   49161
   46853
   45593
   44073
   43302
   42042
   41898
   42087
   42103
   42278
   42182
   42858
   43023
   43036
   42647
   42939
   42725
   42836
   42360
   41340
   41305
   41169
   40173
   40831
   40613
   40456
   40558
   40488
   40495
   40582
   40101
   40683
   40569
   40256
   40431
   40570
   40869
   40646
   40501
   40395
   40647
   40925
   40747
   40638
   41166
   41326
   41270
   41183
   41380
   41499
   41470
   41331
   41799
   41922
   41865
   41448
   41045
   42044
   41751
   41700
   41982
   41803
   41520
   41629
   41563
   41606
   41691
   41031
   41095
   40911
   40935
   40974
   40758
   40833
   40991
   40616
   40400
   40755
   40614
   40151
   40916
   40324
   40365
   40567
   40543
   40759
   40768
   40821
   40705
   40350
   40716
   40747
   41065
   40591
   41060
   41112
   40633
   40645
   41262
   41064
   40889
   41090
   40901
   40945
   40674
   41171
   41035
   41383
   41218
   41696
   41636
   41600
   42225
   42432
   43314
   43418
   43630
   43736
   43503
   43180
   42695
   42246
   41763
   41398
   41032
   40852
   40543
   40517
   40650
   40793
   40442
   40250
   40352
   40390
   40360
   40703
   40365
   40253
   40395
   40277
   40518
   40758
   40594
   40708
   40972
   41075
   41241
   41700
   41744
   41891
   42060
   41537
   41649
   41444
   40942
   40737
   40650
   40495
   40338
   40236
   40498
   40351
   40481
   40695
   40632
   40254
   40277
   40816
   40727
   40337
   40208
   40568
   40712
   41113
   41427
   42317
   43757
   45235
   46982
   48937
   51213
   52491
   52745
   53359
   51708
   50276
   48610
   46796
   44469
   43012
   41267
   40753
   40358
   40043
   39629
   38977
   39272
   39052
   39372
   38956
   39366
   38984
   39145
   39304
   39062
   39139
   39331
   39576
   38874
   39374
   39123
   39095
   39349
   39953
   39800
   41020
   41647
   44481
   47170
   51900
   57896
   65241
   73970
   83317
   92429
   99010
  102414
  102695
   99308
   92442
   83674
   73231
   64596
   56654
   50482
   45718
   42375
   40938
   39694
   39167
   39157
   39205
   39507
   39756
   39837
   40068
   39680
   39474
   39296
   39195
   38438
   38380
   38192
   37954
   38436
   38290
   38212
   38142
   38586
   38239
   37875
   38161
   38367
   38146
   38102
   37993
   38096
   37716
   37492
   37273
   37185
   37354
   37316
   37377
   37217
   37284
   37191
   37169
   37432
   37834
   37583
   37509
   37849
   38055
   37968
   38157
   38222
   37753
   37506
   37774
   37189
   37168
   37111
   37151
   36667
   37053
   36722
   36716
   36753
   36737
   36717
   37021
   36570
   36844
   36896
   36887
   37327
   37679
   38201
   39034
   39718
   41217
   42408
   43397
   45112
   45593
   44841
   45329
   44133
   43166
   41775
   40642
   39022
   38452
   37545
   37033
   36937
   36651
   36562
   36489
   36587
   36631
   36277
   36604
   36701
   37042
   38121
   38468
   39406
   40924
   41718
   43347
   44107
   44586
   44637
   44238
   43745
   42570
   40886
   40252
   39112
   38618
   38818
   38264
   39019
   40531
   42830
   45898
   49580
   54602
   61166
   67625
   74271
   80208
   84095
   84865
   85185
   80690
   74688
   67997
   60989
   54222
   48486
   44331
   41368
   38898
   37158
   36230
   36252
   35526
   35132
   35273
   35300
   35212
   34881
   34993
   34862
   34959
   35019
   34875
   35492
   35418
   35754
   35717
   36250
   36850
   36968
   37667
   38176
   38627
   38960
   39792
   40115
   40798
   41195
   42154
   43133
   44261
   45905
   47344
   50176
   53807
   58983
   65190
   74101
   85368
  100335
  119176
  141492
  164791
  189184
  210905
  224331
  229636
  223122
  207707
  183883
  156896
  128754
  101883
   81274
   64352
   51982
   44458
   38716
   36358
   34278
   33267
   32753
   32798
   32537
   32533
   32492
   32205
   32445
   32396
   32516
   32223
   32279
   32616
   32350
   32213
   32331
   32153
   32189
   32340
   31982
   31957
   31549
   32463
   32059
   32267
   32268
   32009
   32397
   32041
   31729
   32208
   32626
   32495
   32987
   32896
   33307
   33537
   33950
   34486
   34027
   34312
   34471
   34027
   34025
   33810
   33118
   33007
   32886
   32343
   32527
   32535
   31981
   32514
   32204
   31989
   31679
   31982
   31838
   31985
   31803
   32125
   31962
   31904
   32081
   31586
   31892
   31754
   31641
   31929
   31824
   31832
   31976
   31502
   31928
   31960
   31454
   31760
   32105
   32019
   31945
   31918
   32411
   32330
   32224
   32347
   31985
   31708
   32320
   32178
   32112
   31973
   32020
   32418
   32315
   32161
   32324
   32038
   32082
   32068
   32364
   32128
   32422
   32755
   32716
   33012
   33395
   33425
   33185
   33421
   33724
   33567
   32935
   33108
   32715
   32859
   32487
   32829
   32384
   32460
   32444
   32361
   32298
   32712
   32755
   33004
   33276
   33800
   34294
   34336
   35073
   36000
   36317
   35864
   36493
   36390
   37189
   38513
   41991
   46863
   55331
   69992
   91927
  124872
  169838
  225524
  293408
  365748
  438445
  498742
  540878
  554708
  541540
  499668
  438297
  364726
  289804
  221835
  163629
  118635
   87530
   67326
   56206
   52497
   52923
   56228
   62282
   67630
   73116
   75073
   76479
   74731
   69603
   63726
   56770
   50266
   43859
   39087
   35411
   32450
   30605
   29428
   28638
   28429
   28044
   27946
   27313
   27593
   26929
   26498
   26577
   26607
   26553
   26803
   27292
   27731
   28185
   29664
   30904
   33447
   35319
   38079
   39736
   41853
   42858
   42827
   42216
   40361
   38460
   36120
   33530
   31461
   29809
   28430
   27387
   26802
   26159
   26074
   26299
   26066
   26229
   26090
   26337
   26951
   27137
   27738
   28878
   29657
   30599
   31082
   32088
   32651
   32745
   32087
   31428
   30558
   29716
   28632
   27937
   27373
   26675
   26394
   26219
   25787
   25780
   25690
   25718
   25564
   25728
   25730
   25969
   25735
   25932
   26089
   26236
   26820
   27474
   28206
   28874
   29408
   30557
   31078
   31112
   31515
   31199
   31367
   30724
   30341
   30003
   29535
   28585
   28461
   27776
   27708
   27112
   26386
   25985
   25978
   25646
   25708
   25381
   25424
   25407
   25434
   25198
   25461
   25479
   25448
   25536
   25513
   25442
   25393
   25223
   25132
   25644
   25361
   25284
   25162
   25734
   25560
   25793
   25646
   25913
   26020
   25861
   26267
   25822
   25895
   25958
   25926
   25910
   26368
   26056
   26160
   26021
   26530
   26506
   26228
   26490
   26281
   25782
   25935
   25577
   25831
   25788
   25809
   25782
   25669
   25786
   25942
   25364
   26018
   25929
   26228
   26315
   26688
   26379
   26514
   26279
   26166
   26365
   25931
   25728
   25787
   25314
   25172
   25213
   24952
   24889
   24900
   24870
   24969
   24968
   25073
   24638
   25311
   24933
   25105
   25090
   24927
   25309
   25005
   25170
   24983
   24847
   25083
   24902
   25005
   24846
   25014
   24856
   24739
   24828
   24717
   25061
   24927
   24909
   24786
   25152
   24919
   24611
   24720
   25058
   25401
   25323
   25326
   25467
   25948
   25841
   26047
   26133
   25866
   26087
   25873
   25960
   25569
   25644
   25247
   24923
   25071
   25062
   25278
   25147
   24947
   25109
   25028
   24867
   24913
   24757
   24689
   24802
   24847
   24642
   24867
   24583
   24972
   24890
   24516
   25003
   25049
   24863
   25010
   24866
   25211
   24921
   25049
   24580
   24768
   24752
   24781
   24689
   24599
   25013
   24919
   25285
   25612
   26172
   26285
   26566
   26648
   26613
   26612
   26329
   25779
   25293
   25311
   25087
   25067
   25049
   25757
   26411
   27205
   29383
   31555
   34902
   38776
   43507
   47804
   52224
   55429
   57708
   58467
   57107
   54688
   51767
   47258
   43458
   39054
   35662
   32517
   30618
   28246
   26992
   25694
   25060
   24371
   23931
   23602
   23469
   23064
   22851
   23070
   22581
   22360
   22874
   22485
   22258
   22181
   22230
   22024
   22216
   22282
   22208
   21935
   22287
   22082
   22292
   22085
   21941
   22271
   22179
   21907
   22112
   22084
   22142
   22023
   21902
   21569
   21817
   21779
   21955
   21713
   21685
   21783
   21852
   21871
   21814
   21394
   21427
   21871
   21772
   21682
   21534
   21704
   21451
   21485
   21594
   21455
   21426
   21090
   21436
   21347
   21373
   21383
   21720
   21344
   21704
   22639
   22995
   23892
   24977
   26032
   27332
   28532
   29646
   30459
   30925
   30282
   29699
   28430
   27717
   26189
   25077
   24045
   23091
   22570
   22068
   22054
   21604
   21818
   22130
   22597
   23492
   24355
   26345
   28505
   31371
   35088
   38893
   42537
   46160
   48792
   49967
   49440
   48247
   45310
   42473
   39354
   36414
   34335
   32766
   31583
   31283
   30859
   30564
   29865
   28856
   27762
   26584
   25215
   24291
   23502
   22532
   22268
   21544
   21417
   21566
   21526
   21378
   21184
   21347
   21281
   21489
   21398
   21140
   21152
   21060
   20789
   20983
   20869
   20516
   20356
   20161
   20213
   20376
   20293
   20074
   20229
   20081
   20297
   20257
   20234
   20114
   20185
   20036
   20285
   20355
   20651
   20448
   20693
   21285
   22394
   23723
   25797
   28476
   32409
   37483
   43561
   50292
   56307
   62225
   66648
   68695
   67668
   64334
   59749
   53737
   46982
   40185
   34734
   29788
   25928
   23771
   22092
   20965
   20390
   19813
   19804
   19687
   19602
   19549
   19629
   19732
   19649
   19755
   19631
   19922
   19630
   19424
   19496
   19799
   19630
   19488
   19531
   19004
   19091
   19390
   19282
   19101
   19267
   19202
   19072
   19395
   18933
   19054
   19114
   19268
   19067
   19178
   19091
   18882
   19411
   19111
   19102
   18973
   19056
   19171
   18877
   19358
   19182
   19151
   19086
   18999
   19058
   19050
   18777
   19179
   19183
   19030
   18734
   19076
   19185
   19187
   19236
   19443
   19496
   19530
   19288
   19604
   19505
   19553
   19402
   19217
   19015
   19340
   19290
   19280
   19167
   19062
   19180
   19217
   18870
   18922
   18919
   18819
   19061
   18736
   18800
   18649
   18802
   18861
   18836
   18789
   18839
   18953
   18640
   18686
   19025
   18755
   18878
   18843
   18515
   18762
   18894
   18800
   18833
   19024
   18619
   18667
   18817
   18583
   18860
   18645
   19003
   19154
   19470
   19900
   20778
   22076
   23678
   26546
   30206
   34450
   40310
   45763
   51824
   57077
   60406
   62515
   62860
   60504
   56008
   50104
   44714
   38618
   33187
   28948
   25604
   22926
   21147
   20158
   19311
   18903
   19124
   19261
   19372
   20270
   21260
   22658
   24284
   26333
   28348
   30504
   32697
   34079
   35156
   34625
   33390
   32422
   30232
   27920
   25714
   23870
   22090
   20791
   20027
   19351
   19094
   18953
   19085
   19390
   19830
   20660
   21157
   22537
   23349
   24032
   25356
   25704
   25826
   25651
   25285
   24542
   23789
   22781
   21734
   21101
   20189
   19483
   19071
   18698
   18418
   18173
   18292
   18069
   17871
   17988
   17987
   17925
   18066
   17864
   17827
   17801
   17971
   17893
   18143
   18294
   18077
   18523
   18754
   19245
   19580
   19893
   19680
   20092
   20146
   20251
   20014
   20098
   19722
   19417
   18987
   18756
   18620
   18332
   18364
   18233
   18051
   17818
   17894
   17801
   17777
   17835
   17874
   17779
   17821
   17792
   18037
   17822
   17873
   17939
   17744
   17626
   17602
   17814
   17821
   17807
   17817
   17843
   17622
   17629
   17901
   17647
   17687
   17810
   17746
   17821
   17789
   17574
   17554
   17828
   17565
   17473
   17582
   17780
   17667
   17805
   17556
   17568
   17895
   17973
   17870
   17677
   17907
   18117
   18582
   18290
   18816
   19074
   19646
   20039
   20580
   20548
   21015
   20949
   20649
   20543
   20069
   19847
   19469
   18943
   18765
   18437
   18254
   18156
   18362
   18058
   18197
   18356
   18032
   18008
   18002
   17650
   17672
   17482
   17483
   17387
   17274
   17491
   17057
   17206
   17031
   17321
   17336
   16928
   17014
   16924
   17233
   17222
   16952
   17072
   16940
   17145
   17043
   17012
   16933
   17113
   16861
   16948
   16888
   16775
   16691
   16946
   16781
   16963
   16786
   16845
   16961
   16886
   16785
   16897
   16667
   16497
   16776
   16780
   16657
   16813
   16796
   16589
   16720
   16688
   16752
   16536
   16666
   16655
   16901
   16785
   16602
   16471
   16863
   16634
   16694
   16529
   16312
   16525
   16368
   16479
   16734
   16381
   16710
   16536
   16551
   16725
   16337
   16498
   16768
   16782
   16531
   16443
   16558
   16488
   16604
   16361
   16911
   16635
   16306
   16389
   16360
   16573
   16593
   16543
   16363
   16632
   16524
   16676
   16762
   16762
   16809
   17062
   17124
   17315
   17335
   17826
   18055
   18156
   18485
   18586
   18458
   18235
   18048
   17733
   17572
   17295
   17241
   16762
   16941
   16669
   16503
   16598
   16623
   16430
   16638
   16905
   16812
   16692
   16765
   16716
   16513
   16579
   16490
   16340
   16387
   16297
   16328
   16316
   16000
   16051
   16430
   16197
   16495
   16217
   16531
   16399
   16264
   16424
   16336
   16218
   16058
   16225
   16138
   16132
   16435
   16614
   16311
   16412
   16188
   16286
   16413
   16213
   16233
   16475
   16482
   16769
   16807
   16677
   16951
   16941
   17155
   17465
   17251
   17732
   17461
   17164
   17174
   16882
   16797
   16662
   16490
   16684
   16225
   16343
   16429
   16169
   16372
   16378
   16214
   16426
   16420
   16501
   16471
   16344
   16361
   16556
   16288
   16366
   16386
   16328
   16334
   16240
   16265
   16039
   16248
   16307
   16327
   16432
   16437
   16567
   16762
   17062
   17491
   17983
   18535
   18916
   19738
   20278
   20714
   21285
   21412
   20782
   20325
   19935
   19821
   18782
   17978
   17650
   17089
   16873
   16393
   16329
   16338
   16016
   16356
   16345
   16145
   16138
   16149
   16100
   16215
   16138
   16134
   16154
   16258
   16174
   16289
   16082
   16384
   16194
   16094
   16330
   16357
   16502
   16146
   16103
   16047
   16211
   16230
   16465
   16051
   16170
   16099
   15856
   16372
   16090
   16314
   16250
   16161
   16326
   16065
   16207
   16259
   16001
   16175
   16204
   16042
   16419
   16257
   16009
   16152
   16278
   16050
   16298
   16169
   16151
   16195
   16110
   16262
   16245
   16192
   16093
   16305
   16255
   16207
   16423
   16291
   16354
   16194
   16258
   15872
   16122
   16169
   16250
   16343
   16097
   16041
   16295
   16201
   16040
   16244
   16364
   16156
   15997
   16404
   16208
   16170
   16287
   15955
   16017
   16234
   16408
   16193
   15923
   16316
   16104
   16134
   16168
   16087
   16216
   16193
   16051
   16264
   16228
   16106
   16126
   16281
   16036
   16048
   16380
   16137
   16234
   16068
   16332
   16381
   16525
   16461
   16956
   16823
   16925
   17087
   16973
   17122
   16959
   17011
   17162
   17068
   17276
   16961
   17100
   17016
   16743
   16831
   16745
   16478
   16447
   16506
   16582
   16344
   16139
   16073
   16066
   16121
   15966
   16167
   15950
   16173
   16127
   16109
   16190
   16018
   15981
   16341
   16145
   16132
   16149
   16175
   15936
   16147
   16147
   16142
   16205
   16068
   16288
   16122
   16161
   16349
   15972
   16101
   16403
   16248
   16163
   16353
   16134
   16217
   16125
   15978
   16171
   16208
   16064
   16083
   16124
   16002
   16271
   16157
   16063
   15928
   16126
   15999
   16351
   16302
   16057
   16091
   15861
   15981
   16013
   16272
   16009
   16062
   16148
   15963
   15968
   16207
   15933
   16042
   16080
   16082
   16120
   16182
   16001
   16063
   16245
   15872
   16139
   16045
   16368
   16278
   15955
   16182
   16220
   16103
   16146
   16312
   15929
   16251
   16079
   15955
   15908
   16059
   16098
   15830
   16168
   16180
   15867
   16110
   16106
   16145
   16126
   16021
   15766
   15777
   16077
   15826
   16139
   16051
   15834
   16000
   15962
   15782
   16089
   15923
   16161
   15980
   16028
   15782
   15807
   15886
   16010
   15703
   15811
   15874
   15797
   15871
   15720
   16064
   15990
   15749
   15617
   15662
   15629
   15792
   15919
   15574
   15777
   15643
   15720
   15700
   15536
   15652
   15623
   15466
   15710
   15836
   15697
   15551
   15451
   15388
   15624
   15509
   15563
   15313
   15265
   15366
   15550
   15198
   15165
   15451
   15331
   15165
   15021
   15284
   15031
   14894
   15334
   15322
   14630
   15038
   14969
   15051
   15030
   14908
   14847
   15069
   14983
   14907
   14576
   14631
   14595
   14570
   14824
   14368
   14607
   14303
   14358
   14426
   14318
   14332
   14124
   14185
   14419
   14113
   14376
   14236
   14094
   14264
   14317
   14422
   14458
   14583
   14707
   14880
   15080
   15467
   15699
   15952
   16294
   16767
   17130
   17107
   16884
   16728
   16472
   16039
   15810
   15511
   14963
   14650
   14291
   13978
   13875
   13603
   14002
   13785
   13538
   13544
   13663
   13733
   13529
   13658
   13481
   13608
   13581
   13515
   13670
   13651
   13463
   13334
   13486
   13542
   13511
   13503
   13673
   13542
   13737
   13484
   13438
   13910
   13633
   13469
   13368
   13715
   13498
   13400
   13398
   13690
   13821
   13418
   13504
   13772
   13398
   13433
   13756
   13384
   13418
   13582
   13324
   13477
   13350
   13445
   13315
   13316
   13370
   13305
   13335
   13215
   13300
   13365
   13232
   13190
   13334
   13277
   13160
   13062
   13240
   12941
   13198
   13241
   12991
   13064
   13174
   13119
   13392
   13114
   13250
   12920
   13136
   13157
   12923
   12983
   13161
   13210
   13200
   13250
   12930
   13296
   13328
   13101
   13114
   12830
   13040
   13112
   13141
   12986
   12808
   13074
   13237
   13067
   13117
   13039
   13007
   13216
   13072
   13001
   12982
   12792
   12945
   12900
   12689
   13049
   13028
   12929
   13009
   13139
   12998
   12907
   12735
   12689
   12910
   12640
   12757
   12850
   12615
   13034
   12985
   12724
   12868
   12745
   12783
   12916
   12763
   12788
   12752
   12716
   12773
   12791
   12866
   12793
   12612
   12754
   12854
   12744
   12542
   12668
   12539
   12509
   12754
   12587
   12622
   12515
   12562
   12396
   12629
   12737
   12602
   12500
   12361
   12712
   12553
   12385
   12623
   12340
   12440
   12442
   12432
   12345
   12488
   12447
   12473
   12684
   12575
   12746
   12660
   12606
   12574
   12422
   12760
   12709
   12529
   12474
   12716
   12469
   12203
   12551
   12370
   12381
   12415
   12468
   12329
   12365
   12516
   12399
   12603
   12304
   12440
   12563
   12479
   12667
   12531
   12390
   12864
   12877
   12891
   13167
   13118
   13594
   13912
   14326
   14957
   15955
   17453
   19624
   23184
   28827
   37188
   50159
   69638
   97754
  136206
  186189
  248163
  321900
  403053
  485647
  561529
  622666
  662938
  677000
  657833
  614675
  550240
  469396
  385937
  303051
  229376
  167800
  118243
   81136
   54793
   37096
   25971
   18660
   14658
   12400
   10879
   10244
   10022
    9849
    9622
    9599
    9518
    9663
    9573
    9588
    9489
    9489
    9404
    9697
    9509
    9705
    9339
    9442
    9378
    9249
    9486
    9432
    9401
    9455
    9600
    9483
    9350
    9330
    9446
    9185
    9238
    9355
    9448
    9232
    9389
    9343
    9211
    9234
    9270
    9179
    9112
    9273
    9217
    9317
    9352
    9165
    9438
    9127
    9350
    9229
    9271
    9282
    9330
    9224
    9132
    9270
    9264
    9318
    9205
    9229
    9142
    9283
    9193
    9265
    9284
    9406
    9346
    9515
    9760
    9876
   10239
   10839
   11427
   12007
   12965
   14075
   14903
   15959
   16690
   17469
   18173
   18222
   17807
   17408
   16691
   15709
   14764
   13432
   12678
   11677
   10702
   10378
    9983
    9682
    9591
    9449
    9217
    9284
    9409
    9449
    9156
    9175
    9257
    8921
    9114
    9032
    8942
    9109
    9158
    8863
    8996
    8900
    8905
    8771
    8879
    8855
    8826
    8817
    8873
    8685
    8708
    8967
    8831
    8864
    8823
    8644
    8887
    8826
    8860
    8754
    8751
    8920
    8833
    8853
    8672
    8860
    8833
    8745
    8773
    8725
    8746
    8665
    8761
    8948
    8870
    8819
    8878
    8895
    8868
    9053
    9101
    9035
    8929
    9044
    9119
    9024
    9144
    9064
    9104
    9070
    9155
    9216
    9353
    9322
    9446
    9806
   10260
   11101
   12086
   13559
   15541
   18801
   22735
   27486
   33277
   39818
   46111
   52160
   56906
   59937
   61072
   59808
   56668
   51187
   45099
   38838
   32322
   26807
   21509
   17637
   14506
   12214
   10708
    9665
    8946
    8797
    8722
    8449
    8415
    8292
    8343
    8619
    8337
    8388
    8233
    8341
    8422
    8515
    8377
    8405
    8294
    8448
    8228
    8480
    8566
    8389
    8397
    8429
    8399
    8442
    8403
    8508
    8457
    8374
    8409
    8467
    8422
    8383
    8294
    8324
    8427
    8379
    8519
    8532
    8394
    8486
    8349
    8413
    8494
    8665
    8706
    8757
    8890
    8922
    9067
    9065
    8972
    8924
    8745
    8878
    8630
    8597
    8425
    8563
    8290
    8323
    8346
    8146
    8010
    8162
    8274
    8247
    8227
    8147
    8108
    8213
    8183
    8176
    8150
    8126
    8166
    8161
    8243
    8242
    8095
    8228
    8123
    8177
    8238
    8151
    8235
    8151
    8292
    8149
    8178
    8271
    8088
    8292
    8294
    8266
    8405
    8342
    8294
    8051
    8185
    8138
    8225
    8192
    8138
    8272
    8372
    8552
    8436
    8884
    8887
    8894
    8849
    9002
    8939
    8974
    8753
    8597
    8626
    8288
    8383
    8225
    8226
    8098
    8040
    8115
    8114
    8061
    7986
    8071
    8126
    7967
    7961
    8059
    8095
    8245
    7951
    8088
    7943
    8027
    8167
    8088
    7946
    7912
    8072
    8109
    8168
    8039
    8198
    8196
    8250
    8115
    8220
    8258
    8201
    8196
    8203
    8289
    8192
    8075
    7980
    7953
    8138
    8091
    8206
    8015
    8100
    8040
    8095
    8008
    7869
    7806
    7989
    8039
    7658
    8003
    7944
    7899
    7900
    7885
    8080
    7893
    7922
    7920
    7890
    8020
    7816
    7939
    7966
    7812
    7817
    7862
    7988
    8023
    7965
    7906
    7925
    8130
    7946
    7888
    8014
    8014
    7964
    7979
    7911
    7911
    8094
    8028
    7922
    8033
    7924
    8147
    7980
    7973
    8051
    7998
    7945
    7910
    7875
    7833
    7844
    7861
    7842
    7821
    7769
    7823
    7733
    7847
    7953
    7879
    7914
    7815
    7837
    7958
    7932
    7877
    7864
    7765
    7724
    7678
    7833
    7943
    7925
    7945
    7828
    7922
    7910
    7716
    7850
    7837
    7778
    7758
    7920
    7805
    7827
    7806
    7848
    7956
    8020
    7849
    8053
    7758
    7932
    7831
    7843
    7841
    7920
    8051
    7876
    7846
    7916
    7751
    7945
    7827
    7775
    7883
    7817
    7717
    8027
    7791
    7839
    7633
    7730
    7692
    7950
    7897
    7916
    7913
    7838
    7754
    7738
    7834
    7856
    7771
    7978
    7830
    7810
    7981
    7857
    7903
    7768
    7985
    7871
    8039
    7743
    7883
    7909
    8068
    7985
    7859
    7876
    7794
    8071
    8036
    8148
    8254
    8181
    8331
    8488
    8617
    8566
    9049
    8997
    9352
    9388
    9598
   10069
   10658
   11163
   11667
   12569
   13455
   14564
   15720
   17722
   19913
   22895
   26289
   31331
   37548
   46019
   56198
   69523
   85605
  104042
  123156
  142629
  162485
  178555
  191104
  198377
  197745
  192226
  180423
  165043
  146577
  127752
  109021
   91549
   75741
   63412
   52835
   44722
   38202
   33104
   28303
   25372
   21913
   19970
   17969
   16244
   14787
   13608
   12723
   11768
   11107
   10396
   10111
    9565
    9266
    9308
    8875
    8888
    8518
    8488
    8407
    8239
    8091
    8087
    8065
    7865
    7817
    7702
    7584
    7500
    7511
    7384
    7545
    7278
    7250
    7471
    7283
    7429
    7537
    7558
    7415
    7416
    7389
    7498
    7249
    7297
    7315
    7112
    7165
    7181
    6971
    7120
    7104
    7001
    7071
    7076
    7070
    7018
    7100
    7068
    7033
    7115
    7175
    7111
    7070
    7058
    7060
    6985
    7014
    7152
    6968
    7073
    7079
    7154
    6948
    7005
    7175
    7212
    7035
    7017
    7032
    7259
    7104
    7121
    7131
    7132
    7132
    6972
    6958
    6818
    7090
    6965
    7079
    7002
    7016
    7201
    7027
    7044
    7080
    7031
    7318
    7295
    7388
    7542
    7656
    7659
    7680
    7864
    7859
    7806
    7652
    7508
    7726
    7335
    7301
    7305
    7032
    7067
    7032
    7191
    7092
    6899
    7021
    6999
    7133
    7018
    7134
    7006
    6937
    7098
    7133
    6962
    6997
    7117
    7077
    7154
    7259
    7153
    7213
    7165
    7278
    7257
    7119
    7017
    7008
    6963
    7108
    6986
    7061
    6967
    6994
    6913
    7043
    7099
    7023
    6937
    7187
    7084
    7011
    6909
    6849
    6957
    6947
    6827
    6897
    7003
    6846
    6884
    6849
    6860
    6877
    6891
    6891
    6794
    6822
    6914
    6761
    6971
    6905
    6852
    6791
    7057
    6782
    6829
    6767
    6681
    6919
    6823
    6741
    6785
    6727
    6784
    6738
    6879
    6825
    6746
    6696
    6833
    6757
    6696
    6732
    6876
    6712
    6890
    6835
    6713
    6722
    6660
    6720
    6666
    6849
    6820
    6592
    6581
    6825
    6598
    6600
    6534
    6654
    6658
    6628
    6468
    6500
    6540
    6509
    6585
    6694
    6512
    6469
    6312
    6499
    6585
    6501
    6477
    6497
    6751
    6402
    6456
    6445
    6507
    6540
    6514
    6454
    6450
    6478
    6334
    6534
    6510
    6513
    6540
    6519
    6507
    6497
    6491
    6555
    6549
    6727
    6653
    6563
    6506
    6665
    6529
    6532
    6514
    6500
    6569
    6420
    6529
    6442
    6430
    6438
    6318
    6456
    6541
    6501
    6310
    6315
    6350
    6556
    6464
    6349
    6550
    6323
    6510
    6282
    6498
    6606
    6437
    6867
    7016
    7166
    7313
    7610
    7969
    8220
    8421
    8603
    8880
    8599
    8675
    8376
    8302
    7844
    7588
    7392
    7052
    6908
    6929
    6621
    6591
    6477
    6434
    6318
    6336
    6466
    6333
    6377
    6415
    6537
    6430
    6337
    6261
    6500
    6368
    6290
    6281
    6368
    6430
    6413
    6432
    6311
    6183
    6157
    6266
    6418
    6275
    6329
    6173
    6439
    6304
    6284
    6313
    6185
    6334
    6379
    6224
    6382
    6205
    6190
    6286
    6332
    6464
    6307
    6220
    6261
    6426
    6233
    6374
    6190
    6275
    6235
    6465
    6264
    6169
    6388
    6245
    6229
    6188
    6194
    6277
    6107
    6157
    6232
    6101
    6122
    6249
    6337
    6305
    6239
    6131
    6236
    6207
    6247
    6472
    6232
    6306
    6267
    6352
    6218
    6256
    6145
    6267
    6250
    6309
    6218
    6275
    6239
    6383
    6242
    6416
    6264
    6351
    6286
    6110
    6284
    6135
    6305
    6323
    6183
    6291
    6240
    6242
    6253
    6324
    6252
    6200
    6158
    6073
    6272
    6206
    6449
    6134
    6194
    6239
    6106
    5995
    6238
    6238
    6228
    6204
    6086
    6122
    6120
    6154
    6068
    6110
    6044
    6061
    6098
    6021
    6076
    6005
    6167
    6118
    5928
    5977
    6065
    6042
    6078
    6158
    6137
    6198
    5986
    6047
    5995
    5999
    5931
    6121
    6002
    6024
    6121
    6159
    6101
    6127
    5917
    6015
    6122
    6153
    6045
    6183
    5913
    6015
    6053
    5962
    6243
    6010
    6128
    6036
    6087
    5890
    5902
    6121
    6143
    5914
    6105
    5981
    6058
    5937
    6002
    6027
    6043
    5854
    5720
    6042
    5805
    5947
    5972
    6002
    5888
    5809
    5923
    5855
    5948
    5805
    5904
    5943
    5915
    5891
    5723
    5909
    5948
    5815
    5930
    5870
    5848
    5915
    5914
    6101
    5946
    5835
    5951
    5992
    6125
    6075
    6097
    6043
    6103
    6202
    6135
    6247
    6233
    6174
    6393
    6452
    6439
    6674
    6821
    6695
    6874
    7084
    7244
    7429
    7983
    8264
    8772
    9652
   10707
   12404
   15017
   18386
   24141
   32595
   44803
   62135
   86576
  118576
  159479
  209610
  268245
  331031
  397354
  458831
  511805
  548492
  570542
  568661
  545046
  504273
  448963
  384908
  318129
  252694
  194988
  144810
  104151
   72874
   49438
   33556
   22116
   14754
   10499
    7989
    6204
    5340
    4833
    4753
    4462
    4457
    4377
    4365
    4474
    4482
    4393
    4466
    4309
    4439
    4374
    4434
    4584
    4600
    4537
    4668
    4591
    4712
    4689
    4645
    4538
    4650
    4586
    4398
    4441
    4446
    4378
    4301
    4422
    4240
    4282
    4227
    4393
    4188
    4212
    4162
    4240
    4233
    4397
    4216
    4240
    4228
    4362
    4238
    4144
    4170
    4197
    4311
    4335
    4343
    4372
    4353
    4282
    4433
    4387
    4378
    4599
    4558
    4463
    4581
    4461
    4522
    4489
    4354
    4250
    4328
    4103
    4200
    4285
    4213
    4130
    4168
    4178
    4184
    4197
    4069
    3996
    4026
    4096
    4114
    4025
    4100
    4062
    4136
    4016
    4081
    4189
    4022
    4027
    4120
    4103
    3922
    4036
    4157
    3962
    4147
    4106
    4247
    4166
    4191
    4097
    4040
    4181
    4121
    4060
    4052
    4140
    4100
    4042
    4073
    4004
    4099
    3989
    4153
    4046
    3983
    4108
    4024
    4161
    4067
    4130
    4167
    4093
    4055
    4136
    4062
    4070
    4152
    4083
    4028
    4000
    4089
    4063
    4106
    4027
    4012
    4134
    4041
    3984
    3961
    4139
    3972
    4079
    3974
    4123
    4049
    3984
    4078
    3966
    3906
    3915
    3978
    4018
    3911
    4011
    4082
    3983
    4062
    3927
    4028
    4012
    3983
    4001
    4010
    3874
    3990
    4053
    4069
    3942
    3967
    3958
    4039
    4049
    4045
    4009
    4165
    4175
    4258
    4451
    4666
    4879
    5102
    5393
    5515
    5852
    6117
    6206
    6377
    6265
    6182
    6007
    5769
    5523
    5311
    4867
    4739
    4506
    4323
    4202
    3996
    3993
    3980
    4074
    3922
    3969
    3793
    3799
    3928
    3824
    3881
    4007
    3810
    3858
    3925
    3877
    3824
    3995
    3815
    3937
    3771
    3818
    3750
    3899
    3807
    3842
    3777
    3962
    3789
    3804
    3943
    3895
    3836
    3831
    3830
    3813
    3814
    3717
    3866
    3791
    3740
    3777
    3814
    3819
    3748
    3864
    3797
    3877
    3844
    3820
    3909
    3851
    3864
    3838
    3811
    3883
    3934
    3823
    3739
    3909
    3917
    3906
    3941
    3904
    3862
    3961
    3953
    3857
    3981
    3917
    3952
    3890
    3942
    3912
    3858
    3933
    3940
    3868
    3788
    3892
    3744
    3813
    3846
    3832
    3819
    3854
    3809
    3790
    3755
    3741
    3853
    3845
    3810
    3754
    3630
    3735
    3795
    3760
    3817
    3798
    3779
    3864
    3759
    3808
    3782
    3812
    3969
    3803
    3753
    3684
    3684
    3757
    3672
    3853
    3828
    3701
    3824
    3727
    3710
    3610
    3760
    3803
    3781
    3800
    3755
    3705
    3683
    3727
    3638
    3785
    3776
    3669
    3779
    3811
    3832
    3764
    3665
    3757
    3772
    3813
    3794
    3758
    3715
    3812
    3794
    3713
    3828
    3754
    3680
    3831
    3748
    3655
    3795
    3635
    3817
    3742
    3653
    3647
    3800
    3808
    3750
    3813
    3681
    3688
    3795
    3622
    3869
    3668
    3732
    3766
    3728
    3719
    3665
    3677
    3749
    3729
    3697
    3801
    3604
    3696
    3753
    3720
    3713
    3718
    3813
    3711
    3809
    3675
    3897
    3789
    3809
    3737
    3755
    3706
    3691
    3696
    3853
    3710
    3723
    3703
    3699
    3649
    3729
    3676
    3698
    3635
    3660
    3696
    3792
    3709
    3766
    3813
    3761
    3682
    3630
    3738
    3699
    3765
    3688
    3810
    3785
    3685
    3687
    3691
    3739
    3657
    3661
    3771
    3808
    3689
    3688
    3846
    3626
    3757
    3758
    3821
    3703
    3666
    3669
    3641
    3678
    3610
    3735
    3676
    3736
    3717
    3723
    3774
    3605
    3557
    3654
    3719
    3752
    3815
    3712
    3637
    3603
    3635
    3561
    3692
    3734
    3588
    3730
    3657
    3690
    3720
    3714
    3825
    3680
    3711
    3761
    3686
    3838
    3761
    3768
    3892
    3863
    3906
    3896
    3764
    3848
    3710
    3790
    3774
    3766
    3731
    3759
    3754
    3788
    3785
    3764
    3700
    3696
    3620
    3777
    3726
    3682
    3656
    3738
    3668
    3782
    3807
    3726
    3812
    3724
    3791
    3804
    3787
    3879
    3923
    3925
    3815
    3946
    3987
    3965
    3973
    3882
    3928
    3880
    3886
    3871
    3737
    3741
    3778
    3762
    3697
    3745
    3678
    3678
    3683
    3607
    3626
    3794
    3665
    3584
    3605
    3618
    3690
    3715
    3733
    3685
    3643
    3670
    3473
    3566
    3610
    3553
    3587
    3599
    3537
    3596
    3763
    3639
    3675
    3782
    3617
    3704
    3597
    3702
    3562
    3691
    3589
    3646
    3707
    3546
    3636
    3752
    3763
    3716
    3644
    3711
    3647
    3675
    3787
    3730
    3700
    3644
    3743
    3637
    3745
    3718
    3800
    3912
    3915
    4082
    4168
    4249
    4278
    4457
    4637
    4685
    4682
    4753
    4666
    4563
    4446
    4213
    4152
    3976
    3839
    3747
    3849
    3836
    3711
    3662
    3625
    3659
    3568
    3578
    3564
    3517
    3475
    3546
    3471
    3470
    3372
    3477
    3507
    3503
    3510
    3470
    3620
    3513
    3534
    3512
    3484
    3494
    3406
    3473
    3568
    3530
    3441
    3526
    3596
    3463
    3470
    3527
    3443
    3555
    3499
    3415
    3499
    3589
    3473
    3420
    3343
    3471
    3436
    3357
    3358
    3434
    3397
    3348
    3314
    3434
    3381
    3356
    3360
    3340
    3391
    3393
    3355
    3400
    3340
    3403
    3361
    3360
    3281
    3339
    3336
    3377
    3389
    3287
    3419
    3250
    3265
    3265
    3491
    3395
    3321
    3417
    3318
    3271
    3251
    3355
    3333
    3308
    3305
    3353
    3373
    3386
    3253
    3247
    3349
    3369
    3244
    3302
    3424
    3268
    3122
    3278
    3355
    3412
    3287
    3225
    3189
    3288
    3268
    3306
    3321
    3248
    3410
    3180
    3261
    3269
    3292
    3278
    3276
    3305
    3294
    3315
    3155
    3284
    3268
    3320
    3355
    3215
    3314
    3238
    3276
    3274
    3248
    3206
    3146
    3213
    3379
    3282
    3279
    3207
    3317
    3259
    3307
    3201
    3312
    3262
    3256
    3239
    3262
    3232
    3332
    3313
    3161
    3273
    3112
    3243
    3336
    3233
    3203
    3292
    3205
    3145
    3260
    3202
    3290
    3167
    3252
    3188
    3203
    3238
    3271
    3224
    3221
    3168
    3177
    3218
    3360
    3111
    3231
    3271
    3205
    3340
    3228
    3169
    3230
    3166
    3144
    3162
    3178
    3271
    3277
    3279
    3261
    3148
    3157
    3167
    3198
    3137
    3219
    3110
    3189
    3235
    3190
    3180
    3120
    3212
    3185
    3187
    3202
    3244
    3179
    3161
    3164
    3207
    3146
    3202
    3149
    3089
    3168
    3207
    3111
    3143
    3240
    3137
    3141
    3261
    3027
    3067
    3187
    3173
    3107
    3181
    3170
    3186
    3048
    3125
    3098
    3116
    3139
    3140
    3101
    3099
    3101
    3047
    3122
    3237
    3224
    3142
    3168
    3143
    3214
    3132
    3214
    3212
    3163
    3070
    3094
    3077
    3091
    3042
    3154
    3119
    3120
    3138
    3083
    3049
    3147
    3107
    3182
    3099
    3136
    2963
    3145
    3054
    3123
    3097
    3104
    3009
    3096
    3005
    3150
    3051
    3045
    3112
    3034
    3029
    3056
    3078
    3019
    2985
    3114
    3205
    3081
    3081
    3069
    3114
    3023
    3108
    3148
    3105
    3091
    3079
    3050
    3101
    2941
    3148
    3056
    3027
    3130
    3005
    3134
    3045
    3031
    3143
    2989
    2938
    3085
    3134
    3066
    3008
    2987
    3094
    3027
    3006
    3122
    3017
    3049
    3067
    3156
    3043
    3031
    3157
    3022
    3065
    3049
    3057
    3051
    3085
    3079
    3075
    3082
    3080
    3031
    2942
    3001
    3010
    3049
    3073
    3074
    3050
    3097
    3097
    3181
    3129
    3091
    3147
    3104
    3179
    3317
    3183
    3135
    3056
    3025
    3123
    3054
    3109
    2905
    3003
    3010
    3108
    3114
    3080
    3035
    2998
    3033
    3015
    2872
    2992
    3006
    3093
    2972
    3010
    2898
    2964
    2958
    3052
    2986
    2987
    2934
    3053
    3004
    3040
    3056
    3048
    3157
    3137
    3166
    3196
    3221
    3314
    3324
    3154
    3288
    3208
    3131
    3195
    3067
    2990
    3062
    3028
    2912
    2961
    2983
    2960
    2883
    2926
    2913
    2896
    2866
    2813
    2929
    2869
    2992
    2914
    2928
    3012
    2968
    2911
    2906
    2894
    3014
    2924
    2928
    2878
    2898
    2900
    2923
    2859
    2934
    2941
    2857
    2926
    2935
    2988
    3000
    2957
    2887
    2934
    2848
    2925
    2977
    2858
    2896
    2914
    2901
    2924
    3003
    2917
    2898
    2890
    2872
    3000
    2876
    2847
    2920
    2928
    2851
    2893
    2968
    2938
    2932
    2893
    2969
    2969
    2913
    2983
    2895
    2999
    2983
    3036
    3103
    3138
    3296
    3421
    3522
    3614
    3796
    3945
    4133
    4202
    4354
    4437
    4318
    4431
    4179
    4243
    4017
    3919
    3707
    3581
    3426
    3270
    3276
    3293
    3317
    3237
    3285
    3229
    3383
    3387
    3496
    3548
    3780
    4009
    4298
    5011
    5765
    6805
    8628
   10875
   14211
   18752
   24722
   32294
   41499
   51726
   63589
   75827
   88614
  100320
  110195
  116564
  119568
  119559
  114751
  107220
   97181
   84606
   71727
   58921
   47048
   36709
   27449
   20695
   15157
   10905
    8015
    6063
    4748
    3775
    3272
    3055
    2852
    2757
    2697
    2760
    2590
    2506
    2640
    2530
    2569
    2549
    2639
    2622
    2644
    2578
    2539
    2540
    2531
    2518
    2579
    2558
    2581
    2522
    2546
    2601
    2535
    2640
    2544
    2523
    2637
    2538
    2538
    2572
    2531
    2478
    2568
    2592
    2454
    2419
    2552
    2625
    2594
    2583
    2550
    2620
    2389
    2532
    2513
    2487
    2495
    2519
    2528
    2430
    2440
    2458
    2536
    2490
    2506
    2570
    2443
    2458
    2528
    2601
    2443
    2595
    2516
    2547
    2586
    2594
    2503
    2491
    2408
    2444
    2501
    2562
    2445
    2577
    2451
    2514
    2461
    2509
    2524
    2522
    2531
    2543
    2516
    2462
    2466
    2557
    2559
    2519
    2435
    2435
    2583
    2518
    2506
    2605
    2521
    2467
    2498
    2544
    2435
    2533
    2479
    2524
    2468
    2495
    2506
    2525
    2490
    2519
    2499
    2516
    2385
    2457
    2487
    2509
    2337
    2493
    2460
    2390
    2521
    2453
    2408
    2423
    2462
    2487
    2474
    2420
    2472
    2472
    2509
    2397
    2385
    2470
    2538
    2455
    2377
    2547
    2503
    2564
    2475
    2496
    2566
    2537
    2657
    2620
    2669
    2597
    2737
    2788
    2711
    2828
    2689
    2822
    2807
    2796
    2791
    2724
    2625
    2609
    2530
    2538
    2540
    2577
    2474
    2426
    2395
    2407
    2458
    2372
    2403
    2405
    2364
    2388
    2388
    2449
    2505
    2393
    2472
    2412
    2464
    2366
    2477
    2371
    2519
    2405
    2418
    2445
    2469
    2476
    2414
    2493
    2479
    2446
    2412
    2447
    2424
    2492
    2480
    2511
    2414
    2416
    2531
    2476
    2426
    2529
    2473
    2409
    2457
    2471
    2454
    2402
    2388
    2415
    2377
    2381
    2404
    2457
    2444
    2394
    2419
    2554
    2372
    2437
    2432
    2510
    2520
    2427
    2451
    2448
    2548
    2550
    2423
    2494
    2578
    2515
    2551
    2567
    2482
    2436
    2527
    2435
    2360
    2515
    2368
    2437
    2422
    2444
    2398
    2435
    2555
    2605
    2730
    2820
    2960
    3203
    3507
    3976
    4416
    5404
    6217
    7371
    8522
    9663
   10791
   12082
   12795
   13302
   13659
   13749
   13089
   12419
   11567
   10220
    9186
    7972
    6818
    5697
    4950
    4272
    3592
    3188
    2854
    2715
    2500
    2454
    2449
    2356
    2361
    2291
    2423
    2392
    2330
    2312
    2303
    2408
    2285
    2349
    2330
    2450
    2359
    2385
    2497
    2531
    2474
    2564
    2543
    2594
    2565
    2618
    2586
    2561
    2526
    2574
    2421
    2518
    2455
    2317
    2384
    2504
    2380
    2363
    2316
    2315
    2354
    2282
    2284
    2407
    2343
    2343
    2339
    2372
    2301
    2333
    2351
    2341
    2391
    2427
    2416
    2422
    2363
    2443
    2436
    2400
    2347
    2395
    2309
    2413
    2401
    2339
    2320
    2307
    2345
    2374
    2289
    2316
    2251
    2350
    2363
    2355
    2326
    2327
    2264
    2217
    2323
    2279
    2267
    2239
    2255
    2290
    2226
    2352
    2215
    2345
    2257
    2326
    2198
    2321
    2245
    2246
    2233
    2302
    2310
    2295
    2311
    2411
    2379
    2287
    2337
    2324
    2335
    2405
    2355
    2401
    2379
    2360
    2262
    2376
    2334
    2374
    2251
    2300
    2324
    2357
    2284
    2299
    2280
    2268
    2256
    2299
    2344
    2359
    2335
    2312
    2255
    2371
    2310
    2394
    2373
    2350
    2413
    2340
    2302
    2455
    2452
    2398
    2567
    2565
    2632
    2815
    3032
    3291
    3624
    4148
    4987
    6026
    7122
    8479
   10097
   12164
   14035
   16366
   17751
   19645
   20587
   20860
   20898
   20808
   19385
   17983
   15956
   13965
   12062
   10134
    8310
    6853
    5554
    4620
    3906
    3362
    2933
    2700
    2530
    2413
    2284
    2217
    2224
    2199
    2233
    2186
    2206
    2233
    2227
    2198
    2193
    2194
    2243
    2181
    2269
    2247
    2301
    2142
    2198
    2154
    2187
    2137
    2158
    2202
    2203
    2240
    2270
    2327
    2255
    2192
    2175
    2183
    2242
    2142
    2207
    2195
    2179
    2242
    2218
    2227
    2148
    2209
    2244
    2271
    2199
    2230
    2223
    2185
    2323
    2293
    2249
    2390
    2298
    2296
    2422
    2504
    2458
    2430
    2469
    2421
    2475
    2394
    2386
    2354
    2208
    2295
    2225
    2274
    2263
    2235
    2298
    2263
    2257
    2180
    2177
    2165
    2259
    2256
    2292
    2237
    2210
    2172
    2159
    2226
    2174
    2146
    2196
    2226
    2185
    2216
    2161
    2183
    2203
    2201
    2261
    2103
    2108
    2242
    2195
    2227
    2214
    2245
    2167
    2245
    2244
    2151
    2153
    2120
    2147
    2206
    2238
    2242
    2234
    2124
    2179
    2150
    2179
    2236
    2148
    2148
    2222
    2140
    2228
    2201
    2159
    2207
    2184
    2165
    2202
    2161
    2211
    2283
    2224
    2215
    2223
    2247
    2329
    2303
    2329
    2425
    2441
    2520
    2615
    2845
    3065
    3396
    3719
    4186
    4846
    5390
    6182
    6920
    7353
    8259
    8616
    9168
    9260
    9294
    9070
    8678
    7725
    7403
    6649
    5840
    5144
    4414
    4051
    3414
    3065
    2770
    2619
    2480
    2352
    2339
    2265
    2259
    2224
    2249
    2094
    2198
    2225
    2151
    2124
    2172
    2128
    2213
    2169
    2161
    2224
    2211
    2127
    2161
    2200
    2166
    2133
    2196
    2060
    2062
    2092
    2108
    2184
    2154
    2096
    2215
    2159
    2110
    2207
    2108
    2090
    2093
    2171
    2134
    2172
    2146
    2112
    2121
    2148
    2075
    2121
    2131
    2155
    2134
    2124
    2120
    2107
    2158
    2121
    2106
    2129
    2090
    2049
    2152
    2070
    2166
    2200
    2156
    2192
    2143
    2078
    2083
    2131
    2159
    2114
    2097
    2095
    2182
    2164
    2111
    2138
    2231
    2193
    2068
    2220
    2152
    2159
    2109
    2152
    2092
    2190
    2173
    2254
    2146
    2295
    2264
    2216
    2246
    2422
    2394
    2356
    2393
    2355
    2405
    2399
    2363
    2203
    2253
    2212
    2185
    2200
    2177
    2116
    2174
    2141
    2195
    2187
    2096
    2068
    2179
    2159
    2126
    2241
    2142
    2175
    2154
    2149
    2163
    2141
    2069
    2110
    2135
    2182
    2213
    2226
    2126
    2276
    2259
    2234
    2282
    2303
    2206
    2299
    2299
    2331
    2227
    2199
    2283
    2209
    2133
    2308
    2134
    2091
    2106
    2145
    2104
    2078
    2153
    2138
    2118
    2108
    2001
    2110
    2070
    2135
    2178
    2119
    2127
    2102
    2128
    2073
    2090
    2210
    2042
    2087
    2127
    2204
    2114
    2176
    2189
    2165
    2115
    2019
    2053
    2134
    2087
    2029
    2153
    2111
    2123
    2144
    2050
    2017
    2150
    2095
    1998
    2182
    2056
    2128
    2098
    2068
    2103
    2104
    2028
    2210
    2118
    2146
    2108
    2140
    2116
    2105
    2263
    2136
    2219
    2243
    2189
    2166
    2149
    2189
    2193
    2154
    2220
    2112
    2093
    2150
    2094
    2065
    2144
    2144
    2087
    2082
    2187
    2096
    2169
    2084
    2059
    2154
    2049
    2104
    2079
    2106
    2135
    2078
    2171
    2063
    2171
    2126
    2168
    2167
    2155
    2235
    2152
    2092
    2123
    1992
    2054
    2130
    2124
    2062
    2133
    2134
    2091
    2090
    2043
    2038
    2104
    2059
    2165
    2051
    2067
    2062
    2022
    2093
    2075
    2075
    2037
    2060
    2148
    2079
    2047
    2013
    2009
    2121
    2120
    2052
    2135
    2035
    2031
    2078
    2046
    2102
    2129
    2110
    2138
    2156
    2044
    2132
    2030
    2104
    2108
    2129
    2149
    2031
    2054
    2080
    2094
    2074
    2097
    2109
    2060
    2137
    2087
    2109
    2027
    2109
    2102
    2115
    2060
    2009
    2064
    2036
    2043
    2040
    1986
    2059
    2116
    2058
    1967
    2048
    2005
    2046
    2016
    2011
    2067
    2071
    2100
    2112
    2087
    2047
    2090
    2144
    2123
    2080
    2019
    2133
    2041
    2082
    2008
    2001
    2100
    2092
    2088
    2142
    2063
    2037
    2080
    2126
    2135
    2048
    2095
    2094
    2044
    2117
    2148
    2095
    2032
    2057
    2148
    2191
    2081
    2183
    2145
    2176
    2126
    2133
    2177
    2169
    2146
    2205
    2252
    2212
    2164
    2379
    2258
    2241
    2331
    2328
    2374
    2397
    2417
    2554
    2546
    2715
    2929
    3107
    3459
    3953
    4605
    5558
    6903
    8826
   11213
   14491
   18473
   23526
   29733
   36450
   43653
   51100
   58269
   65871
   71373
   75077
   76388
   76990
   73808
   69562
   63863
   56576
   48545
   41418
   33365
   26859
   20735
   16084
   12260
    9049
    6822
    5142
    3937
    3067
    2726
    2314
    2237
    2052
    2038
    2029
    1951
    1971
    2000
    1944
    1931
    2013
    1911
    1937
    2032
    1928
    1930
    1926
    1949
    1924
    1926
    1983
    1978
    1981
    1947
    1965
    1892
    1913
    1963
    1912
    1980
    1935
    1947
    2084
    2101
    2070
    2040
    2108
    2097
    2192
    2143
    2169
    2259
    2219
    2158
    2128
    2125
    2066
    2094
    2024
    2076
    1982
    1999
    2002
    1996
    1959
    1903
    1932
    1819
    1901
    1952
    1825
    1924
    1928
    1947
    1874
    1969
    1907
    1928
    1971
    1855
    1887
    1862
    1889
    1915
    1871
    1949
    1833
    1893
    1924
    1891
    1936
    1957
    1911
    1918
    1918
    1914
    1890
    1861
    1891
    1914
    1898
    1915
    1908
    1888
    1967
    1808
    1877
    1937
    1838
    1863
    1857
    1821
    1856
    1906
    1938
    1916
    1941
    1928
    1906
    1858
    1913
    1843
    1943
    1809
    1903
    1901
    1806
    1881
    1917
    1905
    1841
    1834
    1815
    1825
    1831
    1819
    1862
    1831
    1839
    1867
    1964
    1836
    1795
    1839
    1929
    1891
    1860
    1902
    1933
    1832
    1889
    1805
    1879
    1961
    1847
    1882
    1920
    1896
    1915
    1863
    1900
    1911
    1900
    1817
    1854
    1970
    1914
    1941
    1879
    1917
    1980
    1994
    2012
    1963
    2087
    2013
    2019
    2015
    1981
    2038
    2005
    1924
    1976
    1939
    1902
    1974
    1915
    1867
    1890
    1820
    1840
    1866
    1867
    1791
    1779
    1837
    1871
    1867
    1783
    1792
    1855
    1859
    1834
    1776
    1814
    1863
    1829
    1852
    1866
    1803
    1901
    1760
    1805
    1811
    1775
    1863
    1788
    1900
    1865
    1869
    1864
    1880
    1812
    1907
    1828
    1834
    1920
    1837
    1835
    1958
    1903
    1871
    1901
    1894
    1861
    1948
    1999
    1970
    2144
    2133
    2321
    2537
    2774
    2953
    3352
    3840
    4387
    4864
    5399
    6186
    6640
    7075
    7459
    7583
    7740
    7781
    7379
    7064
    6463
    5782
    5324
    4712
    4216
    3726
    3278
    2892
    2554
    2265
    2191
    1983
    1957
    1906
    1806
    1868
    1796
    1802
    1843
    1801
    1742
    1801
    1839
    1888
    1704
    1741
    1712
    1729
    1853
    1785
    1813
    1743
    1822
    1856
    1811
    1865
    1810
    1826
    1746
    1794
    1788
    1797
    1813
    1696
    1727
    1768
    1729
    1835
    1813
    1772
    1825
    1775
    1798
    1713
    1736
    1747
    1789
    1823
    1738
    1730
    1751
    1737
    1869
    1778
    1754
    1817
    1730
    1790
    1815
    1770
    1839
    1714
    1808
    1801
    1806
    1860
    1864
    1761
    1848
    1840
    1921
    1780
    1831
    1821
    1820
    1863
    1867
    1810
    1806
    1801
    1782
    1864
    1788
    1767
    1780
    1728
    1821
    1818
    1785
    1744
    1776
    1753
    1738
    1764
    1746
    1786
    1746
    1738
    1747
    1743
    1775
    1828
    1772
    1747
    1752
    1805
    1713
    1824
    1803
    1734
    1841
    1828
    1801
    1829
    1844
    1936
    1984
    2039
    2122
    2257
    2281
    2503
    2779
    2799
    3006
    3079
    3165
    3337
    3264
    3350
    3283
    3164
    3031
    2872
    2731
    2549
    2422
    2250
    2202
    2017
    1932
    1906
    1865
    1810
    1854
    1704
    1759
    1765
    1714
    1724
    1704
    1748
    1727
    1766
    1749
    1674
    1756
    1769
    1711
    1686
    1724
    1749
    1765
    1704
    1712
    1687
    1767
    1695
    1685
    1674
    1738
    1874
    1699
    1790
    1821
    1764
    1653
    1867
    1716
    1814
    1677
    1762
    1744
    1783
    1740
    1774
    1754
    1832
    1761
    1790
    1788
    1814
    1884
    1785
    1895
    1931
    1988
    2043
    2037
    2088
    2004
    2077
    1958
    1973
    1941
    1968
    1848
    1856
    1944
    1861
    1813
    1745
    1720
    1766
    1779
    1751
    1794
    1745
    1849
    1742
    1684
    1715
    1739
    1773
    1709
    1726
    1723
    1765
    1662
    1676
    1789
    1754
    1792
    1732
    1644
    1725
    1770
    1692
    1728
    1657
    1675
    1731
    1659
    1777
    1765
    1820
    1765
    1790
    1911
    2003
    1923
    2016
    2130
    2196
    2316
    2299
    2409
    2394
    2560
    2575
    2573
    2518
    2527
    2355
    2342
    2272
    2187
    2092
    2064
    1957
    1946
    1918
    1883
    1765
    1730
    1785
    1772
    1745
    1673
    1675
    1685
    1671
    1671
    1725
    1750
    1737
    1739
    1691
    1724
    1633
    1719
    1758
    1697
    1727
    1730
    1715
    1722
    1692
    1752
    1722
    1730
    1727
    1729
    1740
    1800
    1782
    1776
    1858
    1928
    1839
    1903
    1833
    1965
    1880
    1853
    1891
    1769
    1834
    1800
    1769
    1840
    1693
    1717
    1656
    1638
    1690
    1735
    1780
    1653
    1760
    1664
    1705
    1721
    1754
    1695
    1730
    1678
    1728
    1665
    1733
    1758
    1698
    1659
    1758
    1745
    1704
    1666
    1733
    1721
    1725
    1753
    1760
    1597
    1663
    1701
    1769
    1658
    1661
    1733
    1714
    1707
    1746
    1697
    1723
    1688
    1661
    1706
    1684
    1744
    1682
    1638
    1769
    1750
    1735
    1675
    1707
    1720
    1646
    1664
    1686
    1714
    1745
    1767
    1695
    1717
    1692
    1709
    1726
    1704
    1678
    1668
    1722
    1743
    1685
    1696
    1608
    1750
    1749
    1700
    1698
    1678
    1757
    1687
    1710
    1632
    1717
    1681
    1645
    1740
    1692
    1723
    1662
    1699
    1646
    1745
    1699
    1746
    1700
    1644
    1741
    1674
    1684
    1690
    1751
    1650
    1698
    1736
    1748
    1725
    1686
    1731
    1755
    1682
    1742
    1725
    1771
    1843
    1785
    1856
    1812
    1955
    1969
    2016
    2084
    2328
    2405
    2612
    2851
    3172
    3546
    3774
    3894
    4185
    4359
    4498
    4548
    4588
    4575
    4335
    4000
    3829
    3475
    3197
    2981
    2713
    2452
    2315
    2081
    1968
    1824
    1855
    1759
    1713
    1720
    1713
    1673
    1686
    1733
    1737
    1679
    1661
    1660
    1671
    1686
    1757
    1638
    1665
    1723
    1703
    1700
    1667
    1738
    1661
    1754
    1755
    1672
    1612
    1684
    1587
    1637
    1681
    1668
    1592
    1683
    1608
    1642
    1667
    1721
    1632
    1694
    1689
    1611
    1725
    1704
    1583
    1707
    1650
    1656
    1664
    1625
    1671
    1582
    1619
    1712
    1585
    1623
    1646
    1721
    1611
    1607
    1594
    1673
    1642
    1574
    1757
    1678
    1638
    1715
    1688
    1656
    1620
    1716
    1700
    1759
    1664
    1707
    1738
    1775
    1766
    1899
    1847
    1854
    1883
    1878
    1967
    1974
    1920
    1984
    1932
    1906
    1893
    1836
    1878
    1821
    1723
    1773
    1777
    1718
    1689
    1628
    1662
    1672
    1771
    1662
    1733
    1741
    1720
    1728
    1776
    1908
    1887
    1960
    2066
    2226
    2278
    2394
    2443
    2531
    2613
    2597
    2563
    2541
    2574
    2544
    2396
    2371
    2239
    2242
    2031
    2045
    1933
    1881
    1809
    1810
    1787
    1715
    1687
    1643
    1740
    1621
    1670
    1638
    1637
    1601
    1634
    1734
    1675
    1655
    1621
    1644
    1584
    1640
    1611
    1675
    1627
    1727
    1730
    1636
    1638
    1603
    1626
    1671
    1642
    1688
    1597
    1597
    1609
    1632
    1592
    1625
    1589
    1616
    1641
    1671
    1617
    1616
    1677
    1614
    1624
    1650
    1619
    1582
    1693
    1510
    1689
    1673
    1587
    1613
    1672
    1591
    1622
    1587
    1593
    1633
    1609
    1615
    1662
    1695
    1618
    1714
    1642
    1686
    1648
    1650
    1625
    1609
    1653
    1639
    1615
    1704
    1659
    1678
    1558
    1673
    1656
    1761
    1772
    1787
    1767
    1897
    2018
    1965
    2117
    2381
    2426
    2479
    2575
    2770
    2714
    2815
    2848
    2788
    2705
    2614
    2629
    2451
    2327
    2285
    2068
    1973
    1857
    1844
    1755
    1671
    1693
    1679
    1666
    1655
    1558
    1700
    1675
    1644
    1614
    1615
    1663
    1601
    1701
    1591
    1615
    1666
    1602
    1554
    1559
    1615
    1608
    1622
    1597
    1476
    1564
    1634
    1607
    1584
    1611
    1550
    1659
    1618
    1626
    1677
    1592
    1676
    1584
    1604
    1600
    1576
    1619
    1616
    1631
    1674
    1617
    1514
    1560
    1614
    1609
    1572
    1612
    1673
    1650
    1601
    1585
    1631
    1599
    1633
    1602
    1625
    1604
    1528
    1501
    1607
    1555
    1558
    1593
    1550
    1563
    1585
    1596
    1592
    1618
    1581
    1556
    1618
    1615
    1646
    1610
    1631
    1580
    1555
    1652
    1637
    1628
    1603
    1633
    1568
    1575
    1562
    1597
    1635
    1630
    1570
    1572
    1604
    1606
    1545
    1560
    1699
    1592
    1586
    1607
    1572
    1622
    1620
    1570
    1615
    1591
    1615
    1547
    1564
    1602
    1598
    1557
    1515
    1594
    1644
    1556
    1580
    1671
    1614
    1608
    1592
    1741
    1626
    1621
    1633
    1646
    1703
    1671
    1694
    1642
    1672
    1739
    1720
    1763
    1747
    1753
    1826
    1808
    1867
    1984
    1925
    2096
    2091
    2261
    2354
    2451
    2562
    2766
    2700
    2773
    2869
    2821
    2632
    2651
    2537
    2364
    2451
    2238
    2095
    1940
    1941
    1841
    1740
    1727
    1628
    1689
    1592
    1640
    1711
    1658
    1650
    1605
    1647
    1639
    1555
    1646
    1582
    1528
    1639
    1583
    1572
    1599
    1602
    1581
    1566
    1569
    1628
    1618
    1580
    1607
    1499
    1598
    1600
    1629
    1630
    1645
    1610
    1601
    1643
    1588
    1568
    1607
    1638
    1576
    1659
    1609
    1569
    1609
    1527
    1614
    1518
    1571
    1637
    1549
    1586
    1672
    1561
    1533
    1603
    1573
    1565
    1522
    1618
    1614
    1561
    1568
    1558
    1606
    1596
    1604
    1586
    1547
    1564
    1513
    1601
    1586
    1562
    1550
    1596
    1557
    1529
    1591
    1571
    1611
    1529
    1601
    1589
    1541
    1556
    1558
    1646
    1631
    1532
    1622
    1528
    1512
    1627
    1647
    1580
    1657
    1598
    1489
    1596
    1572
    1558
    1534
    1548
    1624
    1559
    1586
    1574
    1556
    1585
    1631
    1563
    1482
    1635
    1631
    1600
    1619
    1603
    1588
    1593
    1634
    1610
    1650
    1595
    1552
    1669
    1645
    1641
    1649
    1745
    1674
    1679
    1650
    1745
    1658
    1661
    1674
    1642
    1733
    1703
    1677
    1676
    1688
    1648
    1636
    1623
    1595
    1687
    1595
    1574
    1581
    1599
    1631
    1612
    1665
    1641
    1620
    1614
    1589
$ENER_FIT:
0.000000 0.125000
$PRESETS:
Live Time (sec)
68396
0
$RT:
76521.000000
$DT:
8125000
$ADC:
8192
0
8191