$APPLICATION_ID:
IDB v.1.0
$SPEC_REM:
Material type: Pu
Material form: Pellet
Material compound: PuO2
Pu isotopics:
238Pu 0.1157
239Pu 76.8321
240Pu 21.4522
241Pu 0.8886
242Pu 0.7114
241Am 2.8863
Detector: LaBr3 (Geometry: Unknown, Size: 2.5 cm diameter by 3.8 cm thick)
MCA: Unknown
$DATE_MEA:
09/16/2005 20:42:00
$MEAS_TIM:
570 600
$DATA:
0 1023
       0
       0
       0
       0
       0
       0
      11
     261
     570
     612
    3261
    6147
    6163
    6152
    6609
    8380
   11341
   14841
   18192
   22289
   25247
   21930
   13996
    8279
    6110
    5682
    5850
    6388
    6586
    6841
    6496
    6173
    6173
    6659
    7439
    9251
   11404
   13173
   14327
   14663
   16616
   23711
   42593
   82765
  145876
  222498
  286394
  301726
  259805
  183140
  105682
   51723
   23874
   12936
    9894
    9326
    9252
    9690
    9798
   10047
   10220
   10666
   11046
   11705
   12370
   13406
   14420
   15448
   16850
   18725
   21179
   25532
   32305
   42237
   56824
   75788
   99551
  125209
  146958
  162258
  168027
  164157
  149567
  129135
  104778
   82017
   65088
   55270
   51484
   52395
   54568
   55454
   54589
   51764
   46484
   40151
   34580
   30265
   27650
   26236
   26169
   26402
   26533
   25208
   22910
   19810
   16174
   12822
   10526
    8542
    7859
    7887
    8489
    9382
   10246
   11531
   12849
   13674
   14426
   14243
   13412
   12325
   11296
   10524
   10106
    9545
    9664
    9903
   10199
   10493
   10677
   10334
   10284
   10038
    9519
    9158
    8781
    8425
    8165
    7851
    7636
    7287
    7254
    6969
    6865
    6799
    6598
    6716
    6709
    6666
    6742
    6802
    6809
    7018
    7151
    7378
    7929
    8845
   10280
   12375
   15583
   19419
   23692
   28061
   31890
   34208
   34493
   32761
   29761
   25487
   20689
   15866
   11759
    8967
    6490
    5223
    4470
    3872
    3731
    3567
    3504
    3283
    3368
    3223
    3162
    3137
    3100
    3091
    3030
    3066
    2996
    2903
    3039
    2953
    2944
    2956
    2907
    2818
    2804
    2838
    2730
    2816
    2823
    2785
    2802
    2868
    2875
    2877
    2850
    3032
    2975
    3060
    3089
    3062
    3055
    2946
    2812
    2502
    2438
    2167
    2119
    1892
    1826
    1795
    1683
    1723
    1667
    1655
    1608
    1609
    1637
    1687
    1666
    1721
    1780
    1833
    1920
    1853
    1962
    2010
    1975
    2066
    2031
    2098
    2103
    2273
    2348
    2365
    2527
    2553
    2593
    2742
    2684
    2691
    2798
    2956
    3222
    3459
    3714
    4081
    4625
    5302
    5798
    6525
    7168
    7517
    7769
    7939
    7880
    7691
    7428
    6815
    6359
    6068
    5484
    5157
    4487
    4034
    3630
    3099
    2719
    2266
    1942
    1852
    1613
    1530
    1578
    1856
    2122
    2523
    3047
    3719
    4550
    5475
    6438
    7236
    8109
    8589
    9310
    9633
    9753
    9833
    9190
    8627
    7848
    7227
    6486
    5840
    5189
    4578
    4236
    3805
    3486
    3350
    3095
    2901
    2702
    2527
    2309
    2199
    2311
    2271
    2546
    2819
    3335
    3908
    4409
    4806
    5502
    5817
    5951
    5952
    5750
    5306
    4962
    4366
    3802
    3308
    2749
    2257
    1856
    1451
    1193
     982
     788
     661
     606
     505
     471
     406
     451
     483
     473
     536
     616
     726
     717
     842
     798
     871
     859
     857
     855
     777
     747
     700
     611
     557
     488
     420
     364
     309
     294
     263
     266
     264
     250
     207
     228
     234
     235
     225
     212
     195
     183
     183
     165
     183
     193
     177
     175
     194
     188
     159
     130
     148
     140
     151
     154
     164
     140
     154
     166
     137
     152
     137
     129
     148
     169
     141
     159
     158
     137
     143
     135
     137
     129
     136
     119
     120
     125
      99
     113
      99
     106
     119
     108
      89
      99
      82
      98
      89
      95
      84
      90
      68
      76
      79
      64
      76
      89
      74
      58
      70
      79
      71
      74
      70
      82
      86
      63
      70
      68
      85
      66
      59
      56
      78
      62
      52
      74
      78
      74
      85
      65
      64
      73
      72
      70
      77
      70
      87
      78
      81
      86
      74
      73
      81
      59
      67
      75
      77
      83
      89
      95
     129
     104
     136
     131
     128
     113
     143
     145
     148
     140
     143
     148
     150
     126
     106
     103
     116
     113
     103
     112
      97
     118
     116
     113
     127
     128
     137
     136
     183
     179
     173
     225
     251
     288
     334
     369
     445
     419
     447
     477
     551
     572
     562
     604
     572
     522
     476
     493
     414
     378
     328
     313
     278
     229
     197
     165
     123
     110
     106
      83
      89
      98
      76
      85
      83
      81
      71
      76
      84
      72
      82
      72
      73
      62
      84
      92
      70
      79
      99
     120
     127
     123
     149
     155
     184
     209
     204
     220
     252
     234
     263
     241
     237
     232
     254
     218
     196
     173
     149
     148
     119
     110
      96
      75
      80
      68
      39
      46
      40
      50
      40
      46
      41
      35
      47
      51
      48
      48
      48
      57
      43
      55
      65
      48
      60
      41
      55
      62
      56
      56
      55
      56
      54
      34
      37
      41
      25
      48
      36
      33
      34
      29
      17
      30
      21
      15
      32
      20
      23
      21
      24
      21
      27
      17
       8
      18
      22
      21
      22
      23
      13
      21
      24
      17
      15
      21
      26
      16
      19
      21
      20
      13
      26
      21
      18
      15
      12
      19
      15
      16
      25
      17
      13
      24
      12
      20
      10
      21
      18
      20
      21
      16
      13
      21
      23
      26
      24
      14
      21
      15
      17
      15
      19
      18
      21
      16
      10
      11
      18
      15
      13
      14
      23
      17
      14
      24
       9
      14
      12
      17
      15
      17
      19
      15
      23
      16
      11
      10
      17
      14
      20
      17
      11
      12
       8
      16
      14
      11
      15
      10
      11
      19
      17
      18
      13
      12
      21
      23
      14
      14
      16
      17
       9
      16
      12
      15
      17
      18
      13
      17
       7
      10
       9
      13
      13
      14
      14
       5
      13
      12
      17
      15
       9
      17
      11
       6
      16
      14
      15
      12
      14
      17
      12
      10
      13
      18
      15
       6
       9
      12
      10
      18
      11
      11
      14
      11
      15
      15
       6
      11
      16
      12
       8
      13
       9
       8
      12
      13
      10
      10
      11
       5
      16
       5
      11
      13
       8
      12
       8
      12
       4
       8
      12
       9
       4
      11
       9
       5
       9
      13
       8
       5
       5
       9
       8
      10
      10
       6
       9
       6
       6
       5
       6
       7
       3
       7
      12
      13
      10
       8
       5
       8
       7
      11
       7
      12
       9
      12
       5
       8
       7
       9
       6
       8
      10
       9
       8
       7
       5
       6
      12
       5
       9
       7
      11
      12
      10
      12
       8
       6
       7
       9
      13
      10
       6
      13
      12
      11
       9
      11
       9
      10
       9
       8
       4
       6
       7
      12
       9
       7
      11
       7
      10
       8
      16
      15
      10
       9
       5
      12
       7
       7
       8
       8
       9
      11
       7
      12
       3
       8
       5
       8
       8
       9
      10
       7
       5
       4
       6
       5
       6
       1
       7
       8
      11
       5
       9
       7
       6
       6
      10
      11
       8
       8
       6
      12
      11
      11
       7
       9
       5
       8
       9
      15
       7
       7
       8
       3
      11
       4
       9
       9
      11
       6
       4
       7
       5
       9
      13
      10
       8
       9
       6
      10
       3
       1
       6
       7
       8
      10
       5
       6
       6
       6
       7
       7
       5
       4
       6
       7
       8
       1
       6
       8
       5
       7
       6
      10
       6
       9
       3
       6
       8
       7
      10
       7
       8
       6
       8
       1
       2
       6
       7
       7
       6
       7
       3
       3
       2
       2
       2
       3
       7
       4
       5
       6
       5
       2
       7
       2
       3
       3
       6
       3
       4
       3
       5
       3
$ENER_FIT:
0.000000 1.250000
$PRESETS:
Live Time (sec)
570
0
$RT:
600.000000
$DT:
30000
$ISO_DECL_PU:
SMPLNAM: IDB-429
SEPDATE: 01/01/1900 00:00:00
PU238: 0.1314 
DPU238: 0.4566
PU239: 75.8899 
DPU239: 0.0022
PU240: 21.2179 
DPU240: 0.0217
PU241: 2.0639 
DPU241: 0.1017
PU242: 0.6969 
DPU242: 0.1148
AM241: 1.7489 
DAM241: 1.0978
DATE: 01/01/1900 00:00:00
PU240EFF: 22.7198
DPU240EFF: 0.0220
$ADC:
1024
0
1023