$APPLICATION_ID:
IDB v.1.0
$SPEC_REM:
Material type: Pu
Material form: Pellet
Material compound: PuO2
Pu isotopics:
238Pu 1.1025
239Pu 64.8755
240Pu 26.3301
241Pu 3.34
242Pu 4.3519
241Am 5.0104
Detector: HPGe (Geometry: Planar, Size: Unknown)
MCA: Unknown
$DATE_MEA:
08/01/2001 20:54:00
$MEAS_TIM:
994 1800
$DATA:
0 8191
       1
       0
       0
       0
       0
       0
       0
       0
       0
       0
       0
       0
       0
       0
       0
       0
       0
       0
       0
       0
       0
       0
       0
       0
       0
       0
       0
       0
       0
       0
       0
       0
       0
       0
       0
       0
       0
       0
       0
       0
       0
       0
       0
       0
       0
       0
       0
       0
       0
       0
       0
       0
       0
       0
       0
       0
       0
       0
       0
       0
       0
       0
       0
       0
       0
       0
       0
       0
       0
       0
       0
       0
       0
       0
       0
       0
       0
       0
       0
       0
    9061
   12047
   11936
   11774
   11971
   11947
   11863
   11806
   11702
   11646
   11613
   11595
   11434
   11357
   11256
   11452
   11343
   11204
   11303
   11084
   11031
   10833
   10866
   10475
   10631
   10740
   10643
   10722
   10473
   10411
   10387
   10440
   10353
   10477
   10089
   10271
   10127
   10000
   10060
   10166
   10066
   10204
   10170
   10024
   10068
   10194
    9847
   10122
    9923
   10062
   10123
   10183
    9850
   10086
    9974
    9788
    9844
   10024
    9835
    9930
    9774
    9979
    9887
    9796
    9843
    9910
    9840
    9962
   10096
   10218
   10138
   10154
   10177
   10306
   10360
   10225
   10099
   10126
   10221
   10363
   10231
   10163
   10178
   10188
   10221
   10376
    9999
   10016
   10235
   10197
   10153
   10225
   10192
    9987
    9999
   10178
   10174
   10124
   10218
   10128
   10106
   10112
   10093
   10175
   10114
   10080
   10135
   10020
   10254
   10309
   10183
   10357
   10277
   10301
   10118
    9986
    9946
   10022
   10042
    9966
    9887
    9861
   10018
    9882
    9755
    9971
    9626
    9860
    9822
    9912
   10039
    9823
    9888
    9934
    9819
    9822
    9894
    9841
    9736
    9866
    9682
    9801
    9813
   10167
    9733
    9764
    9816
    9892
    9812
    9627
    9937
    9748
   10060
    9829
    9835
    9993
    9829
    9743
    9645
    9798
    9733
    9820
    9600
    9781
    9810
    9810
    9754
    9745
    9805
    9866
    9597
   10053
    9792
    9728
    9712
    9667
    9729
    9717
    9512
    9733
    9822
    9619
    9834
    9663
    9753
    9686
    9846
    9763
    9795
    9615
    9772
    9630
    9679
    9726
    9956
    9638
    9715
    9760
    9683
    9905
    9591
    9702
    9734
    9653
    9796
    9643
    9800
    9638
    9895
    9601
    9794
    9756
    9765
    9752
    9856
    9841
    9707
    9799
    9895
    9718
   10008
    9830
    9664
    9644
    9871
    9990
    9975
   10210
   10161
   10282
   10421
   10228
    9978
   10232
   10095
    9952
   10414
   10654
   11421
   12027
   13221
   13817
   14166
   14378
   13793
   12595
   11458
   10406
   10042
    9714
    9761
    9844
    9876
    9777
    9872
    9755
    9743
    9832
    9928
    9675
    9695
    9861
    9769
    9762
    9828
    9749
    9725
    9850
    9895
    9885
    9862
    9946
    9594
    9878
    9695
    9802
    9784
    9847
    9625
    9970
    9858
   10107
   10478
   10598
   10715
   10604
   10220
   10092
    9606
    9614
    9594
    9503
    9572
    9670
    9389
    9326
    9272
    9261
    9226
    9226
    9318
    9169
    9227
    9173
    9158
    9077
    8974
    9038
    8996
    9309
    8977
    8992
    8979
    9088
    9093
    8883
    8903
    9164
    8821
    8849
    8986
    8942
    8819
    8709
    8921
    8853
    8678
    8799
    8863
    8515
    8731
    8582
    8752
    8582
    8624
    8731
    8517
    8602
    8691
    8494
    8562
    8424
    8537
    8568
    8539
    8504
    8468
    8601
    8358
    8552
    8518
    8398
    8423
    8423
    8371
    8463
    8361
    8337
    8492
    8408
    8298
    8492
    8363
    8331
    8329
    8214
    8303
    8258
    8262
    8256
    8245
    8203
    8298
    8230
    8042
    8011
    8145
    8118
    8004
    8199
    8182
    8018
    7976
    8037
    8017
    7977
    7957
    7991
    7960
    7926
    8008
    7997
    8050
    7928
    7851
    8069
    7884
    7849
    7890
    7721
    7849
    7828
    7776
    7723
    7789
    7819
    7780
    7620
    7747
    7761
    7775
    7523
    7508
    7737
    7674
    7536
    7649
    7749
    7683
    7608
    7692
    7767
    7586
    7556
    7561
    7501
    7397
    7465
    7516
    7491
    7456
    7483
    7326
    7444
    7356
    7404
    7385
    7411
    7415
    7505
    7286
    7370
    7308
    7602
    7247
    7582
    7148
    7395
    7267
    7252
    7142
    7181
    7133
    7126
    7234
    7331
    7214
    7240
    7146
    7062
    7305
    7085
    7229
    7069
    7239
    7081
    7255
    7209
    7277
    7183
    7008
    7203
    7125
    7202
    7033
    7018
    7014
    7054
    7140
    7117
    6948
    7066
    7031
    7036
    7111
    7022
    7059
    7160
    6903
    7103
    7007
    6962
    6969
    6912
    6927
    7040
    7010
    6871
    6804
    6760
    6925
    6902
    6856
    6847
    6961
    6941
    6820
    6897
    6805
    6801
    6778
    6819
    6780
    6807
    6910
    6816
    6801
    6961
    6859
    6800
    6827
    6868
    6923
    6846
    6746
    6902
    6901
    6912
    6659
    6756
    6843
    6784
    6881
    6696
    6732
    6941
    6705
    6788
    6765
    6746
    6657
    6686
    6765
    6754
    6703
    6650
    6815
    6799
    6817
    6735
    6663
    6798
    6762
    6651
    6655
    6620
    6461
    6846
    6727
    6765
    6777
    6714
    6588
    6604
    6592
    6662
    6604
    6808
    6485
    6513
    6774
    6744
    6533
    6710
    6542
    6662
    6778
    6630
    6700
    6677
    6710
    6622
    6514
    6673
    6717
    6602
    6386
    6618
    6624
    6713
    6559
    6712
    6512
    6795
    6527
    6646
    6657
    6653
    6562
    6650
    6683
    6514
    6611
    6483
    6620
    6615
    6554
    6474
    6605
    6698
    6609
    6526
    6512
    6502
    6533
    6509
    6457
    6511
    6632
    6552
    6717
    6647
    6558
    6516
    6415
    6355
    6446
    6533
    6589
    6508
    6399
    6613
    6488
    6530
    6472
    6513
    6485
    6384
    6443
    6431
    6347
    6371
    6575
    6413
    6518
    6445
    6382
    6309
    6380
    6313
    6381
    6326
    6357
    6465
    6229
    6356
    6304
    6330
    6432
    6359
    6379
    6318
    6364
    6285
    6427
    6333
    6383
    6260
    6242
    6260
    6163
    6285
    6351
    6257
    6168
    6257
    6254
    6189
    6407
    6228
    6102
    6288
    6254
    6253
    6398
    6273
    6225
    6399
    6294
    6315
    6340
    6360
    6174
    6222
    6381
    6293
    6365
    6145
    6214
    6299
    6238
    6223
    6389
    6345
    6464
    6397
    6392
    6717
    6639
    7075
    7597
    8475
    9342
   10852
   11482
   11795
   10763
    9695
    8340
    7257
    6733
    6371
    6335
    6140
    6293
    6158
    6101
    6166
    6285
    6099
    6259
    6160
    6126
    6191
    6220
    6375
    6221
    6162
    6185
    6273
    6188
    6214
    6106
    6040
    6213
    6167
    6072
    6173
    6202
    6199
    6175
    6227
    6137
    6191
    6239
    6144
    5981
    6170
    6322
    6241
    6154
    6223
    6168
    6049
    6183
    6172
    6247
    5968
    6124
    6189
    6275
    6174
    6098
    6199
    6169
    6192
    6224
    6257
    6212
    6166
    6004
    6138
    6170
    6218
    6281
    6169
    6159
    6181
    6186
    6286
    6082
    6100
    6121
    6065
    6063
    6171
    6191
    6217
    6207
    6236
    6206
    6263
    6172
    6200
    6261
    6219
    6178
    6257
    6263
    6249
    6218
    6301
    6172
    6210
    6336
    6146
    6358
    6251
    6141
    6238
    6249
    6195
    6263
    6214
    6193
    6259
    6104
    6245
    6258
    6276
    6167
    6314
    6347
    6192
    6387
    6358
    6406
    6263
    6245
    6468
    6319
    6336
    6385
    6419
    6381
    6410
    6406
    6454
    6492
    6343
    6643
    6412
    6525
    6400
    6459
    6485
    6395
    6380
    6388
    6544
    6584
    6312
    6612
    6574
    6551
    6627
    6574
    6614
    6798
    6667
    6680
    6667
    6779
    6697
    6587
    6646
    6719
    6595
    6925
    6889
    7006
    6792
    6846
    6814
    6816
    6790
    6898
    6954
    6962
    7054
    7219
    7501
    7380
    7358
    7202
    7029
    7072
    7090
    7037
    7032
    7067
    7176
    7302
    7009
    7037
    7071
    7056
    7138
    7169
    7354
    7224
    7389
    7242
    7327
    7431
    7279
    7514
    7574
    7818
    7907
    8028
    8239
    7981
    7973
    7897
    7481
    7401
    7450
    7348
    7425
    7618
    7417
    7598
    7404
    7487
    7509
    7468
    7638
    7558
    7568
    7547
    7492
    7641
    7569
    7692
    7667
    7700
    7729
    7626
    7779
    7779
    7647
    7577
    7555
    7721
    7617
    7713
    7694
    7592
    7881
    7847
    7661
    7732
    7978
    7811
    7815
    7769
    7938
    7879
    7856
    7862
    7796
    8016
    7884
    7961
    7951
    8018
    7974
    8112
    8192
    8043
    8119
    7932
    8050
    8079
    8098
    8000
    8096
    8260
    8091
    8067
    8251
    8351
    8186
    8402
    8227
    8165
    8245
    8245
    8321
    8409
    8348
    8448
    8492
    8739
    8447
    8515
    8497
    8604
    8458
    8605
    8509
    8702
    8659
    8666
    8706
    8682
    8583
    8786
    8630
    8705
    8904
    8698
    8767
    8769
    8749
    8953
    8775
    8917
    8816
    9059
    9140
    8878
    8857
    9034
    9020
    9062
    9031
    9270
    9172
    9346
    9145
    9129
    9198
    9281
    9369
    9518
    9493
    9492
    9801
    9402
    9768
    9749
    9791
    9761
    9619
    9759
    9625
    9696
    9575
    9537
    9606
    9761
    9532
    9793
    9664
    9816
    9813
    9727
    9826
   10025
    9902
    9947
    9893
   10026
   10015
   10123
   10257
   10262
   10088
   10111
   10340
   10385
   10391
   10460
   10568
   10515
   10434
   10555
   10594
   10653
   10462
   10605
   10529
   10623
   10775
   10901
   10710
   10540
   10852
   11141
   11079
   10868
   11295
   10920
   11322
   11189
   11461
   11141
   11317
   11473
   11279
   11467
   11374
   11353
   11471
   11536
   11594
   11512
   11613
   11618
   11594
   11641
   11794
   11521
   11754
   11800
   11792
   11777
   11804
   11870
   11914
   11888
   11928
   11848
   12121
   12204
   12221
   12393
   12191
   12381
   12305
   12269
   12312
   12338
   12364
   12500
   12370
   12699
   12695
   12626
   12743
   12670
   12634
   12738
   12874
   13013
   12994
   13155
   13130
   13398
   13409
   13443
   13463
   13327
   13374
   13354
   13380
   13504
   13651
   13687
   14065
   14226
   14502
   15126
   15702
   16994
   18745
   21008
   23660
   27779
   31415
   34264
   35835
   35420
   33226
   28936
   24908
   21353
   18435
   16584
   15503
   14898
   14825
   14589
   14398
   14561
   14569
   14707
   14652
   14849
   15440
   15446
   15632
   16050
   16644
   17510
   18514
   20220
   22761
   26469
   30865
   37034
   42748
   48539
   51084
   50647
   47240
   41849
   35186
   29262
   25122
   22330
   20961
   20698
   21831
   23905
   27209
   32853
   39748
   49482
   59717
   70861
   79970
   87838
   94129
  101210
  110607
  122668
  135971
  143734
  141540
  130583
  110088
   89052
   72197
   61165
   57679
   59573
   64228
   70050
   74694
   76039
   73047
   65570
   55399
   43626
   34671
   27408
   24056
   23973
   26319
   31224
   39162
   49352
   62681
   77280
   89831
   98433
   99620
   92587
   80016
   64471
   49007
   36631
   27129
   22009
   18867
   17141
   16532
   16394
   16646
   17001
   18071
   19348
   21692
   26370
   33689
   45271
   63211
   87352
  116882
  146279
  169284
  180182
  172054
  151236
  121912
   94710
   76005
   67282
   68844
   76076
   83391
   87665
   86629
   80764
   71302
   61362
   52997
   46051
   41764
   36555
   31294
   25477
   20020
   15570
   12775
   11059
   10031
    9725
    9364
    9155
    9231
    9274
    9154
    8926
    9153
    9090
    9322
    9141
    9228
    9279
    9498
    9757
   10169
   10593
   11095
   11711
   12258
   12418
   12507
   12283
   11820
   11383
   10572
   10368
    9822
    9340
    9323
    9263
    9087
    9206
    9314
    9295
    9315
    9255
    9268
    9320
    9444
    9295
    9113
    9174
    9317
    9258
    9400
    9281
    9232
    9450
    9500
    9355
    9431
    9435
    9671
    9571
    9502
    9647
    9880
    9893
   10034
   10438
   10455
   10889
   11208
   11535
   12266
   13354
   14499
   16129
   18467
   20932
   23874
   26583
   28425
   28615
   27933
   26545
   24885
   23731
   24103
   26096
   29771
   34709
   40460
   44641
   47116
   46213
   42482
   37195
   30138
   24334
   19958
   16551
   14663
   13469
   12812
   12322
   11743
   11729
   11428
   11654
   11870
   12068
   12948
   14429
   15759
   18101
   21244
   24945
   29113
   33299
   36542
   37889
   37124
   34945
   32793
   30013
   29202
   30353
   35106
   41531
   50405
   60078
   68586
   75322
   77230
   75239
   68837
   59921
   51076
   41968
   34310
   28132
   23602
   20783
   19458
   18807
   18590
   19333
   19246
   19552
   19290
   18552
   18118
   17955
   18186
   19229
   21123
   23912
   26364
   29072
   29945
   29808
   28301
   26078
   23638
   21959
   21606
   23643
   26469
   31919
   38373
   45773
   52395
   57877
   60365
   59676
   56847
   52377
   46300
   40225
   34327
   28697
   24331
   20868
   18905
   17236
   16829
   17079
   17366
   17589
   17385
   16682
   15820
   14381
   13123
   12098
   11211
   10690
   10250
   10036
   10057
    9888
    9709
    9678
    9785
    9655
    9814
    9999
   10540
   11329
   12286
   13415
   15405
   17015
   19082
   20681
   22164
   23287
   23660
   23090
   22299
   20389
   18178
   16214
   14481
   13012
   12524
   12051
   12092
   11973
   12317
   12237
   12168
   11198
   10684
    9935
    9285
    8647
    8325
    8138
    7976
    8029
    8243
    8519
    9048
    9930
   11209
   12482
   13948
   15158
   15734
   15624
   14863
   13412
   11974
   10272
    9049
    8567
    7999
    7764
    7755
    7538
    7594
    7629
    7691
    7582
    7551
    7600
    7904
    7937
    8587
    8870
    9738
   11023
   12987
   16181
   20231
   25680
   32011
   37842
   42218
   44051
   41797
   37210
   30708
   23729
   17500
   13166
   10088
    8420
    7428
    7147
    6882
    7024
    7027
    6971
    6887
    7021
    7011
    6964
    6981
    7021
    6810
    6777
    6814
    6957
    6969
    6879
    7092
    6833
    6877
    6925
    6880
    6991
    6935
    7064
    6862
    7002
    7002
    7221
    6986
    7215
    7038
    7354
    7351
    7823
    8116
    9224
   10123
   11855
   13954
   16199
   18793
   20813
   22060
   21503
   20321
   17879
   15129
   12345
   10244
    8747
    7659
    7150
    6812
    6819
    6784
    6775
    6791
    6737
    6798
    6814
    6754
    6860
    6955
    6651
    6721
    6779
    6793
    6864
    6661
    6727
    6915
    6829
    6731
    6742
    6831
    6689
    6767
    6878
    6847
    6649
    6783
    6657
    6903
    6678
    6622
    6806
    6771
    6651
    6677
    6866
    6691
    6665
    6799
    6822
    6792
    6904
    6787
    6958
    6843
    6569
    6821
    6731
    6636
    6778
    6746
    6539
    6759
    6588
    6740
    6604
    6801
    6889
    6638
    6678
    6802
    7008
    6744
    6856
    6731
    6966
    6837
    6831
    6885
    6763
    6649
    6775
    6794
    6636
    6814
    6860
    6871
    6779
    6782
    6628
    6856
    6909
    6708
    6576
    6866
    6681
    6833
    6775
    6724
    6729
    6618
    6858
    6875
    6922
    6946
    6790
    6724
    6954
    6952
    6780
    6842
    6754
    6846
    6876
    7018
    6937
    6810
    6897
    6622
    6981
    6812
    6861
    6984
    6792
    6803
    6871
    6797
    6821
    6881
    6750
    6762
    6917
    6878
    6883
    6928
    6872
    6905
    7018
    6824
    6885
    6910
    6639
    6753
    6785
    6749
    6878
    6843
    6733
    6891
    6943
    6981
    7039
    6792
    6943
    6935
    6913
    6758
    6976
    6891
    6945
    7014
    7010
    7002
    6848
    6968
    7009
    7109
    7028
    7003
    7058
    6771
    6872
    7090
    6985
    6860
    6933
    7049
    6965
    6944
    6939
    6930
    6910
    7083
    7108
    7128
    7144
    7082
    7125
    7129
    6942
    7117
    7289
    7359
    7650
    7852
    8115
    7923
    8204
    8239
    8101
    7886
    7778
    7461
    7341
    7347
    7236
    6981
    7167
    7260
    7240
    6936
    7086
    7253
    7115
    7215
    7279
    7323
    7310
    7569
    7813
    8170
    8718
    9246
   10259
   11237
   12499
   13520
   14576
   15337
   15229
   14677
   13684
   12244
   10645
    9319
    8577
    7987
    7554
    7519
    7474
    7756
    7629
    7913
    8542
    9035
   10168
   11577
   14231
   17981
   23428
   31175
   40794
   51323
   62005
   70519
   74676
   73888
   67797
   57911
   45664
   34270
   23849
   16920
   12233
    9491
    7927
    7306
    6852
    6885
    6875
    7070
    7273
    7511
    7948
    7889
    7977
    8249
    8037
    7827
    7713
    7371
    7180
    6873
    6735
    6799
    6660
    6795
    6736
    6708
    6743
    6654
    6786
    6731
    6780
    6702
    6737
    6850
    7050
    6961
    7199
    7447
    8000
    8601
    9434
   11121
   12859
   15472
   18597
   21926
   24569
   26740
   26890
   25620
   23262
   19862
   16088
   12978
   10659
    9001
    7785
    6983
    6845
    6729
    6575
    6463
    6736
    6660
    6671
    6644
    6741
    6622
    6598
    6570
    6767
    6719
    6606
    6511
    6794
    6639
    6751
    6814
    6602
    6751
    6677
    6598
    6597
    6724
    6677
    6543
    6829
    6749
    6720
    6774
    6638
    6620
    6698
    6772
    6691
    6620
    6626
    6682
    6596
    6587
    6615
    6777
    6755
    6725
    6790
    6557
    6730
    6756
    6835
    6796
    6691
    6703
    6827
    6701
    6506
    6784
    6756
    6774
    6827
    6827
    6654
    6730
    6763
    6791
    6787
    6846
    6822
    6651
    6756
    6696
    6695
    6819
    6770
    6988
    6844
    6875
    6988
    7335
    7655
    7967
    8513
    9149
    9790
   10430
   10981
   11518
   11606
   11715
   11611
   11018
   10569
    9903
    9021
    8519
    8086
    7498
    7221
    6852
    6934
    7024
    7002
    7240
    7331
    7210
    7308
    7433
    7294
    7339
    7138
    6820
    6778
    6877
    6810
    6689
    6726
    6680
    6649
    6717
    6879
    6506
    6755
    6837
    6669
    6736
    6832
    6732
    6669
    6705
    6747
    6788
    6890
    6751
    6823
    6992
    7260
    7465
    7951
    8719
    9643
   11493
   13797
   16312
   20285
   23716
   27022
   29638
   30534
   29314
   27892
   23876
   19847
   15785
   12415
   10256
    8641
    7605
    7028
    6769
    6789
    6736
    6808
    7020
    6938
    7072
    6932
    7020
    6990
    6935
    6720
    6652
    6587
    6438
    6568
    6442
    6468
    6602
    6474
    6502
    6448
    6497
    6520
    6566
    6595
    6304
    6559
    6486
    6617
    6517
    6611
    6472
    6456
    6434
    6468
    6448
    6368
    6448
    6407
    6560
    6598
    6652
    6461
    6747
    6645
    6809
    6913
    7083
    7655
    8147
    8668
    9444
   10121
   10414
   10717
   10810
   10564
    9927
    9136
    8436
    7743
    7256
    6872
    6657
    6689
    6478
    6487
    6528
    6442
    6499
    6414
    6549
    6580
    6600
    6723
    6931
    7053
    6900
    7158
    7088
    6972
    6871
    6817
    6707
    6627
    6534
    6401
    6419
    6297
    6281
    6476
    6467
    6414
    6383
    6420
    6251
    6318
    6380
    6363
    6468
    6379
    6285
    6422
    6373
    6408
    6244
    6278
    6259
    6372
    6346
    6273
    6326
    6289
    6352
    6249
    6392
    6405
    6293
    6340
    6478
    6405
    6280
    6442
    6550
    6559
    6661
    6743
    6772
    6744
    6814
    6707
    6644
    6526
    6564
    6477
    6463
    6383
    6415
    6354
    6312
    6285
    6166
    6338
    6232
    6188
    6338
    6399
    6320
    6403
    6277
    6302
    6307
    6278
    6251
    6319
    6367
    6353
    6224
    6215
    6180
    6217
    6304
    6261
    6413
    6324
    6192
    6261
    6246
    6331
    6275
    6235
    6394
    6167
    6226
    6286
    6322
    6162
    6487
    6507
    6440
    6517
    6552
    6703
    6744
    6657
    6937
    6554
    6497
    6503
    6325
    6346
    6249
    6124
    6401
    6283
    6287
    6110
    6199
    6186
    6183
    6270
    6122
    6042
    6234
    6159
    6250
    6156
    6202
    6248
    6166
    6160
    6180
    6268
    6223
    6092
    6324
    6180
    6209
    6135
    6189
    6275
    6065
    6339
    6132
    6081
    6192
    6105
    6307
    6080
    6086
    6155
    6069
    6150
    6309
    6338
    6086
    6184
    6134
    6071
    6256
    6083
    6052
    6210
    6079
    6100
    6172
    6245
    6192
    6010
    6028
    6059
    6209
    6120
    6203
    6144
    6107
    6228
    6165
    6291
    6031
    6241
    6103
    6059
    5966
    6068
    6047
    6004
    6213
    6006
    6021
    6197
    6044
    6067
    6023
    6197
    6045
    5959
    6122
    5995
    6008
    6106
    6115
    6213
    5910
    6180
    6144
    6106
    5954
    5882
    6050
    6059
    6037
    6118
    6181
    6104
    5985
    5913
    6080
    6009
    6210
    5996
    6052
    6025
    6003
    5946
    5972
    6129
    5986
    6015
    6061
    5988
    6040
    6179
    5970
    6358
    6266
    6296
    6313
    6506
    6494
    6554
    6396
    6259
    6129
    6009
    5959
    5986
    5868
    5930
    6014
    5920
    5858
    5890
    5855
    6033
    5881
    5868
    5913
    5828
    5978
    5860
    5720
    5793
    5910
    5821
    5968
    5906
    6144
    6182
    6283
    6331
    6487
    6472
    6483
    6281
    6246
    6207
    6095
    6126
    5778
    5818
    5903
    5865
    5817
    5776
    5829
    5822
    5819
    5760
    5720
    5644
    5769
    5863
    5747
    5526
    5835
    5733
    5842
    5801
    5776
    5692
    5816
    5619
    5725
    5661
    5703
    5679
    5588
    5608
    5630
    5718
    5713
    5767
    5680
    5948
    5885
    5944
    5963
    6166
    6265
    6262
    6545
    6473
    6509
    6567
    6453
    6330
    6153
    6019
    5916
    5904
    5841
    5838
    5841
    5789
    5693
    5756
    5796
    5823
    5974
    5696
    5840
    5829
    5813
    5727
    5943
    5887
    5844
    5872
    5898
    5936
    5965
    6084
    6192
    6103
    6137
    6211
    6061
    5917
    5869
    5867
    5621
    5711
    5734
    5793
    5771
    5636
    5743
    5612
    5664
    5728
    5770
    5656
    5768
    5712
    5687
    5583
    5563
    5697
    5746
    5737
    5494
    5749
    5664
    5761
    5669
    5692
    5680
    5623
    5601
    5667
    5712
    5724
    5666
    5712
    5653
    5813
    5611
    5571
    5731
    5848
    5602
    5662
    5591
    5573
    5660
    5574
    5614
    5594
    5528
    5545
    5620
    5602
    5628
    5637
    5494
    5894
    5785
    5972
    6244
    6453
    6943
    7433
    7994
    8605
    9301
    9715
   10000
   10148
    9969
    9312
    8785
    7998
    7445
    6816
    6525
    6023
    5797
    5610
    5480
    5618
    5553
    5383
    5469
    5411
    5233
    5264
    5302
    5461
    5185
    5291
    5379
    5344
    5340
    5366
    5327
    5432
    5431
    5335
    5493
    5362
    5392
    5489
    5540
    5693
    5709
    5804
    5963
    6188
    6647
    6950
    7661
    9063
   10921
   14087
   18484
   26034
   36721
   53519
   76812
  109952
  151457
  203278
  259492
  317318
  366753
  402160
  414252
  403172
  367385
  317190
  254131
  191984
  136341
   90816
   56686
   34582
   20141
   12065
    7652
    5460
    4300
    3975
    3590
    3532
    3506
    3352
    3420
    3460
    3305
    3359
    3336
    3352
    3395
    3314
    3187
    3337
    3267
    3296
    3220
    3245
    3269
    3232
    3198
    3142
    3109
    3114
    3196
    3104
    3195
    3109
    3219
    3144
    3189
    3141
    3118
    3111
    3157
    3155
    3130
    3118
    3132
    3152
    3067
    3126
    3161
    3004
    3196
    3075
    3077
    3052
    3109
    3181
    3041
    3167
    3032
    3049
    3051
    3113
    3001
    2936
    3029
    2999
    3083
    3049
    3044
    2973
    3059
    3014
    2951
    3042
    2963
    3038
    2954
    2927
    2926
    2973
    3005
    2876
    3025
    2905
    2839
    2875
    2970
    2769
    2970
    2935
    2912
    2860
    2753
    2922
    2945
    2880
    2848
    2841
    2852
    2859
    2897
    2858
    2909
    2799
    2796
    2866
    2850
    2873
    2835
    2765
    2703
    2854
    2925
    2871
    2813
    2850
    2816
    2837
    2763
    2827
    2763
    2773
    2640
    2650
    2735
    2681
    2755
    2692
    2783
    2731
    2709
    2777
    2701
    2598
    2725
    2623
    2764
    2695
    2652
    2631
    2706
    2694
    2625
    2666
    2696
    2752
    2730
    2571
    2644
    2537
    2610
    2636
    2595
    2655
    2623
    2613
    2718
    2674
    2709
    2764
    2748
    2852
    2935
    3064
    3219
    3603
    3765
    4072
    4185
    4206
    4310
    4212
    4240
    4081
    3885
    3528
    3396
    3173
    2924
    2853
    2856
    2668
    2623
    2559
    2528
    2509
    2464
    2430
    2465
    2414
    2451
    2373
    2467
    2561
    2451
    2529
    2447
    2453
    2513
    2488
    2470
    2432
    2471
    2521
    2420
    2436
    2535
    2301
    2478
    2409
    2393
    2408
    2384
    2459
    2389
    2415
    2495
    2460
    2568
    2542
    2373
    2506
    2451
    2488
    2542
    2507
    2479
    2440
    2381
    2439
    2385
    2299
    2300
    2399
    2306
    2350
    2323
    2356
    2327
    2339
    2327
    2448
    2313
    2326
    2278
    2304
    2364
    2275
    2241
    2374
    2363
    2344
    2360
    2303
    2293
    2296
    2320
    2292
    2299
    2350
    2375
    2307
    2370
    2293
    2286
    2291
    2326
    2323
    2344
    2143
    2240
    2246
    2306
    2261
    2255
    2293
    2263
    2245
    2109
    2279
    2204
    2169
    2128
    2223
    2202
    2180
    2212
    2161
    2175
    2143
    2186
    2128
    2185
    2189
    2075
    2143
    2165
    2230
    2171
    2137
    2163
    2265
    2256
    2121
    2170
    2207
    2192
    2080
    2185
    2211
    2260
    2170
    2207
    2147
    2163
    2170
    2244
    2407
    2234
    2310
    2356
    2341
    2337
    2335
    2204
    2273
    2234
    2261
    2213
    2154
    2184
    2108
    2229
    2191
    2322
    2215
    2389
    2415
    2433
    2451
    2463
    2502
    2512
    2511
    2496
    2351
    2313
    2290
    2276
    2143
    2133
    2145
    2172
    2123
    2151
    2014
    2106
    2015
    2079
    2101
    2020
    2167
    2062
    1951
    2129
    2074
    2053
    1914
    2062
    2063
    2007
    2022
    2079
    1972
    2042
    2065
    2147
    2063
    2090
    2135
    2085
    2074
    2150
    2127
    2190
    2192
    2241
    2273
    2204
    2359
    2472
    2521
    2790
    2937
    3245
    3472
    3810
    4003
    3965
    3927
    3849
    3670
    3554
    3190
    2860
    2577
    2437
    2281
    2211
    2090
    2018
    2108
    1991
    2034
    1975
    1929
    2011
    1981
    1970
    1926
    1911
    2009
    1943
    2013
    2009
    2064
    2122
    2092
    2103
    2102
    2233
    2014
    2127
    2003
    2057
    2037
    2032
    2045
    2066
    1950
    1937
    1983
    2005
    1967
    2017
    1978
    2009
    2049
    2006
    1998
    1989
    2000
    2011
    1969
    1946
    2085
    2044
    2112
    2158
    2087
    2079
    2138
    2101
    2197
    2102
    2094
    2040
    2005
    2014
    1924
    1913
    1837
    1847
    1924
    1875
    1935
    1884
    1931
    1946
    1942
    1955
    1947
    1915
    2004
    1964
    1942
    1997
    1986
    2022
    1873
    1956
    1939
    1904
    1969
    1859
    1898
    1860
    1964
    1901
    1915
    1898
    1973
    1976
    1983
    1916
    1938
    1985
    1984
    1954
    2008
    1977
    1919
    1936
    1953
    1892
    1935
    1890
    1828
    1926
    1885
    1908
    1834
    1887
    1843
    1846
    1887
    1892
    1837
    1932
    1959
    1937
    1941
    1891
    1911
    1910
    1780
    2014
    1858
    1930
    1877
    1897
    1947
    1896
    1875
    1900
    1893
    1913
    1893
    1921
    1857
    1860
    1842
    1857
    1828
    1808
    1904
    1856
    1854
    1800
    1810
    1868
    1822
    1811
    1786
    1845
    1872
    1869
    1810
    1935
    1851
    1873
    1830
    1855
    1932
    1895
    1835
    1863
    1807
    1758
    1759
    1784
    1846
    1792
    1777
    1840
    1829
    1825
    1777
    1812
    1881
    1764
    1693
    1814
    1686
    1723
    1812
    1728
    1768
    1709
    1822
    1748
    1689
    1774
    1720
    1671
    1752
    1740
    1734
    1736
    1740
    1709
    1890
    1825
    1874
    1871
    1957
    2072
    2054
    2206
    2304
    2371
    2455
    2506
    2472
    2303
    2185
    2202
    2134
    1947
    1928
    1853
    1837
    1705
    1695
    1723
    1717
    1662
    1605
    1687
    1729
    1723
    1725
    1683
    1687
    1708
    1711
    1728
    1675
    1727
    1746
    1642
    1661
    1656
    1664
    1636
    1623
    1694
    1617
    1633
    1634
    1636
    1670
    1725
    1666
    1685
    1691
    1629
    1560
    1599
    1605
    1630
    1597
    1622
    1634
    1669
    1625
    1631
    1629
    1607
    1615
    1678
    1619
    1557
    1617
    1606
    1560
    1599
    1620
    1578
    1586
    1593
    1604
    1648
    1636
    1699
    1712
    1705
    1662
    1696
    1682
    1618
    1611
    1626
    1541
    1665
    1577
    1623
    1579
    1573
    1573
    1579
    1615
    1632
    1601
    1524
    1577
    1606
    1604
    1599
    1649
    1564
    1628
    1601
    1668
    1603
    1663
    1619
    1642
    1620
    1684
    1651
    1747
    1764
    1735
    1886
    1755
    1844
    1818
    1834
    1865
    1812
    1780
    1781
    1847
    1767
    1788
    1903
    1818
    1840
    1895
    1870
    1838
    1822
    1747
    1699
    1705
    1713
    1656
    1591
    1634
    1530
    1592
    1519
    1577
    1539
    1530
    1591
    1585
    1744
    1661
    1821
    2017
    2255
    2645
    3188
    3886
    4885
    6284
    8009
    9543
   11554
   13514
   14888
   16191
   16512
   16492
   15631
   13961
   12093
    9917
    7998
    6042
    4713
    3701
    2747
    2138
    1949
    1646
    1518
    1512
    1481
    1415
    1430
    1444
    1473
    1404
    1428
    1378
    1386
    1410
    1379
    1457
    1427
    1388
    1383
    1416
    1372
    1479
    1444
    1376
    1366
    1365
    1361
    1359
    1394
    1379
    1381
    1372
    1355
    1417
    1343
    1354
    1397
    1394
    1402
    1425
    1400
    1445
    1387
    1380
    1444
    1407
    1417
    1347
    1382
    1373
    1422
    1396
    1354
    1312
    1378
    1394
    1363
    1315
    1355
    1378
    1317
    1348
    1373
    1375
    1248
    1315
    1406
    1386
    1311
    1344
    1319
    1381
    1363
    1362
    1345
    1291
    1352
    1349
    1313
    1358
    1305
    1388
    1314
    1389
    1355
    1365
    1382
    1358
    1385
    1357
    1453
    1455
    1502
    1521
    1519
    1547
    1514
    1559
    1569
    1558
    1473
    1469
    1459
    1395
    1465
    1376
    1361
    1369
    1324
    1362
    1320
    1314
    1300
    1352
    1377
    1362
    1416
    1439
    1442
    1388
    1348
    1482
    1419
    1428
    1480
    1465
    1440
    1302
    1389
    1388
    1297
    1322
    1312
    1386
    1386
    1313
    1343
    1335
    1249
    1316
    1326
    1300
    1278
    1392
    1323
    1282
    1262
    1237
    1247
    1312
    1304
    1270
    1285
    1281
    1316
    1299
    1241
    1296
    1248
    1333
    1257
    1305
    1239
    1306
    1361
    1295
    1300
    1312
    1324
    1286
    1248
    1372
    1337
    1316
    1317
    1315
    1244
    1283
    1268
    1268
    1304
    1234
    1245
    1312
    1255
    1238
    1228
    1287
    1263
    1308
    1291
    1244
    1253
    1234
    1270
    1202
    1253
    1349
    1306
    1209
    1244
    1324
    1255
    1303
    1315
    1251
    1217
    1268
    1185
    1250
    1301
    1246
    1231
    1317
    1212
    1242
    1222
    1256
    1205
    1271
    1302
    1282
    1224
    1274
    1266
    1254
    1241
    1307
    1298
    1234
    1270
    1184
    1280
    1282
    1290
    1218
    1218
    1256
    1231
    1274
    1201
    1219
    1268
    1221
    1234
    1275
    1267
    1283
    1190
    1237
    1259
    1298
    1260
    1227
    1247
    1212
    1270
    1278
    1225
    1256
    1224
    1191
    1230
    1234
    1257
    1228
    1215
    1173
    1282
    1149
    1203
    1254
    1243
    1236
    1173
    1235
    1195
    1225
    1175
    1160
    1130
    1192
    1243
    1175
    1182
    1211
    1153
    1168
    1195
    1172
    1274
    1164
    1235
    1232
    1254
    1234
    1197
    1306
    1346
    1321
    1361
    1374
    1310
    1280
    1335
    1244
    1357
    1340
    1294
    1216
    1207
    1235
    1208
    1199
    1284
    1306
    1313
    1358
    1386
    1481
    1581
    1640
    1686
    1778
    1752
    1713
    1813
    1781
    1671
    1565
    1431
    1450
    1389
    1331
    1294
    1253
    1238
    1232
    1200
    1182
    1248
    1196
    1200
    1218
    1171
    1185
    1132
    1212
    1157
    1198
    1181
    1231
    1162
    1236
    1187
    1144
    1175
    1202
    1197
    1171
    1160
    1178
    1171
    1192
    1144
    1190
    1228
    1136
    1109
    1157
    1161
    1200
    1159
    1188
    1199
    1271
    1229
    1255
    1332
    1358
    1405
    1391
    1457
    1479
    1524
    1623
    1631
    1614
    1643
    1560
    1576
    1444
    1527
    1364
    1355
    1235
    1300
    1209
    1248
    1213
    1206
    1183
    1234
    1211
    1166
    1227
    1179
    1237
    1217
    1197
    1251
    1274
    1338
    1325
    1427
    1483
    1623
    1742
    1746
    1893
    2099
    2187
    2198
    2195
    2219
    2060
    1981
    1932
    1662
    1570
    1472
    1313
    1381
    1297
    1156
    1259
    1218
    1206
    1254
    1144
    1178
    1208
    1213
    1166
    1159
    1179
    1234
    1189
    1219
    1226
    1245
    1225
    1190
    1261
    1231
    1316
    1250
    1292
    1320
    1275
    1314
    1194
    1246
    1211
    1236
    1196
    1226
    1225
    1231
    1239
    1201
    1222
    1252
    1161
    1174
    1193
    1200
    1280
    1179
    1178
    1256
    1277
    1273
    1321
    1234
    1223
    1219
    1332
    1286
    1304
    1262
    1271
    1200
    1244
    1288
    1243
    1306
    1260
    1301
    1266
    1326
    1248
    1350
    1347
    1351
    1420
    1374
    1405
    1422
    1460
    1511
    1510
    1497
    1524
    1538
    1480
    1400
    1438
    1377
    1374
    1389
    1374
    1339
    1326
    1411
    1324
    1334
    1321
    1259
    1316
    1217
    1294
    1257
    1229
    1199
    1217
    1307
    1269
    1301
    1311
    1372
    1336
    1332
    1297
    1280
    1222
    1240
    1242
    1201
    1247
    1164
    1075
    1181
    1164
    1211
    1159
    1171
    1204
    1199
    1297
    1325
    1375
    1353
    1519
    1412
    1595
    1667
    1809
    1935
    2096
    2316
    2639
    3147
    3568
    4132
    4724
    5185
    5858
    6180
    6742
    6538
    6394
    6096
    5489
    4614
    4183
    3560
    2860
    2407
    2036
    1779
    1571
    1390
    1341
    1218
    1224
    1195
    1097
    1145
    1085
    1047
    1061
    1036
    1055
     991
    1014
    1072
    1024
    1092
    1026
    1151
    1022
    1033
     994
    1031
    1038
     999
    1020
    1004
    1017
     988
    1021
    1017
    1017
    1034
    1036
     997
    1055
    1022
    1084
    1086
    1074
    1094
    1018
    1062
    1142
    1098
    1110
    1103
    1111
    1127
    1138
    1077
    1105
    1137
    1088
    1056
    1069
    1100
    1061
    1022
    1021
    1069
    1044
    1005
    1073
    1010
    1019
    1046
    1019
    1009
    1112
    1079
    1061
    1053
    1044
    1086
    1111
    1103
    1049
    1079
    1087
    1057
    1139
    1108
    1085
    1116
    1084
    1064
    1083
    1061
    1026
    1141
    1086
    1107
    1100
    1066
    1077
    1075
    1080
    1180
    1146
    1188
    1201
    1279
    1306
    1455
    1476
    1526
    1496
    1532
    1494
    1425
    1374
    1427
    1407
    1384
    1342
    1416
    1526
    1743
    1877
    2138
    2561
    2937
    3532
    4046
    4862
    5435
    6003
    6268
    6380
    6469
    6157
    5693
    5218
    4558
    3955
    3201
    2670
    2202
    1928
    1661
    1529
    1427
    1485
    1434
    1451
    1509
    1435
    1483
    1408
    1382
    1394
    1275
    1202
    1201
    1152
    1102
    1115
    1059
    1088
    1045
    1093
    1096
    1087
    1078
    1104
    1110
    1067
    1086
    1115
    1049
     986
    1027
     993
    1019
    1012
     930
     966
     944
     937
     943
    1003
     956
     933
     954
     933
     977
     921
     877
     935
     934
     916
     917
     892
     964
     878
     948
     886
     906
     937
     911
     919
     906
     993
     971
     969
     981
     977
     922
     965
     917
     931
     902
     895
     924
     973
     934
     937
     959
     899
     946
     909
     920
     929
     921
     886
     898
     932
     973
     915
     920
     859
     886
     956
     966
     880
     905
     928
     908
     874
    1039
    1029
    1043
    1165
    1214
    1433
    1612
    1931
    2297
    3007
    3944
    5241
    7057
    9072
   11759
   14725
   18062
   21230
   23831
   26592
   28553
   29456
   29278
   27942
   26119
   23711
   20530
   17437
   14567
   11927
    9378
    7208
    5595
    4279
    3269
    2483
    2054
    1516
    1247
    1144
    1038
     959
     973
     934
     966
     981
    1162
    1394
    1565
    1970
    2583
    3318
    4299
    5642
    7239
    9087
   11329
   13333
   15459
   17284
   18693
   19508
   19737
   19087
   17913
   15968
   14110
   11808
    9678
    7666
    6103
    4705
    3659
    2815
    2346
    1752
    1507
    1318
    1165
    1070
     990
     870
     871
     874
     848
     879
     916
     907
     931
     978
     996
    1029
    1023
     997
     958
    1000
     964
     962
     845
     832
     816
     729
     721
     762
     706
     805
     736
     724
     715
     749
     695
     683
     753
     680
     684
     692
     720
     733
     755
     758
     817
     902
     963
     933
    1055
    1164
    1202
    1271
    1229
    1302
    1339
    1252
    1240
    1171
    1135
    1092
    1118
    1091
    1166
    1132
    1234
    1208
    1200
    1265
    1199
    1177
    1196
    1080
    1009
     951
     866
     826
     837
     729
     736
     759
     706
     716
     714
     684
     646
     702
     689
     636
     706
     697
     681
     651
     687
     655
     708
     763
     732
     732
     852
     834
     888
    1003
    1131
    1278
    1566
    1865
    2236
    2754
    3251
    3818
    4225
    4531
    4980
    4985
    5129
    4985
    4605
    4015
    3578
    3108
    2593
    2120
    1763
    1324
    1112
     951
     834
     797
     716
     687
     664
     626
     658
     690
     660
     665
     622
     708
     619
     691
     711
     695
     624
     677
     669
     639
     657
     652
     670
     649
     659
     688
     637
     684
     617
     677
     655
     672
     605
     662
     669
     652
     638
     640
     702
     630
     620
     681
     621
     639
     652
     643
     648
     622
     700
     684
     669
     699
     704
     718
     655
     680
     705
     680
     764
     707
     766
     732
     684
     766
     747
     791
     743
     727
     694
     694
     740
     741
     660
     713
     617
     638
     669
     683
     677
     640
     741
     640
     645
     658
     647
     655
     678
     669
     641
     633
     679
     624
     603
     672
     652
     675
     617
     673
     677
     682
     618
     642
     650
     604
     637
     646
     689
     673
     655
     689
     706
     677
     667
     647
     683
     663
     611
     680
     658
     682
     673
     636
     622
     677
     662
     655
     684
     607
     684
     643
     731
     660
     651
     694
     730
     731
     714
     726
     780
     753
     779
     808
     758
     795
     814
     824
     794
     672
     673
     747
     637
     666
     643
     613
     655
     626
     660
     625
     650
     663
     661
     672
     708
     683
     673
     694
     672
     736
     694
     689
     657
     674
     666
     660
     616
     627
     656
     630
     633
     655
     662
     618
     666
     643
     614
     624
     691
     640
     627
     642
     647
     636
     683
     691
     655
     649
     650
     652
     652
     681
     694
     641
     677
     654
     673
     667
     641
     680
     695
     713
     689
     723
     684
     719
     671
     691
     650
     681
     657
     672
     664
     665
     642
     633
     618
     639
     583
     599
     623
     567
     685
     643
     599
     612
     585
     637
     639
     653
     587
     640
     606
     595
     596
     650
     620
     586
     619
     595
     603
     623
     606
     654
     603
     606
     625
     604
     653
     586
     590
     631
     602
     639
     637
     594
     645
     609
     640
     616
     665
     689
     712
     746
     758
     849
     903
     965
    1040
    1058
    1119
    1268
    1344
    1277
    1313
    1301
    1303
    1251
    1203
    1239
    1268
    1310
    1461
    1727
    2081
    2578
    3146
    3870
    4766
    5520
    6616
    7195
    7908
    8425
    8732
    8764
    8394
    7758
    6994
    6253
    5118
    4304
    3490
    2601
    2112
    1566
    1223
     977
     888
     819
     802
     731
     804
     879
    1014
    1201
    1420
    1596
    1897
    2250
    2586
    2919
    3322
    3576
    3775
    3913
    3939
    3776
    3587
    3138
    2831
    2520
    2243
    1744
    1490
    1193
    1004
     872
     778
     697
     689
     677
     636
     634
     630
     632
     699
     647
     678
     618
     661
     609
     622
     620
     584
     595
     592
     606
     564
     565
     630
     599
     662
     682
     807
     902
    1022
    1342
    1680
    2057
    2665
    3445
    4380
    5322
    6599
    7866
    9226
   10278
   11102
   11797
   12146
   12040
   11675
   10714
    9737
    8249
    7079
    5903
    4872
    3817
    3203
    2760
    2512
    2531
    2700
    2935
    3371
    3774
    4162
    4482
    4596
    4825
    4625
    4593
    4204
    3790
    3256
    2839
    2328
    1946
    1544
    1213
    1031
     827
     734
     676
     658
     580
     555
     543
     544
     516
     509
     524
     523
     496
     561
     533
     544
     520
     563
     567
     524
     621
     637
     612
     716
     784
     896
    1005
    1264
    1333
    1617
    1818
    2055
    2194
    2456
    2585
    2747
    2711
    2596
    2435
    2208
    2110
    1811
    1578
    1370
    1144
     968
     808
     734
     689
     606
     600
     546
     519
     546
     569
     552
     575
     684
     721
     788
     885
     954
    1173
    1388
    1567
    1728
    1995
    2106
    2241
    2345
    2380
    2527
    2397
    2239
    2023
    1944
    1796
    1652
    1555
    1595
    1496
    1452
    1484
    1493
    1393
    1327
    1275
    1150
    1072
    1014
     920
     768
     708
     643
     623
     558
     522
     502
     493
     512
     507
     521
     538
     516
     481
     498
     518
     527
     493
     485
     495
     469
     465
     475
     480
     498
     525
     493
     481
     501
     512
     537
     510
     452
     511
     500
     488
     515
     496
     470
     507
     472
     447
     464
     530
     484
     495
     463
     480
     489
     451
     518
     480
     489
     451
     450
     463
     464
     502
     485
     466
     444
     479
     475
     489
     498
     508
     476
     470
     472
     472
     469
     470
     553
     494
     500
     553
     519
     573
     605
     586
     621
     647
     683
     671
     662
     653
     645
     587
     617
     597
     577
     555
     603
     561
     535
     558
     561
     633
     739
     752
     908
     961
    1115
    1209
    1533
    1680
    1878
    2301
    2372
    2525
    2844
    3146
    3334
    3372
    3422
    3609
    3556
    3482
    3185
    2975
    2895
    2621
    2282
    2012
    1609
    1445
    1139
     930
     843
     672
     678
     584
     563
     506
     454
     474
     515
     501
     464
     454
     482
     490
     434
     492
     465
     455
     493
     521
     432
     461
     465
     501
     477
     448
     504
     473
     457
     488
     449
     443
     469
     484
     461
     498
     471
     480
     474
     460
     474
     441
     471
     472
     491
     471
     479
     471
     515
     483
     534
     490
     487
     501
     574
     547
     544
     617
     613
     629
     642
     629
     600
     674
     551
     616
     562
     558
     570
     533
     507
     531
     508
     535
     530
     509
     513
     482
     512
     514
     502
     479
     480
     499
     448
     462
     454
     481
     463
     477
     460
     416
     466
     462
     492
     465
     455
     460
     447
     448
     492
     401
     455
     468
     479
     459
     485
     444
     496
     467
     488
     485
     524
     444
     496
     452
     489
     433
     517
     476
     507
     460
     489
     527
     474
     509
     489
     461
     482
     465
     491
     482
     526
     513
     480
     472
     463
     483
     503
     478
     498
     466
     495
     484
     485
     476
     447
     461
     496
     473
     512
     509
     455
     447
     461
     509
     473
     477
     492
     493
     491
     494
     503
     517
     552
     542
     494
     525
     499
     516
     532
     548
     458
     458
     499
     466
     487
     456
     498
     475
     480
     473
     475
     500
     499
     469
     480
     444
     467
     435
     484
     485
     440
     503
     481
     481
     501
     494
     466
     465
     473
     448
     505
     480
     478
     466
     464
     473
     476
     489
     514
     510
     484
     490
     474
     482
     465
     456
     432
     472
     502
     501
     523
     519
     524
     488
     548
     508
     508
     525
     552
     538
     493
     487
     502
     474
     495
     512
     531
     556
     494
     517
     497
     497
     516
     570
     603
     672
     793
     944
    1071
    1319
    1638
    2102
    2690
    3320
    4213
    5148
    6057
    7036
    8114
    9028
    9527
   10064
   10126
    9898
    9718
    8629
    7892
    7011
    5887
    4960
    3877
    3083
    2471
    1888
    1505
    1203
    1038
     916
     856
     737
     766
     742
     719
     795
     831
     927
     930
     979
     981
    1091
    1111
    1148
    1091
    1027
     974
     912
     858
     817
     726
     650
     624
     560
     549
     506
     477
     475
     417
     452
     437
     396
     397
     427
     418
     426
     442
     401
     469
     474
     413
     460
     440
     477
     485
     478
     500
     554
     553
     664
     713
     756
     886
     949
    1045
    1136
    1149
    1145
    1171
    1153
    1127
    1079
    1037
     909
     893
     772
     716
     608
     598
     510
     470
     492
     484
     399
     405
     396
     415
     382
     419
     430
     410
     373
     444
     448
     392
     404
     432
     426
     475
     503
     517
     509
     549
     610
     694
     702
     820
     951
     973
    1037
    1129
    1109
    1209
    1230
    1181
    1109
     984
     969
     881
     888
     712
     681
     586
     542
     483
     456
     493
     468
     465
     400
     454
     440
     446
     422
     413
     424
     421
     408
     390
     413
     393
     381
     420
     423
     435
     415
     439
     437
     431
     468
     449
     469
     511
     543
     668
     674
     742
     772
     858
     949
    1071
    1097
    1124
    1143
    1225
    1174
    1168
    1079
    1022
     890
     899
     811
     715
     638
     581
     505
     513
     481
     464
     441
     429
     443
     425
     398
     414
     407
     430
     402
     448
     406
     412
     414
     448
     450
     402
     423
     433
     413
     457
     408
     451
     430
     429
     468
     468
     466
     484
     489
     479
     465
     461
     499
     534
     486
     488
     466
     481
     459
     443
     459
     478
     455
     423
     462
     425
     429
     439
     429
     430
     465
     434
     444
     443
     442
     479
     464
     413
     446
     452
     427
     447
     435
     420
     419
     430
     432
     450
     425
     438
     443
     435
     454
     451
     446
     433
     424
     441
     429
     422
     467
     412
     437
     445
     456
     463
     438
     466
     473
     443
     437
     453
     448
     422
     471
     442
     419
     423
     451
     458
     423
     452
     443
     443
     441
     499
     437
     457
     446
     453
     435
     430
     427
     462
     433
     452
     460
     445
     437
     420
     423
     418
     388
     424
     415
     395
     419
     412
     376
     436
     429
     366
     438
     433
     437
     362
     437
     400
     384
     367
     413
     429
     443
     395
     386
     463
     394
     415
     417
     391
     461
     453
     427
     411
     418
     383
     435
     443
     455
     370
     400
     434
     417
     370
     417
     422
     426
     387
     432
     405
     408
     434
     389
     405
     390
     427
     408
     420
     403
     413
     424
     386
     407
     395
     413
     410
     414
     400
     384
     431
     444
     418
     394
     400
     428
     437
     430
     449
     472
     505
     477
     491
     511
     473
     543
     529
     473
     517
     520
     484
     436
     454
     448
     407
     416
     410
     399
     409
     411
     420
     390
     432
     422
     423
     439
     412
     414
     429
     365
     424
     424
     407
     392
     459
     430
     413
     438
     463
     418
     432
     427
     481
     430
     443
     445
     463
     453
     500
     408
     429
     446
     398
     435
     432
     429
     453
     428
     449
     403
     407
     398
     441
     439
     421
     419
     418
     408
     431
     405
     406
     386
     416
     387
     382
     409
     388
     401
     383
     407
     418
     455
     376
     409
     390
     437
     393
     400
     443
     393
     481
     401
     410
     427
     445
     413
     390
     426
     461
     447
     451
     421
     422
     460
     480
     458
     486
     527
     605
     641
     681
     776
     841
     983
    1124
    1201
    1368
    1417
    1505
    1443
    1521
    1573
    1495
    1366
    1312
    1181
    1061
     973
     874
     793
     712
     632
     562
     587
     493
     514
     452
     444
     441
     430
     389
     465
     455
     430
     416
     402
     433
     430
     418
     419
     440
     458
     478
     458
     523
     519
     549
     587
     561
     608
     610
     604
     599
     639
     623
     613
     596
     569
     540
     509
     492
     428
     454
     427
     407
     394
     446
     383
     423
     400
     405
     416
     424
     400
     414
     367
     401
     383
     401
     424
     397
     392
     378
     405
     403
     430
     408
     427
     421
     455
     420
     429
     422
     417
     392
     428
     434
     431
     415
     399
     442
     377
     395
     401
     415
     424
     404
     389
     388
     424
     408
     486
     446
     443
     457
     512
     465
     474
     481
     466
     452
     473
     472
     448
     467
     446
     445
     421
     431
     373
     435
     413
     433
     403
     438
     431
     448
     408
     414
     419
     430
     391
     417
     408
     414
     399
     428
     397
     404
     430
     370
     387
     435
     397
     390
     389
     414
     395
     401
     393
     390
     377
     405
     390
     389
     364
     423
     407
     402
     401
     398
     404
     384
     415
     415
     406
     404
     413
     376
     363
     392
     418
     413
     369
     413
     382
     407
     382
     396
     389
     376
     403
     408
     414
     373
     405
     355
     431
     407
     402
     385
     417
     379
     393
     420
     398
     404
     398
     378
     417
     394
     415
     451
     470
     401
     412
     430
     397
     397
     441
     403
     426
     442
     476
     418
     473
     445
     436
     448
     449
     461
     440
     490
     457
     411
     415
     463
     452
     441
     413
     453
     423
     409
     397
     454
     415
     415
     387
     364
     390
     429
     435
     403
     380
     426
     382
     374
     395
     435
     423
     382
     415
     362
     390
     355
     432
     388
     400
     425
     383
     341
     394
     403
     372
     410
     376
     421
     450
     362
     431
     379
     386
     381
     424
     384
     429
     379
     376
     383
     385
     360
     384
     397
     399
     405
     400
     394
     385
     398
     426
     378
     382
     415
     374
     392
     426
     431
     383
     396
     370
     385
     417
     408
     391
     398
     395
     367
     428
     413
     393
     393
     448
     381
     426
     409
     384
     412
     424
     441
     406
     444
     422
     425
     375
     426
     386
     395
     402
     390
     356
     391
     360
     378
     387
     380
     368
     352
     366
     341
     353
     361
     362
     349
     355
     360
     340
     372
     382
     340
     366
     400
     315
     361
     361
     350
     384
     356
     360
     343
     365
     346
     328
     346
     308
     373
     330
     361
     326
     354
     325
     337
     361
     356
     333
     336
     315
     356
     342
     318
     364
     332
     319
     347
     329
     354
     355
     337
     300
     345
     344
     290
     336
     313
     328
     357
     320
     332
     346
     337
     336
     358
     332
     352
     318
     293
     324
     335
     369
     332
     342
     329
     300
     300
     313
     313
     323
     275
     310
     347
     304
     281
     274
     297
     308
     293
     288
     318
     309
     313
     267
     315
     295
     311
     286
     309
     304
     298
     270
     297
     301
     292
     302
     286
     273
     288
     319
     285
     294
     303
     310
     303
     293
     305
     333
     310
     343
     311
     305
     351
     338
     323
     337
     305
     337
     288
     314
     341
     343
     299
     313
     331
     274
     301
     335
     318
     303
     300
     299
     290
     275
     267
     345
     291
     325
     309
     311
     285
     308
     272
     283
     313
     286
     296
     287
     265
     286
     303
     299
     291
     293
     276
     300
     275
     307
     296
     264
     283
     275
     308
     288
     267
     302
     293
     296
     284
     260
     291
     251
     280
     293
     296
     278
     274
     278
     288
     281
     264
     286
     318
     285
     285
     281
     285
     282
     259
     296
     296
     280
     266
     279
     282
     317
     261
     287
     283
     305
     299
     257
     294
     288
     287
     273
     273
     268
     270
     286
     270
     303
     288
     271
     299
     292
     295
     271
     249
     315
     304
     271
     278
     291
     275
     306
     301
     284
     291
     314
     250
     277
     249
     264
     276
     252
     302
     250
     285
     293
     301
     276
     247
     269
     282
     260
     286
     298
     272
     256
     267
     275
     265
     257
     277
     283
     265
     248
     278
     293
     275
     252
     294
     278
     312
     290
     273
     300
     266
     306
     288
     283
     271
     264
     267
     276
     284
     259
     245
     280
     282
     257
     277
     255
     299
     286
     271
     243
     228
     256
     273
     279
     267
     256
     271
     223
     256
     281
     219
     286
     238
     270
     281
     267
     280
     271
     269
     274
     244
     269
     251
     250
     245
     284
     273
     227
     264
     241
     279
     253
     279
     250
     277
     275
     292
     257
     277
     249
     258
     259
     238
     269
     275
     256
     274
     256
     251
     266
     232
     249
     265
     263
     240
     249
     256
     250
     264
     304
     256
     216
     251
     271
     251
     240
     259
     259
     259
     237
     271
     255
     264
     256
     252
     283
     259
     222
     246
     268
     271
     244
     283
     223
     229
     266
     255
     265
     261
     253
     266
     232
     294
     274
     245
     264
     251
     232
     257
     260
     235
     243
     250
     245
     262
     254
     238
     253
     271
     249
     261
     271
     260
     264
     288
     223
     252
     242
     223
     297
     232
     311
     270
     262
     259
     283
     250
     284
     282
     244
     269
     297
     276
     301
     319
     279
     281
     272
     277
     281
     310
     285
     290
     320
     325
     374
     354
     335
     366
     434
     442
     438
     506
     512
     501
     498
     486
     503
     529
     428
     455
     449
     401
     379
     387
     379
     369
     345
     349
     326
     300
     351
     290
     347
     285
     327
     317
     291
     303
     292
     293
     305
     317
     279
     315
     316
     276
     290
     267
     267
     265
     292
     262
     269
     281
     300
     285
     307
     281
     303
     290
     308
     316
     314
     289
     283
     291
     278
     256
     286
     271
     251
     270
     262
     258
     253
     223
     261
     243
     237
     246
     221
     250
     250
     261
     270
     246
     241
     250
     251
     232
     257
     257
     237
     246
     233
     260
     229
     234
     258
     269
     271
     261
     245
     244
     270
     237
     235
     267
     233
     258
     238
     256
     258
     244
     240
     245
     248
     249
     214
     248
     264
     249
     233
     214
     241
     253
     262
     247
     248
     240
     243
     247
     245
     260
     235
     278
     229
     258
     236
     225
     245
     252
     232
     246
     221
     230
     221
     227
     221
     233
     239
     192
     267
     233
     242
     249
     258
     238
     249
     269
     227
     242
     270
     252
     250
     245
     222
     241
     255
     266
     245
     259
     235
     252
     231
     233
     261
     226
     258
     243
     281
     250
     241
     228
     267
     231
     235
     236
     254
     245
     220
     233
     243
     238
     230
     225
     235
     249
     247
     257
     236
     244
     252
     239
     216
     252
     254
     238
     239
     229
     245
     201
     257
     244
     206
     231
     220
     251
     271
     242
     216
     232
     234
     233
     214
     238
     249
     241
     231
     236
     223
     244
     233
     244
     218
     215
     231
     247
     236
     221
     220
     242
     233
     232
     230
     254
     246
     254
     213
     236
     242
     233
     272
     222
     231
     240
     208
     205
     255
     237
     213
     222
     220
     225
     248
     197
     231
     245
     217
     241
     233
     209
     269
     259
     229
     247
     238
     239
     235
     244
     240
     263
     246
     225
     239
     241
     234
     230
     228
     245
     246
     215
     223
     229
     194
     209
     228
     214
     209
     220
     203
     208
     195
     224
     212
     212
     215
     207
     201
     238
     206
     206
     211
     213
     189
     177
     222
     191
     228
     176
     190
     195
     193
     190
     190
     188
     193
     185
     212
     199
     190
     224
     181
     191
     184
     191
     215
     200
     203
     173
     184
     196
     178
     222
     185
     204
     167
     192
     193
     209
     215
     194
     208
     158
     202
     190
     168
     201
     184
     192
     185
     185
     186
     210
     173
     212
     209
     197
     196
     180
     200
     177
     182
     202
     206
     187
     175
     188
     201
     160
     171
     177
     178
     201
     180
     180
     175
     193
     171
     193
     175
     175
     193
     183
     178
     180
     179
     209
     198
     231
     190
     210
     232
     214
     224
     247
     227
     262
     249
     250
     224
     245
     240
     237
     224
     243
     238
     201
     213
     229
     215
     205
     186
     194
     163
     167
     174
     161
     171
     170
     176
     144
     162
     188
     194
     151
     172
     166
     193
     182
     183
     178
     184
     165
     204
     196
     191
     186
     196
     185
     220
     198
     208
     211
     214
     206
     182
     190
     184
     185
     173
     167
     141
     165
     158
     173
     159
     153
     143
     150
     177
     173
     170
     150
     163
     155
     152
     158
     173
     167
     161
     144
     175
     151
     165
     151
     146
     139
     158
     176
     157
     140
     147
     151
     152
     156
     140
     154
     142
     133
     138
     149
     151
     157
     143
     146
     139
     129
     153
     155
     168
     141
     135
     150
     161
     144
     128
     132
     131
     157
     138
     150
     152
     134
     145
     140
     155
     145
     130
     157
     142
     148
     151
     156
     135
     128
     147
     156
     149
     150
     137
     143
     139
     147
     165
     139
     151
     144
     145
     147
     130
     147
     151
     128
     155
     110
     141
     143
     124
     136
     143
     150
     139
     148
     140
     128
     134
     148
     145
     143
     130
     143
     121
     158
     159
     152
     141
     152
     153
     136
     156
     160
     158
     136
     139
     138
     137
     141
     151
     147
     129
     138
     141
     138
     138
     129
     128
     119
     137
     123
     145
     143
     113
     136
     125
     120
     137
     152
     113
     143
     126
     149
     135
     134
     146
     122
     132
     138
     111
     129
     146
     133
     121
     132
     138
     138
     134
     133
     128
     124
     126
     101
     139
     132
     114
     136
     118
     124
     122
     127
     120
     144
     130
     152
     129
     138
     131
     134
     125
     140
     149
     115
     138
     129
     128
     150
     140
     117
     131
     118
     125
     136
     143
     127
     127
     119
     130
     147
     120
     141
     129
     116
     121
     133
     141
     145
     140
     138
     111
     132
     118
     144
     149
     113
     130
     118
     125
     128
     122
     135
     142
     117
     138
     146
     129
     158
     140
     133
     131
     130
     124
     140
     128
     140
     141
     127
     128
     132
     139
      97
     136
     149
     124
     124
     118
     104
     128
     131
     145
     133
     133
     133
     134
     135
     128
     127
     161
     126
     123
     111
     127
     123
     128
     117
     118
     135
     110
     120
     133
     127
      99
     140
     153
     133
     117
     137
     104
     121
     123
     129
     129
     133
     115
     135
     139
      95
     135
     121
     130
     126
     125
     119
     113
     122
     118
     102
     138
     109
     115
     114
     153
     111
     102
     127
     119
     142
     120
     119
     123
     121
     118
     119
     115
     126
     145
      91
     110
     123
     126
     105
     135
     117
     129
     108
     116
     110
     116
     139
     121
     117
     118
     112
     116
     106
     113
     113
     122
     116
     107
     125
     107
     111
     124
     128
     132
     130
     113
     134
     126
     111
     127
     119
     111
     112
     112
     110
     116
     128
     104
     124
     113
     107
     106
     112
      95
     125
     114
     119
     114
     114
     109
     100
     127
     114
     101
     100
     113
     122
     120
     130
     132
     123
     143
     128
     131
     152
     144
     130
     137
     130
     121
     129
     141
     126
     131
     131
     110
     110
     114
     121
     109
     125
     114
     118
     129
     111
     124
     108
      93
      85
     124
     109
     116
     125
     116
     120
     122
     124
     121
     119
     149
     133
     137
     131
     139
     114
     130
     142
     122
     121
     132
     115
     119
     108
      96
     105
      91
     122
     108
     103
     106
     103
     108
     125
     102
     100
      89
     124
     123
     123
      93
     108
     114
     130
     114
     119
     113
     113
     105
     105
     108
     111
     114
      92
     103
     116
     104
     100
     106
      98
      94
     108
     115
     100
      96
      78
     116
      83
     107
     103
      92
      91
      86
      97
      85
     107
     112
     105
     106
     107
     115
     104
     135
     132
     149
     161
     187
     188
     238
     249
     317
     408
     440
     459
     516
     568
     671
     688
     714
     709
     713
     762
     807
     749
     673
     657
     566
     494
     493
     387
     344
     302
     259
     198
     210
     155
     144
     127
     115
     124
     109
     103
      97
     126
      83
     100
      87
      81
     102
      94
     105
      92
      98
      92
      88
      97
      95
     113
      93
     111
     107
     109
      98
     107
     121
     113
     104
     112
     109
     111
     100
     104
     103
     101
     100
     101
      90
      88
      95
     102
      98
     105
     101
      77
      99
      76
      93
     104
      80
     103
     114
      77
     101
      90
      81
     100
      86
     101
      89
     103
      90
     110
     102
      93
     114
     102
     112
     110
     137
     118
     128
     120
     111
     120
     126
     137
     151
     134
     101
     129
     137
     144
     120
     106
     113
     114
     105
      91
     108
      91
      93
      99
      79
      83
      92
      94
      96
      80
      95
      86
      93
      96
      91
      70
      76
      89
      93
      84
      68
      71
      86
      74
      74
      73
      93
      80
      80
      73
      81
      79
      76
      76
      67
      72
      93
      95
      82
      68
      78
      92
      88
      96
      95
      83
      85
      83
      88
      82
      91
      91
      77
      80
      81
      98
      85
      75
      84
      63
      83
      86
      78
      85
      74
      85
      98
      96
      94
      86
     115
     129
     126
     139
     128
     143
     147
     167
     189
     182
     186
     179
     169
     184
     172
     172
     190
     179
     171
     163
     142
     141
     114
     114
     102
     114
      90
      84
      83
      90
      69
      70
      65
      83
      80
      77
      90
      89
      77
      81
      88
      76
      80
      94
      75
     105
     101
      88
      93
      86
      97
      83
      87
      88
      81
      95
      75
      76
      98
      86
      92
      87
      88
      74
      78
      86
      86
      66
      65
      78
      77
      80
      66
      57
      83
      72
      83
      78
      74
      68
      73
      74
      94
      90
      62
      86
      83
      84
      71
      70
      62
      76
      78
      86
      75
      79
      79
      84
      67
      93
      59
      74
      63
      64
      72
      64
      67
      82
      78
      62
      88
      73
      77
      74
      60
      73
      81
      79
      74
      76
      81
      68
      71
      63
      76
      75
      77
      79
      65
      72
      60
      69
      68
      76
      77
      87
      65
      78
      88
      73
      83
      70
      80
      76
      49
      49
      76
      79
      75
      78
      75
      71
      52
      60
      66
      70
      70
      75
      82
      72
      71
      66
      78
      73
      65
      71
      56
      59
      68
      68
      81
      71
      66
      88
      83
      61
      53
      80
      64
      78
      69
      55
      76
      87
      72
      61
      94
      67
      55
      64
      70
      67
      63
      69
      65
      50
      61
      72
      92
      76
      64
      68
      90
      74
      68
      73
      76
      74
      64
      60
      80
      55
      84
      80
      70
      76
      75
      63
      74
      60
      79
      67
      75
      81
      65
      72
      66
      72
      68
      71
      70
      66
      71
      63
      62
      81
$ENER_FIT:
0.000000 0.075000
$PRESETS:
Live Time (sec)
994
0
$RT:
1800.000000
$DT:
806000
$ISO_DECL_PU:
SMPLNAM: IDB-432
SEPDATE: 01/01/1900 00:00:00
PU238: 1.1969 
DPU238: 0.2089
PU239: 62.5255 
DPU239: 0.0453
PU240: 25.4058 
DPU240: 0.0949
PU241: 6.6793 
DPU241: 0.1303
PU242: 4.1925 
DPU242: 0.1527
AM241: 1.4452 
DAM241: 0.9964
DATE: 01/01/1900 00:00:00
PU240EFF: 35.4654
DPU240EFF: 1.7313
$ADC:
8192
0
8191