$APPLICATION_ID:
IDB v.1.0
$SPEC_REM:
Material type: Pu
Material form: Pellet
Material compound: PuO2
Pu isotopics:
238Pu 1.1025
239Pu 64.8755
240Pu 26.3301
241Pu 3.34
242Pu 4.3519
241Am 5.0104
Detector: HPGe (Geometry: Planar, Size: Unknown)
MCA: Unknown
$DATE_MEA:
08/01/2001 22:54:00
$MEAS_TIM:
995 1800
$DATA:
0 8191
       0
       0
       0
       0
       0
       0
       0
       0
       0
       0
       0
       0
       0
       0
       0
       0
       0
       0
       0
       0
       0
       0
       0
       0
       0
       0
       0
       0
       0
       0
       0
       0
       0
       0
       0
       0
       0
       0
       0
       0
       0
       0
       0
       0
       0
       0
       0
       0
       0
       0
       0
       0
       0
       0
       0
       0
       0
       0
       0
       0
       0
       0
       0
       0
       0
       0
       0
       0
       0
       0
       0
       0
       0
       0
       0
       0
       0
       0
       0
       0
    8857
   11830
   12039
   11905
   11849
   11795
   11707
   11778
   11796
   11612
   11511
   11527
   11418
   11325
   11407
   11277
   11270
   11150
   11058
   10908
   10936
   10927
   10917
   10826
   10887
   10650
   10377
   10495
   10409
   10385
   10384
   10317
   10345
   10360
   10301
   10332
   10148
   10309
   10198
   10135
   10057
   10186
   10064
   10012
   10020
    9981
   10078
   10024
    9883
   10025
    9906
   10091
   10014
   10039
    9978
    9819
    9920
    9989
   10013
   10050
    9886
    9901
    9838
    9712
    9875
    9620
   10105
    9944
   10007
   10134
   10099
   10420
   10305
   10355
   10423
   10365
   10294
   10332
   10150
   10213
   10049
   10128
   10217
   10123
   10157
   10094
   10175
   10126
   10117
   10084
   10262
    9932
    9921
   10185
   10035
   10061
   10180
   10214
   10211
   10126
   10070
   10019
   10100
   10120
   10114
   10138
   10222
   10203
   10262
   10375
   10276
   10227
   10249
   10265
   10121
   10025
    9991
    9998
    9975
   10149
    9995
   10049
    9930
    9857
    9893
    9805
    9757
    9871
   10110
    9560
    9953
    9888
    9879
    9857
    9880
   10012
    9750
    9888
    9853
    9771
    9764
    9663
    9807
    9828
    9943
    9695
    9644
    9717
    9607
    9831
    9653
    9807
    9812
    9961
    9799
    9755
    9738
    9955
    9870
    9746
    9478
    9812
    9930
    9825
    9865
    9718
    9848
   10033
   10003
    9576
    9813
    9734
    9699
    9910
    9813
    9614
    9583
    9715
    9694
    9774
    9842
    9794
    9842
    9800
    9628
    9686
    9677
    9740
    9737
    9847
    9699
    9547
    9690
    9717
    9784
    9793
    9592
    9716
    9820
    9652
    9723
    9849
    9656
    9923
    9723
    9657
    9837
    9861
    9746
    9693
    9740
    9832
    9784
    9700
    9783
    9894
    9677
    9807
    9879
    9623
    9775
    9775
    9942
    9817
    9894
   10056
    9960
   10023
   10129
   10525
   10051
   10109
   10052
    9972
    9827
   10262
   10197
   10454
   11401
   12072
   13013
   13837
   14065
   14231
   13686
   12690
   11368
   10527
    9991
    9914
    9629
    9622
    9904
    9726
    9697
    9923
    9826
    9884
    9832
    9736
    9633
    9788
    9788
    9994
    9657
    9734
    9817
   10061
    9890
   10072
   10019
    9675
    9647
    9733
    9660
    9730
    9858
    9798
    9664
   10027
    9965
    9921
   10334
   10733
   10639
   10592
   10354
    9997
    9725
    9537
    9742
    9710
    9663
    9519
    9493
    9372
    9048
    9402
    9252
    9136
    9203
    9125
    9207
    9205
    9184
    9129
    9116
    9054
    9075
    9096
    9027
    8948
    8992
    8874
    9058
    8886
    8972
    8873
    8831
    8742
    8612
    8812
    8750
    8958
    8808
    8683
    8737
    8715
    8697
    8844
    8707
    8651
    8443
    8781
    8652
    8348
    8568
    8363
    8613
    8700
    8485
    8648
    8562
    8499
    8549
    8581
    8610
    8565
    8589
    8554
    8407
    8448
    8389
    8485
    8439
    8517
    8400
    8381
    8267
    8284
    8182
    8288
    8350
    8270
    8319
    8197
    8272
    8355
    8347
    8322
    8101
    8391
    8128
    8264
    8265
    8121
    8108
    8099
    8136
    8086
    8125
    7884
    8135
    8024
    7904
    7955
    7949
    8100
    7978
    8080
    7927
    7866
    7873
    7912
    7880
    7930
    7822
    8078
    7865
    7951
    7876
    7758
    7773
    7698
    7747
    7871
    7745
    7903
    7658
    7882
    7626
    7730
    7587
    7723
    7661
    7824
    7596
    7538
    7719
    7599
    7599
    7650
    7778
    7601
    7694
    7619
    7413
    7557
    7548
    7456
    7708
    7428
    7254
    7391
    7467
    7399
    7524
    7380
    7542
    7510
    7177
    7344
    7307
    7344
    7302
    7243
    7420
    7282
    7162
    7295
    7298
    7315
    7421
    7245
    7313
    7059
    7334
    7278
    7292
    7333
    7273
    7249
    7206
    7316
    7066
    7121
    7211
    7193
    7184
    7137
    7017
    7098
    7257
    7220
    6973
    7089
    7195
    7029
    7156
    7132
    6899
    7079
    6860
    7082
    6881
    7175
    7107
    6916
    6922
    7021
    6979
    6812
    6895
    6928
    7002
    6995
    6805
    7014
    6951
    7065
    7055
    6821
    6818
    6969
    6897
    6853
    6997
    6936
    6851
    7064
    7020
    6942
    6819
    6940
    6897
    6871
    6834
    6773
    6851
    6762
    6714
    6839
    6843
    6960
    6828
    6734
    6710
    6768
    6800
    6841
    6795
    6838
    6850
    6738
    6769
    6971
    6975
    6805
    6697
    6664
    6744
    6698
    6817
    6946
    6761
    6689
    6712
    6654
    6724
    6766
    6646
    6767
    6752
    6663
    6606
    6689
    6669
    6708
    6694
    6680
    6738
    6700
    6758
    6661
    6605
    6617
    6746
    6664
    6828
    6632
    6852
    6626
    6657
    6811
    6672
    6528
    6686
    6811
    6700
    6759
    6620
    6708
    6664
    6763
    6606
    6699
    6594
    6731
    6672
    6670
    6446
    6706
    6610
    6671
    6625
    6599
    6473
    6573
    6621
    6575
    6518
    6646
    6568
    6513
    6638
    6629
    6588
    6556
    6607
    6561
    6514
    6508
    6527
    6515
    6568
    6539
    6523
    6490
    6386
    6693
    6482
    6357
    6507
    6507
    6556
    6472
    6219
    6526
    6467
    6450
    6677
    6499
    6507
    6503
    6386
    6453
    6484
    6454
    6492
    6479
    6412
    6436
    6490
    6307
    6414
    6361
    6348
    6437
    6417
    6264
    6231
    6247
    6444
    6383
    6341
    6425
    6421
    6178
    6315
    6386
    6158
    6318
    6144
    6333
    6390
    6374
    6274
    6238
    6475
    6296
    6400
    6251
    6224
    6252
    6299
    6226
    6231
    6456
    6361
    6426
    6191
    6294
    6235
    6176
    6243
    6247
    6274
    6293
    6271
    6298
    6277
    6211
    6248
    6286
    6212
    6181
    6299
    6255
    6413
    6442
    6214
    6282
    6287
    6204
    6233
    6475
    6472
    6720
    6829
    7162
    7693
    8443
    9594
   10630
   11368
   11650
   10730
    9635
    8179
    7200
    6582
    6436
    6290
    6099
    6260
    6122
    6037
    6228
    6079
    6252
    6090
    6333
    6028
    6224
    6087
    6100
    6231
    6142
    6124
    6155
    6106
    6195
    6102
    6164
    6161
    6093
    6107
    6063
    6108
    6118
    6148
    6091
    6147
    6190
    6168
    6105
    6094
    6141
    6130
    6129
    5970
    6226
    6227
    6183
    6200
    5987
    6202
    6170
    6145
    6118
    6174
    6145
    6184
    6217
    6134
    6048
    6146
    6163
    6171
    6133
    6134
    6180
    6278
    6223
    5976
    6167
    6250
    6206
    6101
    6087
    6247
    6213
    6169
    6285
    6147
    6233
    6155
    6140
    6232
    6196
    6202
    6217
    6302
    6214
    6080
    6073
    6050
    6195
    6181
    6359
    6336
    6257
    6166
    6154
    6249
    6122
    6338
    6231
    6325
    6207
    6197
    6214
    6276
    6180
    6234
    6255
    6405
    6305
    6160
    6310
    6294
    6294
    6233
    6531
    6345
    6249
    6318
    6407
    6366
    6391
    6233
    6324
    6396
    6433
    6318
    6364
    6329
    6370
    6289
    6427
    6472
    6473
    6568
    6353
    6385
    6398
    6378
    6494
    6469
    6459
    6411
    6563
    6425
    6513
    6432
    6474
    6573
    6564
    6666
    6501
    6652
    6763
    6686
    6548
    6725
    6868
    6728
    6838
    6761
    6748
    6822
    6785
    6833
    6879
    6967
    6850
    7068
    6953
    7066
    7158
    7220
    7255
    7425
    7475
    7149
    7218
    7012
    6998
    7031
    7129
    7153
    7122
    6998
    7090
    7203
    7355
    7222
    7244
    7217
    7269
    7256
    7413
    7310
    7380
    7345
    7440
    7484
    7512
    7938
    7858
    8027
    8127
    7989
    7845
    7786
    7664
    7489
    7426
    7333
    7496
    7576
    7467
    7527
    7548
    7669
    7538
    7602
    7561
    7575
    7565
    7467
    7663
    7558
    7513
    7652
    7747
    7694
    7732
    7770
    7683
    7765
    7598
    7748
    7651
    7582
    7777
    7847
    7733
    7639
    7724
    7761
    7744
    7704
    7816
    7750
    7678
    7724
    7872
    8062
    7847
    7890
    7927
    7935
    7881
    8036
    8037
    7920
    8061
    7959
    7910
    8094
    8120
    7851
    8316
    8168
    8169
    8081
    8141
    8239
    8152
    8212
    8271
    8254
    8359
    8244
    8262
    8234
    8398
    8401
    8351
    8208
    8409
    8523
    8364
    8330
    8487
    8551
    8478
    8493
    8631
    8414
    8447
    8538
    8637
    8598
    8679
    8675
    8695
    8666
    8808
    8708
    8731
    8866
    8868
    8935
    8876
    9019
    8796
    8974
    8815
    8935
    8984
    8963
    9169
    8959
    8962
    9042
    9186
    9080
    9180
    9053
    9290
    9304
    9319
    9492
    9409
    9356
    9450
    9486
    9615
    9608
    9441
    9713
    9623
    9630
    9793
    9587
    9746
    9680
    9596
    9581
    9707
    9741
    9638
    9932
    9651
    9784
    9681
    9914
   10049
    9918
   10071
    9899
    9809
   10106
   10178
   10082
   10154
   10217
   10242
   10282
   10354
   10407
   10517
   10452
   10521
   10550
   10391
   10291
   10679
   10724
   10606
   10501
   10489
   10688
   10834
   10978
   10540
   11028
   10695
   10931
   10907
   10940
   11044
   11016
   11075
   11155
   11081
   11485
   11425
   11370
   11511
   11436
   11281
   11481
   11470
   11507
   11556
   11600
   11678
   11555
   11642
   11754
   11766
   11753
   11703
   11894
   11780
   11673
   11798
   11947
   11650
   11796
   12033
   12217
   12055
   12292
   12172
   12172
   12220
   12412
   12324
   12198
   12173
   12392
   12437
   12789
   12442
   12505
   12217
   12632
   12576
   12626
   12636
   12730
   12891
   12827
   13037
   13114
   13105
   13500
   13510
   13406
   13377
   13397
   13432
   13379
   13323
   13451
   13486
   13774
   14122
   14446
   14621
   15118
   15969
   16867
   18571
   20704
   23926
   27779
   31171
   34511
   35787
   35780
   33135
   28981
   24883
   21465
   18435
   16821
   15536
   14916
   14525
   14525
   14485
   14373
   14472
   14535
   14798
   14717
   14987
   15415
   15687
   16285
   16549
   17462
   18631
   20192
   22635
   26471
   31186
   36541
   42753
   48296
   51136
   50671
   47467
   42113
   35607
   29457
   24743
   22303
   21020
   20508
   21945
   23830
   27229
   32835
   39840
   49075
   59646
   70548
   80107
   87931
   94037
  100996
  111505
  122397
  135145
  143208
  141640
  130687
  110984
   89517
   71504
   61174
   57610
   59487
   64139
   70054
   73732
   75628
   72881
   65665
   55499
   44203
   34491
   27661
   24171
   23965
   26545
   31404
   39247
   49417
   62581
   76353
   89256
   97902
   98286
   92526
   80022
   65087
   48979
   36537
   27404
   22102
   18610
   17002
   16553
   16318
   16561
   17150
   17961
   19001
   21874
   25991
   33319
   45277
   63167
   86962
  115981
  145779
  169329
  179107
  172380
  151620
  121940
   94688
   75873
   67553
   68742
   75344
   83119
   88024
   87426
   80327
   71163
   61031
   53048
   46825
   41500
   36821
   31245
   25741
   20330
   15931
   13014
   10922
   10008
    9545
    9302
    9478
    9068
    9096
    9211
    9044
    9107
    9247
    9132
    9123
    9340
    9312
    9697
    9646
   10195
   10529
   10866
   11631
   12209
   12586
   12609
   12466
   12100
   11432
   10627
   10234
    9713
    9561
    9379
    9127
    9193
    9292
    9339
    9072
    9357
    9335
    9175
    9319
    9492
    9130
    9429
    9424
    9375
    9327
    9277
    9514
    9353
    9240
    9395
    9448
    9562
    9558
    9514
    9613
    9761
    9644
    9837
    9889
   10087
   10320
   10483
   10558
   11194
   11599
   12218
   13275
   14649
   16002
   18549
   21187
   23929
   26735
   28370
   28805
   28202
   26241
   24882
   23381
   24221
   25936
   30057
   34667
   40190
   44352
   46724
   46206
   42444
   36976
   29869
   24386
   19845
   16515
   14648
   13173
   12497
   12044
   11756
   11699
   11643
   11627
   11880
   12384
   12998
   14316
   15607
   18084
   21151
   24776
   29364
   33117
   36274
   37652
   37195
   35492
   32394
   29988
   29206
   30479
   34841
   41853
   50251
   59449
   68870
   74630
   77287
   75143
   68519
   59786
   51057
   41973
   34152
   28191
   23700
   20968
   19341
   18735
   18566
   19063
   19264
   19817
   19190
   18635
   18106
   17493
   18206
   19314
   21321
   23771
   26399
   28196
   30198
   29877
   28388
   25839
   23862
   22180
   22024
   23302
   26622
   31792
   38538
   44967
   51895
   57260
   59845
   59739
   57343
   52185
   46422
   40415
   34234
   28885
   24372
   20836
   18641
   17392
   16898
   16982
   17350
   17428
   17457
   16654
   15488
   14508
   13198
   12210
   11258
   10531
   10250
   10100
    9895
    9982
    9743
    9527
    9826
    9705
    9853
   10159
   10497
   11256
   12327
   13597
   15098
   17077
   19058
   20794
   22374
   23266
   23551
   23449
   22163
   20239
   18361
   16088
   14337
   12999
   12389
   11986
   11883
   12104
   12277
   12225
   11743
   11540
   10662
   10036
    9310
    8800
    8266
    8021
    8105
    7947
    8246
    8570
    8890
   10116
   11041
   12458
   13875
   15066
   15646
   15706
   14994
   13274
   11945
   10475
    9324
    8562
    8199
    7983
    7676
    7682
    7732
    7475
    7474
    7458
    7576
    7711
    7926
    7999
    8355
    8849
    9839
   10893
   13009
   16113
   20452
   25712
   32194
   37771
   41956
   44020
   42054
   37435
   30791
   23667
   17785
   13086
   10109
    8271
    7703
    7172
    7044
    6914
    7029
    6885
    6993
    6939
    6898
    6967
    6854
    6975
    7001
    7093
    7117
    7063
    6825
    6967
    6939
    6914
    6848
    6734
    6996
    6841
    6987
    6903
    7181
    7013
    6982
    7057
    7083
    7274
    7055
    7257
    7498
    7679
    8120
    9031
   10062
   11575
   13839
   16032
   18759
   21110
   22043
   21710
   20731
   17883
   15095
   12500
   10128
    8577
    7620
    7085
    6987
    7087
    6831
    6720
    6765
    6757
    6714
    6811
    6830
    6750
    6855
    6582
    6751
    6785
    6865
    6813
    6691
    6744
    6776
    6677
    6781
    6574
    6711
    6833
    6842
    6847
    6778
    6695
    6708
    6702
    6727
    6834
    6741
    6670
    6728
    6737
    6697
    6776
    6854
    6792
    6866
    6724
    6666
    6787
    6884
    6778
    6590
    6764
    6687
    6860
    6766
    6798
    6733
    6604
    6787
    6755
    6678
    6620
    6915
    6739
    6829
    6796
    6831
    6854
    6805
    6819
    6767
    6817
    6883
    6663
    6837
    6712
    6788
    6805
    6734
    6809
    6832
    6732
    6740
    6841
    6883
    6635
    6812
    6902
    6879
    6752
    6812
    6747
    6847
    6852
    6862
    6748
    6824
    6688
    6888
    6969
    6683
    6856
    6794
    6876
    6893
    6761
    6715
    6714
    6766
    6854
    6790
    6786
    6836
    6757
    6705
    6885
    6786
    6948
    6965
    6818
    6803
    6928
    6960
    6898
    6830
    6777
    6909
    6872
    6971
    6880
    6929
    6995
    6933
    6918
    6875
    6827
    6935
    6839
    6790
    6887
    6775
    6836
    6986
    6920
    6913
    6783
    6722
    6855
    7032
    6932
    6973
    6831
    6861
    6944
    6858
    6988
    7007
    6979
    6960
    6914
    7128
    7009
    6995
    6941
    6843
    6934
    6830
    6856
    6864
    6968
    7007
    6899
    6915
    7069
    6985
    7058
    6995
    7181
    6957
    7120
    7211
    7201
    7145
    6985
    7192
    7181
    7214
    7206
    7414
    7662
    7742
    8064
    8096
    7979
    8083
    8225
    7758
    7553
    7391
    7387
    7246
    7103
    6993
    7017
    7173
    7059
    7217
    7116
    7167
    7212
    7143
    7457
    7447
    7451
    7733
    7891
    8253
    8660
    9379
   10260
   11285
   12270
   13605
   14521
   15427
   15187
   14624
   13554
   12036
   10490
    9476
    8476
    7736
    7563
    7453
    7500
    7497
    7693
    8002
    8522
    9103
   10016
   11588
   14116
   17996
   23336
   31260
   40416
   50998
   61760
   70615
   75181
   73771
   67878
   57809
   45860
   34054
   24012
   16848
   12066
    9282
    7801
    7206
    6885
    6895
    6899
    7139
    7294
    7450
    7774
    7892
    8208
    8166
    7914
    8062
    7688
    7485
    7100
    7150
    6995
    6864
    6772
    6635
    6626
    6733
    6766
    6763
    6778
    6761
    6785
    6812
    6858
    6857
    6976
    7057
    7074
    7323
    7904
    8590
    9458
   10830
   12945
   15713
   18605
   21777
   24488
   26454
   26987
   25975
   23478
   19824
   16255
   13154
   10651
    8957
    7773
    7155
    6937
    6756
    6714
    6646
    6583
    6619
    6577
    6778
    6760
    6600
    6477
    6870
    6619
    6729
    6764
    6764
    6619
    6634
    6681
    6684
    6687
    6654
    6669
    6614
    6652
    6650
    6745
    6521
    6657
    6613
    6599
    6748
    6792
    6680
    6593
    6772
    6747
    6582
    6730
    6690
    6620
    6644
    6718
    6705
    6736
    6775
    6650
    6668
    6662
    6752
    6642
    6718
    6780
    6602
    6703
    6557
    6737
    6613
    6682
    6615
    6652
    6607
    6777
    6782
    6889
    6873
    6757
    6811
    6809
    6702
    6719
    6719
    6593
    6754
    6956
    6853
    6883
    7013
    7111
    7281
    7531
    7823
    8524
    9011
    9767
   10346
   11016
   11320
   11765
   11815
   11621
   11046
   10494
    9929
    9158
    8555
    7855
    7496
    7285
    7117
    6951
    6968
    6968
    6974
    7038
    7390
    7627
    7356
    7280
    7192
    7040
    6965
    7094
    6723
    6991
    6862
    6723
    6632
    6584
    6642
    6537
    6635
    6715
    6828
    6744
    6603
    6574
    6805
    6747
    6587
    6756
    6563
    6922
    6911
    6935
    6854
    7135
    7449
    7948
    8825
    9609
   11357
   13536
   16362
   19852
   23662
   27044
   29338
   30603
   29835
   27364
   23853
   19831
   15696
   12543
   10106
    8468
    7507
    7072
    6873
    6770
    6700
    6888
    6988
    7038
    7002
    6960
    7065
    6895
    7100
    6607
    6610
    6715
    6617
    6526
    6423
    6477
    6421
    6458
    6530
    6676
    6608
    6545
    6488
    6507
    6620
    6463
    6341
    6594
    6441
    6487
    6440
    6464
    6540
    6546
    6454
    6416
    6451
    6342
    6471
    6346
    6583
    6617
    6749
    6805
    6879
    6903
    7257
    7484
    8111
    8630
    9511
    9941
   10555
   10803
   10903
   10446
   10006
    9039
    8231
    7723
    7139
    6991
    6665
    6533
    6372
    6333
    6488
    6425
    6505
    6492
    6584
    6564
    6641
    6749
    6829
    6923
    6986
    6934
    7137
    7089
    6933
    6870
    6682
    6648
    6581
    6544
    6454
    6416
    6353
    6330
    6380
    6268
    6479
    6286
    6404
    6416
    6370
    6432
    6401
    6344
    6218
    6399
    6261
    6296
    6319
    6297
    6355
    6364
    6330
    6194
    6266
    6424
    6493
    6423
    6290
    6362
    6379
    6467
    6443
    6424
    6584
    6460
    6473
    6547
    6726
    6670
    6680
    6838
    6913
    6756
    6737
    6495
    6566
    6427
    6473
    6285
    6288
    6217
    6237
    6252
    6356
    6360
    6317
    6133
    6177
    6390
    6509
    6292
    6207
    6293
    6267
    6389
    6267
    6344
    6461
    6331
    6313
    6249
    6239
    6343
    6436
    6202
    6369
    6433
    6324
    6335
    6427
    6375
    6216
    6207
    6337
    6262
    6343
    6305
    6235
    6357
    6293
    6467
    6388
    6539
    6717
    6618
    6702
    6648
    6639
    6549
    6451
    6349
    6324
    6340
    6255
    6237
    6125
    6154
    6229
    6258
    6234
    6041
    6276
    6244
    6150
    6231
    6242
    6156
    6234
    6228
    6103
    6109
    6201
    6079
    6261
    6352
    6285
    6104
    6115
    6052
    6171
    6102
    6176
    6024
    6146
    6098
    6045
    6111
    6017
    6149
    6225
    6285
    6105
    6217
    6201
    5937
    6186
    6156
    5995
    6007
    6111
    6046
    6170
    6060
    6039
    5977
    6219
    6195
    6183
    6177
    6222
    6187
    6225
    6214
    6005
    6133
    6267
    6118
    6141
    6129
    6152
    6153
    6136
    6112
    5964
    6083
    6134
    5942
    6015
    6156
    6276
    6061
    5994
    6114
    6181
    6041
    6151
    6133
    6038
    5956
    6042
    6070
    6133
    6147
    6198
    6138
    5910
    6026
    5994
    6037
    6055
    6049
    6050
    5914
    6049
    6056
    5973
    6023
    5908
    6017
    6095
    5960
    6146
    5984
    6165
    6012
    6029
    5990
    6083
    6096
    6047
    6067
    6106
    6014
    6022
    5972
    6049
    6211
    6341
    6447
    6449
    6533
    6505
    6401
    6398
    6247
    6020
    6132
    6066
    5893
    5913
    5882
    5910
    5932
    5819
    5842
    5867
    5979
    5846
    6007
    5882
    5720
    5735
    5987
    5830
    5883
    5756
    5906
    6029
    5983
    6070
    6133
    6297
    6261
    6326
    6503
    6377
    6415
    6334
    6132
    6230
    6081
    5931
    5893
    5776
    5735
    5896
    5734
    5637
    5743
    5738
    5696
    5843
    5934
    5760
    5720
    5579
    5809
    5791
    5811
    5737
    5683
    5832
    5734
    5775
    5578
    5637
    5809
    5834
    5646
    5739
    5836
    5616
    5662
    5753
    5709
    5772
    5742
    5853
    6017
    6043
    6143
    6310
    6365
    6457
    6522
    6541
    6358
    6444
    6349
    6198
    5996
    5918
    5889
    5722
    5755
    5754
    5612
    5784
    5752
    5875
    5842
    5751
    5631
    5743
    5714
    5780
    5739
    5731
    5805
    5986
    5807
    5940
    5845
    5987
    6049
    6172
    6056
    6045
    6099
    5981
    5859
    5922
    5774
    5834
    5889
    5759
    5798
    5787
    5711
    5802
    5658
    5571
    5641
    5702
    5577
    5707
    5647
    5656
    5806
    5642
    5606
    5700
    5758
    5641
    5723
    5824
    5727
    5532
    5707
    5788
    5630
    5652
    5808
    5804
    5734
    5709
    5689
    5683
    5672
    5667
    5694
    5616
    5683
    5507
    5670
    5568
    5584
    5572
    5699
    5630
    5534
    5596
    5589
    5725
    5526
    5675
    5638
    5661
    5644
    5943
    5981
    6215
    6550
    6855
    7432
    8148
    8499
    9423
    9698
   10028
   10130
   10124
    9474
    8850
    7987
    7478
    6766
    6308
    5950
    5828
    5504
    5498
    5392
    5173
    5204
    5481
    5321
    5358
    5252
    5221
    5314
    5283
    5396
    5282
    5383
    5343
    5426
    5351
    5358
    5463
    5480
    5430
    5415
    5545
    5564
    5374
    5599
    5737
    5891
    5929
    6009
    6526
    6943
    7978
    9047
   10818
   13779
   18310
   25496
   36655
   52686
   76074
  109282
  150696
  201384
  259355
  316266
  365906
  401763
  414178
  403530
  367076
  316061
  256095
  193264
  137118
   91482
   57577
   34664
   20480
   11890
    7513
    5299
    4351
    3743
    3696
    3438
    3344
    3426
    3402
    3374
    3356
    3293
    3330
    3345
    3408
    3356
    3247
    3233
    3280
    3141
    3195
    3226
    3285
    3162
    3152
    3196
    3180
    3198
    3197
    3136
    3160
    3075
    3134
    3180
    3124
    3080
    3099
    2970
    3088
    3174
    3117
    3093
    3196
    3204
    3031
    3112
    3243
    3171
    3161
    3119
    3074
    3112
    3181
    3076
    3034
    3026
    3058
    3153
    3001
    2986
    3034
    2968
    3050
    2975
    2977
    3057
    3069
    2958
    3032
    2916
    2988
    3037
    2831
    2979
    2976
    2993
    2979
    2959
    2886
    2993
    2923
    2971
    2890
    2897
    2866
    2864
    2900
    2860
    2906
    2863
    2867
    2887
    2856
    2893
    2881
    2899
    2909
    2735
    2839
    2879
    2847
    2890
    2782
    2872
    2784
    2908
    2841
    2849
    2857
    2775
    2827
    2867
    2819
    2780
    2799
    2716
    2830
    2743
    2723
    2735
    2730
    2790
    2713
    2840
    2744
    2759
    2603
    2716
    2615
    2731
    2714
    2671
    2697
    2604
    2633
    2669
    2625
    2730
    2677
    2630
    2690
    2720
    2673
    2599
    2644
    2560
    2675
    2702
    2655
    2704
    2644
    2696
    2689
    2732
    2666
    2703
    2768
    2742
    2764
    2966
    2972
    3125
    3288
    3454
    3772
    3833
    4216
    4186
    4369
    4363
    4389
    3902
    3834
    3525
    3313
    3153
    3041
    2812
    2684
    2704
    2561
    2642
    2498
    2572
    2508
    2491
    2515
    2482
    2515
    2444
    2465
    2479
    2487
    2504
    2475
    2439
    2439
    2479
    2508
    2547
    2430
    2397
    2432
    2399
    2396
    2512
    2477
    2371
    2444
    2438
    2422
    2461
    2303
    2517
    2520
    2495
    2509
    2608
    2423
    2555
    2496
    2494
    2449
    2483
    2412
    2499
    2378
    2353
    2332
    2414
    2417
    2336
    2317
    2388
    2355
    2401
    2340
    2323
    2408
    2342
    2320
    2322
    2258
    2376
    2344
    2319
    2268
    2221
    2405
    2332
    2331
    2276
    2266
    2332
    2311
    2346
    2354
    2379
    2339
    2319
    2369
    2288
    2358
    2346
    2212
    2350
    2260
    2262
    2297
    2312
    2205
    2204
    2271
    2288
    2215
    2243
    2219
    2214
    2249
    2194
    2156
    2184
    2164
    2207
    2220
    2174
    2171
    2177
    2168
    2226
    2239
    2241
    2231
    2243
    2148
    2256
    2273
    2213
    2090
    2329
    2266
    2139
    2200
    2188
    2062
    2165
    2103
    2189
    2243
    2238
    2304
    2228
    2134
    2234
    2207
    2249
    2263
    2282
    2380
    2343
    2235
    2389
    2418
    2220
    2302
    2224
    2184
    2216
    2177
    2161
    2245
    2168
    2231
    2280
    2300
    2361
    2387
    2392
    2413
    2451
    2433
    2429
    2494
    2368
    2250
    2296
    2230
    2154
    2121
    2091
    2102
    2178
    2052
    2093
    2085
    2050
    2024
    1935
    2050
    2111
    2100
    1973
    2053
    2042
    2125
    2019
    2048
    2139
    2057
    2006
    2098
    2067
    2094
    2072
    2133
    2046
    2070
    2006
    2106
    2102
    2174
    2174
    2171
    2219
    2218
    2287
    2280
    2388
    2487
    2583
    2727
    3018
    3150
    3421
    3798
    3876
    3948
    3964
    3997
    3762
    3476
    3134
    2958
    2621
    2467
    2202
    2155
    2133
    2025
    1964
    1951
    2033
    1946
    1909
    1934
    1948
    2004
    2023
    2092
    1993
    1936
    2128
    2034
    2113
    2079
    2130
    2156
    2155
    2125
    2092
    2195
    2180
    2047
    2012
    2084
    2007
    1958
    2042
    1967
    2025
    2047
    1975
    1987
    2045
    1981
    1975
    2065
    1954
    2046
    1954
    1893
    1996
    1955
    2044
    2036
    2131
    2163
    2121
    2099
    2096
    2224
    2181
    2108
    2087
    2006
    2076
    2032
    1952
    1927
    1927
    1987
    1837
    1940
    2006
    1938
    1913
    1956
    2024
    1907
    2048
    1912
    1928
    1900
    1872
    1999
    1915
    1987
    1970
    1892
    1837
    1850
    1924
    1944
    1846
    1953
    1941
    1854
    1841
    1946
    1975
    1963
    1935
    1988
    2052
    1991
    1946
    2075
    1903
    1919
    1851
    1943
    1863
    1905
    1926
    1947
    1938
    1909
    1913
    1873
    1855
    1882
    1932
    1901
    1891
    1888
    1911
    1915
    1886
    1934
    1845
    1899
    1930
    2014
    1923
    1863
    1976
    1882
    1901
    1885
    1808
    1842
    1872
    1889
    1920
    1860
    1895
    1810
    1885
    1849
    1824
    1753
    1810
    1749
    1910
    1792
    1809
    1761
    1816
    1860
    1826
    1810
    1955
    1852
    1801
    1893
    1854
    1895
    1953
    1834
    1910
    1787
    1839
    1881
    1798
    1836
    1727
    1859
    1872
    1741
    1770
    1766
    1756
    1867
    1924
    1776
    1803
    1834
    1731
    1668
    1886
    1730
    1742
    1727
    1701
    1784
    1739
    1718
    1768
    1776
    1746
    1754
    1685
    1752
    1768
    1782
    1781
    1767
    1722
    1765
    1799
    1820
    1860
    1944
    1966
    1955
    2117
    2273
    2416
    2406
    2462
    2487
    2489
    2368
    2264
    2224
    2081
    1931
    1956
    1808
    1788
    1686
    1733
    1627
    1611
    1655
    1715
    1690
    1649
    1742
    1677
    1657
    1688
    1608
    1706
    1746
    1789
    1680
    1729
    1676
    1694
    1652
    1696
    1674
    1639
    1698
    1586
    1641
    1617
    1606
    1706
    1697
    1640
    1675
    1680
    1658
    1713
    1629
    1602
    1673
    1593
    1604
    1679
    1607
    1542
    1525
    1685
    1668
    1623
    1695
    1564
    1582
    1671
    1702
    1539
    1636
    1598
    1612
    1592
    1589
    1597
    1601
    1636
    1586
    1632
    1579
    1576
    1610
    1678
    1609
    1605
    1597
    1610
    1624
    1565
    1593
    1589
    1579
    1611
    1619
    1621
    1551
    1581
    1638
    1592
    1605
    1611
    1602
    1557
    1518
    1611
    1638
    1602
    1586
    1632
    1599
    1598
    1679
    1626
    1625
    1768
    1722
    1803
    1838
    1746
    1763
    1863
    1853
    1779
    1832
    1760
    1761
    1786
    1728
    1790
    1840
    1931
    1858
    1864
    1854
    1811
    1809
    1795
    1695
    1604
    1641
    1698
    1576
    1569
    1572
    1596
    1565
    1531
    1503
    1595
    1579
    1559
    1639
    1775
    1774
    1979
    2280
    2453
    3069
    3870
    4889
    6176
    7828
    9625
   11230
   13239
   15026
   15948
   16547
   16363
   15677
   14062
   11998
   10299
    8001
    6127
    4832
    3519
    2783
    2213
    1896
    1723
    1581
    1532
    1439
    1445
    1463
    1439
    1444
    1464
    1434
    1333
    1395
    1465
    1416
    1389
    1388
    1353
    1354
    1403
    1335
    1417
    1359
    1385
    1467
    1387
    1414
    1335
    1397
    1399
    1401
    1473
    1399
    1459
    1340
    1378
    1434
    1406
    1510
    1367
    1397
    1403
    1377
    1331
    1405
    1411
    1390
    1439
    1357
    1377
    1418
    1339
    1410
    1367
    1372
    1387
    1358
    1337
    1338
    1374
    1331
    1350
    1336
    1298
    1330
    1389
    1359
    1372
    1316
    1382
    1364
    1342
    1337
    1341
    1344
    1367
    1353
    1355
    1353
    1390
    1372
    1318
    1277
    1341
    1401
    1348
    1363
    1453
    1404
    1378
    1413
    1411
    1435
    1442
    1501
    1564
    1476
    1630
    1518
    1611
    1551
    1546
    1490
    1412
    1424
    1399
    1368
    1295
    1319
    1340
    1335
    1330
    1393
    1323
    1392
    1375
    1348
    1421
    1394
    1451
    1410
    1432
    1417
    1390
    1428
    1389
    1385
    1419
    1385
    1384
    1380
    1293
    1356
    1331
    1303
    1361
    1281
    1317
    1378
    1294
    1265
    1331
    1287
    1265
    1290
    1277
    1314
    1315
    1331
    1303
    1295
    1282
    1332
    1242
    1332
    1300
    1255
    1248
    1303
    1279
    1262
    1302
    1282
    1304
    1289
    1192
    1231
    1292
    1319
    1312
    1316
    1286
    1307
    1369
    1335
    1297
    1289
    1217
    1271
    1280
    1227
    1267
    1265
    1281
    1292
    1275
    1272
    1296
    1251
    1248
    1287
    1299
    1209
    1334
    1240
    1278
    1300
    1240
    1297
    1263
    1254
    1230
    1232
    1233
    1237
    1247
    1270
    1256
    1258
    1195
    1265
    1300
    1188
    1306
    1241
    1282
    1255
    1285
    1259
    1308
    1218
    1276
    1261
    1219
    1280
    1232
    1187
    1287
    1246
    1227
    1216
    1203
    1185
    1253
    1260
    1276
    1221
    1209
    1229
    1193
    1225
    1283
    1213
    1259
    1218
    1253
    1249
    1224
    1240
    1270
    1246
    1221
    1231
    1238
    1251
    1165
    1253
    1240
    1186
    1213
    1216
    1130
    1211
    1227
    1183
    1256
    1250
    1202
    1157
    1261
    1196
    1213
    1226
    1217
    1143
    1235
    1225
    1239
    1163
    1238
    1139
    1258
    1226
    1223
    1196
    1227
    1259
    1249
    1184
    1234
    1216
    1189
    1203
    1246
    1206
    1210
    1319
    1267
    1263
    1223
    1298
    1269
    1296
    1336
    1311
    1297
    1263
    1328
    1279
    1349
    1254
    1213
    1259
    1266
    1252
    1301
    1278
    1373
    1481
    1529
    1508
    1678
    1746
    1697
    1805
    1788
    1713
    1696
    1574
    1567
    1435
    1446
    1390
    1317
    1217
    1217
    1223
    1188
    1218
    1181
    1199
    1239
    1152
    1137
    1188
    1225
    1176
    1174
    1143
    1184
    1136
    1233
    1175
    1113
    1178
    1265
    1181
    1161
    1198
    1213
    1181
    1199
    1242
    1174
    1229
    1182
    1213
    1224
    1103
    1195
    1196
    1227
    1199
    1162
    1184
    1166
    1225
    1241
    1253
    1256
    1311
    1380
    1501
    1512
    1518
    1495
    1600
    1600
    1658
    1587
    1546
    1560
    1364
    1404
    1388
    1345
    1276
    1282
    1212
    1156
    1137
    1217
    1232
    1183
    1217
    1225
    1214
    1217
    1234
    1210
    1184
    1233
    1321
    1259
    1430
    1459
    1639
    1701
    1798
    1897
    2035
    2108
    2238
    2216
    2172
    2069
    1868
    1814
    1705
    1639
    1495
    1450
    1285
    1277
    1230
    1159
    1214
    1255
    1144
    1141
    1209
    1193
    1186
    1205
    1220
    1175
    1196
    1183
    1189
    1279
    1234
    1252
    1252
    1314
    1286
    1256
    1221
    1290
    1237
    1275
    1277
    1175
    1266
    1207
    1240
    1217
    1216
    1266
    1194
    1222
    1157
    1192
    1217
    1236
    1248
    1266
    1253
    1150
    1234
    1244
    1255
    1306
    1208
    1229
    1238
    1308
    1188
    1285
    1272
    1249
    1267
    1352
    1246
    1200
    1235
    1264
    1235
    1248
    1240
    1277
    1281
    1268
    1277
    1302
    1364
    1339
    1447
    1355
    1501
    1423
    1560
    1537
    1456
    1525
    1484
    1454
    1456
    1409
    1448
    1399
    1392
    1403
    1330
    1324
    1303
    1355
    1331
    1288
    1255
    1264
    1255
    1247
    1267
    1238
    1289
    1284
    1246
    1294
    1357
    1325
    1259
    1353
    1329
    1291
    1341
    1244
    1242
    1238
    1203
    1141
    1172
    1135
    1125
    1151
    1145
    1179
    1171
    1175
    1220
    1288
    1261
    1326
    1344
    1441
    1512
    1612
    1631
    1688
    1892
    2078
    2346
    2577
    3104
    3619
    4134
    4833
    5373
    6017
    6429
    6682
    6584
    6464
    6125
    5675
    4837
    4214
    3471
    2877
    2441
    2129
    1787
    1515
    1401
    1319
    1258
    1178
    1098
    1168
    1116
    1093
    1057
    1035
    1077
    1022
    1024
    1013
    1022
    1008
    1026
    1053
    1030
    1000
    1061
    1001
    1055
    1067
    1049
     997
     959
    1027
    1041
    1032
    1056
    1032
     944
    1020
    1057
    1067
    1019
    1011
    1057
    1071
    1051
    1051
    1013
    1121
    1080
    1057
    1167
    1148
    1143
    1101
    1084
    1027
    1069
    1110
    1082
    1031
    1026
    1073
    1010
    1017
     981
     989
    1019
    1094
    1060
     983
    1085
    1032
    1032
    1049
    1075
    1077
    1030
    1003
    1064
    1057
    1081
    1129
    1079
    1057
    1097
    1078
    1053
    1107
    1091
    1067
    1144
    1068
    1103
    1141
    1105
    1105
    1127
    1119
    1092
    1088
    1142
    1080
    1160
    1150
    1211
    1192
    1248
    1380
    1380
    1456
    1487
    1506
    1483
    1512
    1507
    1410
    1406
    1321
    1317
    1389
    1440
    1458
    1663
    1812
    2147
    2465
    2960
    3500
    4156
    4793
    5360
    5866
    6131
    6420
    6440
    6152
    5837
    5342
    4612
    3834
    3223
    2658
    2137
    1927
    1692
    1552
    1470
    1464
    1458
    1447
    1516
    1446
    1474
    1507
    1320
    1401
    1310
    1226
    1234
    1204
    1147
    1121
    1100
    1068
    1048
    1087
    1051
    1078
    1040
    1102
    1114
    1089
    1012
    1068
    1106
    1056
    1051
    1046
    1012
     982
     997
     965
     925
     938
     904
     922
     935
     951
     946
     935
     946
     917
     915
     890
     953
     940
     910
     851
     929
     902
     903
     916
     921
     932
     909
     985
     953
     902
     944
     888
     935
     935
     933
     959
     941
     912
     898
     945
     958
     972
     961
     929
     933
     935
     911
     930
     879
     953
     954
     920
     977
     876
     935
     942
     934
     926
     911
     939
     946
     898
     893
     910
     961
     956
     978
    1035
    1071
    1161
    1207
    1395
    1626
    1916
    2350
    3072
    4024
    5264
    7035
    8986
   11565
   14429
   17811
   21086
   23956
   26433
   28279
   29443
   29270
   28443
   25879
   24067
   20645
   17716
   14600
   11844
    9421
    7274
    5620
    4434
    3285
    2568
    1939
    1668
    1340
    1161
    1034
     984
     947
     990
     969
    1052
    1150
    1351
    1678
    2009
    2439
    3271
    4350
    5574
    7187
    9054
   11015
   13162
   15510
   17243
   18725
   19421
   19767
   19144
   17987
   16054
   13991
   11823
    9516
    7756
    6116
    4755
    3750
    2999
    2371
    1876
    1553
    1314
    1169
     973
     930
     915
     894
     827
     805
     867
     933
     880
     953
     967
     993
     959
     974
    1035
    1017
     953
     938
     933
     882
     854
     807
     765
     799
     753
     680
     732
     723
     775
     736
     712
     712
     708
     665
     714
     758
     698
     722
     754
     738
     769
     800
     861
     900
     980
    1037
    1127
    1170
    1270
    1268
    1361
    1237
    1272
    1217
    1168
    1145
    1042
    1124
    1093
    1134
    1188
    1190
    1184
    1278
    1251
    1260
    1173
    1112
    1081
    1003
     974
     927
     829
     746
     758
     701
     695
     725
     695
     651
     692
     634
     664
     633
     694
     718
     652
     677
     645
     723
     684
     723
     716
     671
     743
     728
     810
     941
     952
    1138
    1329
    1516
    1947
    2266
    2654
    3169
    3778
    4293
    4673
    4956
    5152
    5090
    4938
    4492
    4242
    3656
    3075
    2607
    2059
    1776
    1342
    1169
     970
     859
     744
     728
     713
     654
     673
     632
     644
     656
     681
     670
     652
     693
     688
     647
     666
     667
     660
     653
     654
     646
     662
     665
     606
     619
     667
     597
     634
     658
     664
     642
     652
     674
     708
     628
     628
     665
     627
     620
     654
     655
     661
     644
     670
     681
     688
     656
     653
     644
     667
     631
     677
     692
     679
     617
     672
     741
     673
     710
     681
     716
     819
     731
     777
     748
     696
     700
     761
     764
     708
     672
     666
     634
     658
     652
     691
     674
     633
     657
     633
     695
     686
     661
     693
     684
     684
     658
     594
     600
     698
     626
     663
     690
     654
     700
     627
     663
     673
     644
     670
     653
     684
     647
     654
     646
     626
     604
     654
     677
     630
     665
     670
     659
     635
     691
     631
     657
     644
     698
     669
     666
     616
     641
     629
     685
     649
     604
     661
     698
     631
     665
     667
     681
     677
     725
     706
     720
     826
     761
     813
     787
     849
     821
     783
     811
     752
     753
     692
     667
     673
     640
     664
     631
     628
     678
     620
     667
     651
     619
     659
     650
     654
     674
     603
     688
     678
     662
     653
     658
     655
     644
     656
     599
     682
     623
     636
     626
     648
     636
     632
     628
     565
     600
     625
     603
     662
     654
     641
     682
     633
     665
     589
     668
     648
     673
     669
     661
     661
     649
     658
     724
     631
     637
     644
     642
     637
     695
     644
     693
     724
     710
     707
     706
     680
     699
     700
     654
     707
     653
     664
     645
     654
     642
     642
     625
     637
     617
     591
     621
     620
     605
     626
     614
     616
     613
     636
     602
     619
     626
     598
     611
     637
     678
     609
     614
     634
     573
     620
     632
     669
     613
     609
     647
     640
     616
     629
     603
     645
     609
     666
     602
     597
     613
     603
     652
     598
     576
     659
     699
     659
     752
     737
     771
     816
     920
     967
    1012
    1108
    1138
    1215
    1266
    1272
    1320
    1293
    1321
    1278
    1242
    1229
    1351
    1311
    1469
    1690
    2050
    2619
    3139
    3797
    4633
    5570
    6478
    7293
    8215
    8330
    8705
    8760
    8193
    7638
    7099
    6068
    5260
    4114
    3378
    2695
    2060
    1689
    1281
    1093
     857
     797
     772
     750
     809
     839
    1039
    1131
    1362
    1631
    1929
    2225
    2519
    2901
    3354
    3496
    3780
    3863
    4025
    3853
    3631
    3235
    2950
    2521
    2096
    1826
    1489
    1279
    1014
     899
     780
     693
     660
     608
     665
     623
     675
     668
     656
     656
     592
     654
     620
     618
     611
     619
     614
     572
     558
     581
     626
     558
     601
     643
     658
     735
     777
     945
    1055
    1327
    1599
    2132
    2649
    3414
    4351
    5298
    6524
    7532
    9044
   10178
   11175
   11707
   12060
   11856
   11680
   10602
    9528
    8411
    7145
    5907
    4793
    3794
    3237
    2775
    2575
    2458
    2659
    3031
    3289
    3664
    4163
    4479
    4696
    4864
    4749
    4519
    4243
    3850
    3298
    2840
    2283
    1933
    1582
    1261
    1061
     885
     703
     661
     660
     579
     557
     521
     489
     533
     521
     490
     503
     532
     535
     520
     530
     515
     526
     512
     555
     578
     625
     619
     687
     769
     868
    1060
    1154
    1347
    1630
    1797
    2118
    2201
    2577
    2609
    2645
    2624
    2757
    2519
    2359
    2073
    1860
    1639
    1372
    1141
     958
     763
     726
     641
     619
     549
     550
     552
     585
     556
     568
     590
     634
     686
     817
     838
    1019
    1181
    1401
    1513
    1786
    1929
    2141
    2283
    2352
    2419
    2414
    2324
    2195
    2114
    1998
    1816
    1667
    1574
    1509
    1506
    1455
    1411
    1433
    1344
    1387
    1207
    1282
    1130
    1042
     812
     817
     743
     640
     560
     543
     544
     537
     489
     506
     507
     462
     500
     482
     495
     471
     471
     497
     531
     472
     454
     530
     481
     482
     474
     511
     490
     486
     485
     438
     477
     507
     505
     547
     479
     498
     474
     481
     477
     480
     471
     510
     474
     508
     499
     481
     489
     509
     477
     482
     494
     462
     472
     517
     487
     479
     467
     480
     481
     434
     438
     473
     491
     470
     471
     485
     425
     490
     497
     501
     513
     469
     503
     505
     536
     520
     510
     547
     568
     640
     610
     609
     638
     690
     608
     652
     689
     643
     610
     575
     597
     614
     533
     552
     562
     554
     535
     614
     601
     670
     760
     855
     912
    1103
    1266
    1529
    1721
    1977
    2120
    2424
    2625
    2839
    3085
    3303
    3382
    3502
    3538
    3482
    3429
    3292
    3126
    2847
    2605
    2334
    2050
    1643
    1442
    1189
     999
     838
     685
     619
     583
     548
     529
     522
     493
     471
     463
     472
     438
     483
     524
     451
     455
     473
     494
     484
     467
     510
     493
     509
     480
     520
     476
     445
     470
     472
     479
     467
     487
     468
     437
     471
     481
     467
     487
     514
     464
     518
     509
     506
     455
     485
     453
     527
     531
     514
     500
     483
     486
     508
     500
     540
     561
     541
     558
     591
     634
     630
     666
     577
     601
     587
     561
     591
     598
     523
     574
     540
     535
     536
     531
     499
     553
     555
     512
     531
     503
     468
     496
     492
     486
     509
     483
     472
     468
     456
     514
     497
     458
     452
     469
     457
     500
     472
     492
     482
     458
     500
     467
     489
     467
     515
     466
     492
     476
     451
     500
     463
     495
     460
     438
     444
     501
     470
     482
     461
     524
     454
     465
     485
     428
     422
     468
     489
     503
     469
     512
     473
     492
     485
     521
     476
     495
     476
     458
     488
     456
     469
     485
     474
     461
     521
     483
     465
     451
     452
     491
     512
     511
     502
     459
     468
     458
     466
     474
     495
     491
     484
     492
     497
     527
     548
     546
     491
     511
     488
     538
     498
     493
     469
     473
     473
     515
     491
     480
     474
     502
     482
     478
     460
     507
     497
     452
     474
     487
     480
     498
     495
     515
     480
     467
     483
     496
     516
     434
     473
     484
     464
     451
     505
     459
     484
     500
     486
     480
     462
     463
     458
     441
     485
     512
     504
     437
     456
     486
     475
     503
     520
     495
     491
     482
     470
     526
     506
     520
     541
     520
     561
     532
     510
     548
     488
     520
     490
     482
     492
     466
     531
     513
     515
     554
     540
     544
     618
     659
     790
     902
    1131
    1315
    1651
    2138
    2721
    3417
    4097
    5061
    5886
    7194
    8252
    8908
    9563
    9919
   10149
    9993
    9419
    8873
    8083
    6998
    5959
    4875
    3923
    3237
    2510
    1973
    1548
    1186
    1016
     840
     783
     788
     736
     693
     757
     832
     822
     931
     932
     972
    1092
    1050
    1091
    1179
    1053
    1049
     976
     934
     932
     838
     762
     674
     608
     580
     535
     512
     459
     410
     467
     445
     424
     425
     433
     438
     411
     447
     433
     413
     445
     421
     399
     449
     458
     436
     496
     445
     528
     538
     613
     699
     703
     814
     853
     940
    1038
    1098
    1149
    1168
    1171
    1191
    1142
    1064
    1064
     940
     817
     771
     695
     627
     563
     521
     487
     438
     453
     449
     441
     434
     403
     417
     442
     422
     423
     456
     383
     461
     435
     436
     451
     455
     482
     456
     520
     528
     552
     643
     728
     727
     866
     933
     941
    1048
    1119
    1123
    1140
    1184
    1229
    1081
    1037
     930
     874
     800
     772
     678
     640
     545
     525
     479
     440
     416
     410
     442
     481
     404
     421
     436
     409
     412
     426
     389
     445
     429
     443
     416
     423
     435
     436
     443
     411
     444
     444
     426
     453
     493
     506
     572
     612
     676
     727
     821
     910
     992
    1001
    1094
    1158
    1181
    1220
    1209
    1161
    1056
    1011
     991
     875
     779
     748
     610
     551
     541
     483
     486
     473
     472
     431
     412
     447
     419
     410
     466
     413
     440
     387
     439
     433
     419
     413
     446
     427
     424
     442
     441
     446
     468
     461
     432
     446
     462
     456
     491
     448
     457
     456
     497
     502
     502
     457
     476
     440
     474
     501
     464
     472
     455
     454
     470
     448
     465
     427
     425
     476
     426
     454
     466
     415
     432
     425
     436
     452
     419
     467
     434
     382
     452
     439
     485
     433
     438
     434
     461
     421
     437
     424
     403
     407
     433
     467
     438
     437
     457
     459
     425
     443
     472
     388
     475
     451
     432
     414
     471
     466
     467
     455
     432
     423
     451
     422
     421
     448
     465
     473
     443
     439
     445
     481
     456
     476
     423
     483
     400
     440
     432
     442
     439
     437
     414
     423
     443
     413
     422
     450
     450
     421
     446
     448
     434
     434
     430
     438
     385
     389
     424
     437
     427
     417
     388
     383
     410
     394
     429
     417
     438
     420
     377
     396
     409
     391
     449
     394
     424
     420
     419
     406
     394
     419
     446
     399
     422
     450
     403
     428
     448
     411
     414
     404
     428
     377
     427
     414
     413
     390
     398
     417
     423
     416
     385
     438
     412
     451
     378
     400
     435
     374
     448
     411
     410
     435
     367
     441
     375
     379
     389
     406
     386
     404
     412
     365
     419
     461
     430
     466
     471
     445
     467
     472
     481
     509
     503
     455
     480
     489
     479
     460
     469
     424
     438
     414
     451
     384
     387
     437
     386
     408
     395
     435
     450
     393
     417
     425
     424
     403
     394
     439
     409
     391
     403
     414
     444
     421
     445
     444
     413
     445
     459
     442
     510
     482
     442
     490
     461
     468
     442
     475
     483
     488
     440
     405
     432
     431
     420
     414
     432
     427
     396
     432
     427
     430
     424
     408
     397
     399
     427
     428
     389
     415
     425
     368
     410
     378
     418
     409
     401
     402
     382
     417
     383
     416
     401
     439
     408
     437
     422
     432
     422
     385
     401
     414
     435
     424
     408
     408
     403
     387
     443
     434
     412
     449
     495
     487
     508
     563
     646
     701
     803
     896
     984
    1075
    1220
    1321
    1411
    1450
    1472
    1541
    1500
    1417
    1387
    1355
    1242
    1131
    1018
     837
     749
     659
     672
     600
     512
     510
     495
     498
     453
     427
     421
     434
     420
     425
     415
     428
     402
     410
     403
     457
     464
     386
     465
     457
     447
     461
     538
     525
     542
     617
     597
     607
     581
     611
     630
     619
     587
     568
     532
     573
     531
     503
     471
     455
     418
     446
     408
     427
     407
     412
     394
     432
     432
     403
     388
     407
     412
     420
     423
     421
     365
     379
     411
     388
     391
     393
     413
     442
     416
     393
     434
     411
     389
     383
     417
     408
     421
     379
     423
     438
     375
     424
     423
     401
     395
     442
     446
     378
     405
     396
     437
     453
     474
     457
     453
     437
     501
     490
     442
     475
     495
     452
     460
     476
     453
     430
     448
     412
     407
     426
     438
     442
     401
     386
     410
     411
     453
     441
     410
     441
     418
     404
     420
     414
     409
     416
     414
     418
     394
     370
     412
     365
     407
     406
     395
     402
     407
     412
     365
     386
     395
     443
     374
     389
     429
     393
     411
     386
     409
     439
     401
     378
     393
     382
     390
     414
     401
     390
     387
     395
     435
     383
     381
     437
     390
     378
     433
     417
     389
     384
     419
     419
     368
     411
     402
     421
     394
     397
     427
     397
     397
     392
     404
     415
     386
     417
     441
     413
     413
     393
     383
     402
     421
     385
     416
     417
     406
     400
     438
     394
     401
     414
     406
     395
     450
     426
     445
     430
     471
     481
     505
     514
     452
     449
     459
     447
     465
     418
     432
     413
     425
     416
     431
     406
     410
     401
     421
     398
     385
     427
     400
     387
     383
     396
     389
     376
     380
     400
     386
     386
     388
     363
     399
     378
     382
     423
     418
     449
     411
     351
     424
     405
     404
     395
     406
     400
     434
     420
     425
     405
     381
     365
     407
     417
     425
     379
     410
     412
     401
     417
     366
     381
     409
     384
     397
     379
     408
     431
     362
     366
     395
     381
     390
     418
     417
     457
     374
     403
     396
     377
     374
     382
     377
     388
     412
     394
     417
     405
     406
     396
     426
     409
     428
     367
     368
     430
     404
     407
     426
     402
     421
     420
     404
     421
     365
     388
     403
     392
     438
     387
     383
     417
     384
     360
     395
     356
     372
     378
     336
     331
     344
     371
     387
     323
     332
     372
     337
     357
     358
     337
     370
     369
     334
     371
     343
     315
     341
     322
     327
     360
     378
     350
     335
     356
     352
     366
     353
     355
     358
     363
     340
     316
     343
     311
     351
     323
     336
     330
     354
     318
     307
     336
     294
     338
     339
     330
     351
     314
     316
     309
     332
     309
     311
     344
     336
     333
     305
     334
     345
     320
     347
     320
     333
     311
     357
     305
     299
     317
     338
     346
     329
     309
     294
     328
     297
     333
     324
     303
     342
     289
     296
     308
     325
     299
     301
     305
     265
     313
     302
     296
     335
     291
     326
     287
     302
     304
     311
     287
     294
     307
     296
     310
     306
     298
     310
     301
     306
     282
     323
     292
     315
     292
     301
     265
     296
     314
     284
     284
     317
     316
     290
     317
     328
     340
     325
     300
     283
     321
     266
     311
     333
     310
     305
     299
     283
     319
     288
     301
     281
     262
     325
     305
     287
     301
     305
     301
     306
     315
     318
     293
     304
     300
     280
     283
     286
     295
     292
     265
     268
     277
     264
     260
     269
     314
     300
     285
     302
     283
     291
     249
     278
     289
     301
     286
     285
     281
     313
     304
     271
     307
     278
     278
     286
     267
     291
     294
     285
     316
     298
     280
     279
     294
     285
     279
     308
     297
     269
     297
     276
     274
     279
     266
     280
     278
     266
     283
     257
     315
     302
     282
     279
     277
     319
     269
     288
     285
     271
     255
     303
     286
     284
     295
     306
     291
     293
     303
     273
     278
     242
     280
     299
     263
     247
     277
     266
     270
     251
     272
     254
     267
     307
     257
     268
     289
     276
     267
     293
     295
     277
     265
     280
     259
     308
     260
     284
     279
     321
     307
     290
     279
     296
     287
     275
     237
     274
     302
     286
     297
     277
     284
     294
     305
     273
     266
     271
     277
     262
     300
     250
     286
     275
     262
     284
     251
     290
     258
     292
     299
     278
     275
     257
     249
     272
     243
     283
     245
     265
     263
     258
     252
     270
     263
     294
     250
     261
     288
     261
     246
     275
     288
     271
     267
     274
     289
     258
     281
     287
     245
     283
     303
     274
     270
     234
     271
     296
     252
     212
     263
     265
     275
     261
     269
     243
     264
     238
     237
     269
     272
     242
     258
     274
     252
     228
     258
     257
     265
     272
     265
     251
     243
     262
     250
     273
     227
     257
     255
     278
     256
     260
     256
     280
     253
     244
     231
     269
     250
     260
     262
     242
     246
     241
     262
     248
     257
     266
     267
     288
     260
     285
     270
     267
     239
     263
     289
     280
     261
     265
     265
     244
     261
     256
     260
     267
     261
     266
     253
     267
     280
     235
     249
     243
     276
     267
     246
     283
     241
     262
     247
     250
     235
     288
     256
     288
     256
     262
     286
     269
     259
     270
     270
     267
     246
     257
     254
     293
     299
     245
     274
     244
     280
     247
     292
     283
     270
     270
     270
     321
     321
     324
     358
     362
     332
     353
     419
     400
     463
     426
     503
     500
     451
     545
     513
     505
     517
     480
     447
     457
     397
     409
     355
     357
     349
     343
     322
     335
     292
     315
     300
     327
     290
     317
     304
     298
     318
     308
     317
     288
     301
     300
     318
     274
     271
     277
     290
     289
     280
     275
     274
     286
     308
     282
     281
     311
     314
     299
     273
     301
     317
     315
     297
     302
     322
     278
     285
     247
     282
     251
     291
     245
     268
     277
     249
     251
     244
     250
     255
     218
     238
     260
     219
     238
     250
     260
     266
     247
     243
     256
     227
     268
     255
     254
     243
     245
     279
     249
     251
     236
     250
     250
     247
     265
     263
     245
     274
     261
     256
     260
     231
     223
     240
     257
     252
     222
     251
     219
     246
     217
     213
     272
     259
     231
     230
     252
     244
     257
     264
     253
     263
     254
     253
     279
     257
     261
     258
     243
     271
     270
     246
     239
     282
     232
     217
     264
     227
     257
     263
     255
     216
     220
     225
     258
     242
     242
     243
     234
     239
     253
     238
     250
     247
     250
     255
     260
     222
     259
     233
     244
     235
     244
     250
     251
     247
     247
     224
     266
     254
     247
     233
     227
     270
     237
     248
     241
     229
     226
     243
     237
     248
     257
     214
     270
     237
     251
     241
     231
     250
     222
     249
     230
     235
     262
     224
     239
     256
     218
     233
     197
     218
     248
     259
     246
     241
     205
     221
     237
     227
     227
     238
     221
     255
     204
     269
     234
     255
     237
     234
     228
     254
     252
     267
     204
     242
     224
     244
     225
     222
     243
     214
     250
     243
     233
     217
     230
     226
     237
     248
     251
     237
     258
     214
     227
     270
     207
     245
     262
     235
     228
     244
     229
     230
     251
     252
     242
     262
     232
     235
     221
     218
     209
     222
     229
     236
     222
     232
     262
     258
     237
     228
     243
     260
     221
     263
     227
     215
     233
     232
     225
     201
     205
     214
     230
     217
     214
     233
     224
     244
     214
     208
     199
     220
     166
     228
     208
     222
     207
     206
     214
     196
     211
     203
     198
     211
     196
     195
     204
     186
     199
     188
     217
     202
     192
     192
     183
     205
     210
     198
     217
     189
     194
     191
     191
     186
     188
     192
     196
     170
     195
     178
     184
     187
     168
     186
     184
     210
     198
     206
     197
     179
     190
     227
     202
     175
     174
     178
     169
     192
     183
     178
     162
     187
     200
     169
     197
     169
     185
     193
     218
     179
     198
     167
     176
     178
     182
     190
     179
     156
     171
     171
     197
     202
     153
     193
     197
     193
     183
     188
     174
     185
     194
     192
     195
     196
     205
     190
     200
     201
     184
     206
     229
     227
     228
     220
     240
     247
     248
     227
     287
     253
     228
     230
     200
     226
     252
     204
     226
     186
     201
     219
     166
     170
     194
     153
     164
     161
     170
     154
     172
     175
     167
     181
     172
     164
     172
     167
     153
     170
     202
     166
     195
     190
     203
     190
     189
     196
     215
     212
     229
     191
     210
     215
     188
     188
     170
     179
     178
     167
     166
     172
     176
     154
     155
     169
     145
     136
     183
     137
     157
     160
     135
     153
     168
     167
     163
     163
     167
     164
     151
     145
     184
     157
     154
     158
     159
     171
     148
     153
     149
     140
     150
     150
     148
     162
     129
     144
     141
     137
     157
     145
     161
     134
     134
     128
     150
     158
     147
     134
     151
     156
     149
     162
     141
     164
     166
     147
     187
     125
     128
     148
     150
     150
     160
     143
     131
     122
     120
     164
     139
     125
     154
     133
     148
     156
     144
     123
     156
     156
     149
     134
     140
     154
     143
     142
     144
     162
     160
     138
     151
     144
     133
     117
     165
     120
     149
     147
     138
     118
     136
     140
     115
     121
     147
     136
     149
     137
     160
     152
     136
     138
     138
     157
     149
     146
     158
     175
     148
     154
     166
     170
     162
     154
     149
     129
     125
     119
     142
     143
     140
     143
     150
     139
     131
     140
     115
     131
     157
     147
     124
     142
     142
     158
     134
     150
     128
     133
     140
     137
     114
     137
     132
     158
     144
     129
     136
     146
     142
     146
     126
     134
     120
     127
     124
     132
     137
     122
     113
     116
     134
     119
     117
     108
     117
     153
     135
     133
     147
     134
     121
     124
     135
     128
     130
     130
     144
     121
     149
     136
     134
     138
     124
     129
     118
     114
     135
     111
     138
     135
     109
     128
     135
     123
     112
     143
     110
     148
     127
     117
     121
     133
     146
     136
     125
     169
     136
     116
     129
     120
     124
     128
     124
     143
     137
     125
     137
     118
     128
     149
     124
     152
     152
     115
     134
     141
     119
     125
     136
     140
     144
     116
     132
     146
     124
     111
     143
     134
     139
     123
     141
     136
     151
     136
     116
     136
     143
     140
     154
     126
     121
     140
     132
     136
     139
     124
     115
     128
     124
     127
     137
     133
     148
     136
     142
     102
     121
     126
     140
     107
     138
     121
     121
     125
     138
     125
     141
     114
     120
     119
     119
     141
     132
     110
     134
     118
     139
     124
     136
     111
     136
     141
      95
     141
     129
     124
     113
     122
     121
     131
     124
     128
     121
     137
     139
     116
     125
     137
     117
     105
     106
     109
     127
     132
     109
     116
     113
     107
     117
     119
     136
     110
     125
     115
     112
     112
     119
     120
     106
     118
     106
     112
     134
     123
     121
     112
     101
     114
     118
     110
     100
     113
     129
     127
     126
     114
     100
     103
     127
     109
     121
     124
     133
     135
     113
     137
     123
     116
     131
     110
     106
     115
     114
     103
     114
     120
     136
     120
     123
      97
     132
     118
     116
     105
     121
     126
     110
     117
     120
     144
     122
     131
     132
     146
     138
     117
     135
     135
     136
     152
     133
     139
     139
     118
     114
     122
     107
     125
     123
     114
     130
     109
     105
     112
     130
     106
     114
     109
     119
     142
     139
     103
     123
     128
     109
     133
     124
     153
     134
     115
     131
     118
     135
     102
     137
     135
     158
     112
     101
     124
     115
     118
     117
     110
     116
     121
      72
     113
      98
     103
     132
      98
     115
     106
     126
      98
     108
     117
      99
     115
     124
     123
     108
     107
     131
     107
     100
      99
     118
     103
     118
     118
     117
     106
     106
     104
     111
      83
     115
     105
      93
     104
     103
     116
      96
      89
     114
     105
     112
     113
      79
      94
     118
      96
      89
     106
      98
      91
      93
     102
     125
     127
     117
     138
     143
     148
     161
     202
     272
     255
     307
     343
     410
     457
     514
     542
     652
     642
     705
     757
     787
     755
     797
     731
     667
     624
     538
     498
     468
     402
     336
     314
     276
     204
     183
     155
     156
     127
     137
     109
     110
     104
     114
     110
      95
      96
      98
     101
     106
     105
      82
      82
      86
      95
      88
     105
     117
     110
      99
     108
     107
     115
     108
     103
     115
     106
     132
     115
     101
     107
      99
     123
     107
      87
     110
     107
      82
     100
      98
      99
      86
      99
     102
     103
      71
     100
      94
      99
      93
      91
      89
     106
     101
      95
      85
      97
     100
     109
      91
      94
      94
     102
     102
      88
      91
     105
      87
     106
     107
     112
     154
     129
     120
     139
     134
     147
     130
     129
     116
     125
     117
      89
     102
      93
     135
      92
     108
     106
      85
      88
      92
      95
      92
      65
      96
      79
      81
      80
      90
      85
      81
      99
      82
      95
      83
      76
      69
      93
      70
      71
      67
      91
     100
      84
      74
      89
      93
      79
      77
      93
      85
      99
      81
      83
      81
      84
      83
      74
      79
      72
      85
      93
      79
      85
      84
      76
      79
      88
      75
      87
      91
      97
      94
      85
      77
      79
      83
      85
      70
      91
      81
      68
      91
      88
      88
      96
      91
     104
      93
     103
     113
     136
     130
     146
     150
     158
     199
     187
     188
     192
     188
     199
     175
     184
     193
     178
     154
     162
     140
     124
     126
     123
     110
      83
      81
      93
      87
      65
      81
      89
      69
      69
      84
      83
      93
      85
      76
      68
      77
      86
      66
      84
      73
      81
      81
      79
      87
      92
      91
      83
      92
      93
     107
      92
      80
     101
      90
      83
      77
      78
      93
      76
      91
      72
      76
      82
      67
      89
      77
      76
      85
      92
      77
      71
      54
      75
      69
      72
      85
      77
      80
      70
      79
      74
      84
      76
      80
      63
      75
      86
      81
      77
      74
      86
      77
      74
      80
      67
      71
      72
      66
      69
      66
      72
      71
      75
      79
      59
      69
      85
      67
      71
      61
      67
      81
      62
      69
      76
      87
      75
      65
      83
      90
      66
      71
      73
      76
      70
      78
      65
      82
      82
      79
      83
      74
      59
      69
      65
      66
      72
      75
      91
      73
      82
      74
      78
      66
      72
      67
      78
      75
      72
      61
      75
      82
      58
      86
      67
      64
      60
      73
      71
      75
      83
      74
      71
      60
      78
      80
      89
      75
      48
      67
      74
      50
      60
      72
      57
      70
      67
      59
      81
      59
      66
      69
      67
      68
      68
      65
      60
      62
      69
      67
      71
      60
      63
      58
      64
      74
      61
      73
      73
      69
      65
      62
      83
      68
      75
      80
      64
      72
      69
      67
      67
      61
      70
      72
      73
      67
      89
      78
      67
      70
      74
      75
      75
      67
      65
      60
      73
      66
      61
      63
      67
$ENER_FIT:
0.000000 0.075000
$PRESETS:
Live Time (sec)
995
0
$RT:
1800.000000
$DT:
805000
$ISO_DECL_PU:
SMPLNAM: IDB-443
SEPDATE: 01/01/1900 00:00:00
PU238: 1.1969 
DPU238: 0.2089
PU239: 62.5255 
DPU239: 0.0453
PU240: 25.4058 
DPU240: 0.0949
PU241: 6.6793 
DPU241: 0.1303
PU242: 4.1925 
DPU242: 0.1527
AM241: 1.4452 
DAM241: 0.9964
DATE: 01/01/1900 00:00:00
PU240EFF: 35.4654
DPU240EFF: 1.7313
$ADC:
8192
0
8191