$APPLICATION_ID:
IDB v.1.0
$SPEC_REM:
Material type: Pu
Material form: Pellet
Material compound: PuO2
Pu isotopics:
238Pu 0.7737
239Pu 75.5441
240Pu 18.8278
241Pu 2.7133
242Pu 2.1411
241Am 4.0569
Detector: HPGe (Geometry: Planar, Size: Unknown)
MCA: Unknown
$DATE_MEA:
08/01/2001 01:48:00
$MEAS_TIM:
993 1800
$DATA:
0 8191
       0
       0
       0
       0
       0
       0
       0
       0
       0
       0
       0
       0
       0
       0
       0
       0
       0
       0
       0
       0
       0
       0
       0
       0
       0
       0
       0
       0
       0
       0
       0
       0
       0
       0
       0
       0
       0
       0
       0
       0
       0
       0
       0
       0
       0
       0
       0
       0
       0
       0
       0
       0
       0
       0
       0
       0
       0
       0
       0
       0
       0
       0
       0
       0
       0
       0
       0
       0
       0
       0
       0
       0
       0
       0
       0
       0
       0
       0
       0
       0
    8846
   12007
   11859
   11776
   11964
   11724
   11596
   11500
   11461
   11543
   11635
   11438
   11433
   11500
   11552
   11258
   11384
   11219
   11089
   11043
   11236
   10914
   11148
   10942
   10781
   10872
   10682
   10593
   10485
   10485
   10292
   10465
   10348
   10220
   10277
   10156
   10382
   10033
   10095
   10104
   10184
   10246
   10037
    9891
   10177
   10191
   10064
    9897
    9963
    9975
   10074
    9859
    9994
    9924
   10052
    9890
    9809
    9923
    9949
    9946
   10068
   10001
   10054
    9687
    9915
    9906
   10003
   10024
   10162
   10031
   10361
   10364
   10445
   10466
   10244
   10147
   10391
   10247
   10497
   10158
   10229
   10224
   10380
   10155
   10307
   10303
   10213
   10332
   10068
   10231
   10199
   10098
   10242
   10352
   10130
   10133
   10192
   10133
   10236
   10147
   10292
   10041
   10120
   10034
    9955
   10156
   10198
   10371
   10159
   10375
   10398
   10309
   10343
   10149
   10065
   10039
    9911
    9940
   10109
    9783
   10027
    9881
   10063
    9932
    9978
    9991
    9915
    9911
    9929
   10120
    9952
    9951
   10124
    9964
   10079
    9914
    9960
    9954
   10023
    9771
    9928
    9715
    9957
    9907
    9719
    9816
    9870
   10089
    9707
    9729
    9881
    9986
    9842
    9960
    9806
    9886
    9745
    9818
    9775
    9807
    9879
    9845
   10110
    9763
    9706
    9791
    9929
    9814
    9900
    9735
    9875
    9728
    9876
    9688
    9804
    9767
    9915
    9715
    9860
    9910
    9735
    9896
    9666
    9912
    9720
    9818
    9960
    9818
    9814
    9838
    9608
    9830
    9877
    9748
    9816
    9858
    9807
    9661
    9754
    9739
    9889
    9814
    9822
    9839
    9935
    9832
    9735
    9752
    9671
    9866
    9629
    9816
    9890
    9950
    9829
    9844
    9775
    9739
    9826
    9856
    9859
    9982
    9868
    9993
    9933
    9981
   10181
   10250
   10202
   10209
   10273
   10247
   10096
   10111
    9803
   10020
   10289
   10723
   11139
   11607
   12592
   13413
   13744
   13697
   12963
   12400
   10816
   10220
    9994
    9905
    9880
    9921
    9871
    9796
    9996
    9772
    9934
    9893
    9765
    9788
    9842
    9919
    9899
    9846
    9867
    9794
   10044
   10040
    9933
    9963
    9868
    9927
    9828
    9659
    9790
    9790
    9815
    9954
    9890
    9823
   10074
   10214
   10342
   10595
   10460
   10682
   10302
    9877
    9909
    9494
    9694
    9719
    9886
    9617
    9477
    9487
    9341
    9308
    9272
    9229
    9454
    9352
    9213
    9384
    9222
    9194
    9112
    9225
    9113
    9146
    9065
    9126
    9142
    9018
    9027
    9061
    8966
    9083
    9108
    9057
    9003
    8900
    8914
    8823
    8860
    8742
    9009
    8732
    8812
    8842
    8730
    8618
    8912
    8868
    8651
    8663
    8597
    8642
    8630
    8670
    8690
    8595
    8743
    8605
    8538
    8660
    8586
    8617
    8564
    8713
    8507
    8632
    8543
    8614
    8583
    8339
    8578
    8535
    8469
    8431
    8402
    8432
    8541
    8447
    8379
    8367
    8448
    8430
    8257
    8372
    8453
    8435
    8236
    8263
    8318
    8138
    8394
    8263
    8257
    8210
    8240
    8138
    8251
    8121
    8283
    7944
    8265
    8248
    8060
    8102
    8129
    8074
    8033
    7987
    8092
    8089
    8103
    7918
    8022
    7977
    7896
    8017
    7890
    7985
    7992
    8007
    7750
    7903
    7956
    7907
    7864
    7825
    7865
    7892
    7804
    7882
    7713
    7773
    7709
    7817
    7678
    7637
    7728
    7646
    7645
    7754
    7629
    7556
    7734
    7601
    7530
    7490
    7731
    7541
    7442
    7528
    7423
    7383
    7610
    7523
    7554
    7418
    7544
    7458
    7475
    7560
    7389
    7481
    7457
    7474
    7427
    7382
    7410
    7498
    7408
    7388
    7407
    7371
    7364
    7377
    7483
    7339
    7218
    7178
    7367
    7420
    7263
    7325
    7418
    7189
    7242
    7177
    7289
    7363
    7262
    7341
    7187
    7049
    7070
    7066
    7060
    7218
    7162
    7306
    7069
    7266
    7202
    7031
    7232
    7049
    7242
    7047
    7096
    7165
    6945
    7196
    7250
    7008
    7107
    6988
    7146
    7073
    6975
    7025
    7049
    6989
    7056
    7118
    7005
    7075
    7060
    7079
    6967
    7063
    6932
    6915
    6923
    6739
    7065
    6842
    7086
    7058
    6915
    7039
    7026
    6791
    6939
    6943
    7014
    6851
    6926
    6988
    6767
    6806
    6830
    6929
    6929
    6953
    6811
    6916
    6930
    7040
    6782
    6902
    6891
    6894
    6719
    6947
    6896
    6930
    6860
    6710
    6789
    6743
    6779
    6913
    6902
    6750
    6805
    6761
    6716
    6908
    6836
    6839
    6871
    6713
    6659
    6759
    6700
    6770
    6645
    6838
    6836
    6690
    6800
    6706
    6719
    6674
    6826
    6789
    6739
    6804
    6741
    6747
    6758
    6687
    6876
    6688
    6743
    6747
    6761
    6724
    6743
    6505
    6563
    6844
    6717
    6714
    6757
    6752
    6856
    6776
    6751
    6713
    6740
    6626
    6801
    6677
    6672
    6717
    6777
    6667
    6684
    6619
    6704
    6866
    6637
    6705
    6644
    6626
    6411
    6649
    6655
    6513
    6651
    6527
    6619
    6619
    6589
    6606
    6561
    6515
    6527
    6709
    6700
    6494
    6707
    6455
    6473
    6563
    6538
    6489
    6492
    6443
    6616
    6627
    6524
    6487
    6533
    6520
    6534
    6489
    6568
    6378
    6380
    6440
    6460
    6586
    6521
    6490
    6429
    6412
    6380
    6456
    6592
    6376
    6530
    6504
    6283
    6356
    6334
    6392
    6432
    6583
    6359
    6520
    6434
    6504
    6480
    6318
    6377
    6517
    6403
    6383
    6305
    6228
    6394
    6473
    6402
    6365
    6414
    6394
    6432
    6375
    6476
    6352
    6448
    6396
    6411
    6300
    6295
    6439
    6387
    6433
    6419
    6450
    6445
    6560
    6812
    6995
    7574
    8337
    9283
   10421
   11376
   11508
   10469
    9466
    8374
    7208
    6758
    6516
    6343
    6340
    6408
    6342
    6259
    6359
    6341
    6349
    6296
    6249
    6298
    6180
    6343
    6405
    6331
    6300
    6280
    6179
    6207
    6309
    6301
    6233
    6265
    6402
    6138
    6259
    6277
    6289
    6400
    6414
    6342
    6234
    6288
    6272
    6361
    6110
    6306
    6263
    6240
    6223
    6254
    6315
    6244
    6219
    6411
    6302
    6409
    6185
    6350
    6151
    6278
    6362
    6374
    6198
    6355
    6367
    6360
    6291
    6285
    6338
    6233
    6162
    6256
    6227
    6359
    6227
    6264
    6330
    6149
    6183
    6307
    6242
    6281
    6290
    6313
    6210
    6276
    6394
    6196
    6221
    6365
    6320
    6082
    6291
    6298
    6360
    6292
    6363
    6264
    6240
    6424
    6295
    6358
    6220
    6311
    6302
    6315
    6281
    6255
    6348
    6306
    6230
    6283
    6321
    6300
    6344
    6233
    6308
    6351
    6271
    6239
    6293
    6337
    6518
    6305
    6292
    6405
    6242
    6430
    6290
    6460
    6366
    6443
    6393
    6519
    6487
    6525
    6471
    6303
    6457
    6500
    6529
    6635
    6388
    6569
    6511
    6612
    6629
    6534
    6575
    6567
    6734
    6804
    6558
    6701
    6537
    6588
    6659
    6605
    6700
    6804
    6543
    6500
    6733
    6694
    6615
    6750
    6678
    6760
    6817
    6881
    6789
    6790
    6902
    7038
    7181
    7124
    7079
    7230
    7262
    7228
    7256
    7317
    7110
    7070
    7164
    7107
    7075
    7117
    7054
    7173
    7023
    7141
    7046
    7249
    7196
    7158
    7115
    7289
    7144
    7221
    7373
    7367
    7365
    7408
    7595
    7699
    7635
    7888
    7974
    7783
    7742
    7635
    7445
    7571
    7396
    7423
    7270
    7498
    7350
    7535
    7484
    7411
    7600
    7312
    7498
    7340
    7341
    7302
    7439
    7383
    7407
    7611
    7545
    7523
    7677
    7665
    7754
    7708
    7570
    7715
    7517
    7774
    7567
    7699
    7609
    7582
    7687
    7840
    7696
    7769
    7817
    7500
    7518
    7710
    7775
    7720
    7764
    7722
    7776
    7786
    7938
    7996
    8133
    7938
    7996
    8019
    7761
    7986
    8031
    7963
    7916
    8019
    7866
    8056
    8135
    8069
    8148
    7975
    8050
    8178
    8161
    8125
    8124
    8141
    8351
    8207
    8190
    8325
    8210
    8274
    8353
    8374
    8445
    8386
    8376
    8350
    8456
    8274
    8355
    8513
    8439
    8555
    8538
    8473
    8441
    8492
    8506
    8642
    8498
    8506
    8630
    8658
    8754
    8841
    8593
    8753
    8763
    8706
    8770
    8827
    8814
    8782
    8957
    9127
    8999
    8950
    8933
    8845
    9103
    9055
    9104
    9262
    9153
    9088
    9390
    9299
    9352
    9168
    9316
    9360
    9311
    9615
    9466
    9538
    9388
    9553
    9372
    9502
    9314
    9512
    9660
    9440
    9413
    9767
    9652
    9583
    9761
    9805
    9668
    9877
    9904
    9958
    9835
   10014
    9788
    9912
   10003
   10210
    9911
    9973
   10189
   10172
   10227
   10412
   10247
   10518
   10122
   10349
   10271
   10396
   10506
   10263
   10395
   10444
   10389
   10571
   10424
   10589
   10678
   10885
   10824
   10914
   10926
   10844
   11086
   10905
   11094
   11085
   11193
   11006
   11071
   11260
   11262
   11158
   11229
   11300
   11158
   11318
   11168
   11182
   11496
   11435
   11346
   11622
   11553
   11407
   11512
   11591
   11674
   11736
   11548
   11742
   11724
   11807
   11987
   11900
   11856
   11824
   12022
   11945
   12014
   12059
   12353
   12369
   12129
   12350
   12255
   12487
   12166
   12380
   12354
   12271
   12135
   12563
   12574
   12712
   12698
   12828
   12992
   13149
   12925
   12943
   12931
   12934
   12983
   13243
   13318
   13309
   13688
   13813
   14222
   14613
   15632
   16397
   18134
   20410
   23686
   26837
   30983
   34220
   35860
   35698
   33070
   29304
   25329
   20882
   18147
   16298
   15128
   14680
   14425
   13931
   14034
   14053
   14037
   14321
   14328
   14486
   14726
   15023
   15018
   15422
   16028
   16777
   17762
   19315
   21534
   25253
   29699
   35138
   41047
   45725
   49163
   49162
   46428
   40805
   34250
   28458
   24278
   21621
   20223
   20094
   20920
   22974
   25949
   31216
   38652
   47649
   57892
   69406
   78980
   86615
   93027
   99276
  107145
  118451
  130760
  139069
  137759
  125977
  108028
   86483
   69221
   58601
   54891
   55726
   59256
   63513
   66399
   67239
   64735
   58136
   49164
   39877
   30973
   25025
   22561
   22264
   24565
   29089
   36535
   46098
   59392
   72506
   85385
   93803
   95849
   89564
   77804
   62878
   47994
   35928
   26687
   21110
   18173
   16366
   15732
   15534
   15627
   16056
   16751
   18066
   20175
   24022
   30621
   41458
   58118
   81029
  109705
  138068
  162602
  173128
  167433
  146856
  119150
   92583
   73573
   65669
   67438
   74161
   82812
   86892
   86504
   80091
   70240
   59464
   50624
   43893
   38633
   33824
   28891
   23668
   19110
   15110
   12405
   10943
   10126
    9589
    9245
    9147
    9234
    8987
    8994
    9155
    9108
    8947
    9048
    9230
    9107
    9301
    9561
    9633
    9769
   10329
   10615
   11140
   11537
   11915
   11859
   11689
   11698
   10953
   10449
   10078
    9576
    9331
    9269
    9191
    9324
    9290
    9186
    9195
    9139
    9124
    9116
    9264
    9242
    9347
    9397
    9346
    9321
    9227
    9426
    9354
    9497
    9551
    9484
    9472
    9436
    9697
    9599
    9673
    9697
    9722
    9944
    9723
    9904
   10082
   10399
   10759
   11011
   11298
   12095
   13026
   14217
   15891
   18331
   21255
   24004
   26657
   28466
   29007
   28203
   26740
   24811
   23623
   23579
   25999
   29502
   34709
   40046
   45144
   47447
   47179
   43103
   37442
   31041
   24924
   19961
   16636
   14491
   13448
   12706
   12224
   11886
   11470
   11469
   11499
   11687
   11839
   12737
   13623
   15367
   17480
   20071
   23955
   28181
   31912
   35553
   36168
   36594
   34181
   31463
   28978
   27976
   29598
   33026
   39339
   48471
   57616
   66341
   72639
   75421
   73921
   67591
   59288
   50440
   41843
   34612
   28313
   24079
   21091
   19621
   19062
   19250
   19725
   20351
   20576
   20198
   19711
   18647
   18164
   18276
   19588
   21440
   24296
   27678
   30129
   31442
   31292
   29608
   27418
   24411
   22367
   21774
   23052
   25629
   30985
   37737
   45149
   51999
   56707
   60042
   59819
   57295
   51981
   45994
   40038
   34034
   28580
   24052
   20783
   18312
   17065
   16566
   16645
   16958
   17283
   17220
   16254
   15505
   14219
   13286
   12081
   11281
   10466
   10188
   10079
    9982
    9631
    9455
    9489
    9708
    9711
    9774
    9844
   10375
   11098
   12130
   13095
   14928
   16560
   18305
   20445
   21920
   22944
   23702
   23583
   22134
   20530
   18242
   16210
   14546
   13261
   12353
   12359
   12217
   12080
   12279
   12120
   11940
   11285
   10817
    9959
    9295
    8777
    8336
    8113
    7987
    8052
    7960
    8467
    8981
    9726
   10673
   12025
   13527
   14781
   15218
   15302
   14749
   13126
   11732
   10314
    9111
    8423
    7950
    7890
    7700
    7723
    7753
    7620
    7647
    7630
    7663
    7812
    7827
    8133
    8315
    8742
    9479
   10702
   12552
   15195
   19463
   24312
   30281
   36354
   40862
   42552
   41003
   36526
   30664
   23522
   17333
   12989
   10128
    8483
    7627
    7374
    7004
    7152
    6928
    6992
    7143
    7155
    6954
    6990
    7003
    6965
    6940
    7112
    6869
    6910
    6881
    6888
    7019
    6933
    7057
    6859
    6884
    6965
    7093
    6960
    7054
    7001
    7103
    7077
    7137
    7187
    7383
    7471
    7545
    7959
    8548
    9520
   10956
   13213
   16233
   19358
   23254
   26138
   27984
   27909
   25922
   22666
   18492
   14624
   11453
    9502
    8116
    7406
    7084
    6954
    6739
    6953
    6930
    6700
    6881
    6859
    6810
    6695
    6806
    6693
    6793
    6693
    6857
    6867
    6723
    6904
    6832
    6647
    6714
    6684
    6838
    6771
    6738
    6788
    6834
    6873
    6703
    6781
    6929
    6773
    6865
    6807
    6809
    6852
    6854
    6744
    6919
    6753
    6736
    6946
    6740
    6858
    6704
    6761
    6770
    6732
    6688
    6778
    6820
    6820
    6813
    6824
    6732
    6667
    6836
    6833
    6954
    6649
    6789
    6860
    6816
    6877
    6925
    6740
    6759
    6649
    6752
    6780
    6773
    6795
    6865
    6825
    6808
    6923
    6852
    6929
    6721
    6927
    6877
    6686
    6862
    6831
    6896
    6847
    6830
    6758
    6883
    6752
    6725
    6837
    6782
    6886
    6781
    6744
    6756
    6776
    6848
    6795
    6908
    6861
    6935
    6942
    6978
    6684
    6849
    6851
    6958
    6860
    6866
    6915
    6733
    7012
    6969
    6921
    6960
    6921
    6855
    6904
    7053
    6882
    6990
    6967
    6976
    6811
    6855
    6940
    6854
    6960
    6856
    6945
    6886
    7023
    6920
    6873
    6860
    6957
    6747
    6996
    6996
    6824
    6959
    6746
    6845
    6890
    6941
    7122
    6926
    7082
    7068
    7079
    7156
    7145
    7039
    7191
    7147
    7213
    7205
    6894
    7270
    6986
    7063
    7043
    7035
    7021
    6953
    7192
    7085
    7010
    6985
    7036
    6982
    7126
    7097
    7041
    7146
    6957
    7377
    7165
    7192
    7210
    7322
    7359
    7646
    7813
    8039
    8267
    8468
    8620
    8334
    8307
    8131
    7835
    7803
    7437
    7385
    7151
    7144
    7242
    7163
    7047
    7153
    7155
    7397
    7330
    7226
    7251
    7540
    7543
    7661
    7941
    8310
    8842
    9414
   10115
   11349
   12305
   13695
   14480
   15266
   15188
   14590
   13249
   11946
   10780
    9384
    8586
    7914
    7798
    7549
    7376
    7595
    7613
    7955
    8352
    8851
    9614
   11183
   13346
   16634
   22008
   28981
   37691
   48396
   59439
   67945
   72632
   72002
   66864
   56835
   45361
   33738
   24111
   16852
   12244
    9461
    7968
    7450
    7090
    7136
    7059
    7169
    7382
    7608
    7803
    8040
    8123
    8325
    7984
    7873
    7669
    7507
    7308
    6973
    6933
    6858
    6858
    6976
    6790
    6883
    6886
    6869
    6892
    6916
    6831
    6880
    6902
    6965
    7007
    7066
    7138
    7402
    7729
    8323
    8988
   10146
   11506
   13851
   16706
   19169
   21470
   23466
   24037
   22739
   20852
   18077
   15238
   12483
   10351
    8756
    7786
    7450
    7084
    7089
    6753
    6904
    6946
    6872
    6844
    6873
    6880
    6943
    6791
    6702
    6785
    6853
    6788
    6869
    6724
    6933
    6872
    6771
    6849
    6783
    6906
    6950
    6794
    6752
    6806
    6922
    6924
    6683
    6805
    6659
    6808
    6775
    6731
    6835
    6877
    6893
    6880
    6847
    6877
    6749
    6772
    6885
    6792
    6894
    6884
    6928
    6905
    6875
    6877
    6757
    6868
    7006
    6752
    6706
    6880
    6790
    6878
    6784
    6978
    7027
    6905
    6942
    6920
    6948
    6982
    7070
    6933
    6967
    7058
    6904
    6802
    6887
    6911
    6905
    7117
    7194
    7329
    7486
    7636
    8051
    8629
    9222
    9652
   10202
   10926
   11290
   11481
   11380
   11510
   10724
   10293
    9615
    8934
    8416
    8035
    7698
    7440
    7234
    7180
    7120
    7306
    7424
    7654
    7761
    7755
    7749
    7884
    7611
    7407
    7295
    7249
    6936
    6983
    6920
    6874
    6784
    6797
    6909
    6922
    6958
    6965
    6880
    6814
    7061
    6906
    6863
    6778
    6823
    6857
    6797
    7025
    6946
    7186
    7132
    7312
    7443
    7908
    8530
    9505
   11225
   13196
   15857
   19342
   23116
   26430
   28882
   30229
   29303
   27149
   23831
   19831
   16117
   12770
   10426
    8812
    7581
    7192
    6871
    6961
    6935
    6997
    7094
    7290
    7247
    7206
    7451
    6997
    6990
    6890
    6826
    6852
    6730
    6691
    6591
    6768
    6701
    6583
    6754
    6761
    6666
    6474
    6733
    6671
    6687
    6731
    6724
    6759
    6476
    6562
    6533
    6615
    6573
    6523
    6643
    6713
    6630
    6640
    6646
    6811
    6915
    6625
    6793
    6718
    6884
    7142
    7487
    7591
    7981
    8647
    9206
   10186
   10587
   10734
   10773
   10559
   10012
    9253
    8530
    7988
    7406
    6989
    6924
    6717
    6631
    6630
    6586
    6609
    6608
    6720
    6732
    6862
    6848
    7051
    7227
    7365
    7511
    7472
    7512
    7525
    7387
    7074
    7020
    6961
    6773
    6544
    6724
    6693
    6778
    6367
    6540
    6548
    6556
    6536
    6511
    6580
    6435
    6499
    6419
    6547
    6514
    6545
    6464
    6509
    6551
    6653
    6520
    6465
    6508
    6547
    6420
    6506
    6644
    6579
    6476
    6398
    6532
    6602
    6613
    6787
    6520
    6554
    6738
    6624
    6884
    6814
    6824
    6865
    6883
    6828
    6863
    6774
    6628
    6580
    6662
    6516
    6362
    6444
    6385
    6438
    6363
    6396
    6474
    6451
    6459
    6449
    6663
    6419
    6459
    6364
    6458
    6522
    6631
    6419
    6343
    6487
    6528
    6637
    6606
    6399
    6340
    6490
    6323
    6523
    6519
    6532
    6482
    6476
    6351
    6444
    6406
    6464
    6497
    6456
    6720
    6496
    6565
    6590
    6773
    6772
    6967
    7012
    7101
    7064
    6979
    6902
    6919
    6659
    6655
    6344
    6480
    6419
    6291
    6487
    6554
    6382
    6357
    6393
    6387
    6358
    6252
    6377
    6340
    6405
    6394
    6387
    6244
    6447
    6183
    6468
    6379
    6393
    6359
    6371
    6393
    6312
    6310
    6185
    6272
    6309
    6341
    6352
    6323
    6445
    6268
    6318
    6360
    6331
    6333
    6381
    6253
    6250
    6208
    6393
    6282
    6424
    6292
    6211
    6273
    6279
    6228
    6267
    6159
    6255
    6205
    6238
    6430
    6157
    6190
    6336
    6386
    6415
    6229
    6348
    6253
    6346
    6231
    6283
    6162
    6274
    6240
    6239
    6402
    6369
    6315
    6339
    6146
    6138
    6245
    6250
    6256
    6403
    6368
    6341
    6244
    6316
    6164
    6217
    6327
    6187
    6203
    6123
    6274
    6202
    6147
    6214
    6228
    6212
    6096
    6190
    6285
    6116
    6099
    6210
    6270
    6229
    6191
    6174
    6199
    6251
    6216
    6236
    6225
    6089
    6113
    6278
    6115
    6144
    6139
    6193
    6318
    6374
    6557
    6606
    6427
    6738
    6964
    6984
    6801
    6796
    6760
    6477
    6286
    6366
    6195
    6124
    6095
    6092
    6059
    6143
    6144
    6164
    6116
    6021
    6057
    6073
    5968
    5941
    6229
    6044
    6074
    6096
    5997
    6125
    6210
    6113
    6297
    6363
    6333
    6415
    6541
    6488
    6437
    6422
    6433
    6375
    6270
    6103
    6060
    6052
    5973
    5964
    5836
    5695
    5902
    5962
    5937
    5902
    6025
    6047
    5680
    5953
    5911
    5875
    5894
    5855
    6052
    5843
    5928
    5879
    5828
    5970
    5867
    5695
    5910
    5957
    5856
    5683
    5960
    5919
    5881
    6003
    6051
    6026
    6060
    6140
    6344
    6468
    6595
    6785
    6842
    6910
    7082
    6888
    6855
    6735
    6543
    6270
    6108
    6088
    5783
    5891
    6008
    5871
    5760
    5884
    6001
    5865
    5974
    5964
    5939
    5813
    5899
    5796
    5947
    5895
    5859
    5970
    5912
    6025
    6138
    6231
    6301
    6136
    6202
    6094
    6279
    6167
    6060
    6047
    6065
    5985
    5883
    5813
    5820
    5801
    5756
    5782
    5707
    5721
    5747
    5758
    5949
    5922
    5821
    5762
    5799
    5736
    5922
    5776
    5701
    5786
    5837
    5788
    5720
    5916
    6017
    5803
    5803
    5896
    5862
    5898
    5891
    5768
    5889
    5873
    5814
    5888
    5847
    5851
    5697
    5828
    5791
    5785
    5684
    5708
    5750
    5873
    5669
    5789
    5749
    5740
    5860
    5804
    5825
    5841
    6064
    6195
    6450
    6678
    7397
    8113
    8747
    9880
   10721
   11543
   11905
   12239
   11775
   11169
   10211
    9290
    8286
    7585
    6828
    6413
    6075
    5705
    5644
    5513
    5559
    5430
    5516
    5446
    5596
    5469
    5421
    5456
    5403
    5478
    5461
    5465
    5390
    5454
    5580
    5498
    5579
    5417
    5569
    5563
    5698
    5485
    5597
    5666
    5658
    5685
    5892
    6022
    6244
    6695
    7129
    8231
    9800
   12154
   16030
   22277
   32129
   46511
   67963
   98629
  138692
  186144
  242285
  298128
  347852
  385475
  402732
  393921
  361969
  312733
  254567
  193469
  137683
   93049
   58535
   35390
   20520
   12344
    7936
    5593
    4583
    4092
    3774
    3804
    3768
    3708
    3643
    3476
    3692
    3570
    3668
    3560
    3492
    3560
    3546
    3540
    3510
    3390
    3572
    3528
    3537
    3486
    3357
    3472
    3366
    3362
    3395
    3413
    3386
    3302
    3388
    3385
    3318
    3358
    3310
    3284
    3299
    3315
    3389
    3376
    3390
    3371
    3397
    3408
    3321
    3285
    3347
    3293
    3360
    3357
    3381
    3348
    3356
    3278
    3234
    3453
    3305
    3298
    3260
    3255
    3315
    3299
    3258
    3260
    3191
    3182
    3283
    3158
    3261
    3266
    3242
    3239
    3263
    3149
    3175
    3191
    3106
    3138
    3070
    3205
    3148
    3186
    3092
    3120
    3167
    3128
    3136
    3133
    3144
    3113
    3148
    3076
    3164
    3158
    3152
    3041
    3069
    3069
    3102
    3008
    3078
    3089
    3018
    3073
    3151
    3126
    3009
    3061
    3127
    3009
    3133
    3062
    3100
    2981
    3018
    3033
    2986
    2968
    3046
    2993
    3045
    3040
    2969
    2952
    2932
    2963
    2997
    2881
    2922
    2937
    3049
    2862
    2973
    2943
    2971
    2901
    2874
    2998
    2926
    2971
    3008
    2942
    2879
    2905
    2862
    2931
    2918
    3014
    2885
    2889
    3045
    2804
    2880
    2873
    2886
    3008
    3009
    3076
    3147
    3228
    3470
    3604
    3873
    4220
    4264
    4510
    4600
    4396
    4344
    4077
    3974
    3713
    3524
    3411
    3224
    3018
    2908
    2839
    2907
    2723
    2758
    2734
    2673
    2719
    2793
    2656
    2704
    2740
    2723
    2685
    2702
    2749
    2643
    2641
    2637
    2680
    2700
    2655
    2711
    2691
    2685
    2671
    2685
    2648
    2662
    2694
    2605
    2627
    2656
    2664
    2649
    2743
    2694
    2738
    2754
    2729
    2818
    2839
    2799
    2762
    2734
    2626
    2708
    2688
    2664
    2628
    2518
    2434
    2472
    2616
    2594
    2543
    2494
    2571
    2453
    2558
    2486
    2455
    2446
    2556
    2496
    2537
    2483
    2441
    2508
    2499
    2519
    2438
    2490
    2499
    2519
    2527
    2568
    2596
    2563
    2545
    2464
    2505
    2594
    2462
    2519
    2489
    2438
    2577
    2451
    2399
    2433
    2488
    2431
    2426
    2589
    2417
    2493
    2456
    2415
    2359
    2384
    2351
    2422
    2433
    2413
    2421
    2409
    2400
    2490
    2369
    2377
    2319
    2344
    2413
    2404
    2328
    2337
    2391
    2381
    2328
    2436
    2287
    2346
    2449
    2389
    2343
    2415
    2346
    2401
    2349
    2385
    2384
    2496
    2396
    2479
    2441
    2393
    2434
    2419
    2445
    2515
    2502
    2520
    2448
    2498
    2505
    2496
    2439
    2397
    2296
    2367
    2385
    2310
    2414
    2420
    2427
    2445
    2622
    2485
    2616
    2666
    2711
    2636
    2668
    2613
    2490
    2489
    2413
    2321
    2360
    2334
    2245
    2192
    2178
    2326
    2214
    2210
    2148
    2248
    2291
    2257
    2278
    2293
    2280
    2229
    2300
    2287
    2276
    2295
    2260
    2256
    2203
    2252
    2286
    2238
    2135
    2276
    2246
    2260
    2188
    2248
    2379
    2299
    2376
    2275
    2395
    2422
    2413
    2442
    2433
    2604
    2573
    2739
    2744
    2858
    3045
    3132
    3267
    3370
    3393
    3372
    3225
    2955
    2883
    2756
    2539
    2556
    2348
    2318
    2210
    2162
    2193
    2164
    2134
    2132
    2150
    2132
    2245
    2136
    2052
    2144
    2167
    2200
    2170
    2118
    2154
    2249
    2205
    2244
    2284
    2197
    2272
    2195
    2213
    2206
    2196
    2161
    2142
    2248
    2262
    2258
    2175
    2204
    2275
    2125
    2105
    2265
    2343
    2211
    2202
    2136
    2188
    2184
    2187
    2150
    2206
    2292
    2196
    2316
    2336
    2356
    2394
    2406
    2477
    2313
    2351
    2273
    2186
    2278
    2149
    2152
    2159
    2013
    2118
    2028
    2085
    2032
    2096
    2121
    2083
    2184
    2153
    2107
    2098
    2181
    2114
    2073
    2076
    2091
    2126
    2138
    2112
    2070
    2136
    2056
    2147
    2045
    2065
    2103
    2014
    2054
    2086
    2094
    2018
    2108
    2132
    2093
    2120
    2131
    2095
    2078
    2105
    2120
    2094
    2093
    2042
    2141
    2088
    2197
    2007
    2038
    2028
    2070
    2042
    2112
    2030
    2037
    2043
    2052
    2172
    2057
    2145
    2198
    2120
    2105
    2079
    2085
    2112
    2102
    2105
    2084
    2017
    2144
    1981
    2052
    2054
    2063
    2102
    2071
    2038
    2030
    2007
    1998
    1992
    1981
    1995
    1942
    1965
    1915
    1955
    1944
    1967
    2048
    1932
    1984
    2030
    2010
    1998
    2071
    2035
    1992
    1974
    1929
    2020
    2042
    1985
    1972
    2001
    1985
    1884
    2019
    1991
    2021
    1975
    1936
    1857
    1904
    1973
    1954
    1874
    1915
    1907
    1893
    1927
    1920
    1889
    1934
    1906
    1918
    1861
    1892
    1804
    1892
    1792
    1945
    1867
    1953
    1815
    1915
    1912
    1949
    1937
    1968
    2009
    2192
    2177
    2340
    2381
    2561
    2723
    2788
    2902
    2891
    2854
    2809
    2653
    2534
    2369
    2260
    2215
    1984
    2036
    1857
    1902
    1846
    1773
    1739
    1780
    1828
    1822
    1861
    1772
    1833
    1845
    1813
    1804
    1789
    1748
    1757
    1799
    1779
    1797
    1723
    1743
    1825
    1750
    1768
    1707
    1802
    1787
    1789
    1732
    1755
    1805
    1766
    1783
    1740
    1780
    1699
    1801
    1744
    1698
    1807
    1718
    1729
    1757
    1752
    1721
    1752
    1749
    1773
    1673
    1698
    1663
    1691
    1703
    1683
    1641
    1670
    1761
    1742
    1695
    1689
    1737
    1728
    1748
    1631
    1798
    1686
    1779
    1671
    1707
    1709
    1698
    1677
    1709
    1668
    1710
    1681
    1667
    1617
    1686
    1669
    1614
    1672
    1702
    1621
    1660
    1665
    1684
    1673
    1641
    1650
    1660
    1778
    1629
    1710
    1756
    1731
    1777
    1773
    1877
    1880
    1991
    1931
    1967
    1972
    1948
    1899
    1977
    1975
    1899
    1950
    1825
    1911
    1926
    1914
    1913
    1923
    1902
    1933
    1926
    1841
    1832
    1804
    1757
    1662
    1678
    1699
    1683
    1701
    1749
    1617
    1669
    1708
    1666
    1635
    1760
    1688
    1780
    1865
    1931
    2236
    2604
    2967
    3528
    4688
    5752
    7488
    9171
   10839
   12716
   14382
   15620
   16124
   16116
   15339
   14353
   12289
   10077
    8277
    6406
    4897
    3851
    2899
    2355
    1986
    1755
    1712
    1558
    1521
    1499
    1489
    1517
    1483
    1428
    1556
    1540
    1489
    1448
    1543
    1501
    1428
    1475
    1496
    1549
    1502
    1502
    1512
    1480
    1556
    1498
    1435
    1435
    1518
    1485
    1568
    1462
    1487
    1440
    1471
    1470
    1498
    1468
    1495
    1481
    1475
    1564
    1501
    1541
    1522
    1457
    1483
    1554
    1488
    1390
    1452
    1444
    1438
    1380
    1413
    1481
    1424
    1384
    1448
    1411
    1390
    1410
    1486
    1434
    1478
    1481
    1461
    1419
    1442
    1454
    1493
    1464
    1452
    1516
    1497
    1488
    1433
    1450
    1369
    1375
    1474
    1423
    1477
    1422
    1447
    1410
    1477
    1387
    1520
    1476
    1477
    1456
    1505
    1554
    1533
    1661
    1627
    1640
    1611
    1690
    1608
    1565
    1561
    1497
    1511
    1427
    1434
    1376
    1427
    1447
    1442
    1494
    1430
    1467
    1416
    1459
    1472
    1445
    1541
    1497
    1406
    1477
    1397
    1478
    1391
    1441
    1452
    1457
    1398
    1444
    1449
    1413
    1476
    1355
    1424
    1403
    1414
    1422
    1367
    1375
    1386
    1365
    1369
    1343
    1367
    1351
    1340
    1416
    1327
    1374
    1350
    1409
    1333
    1375
    1297
    1367
    1355
    1344
    1342
    1408
    1393
    1334
    1352
    1379
    1373
    1312
    1347
    1400
    1365
    1385
    1378
    1418
    1364
    1333
    1375
    1354
    1405
    1350
    1387
    1335
    1377
    1314
    1342
    1373
    1339
    1386
    1357
    1362
    1393
    1353
    1362
    1411
    1283
    1347
    1388
    1285
    1302
    1309
    1353
    1376
    1378
    1334
    1363
    1308
    1353
    1320
    1316
    1314
    1329
    1377
    1341
    1353
    1299
    1297
    1276
    1376
    1352
    1228
    1301
    1346
    1298
    1347
    1334
    1311
    1423
    1410
    1331
    1268
    1276
    1311
    1308
    1288
    1331
    1270
    1282
    1339
    1334
    1260
    1274
    1311
    1317
    1307
    1312
    1198
    1317
    1338
    1340
    1337
    1284
    1337
    1235
    1335
    1269
    1267
    1324
    1290
    1309
    1317
    1328
    1361
    1265
    1307
    1253
    1372
    1238
    1263
    1320
    1256
    1331
    1281
    1229
    1341
    1235
    1264
    1316
    1271
    1308
    1257
    1297
    1220
    1265
    1296
    1260
    1289
    1270
    1328
    1206
    1189
    1245
    1233
    1263
    1261
    1222
    1304
    1266
    1302
    1295
    1314
    1338
    1266
    1373
    1402
    1371
    1356
    1424
    1274
    1335
    1352
    1339
    1349
    1310
    1287
    1229
    1320
    1291
    1304
    1356
    1407
    1427
    1524
    1557
    1633
    1699
    1769
    1785
    1849
    1777
    1707
    1662
    1635
    1556
    1466
    1500
    1356
    1310
    1340
    1314
    1304
    1338
    1234
    1282
    1224
    1252
    1242
    1244
    1260
    1248
    1236
    1239
    1255
    1191
    1235
    1264
    1256
    1208
    1222
    1230
    1263
    1254
    1179
    1197
    1161
    1276
    1202
    1225
    1267
    1248
    1196
    1296
    1329
    1211
    1201
    1227
    1267
    1255
    1317
    1346
    1308
    1407
    1431
    1443
    1488
    1573
    1635
    1707
    1752
    1854
    1882
    1796
    1830
    1764
    1624
    1634
    1508
    1465
    1398
    1322
    1294
    1303
    1261
    1222
    1261
    1228
    1263
    1202
    1283
    1277
    1233
    1304
    1284
    1304
    1349
    1297
    1285
    1419
    1543
    1570
    1676
    1741
    1877
    2027
    2035
    2147
    2165
    2196
    2148
    1955
    1908
    1651
    1649
    1527
    1481
    1360
    1327
    1272
    1304
    1204
    1206
    1180
    1189
    1228
    1164
    1226
    1204
    1278
    1280
    1273
    1218
    1197
    1269
    1249
    1270
    1253
    1320
    1334
    1282
    1327
    1317
    1309
    1326
    1302
    1373
    1335
    1298
    1281
    1204
    1299
    1204
    1171
    1184
    1255
    1192
    1222
    1295
    1299
    1266
    1327
    1243
    1237
    1293
    1300
    1340
    1286
    1255
    1293
    1334
    1279
    1395
    1279
    1310
    1311
    1292
    1292
    1256
    1296
    1339
    1289
    1312
    1262
    1303
    1306
    1292
    1349
    1375
    1407
    1414
    1427
    1483
    1462
    1461
    1553
    1523
    1527
    1530
    1553
    1493
    1414
    1474
    1427
    1365
    1391
    1408
    1379
    1384
    1417
    1381
    1399
    1331
    1287
    1428
    1283
    1272
    1287
    1302
    1222
    1327
    1305
    1301
    1339
    1408
    1436
    1330
    1297
    1368
    1350
    1316
    1262
    1271
    1217
    1218
    1183
    1144
    1219
    1162
    1160
    1169
    1245
    1230
    1191
    1229
    1272
    1326
    1365
    1494
    1466
    1492
    1659
    1789
    1863
    2044
    2218
    2491
    3035
    3341
    4044
    4784
    5286
    5719
    6215
    6605
    6618
    6509
    6130
    5521
    4876
    4175
    3663
    3083
    2511
    2037
    1821
    1622
    1420
    1376
    1332
    1250
    1198
    1198
    1093
    1109
    1141
    1114
    1066
    1090
    1128
    1110
    1077
    1058
    1083
    1090
    1037
    1129
     973
    1078
    1020
    1049
    1056
    1095
    1069
    1048
    1057
    1107
    1015
    1040
    1064
    1096
    1081
    1077
    1115
    1122
    1105
    1159
    1099
    1161
    1126
    1147
    1151
    1285
    1221
    1172
    1187
    1270
    1220
    1237
    1160
    1150
    1164
    1103
    1079
    1105
    1067
    1157
    1032
    1041
    1086
    1141
    1114
    1049
    1067
    1087
    1090
    1074
    1052
    1097
    1086
    1119
    1069
    1097
    1136
    1102
    1055
    1070
    1067
    1158
    1162
    1137
    1122
    1133
    1220
    1121
    1152
    1224
    1114
    1145
    1176
    1236
    1183
    1158
    1135
    1158
    1224
    1257
    1282
    1364
    1413
    1478
    1568
    1565
    1723
    1730
    1675
    1719
    1657
    1656
    1532
    1518
    1479
    1444
    1383
    1435
    1660
    1716
    2031
    2258
    2812
    3303
    3866
    4564
    5209
    5785
    6110
    6222
    6314
    6249
    5754
    5344
    4564
    4041
    3405
    2837
    2316
    2037
    1850
    1697
    1622
    1569
    1641
    1651
    1693
    1718
    1646
    1640
    1583
    1525
    1472
    1437
    1339
    1234
    1238
    1134
    1161
    1112
    1062
    1066
    1139
    1141
    1104
    1106
    1094
    1164
    1101
    1098
    1108
    1068
    1041
    1032
     985
    1003
    1015
     974
    1025
     999
     958
     957
     994
     977
    1011
     941
     962
    1004
     943
     965
     940
     929
     924
     984
     955
     963
     935
     935
     982
     944
    1021
     987
     903
     999
    1024
    1039
     958
     995
     954
     955
     942
     949
    1005
     981
     950
     998
     966
     937
     947
     964
     969
     937
     950
    1011
     961
     968
     940
     945
     988
     944
     964
     938
     948
     971
     929
     915
     978
     986
     949
    1009
    1029
    1049
    1026
    1094
    1175
    1272
    1449
    1807
    2035
    2794
    3660
    4746
    6419
    8300
   10745
   13714
   16874
   20238
   22781
   25830
   28125
   29132
   29572
   29220
   27898
   25220
   22553
   19751
   16876
   13758
   11101
    8900
    7072
    5443
    4186
    3176
    2392
    1919
    1526
    1364
    1096
    1065
    1030
     952
     961
    1079
    1101
    1275
    1460
    1806
    2308
    3006
    3845
    5059
    6563
    8383
   10126
   12377
   14455
   16333
   17848
   19110
   19376
   18709
   17808
   16228
   14489
   12343
   10239
    8373
    6635
    5335
    4116
    3390
    2659
    2168
    1887
    1469
    1367
    1168
    1108
    1036
     885
     884
     897
     917
     899
     956
     986
    1006
    1028
    1059
    1057
    1067
    1004
    1062
    1009
     970
     850
     875
     860
     798
     754
     775
     769
     805
     745
     778
     744
     759
     758
     749
     743
     799
     764
     726
     766
     784
     851
     840
     961
     881
     949
     971
    1097
    1150
    1134
    1297
    1279
    1350
    1371
    1270
    1282
    1272
    1222
    1207
    1330
    1326
    1314
    1335
    1428
    1432
    1487
    1456
    1449
    1379
    1425
    1203
    1198
    1117
     935
     960
     845
     854
     735
     728
     744
     709
     731
     731
     728
     706
     682
     705
     722
     692
     713
     674
     699
     733
     741
     751
     779
     740
     815
     873
     961
    1118
    1249
    1525
    1872
    2218
    2939
    3438
    4266
    4949
    5548
    6255
    6573
    6955
    6930
    6851
    6357
    5720
    5057
    4251
    3608
    2875
    2222
    1776
    1474
    1240
     974
     933
     815
     731
     707
     694
     748
     681
     705
     702
     728
     690
     702
     728
     698
     694
     685
     640
     667
     696
     648
     700
     715
     662
     704
     668
     697
     693
     644
     684
     676
     737
     700
     679
     646
     718
     660
     700
     677
     705
     688
     717
     699
     651
     686
     665
     668
     706
     728
     687
     667
     692
     741
     668
     690
     728
     742
     752
     741
     696
     702
     780
     786
     759
     851
     756
     788
     728
     712
     721
     722
     696
     672
     722
     651
     694
     630
     682
     716
     676
     716
     736
     701
     662
     703
     687
     676
     714
     715
     695
     688
     681
     717
     708
     658
     668
     670
     682
     718
     679
     714
     654
     695
     706
     677
     666
     695
     700
     762
     682
     698
     674
     644
     721
     691
     695
     695
     709
     701
     689
     692
     632
     706
     632
     636
     716
     649
     707
     675
     666
     644
     735
     689
     702
     697
     708
     750
     732
     816
     818
     794
     797
     861
     836
     764
     777
     744
     750
     686
     686
     717
     679
     664
     655
     611
     695
     677
     693
     719
     710
     672
     714
     701
     708
     682
     674
     709
     681
     657
     672
     659
     737
     702
     618
     695
     634
     645
     630
     661
     677
     665
     658
     653
     681
     702
     652
     623
     684
     696
     668
     666
     649
     654
     667
     701
     679
     679
     683
     699
     617
     670
     635
     690
     681
     645
     623
     695
     722
     725
     770
     756
     723
     746
     780
     754
     741
     732
     694
     742
     674
     706
     701
     637
     649
     700
     696
     649
     674
     683
     681
     737
     669
     664
     663
     676
     649
     598
     621
     646
     641
     630
     676
     622
     662
     609
     647
     605
     676
     610
     674
     656
     680
     628
     644
     635
     696
     610
     667
     633
     639
     625
     647
     711
     606
     611
     627
     639
     641
     702
     685
     754
     834
     846
     950
    1014
    1106
    1149
    1314
    1329
    1482
    1518
    1589
    1586
    1627
    1477
    1535
    1379
    1377
    1362
    1472
    1451
    1760
    2022
    2539
    3079
    3697
    4575
    5384
    6216
    7260
    7845
    8462
    8679
    8908
    8625
    7942
    7204
    6261
    5561
    4444
    3546
    2858
    2260
    1731
    1351
    1058
     936
     883
     763
     806
     826
     881
     990
    1136
    1270
    1556
    1770
    2109
    2497
    2751
    3163
    3554
    3744
    3769
    3821
    3723
    3593
    3304
    2831
    2594
    2065
    1793
    1507
    1324
    1090
     879
     805
     770
     697
     696
     648
     665
     687
     657
     692
     726
     731
     702
     660
     674
     631
     642
     626
     608
     628
     589
     599
     630
     621
     665
     663
     755
     826
    1000
    1197
    1460
    1940
    2493
    3199
    4224
    5210
    6736
    8526
   10288
   12013
   13767
   15275
   16209
   16445
   16968
   16251
   15198
   13621
   11977
   10130
    8309
    6829
    5359
    4182
    3398
    2908
    2764
    2747
    2943
    3345
    3533
    3999
    4389
    4648
    4690
    4617
    4530
    4115
    3816
    3344
    2834
    2395
    1945
    1623
    1318
    1028
     923
     743
     658
     622
     614
     567
     528
     534
     523
     580
     520
     558
     526
     511
     528
     509
     575
     571
     567
     582
     610
     666
     693
     751
     849
     989
    1189
    1385
    1572
    1894
    2301
    2563
    3053
    3169
    3536
    3612
    3683
    3549
    3354
    3109
    2787
    2542
    2167
    1751
    1390
    1180
    1033
     853
     745
     664
     602
     528
     577
     540
     580
     610
     660
     686
     782
     863
    1004
    1092
    1370
    1600
    1885
    2201
    2400
    2748
    2993
    3038
    3066
    3168
    3146
    2863
    2690
    2437
    2249
    2042
    1856
    1728
    1615
    1539
    1544
    1419
    1413
    1332
    1223
    1190
    1158
    1019
     939
     847
     752
     666
     657
     562
     569
     528
     526
     538
     465
     499
     451
     487
     486
     486
     526
     481
     498
     483
     471
     497
     511
     506
     457
     447
     482
     503
     505
     507
     478
     463
     501
     467
     479
     500
     477
     470
     492
     509
     483
     453
     467
     514
     472
     505
     491
     467
     468
     534
     513
     494
     479
     506
     521
     469
     480
     485
     456
     487
     504
     457
     481
     446
     508
     487
     439
     509
     479
     475
     526
     478
     515
     503
     483
     512
     561
     561
     572
     627
     570
     680
     642
     655
     659
     668
     671
     633
     634
     588
     598
     584
     537
     533
     537
     592
     553
     642
     633
     720
     816
     919
    1097
    1306
    1471
    1859
    2083
    2370
    2755
    3115
    3421
    3780
    4108
    4412
    4489
    4690
    4848
    4659
    4738
    4486
    4209
    3951
    3602
    3208
    2687
    2270
    1890
    1489
    1242
    1028
     817
     711
     638
     584
     561
     509
     466
     465
     488
     503
     490
     504
     479
     455
     533
     473
     490
     467
     510
     514
     492
     493
     479
     485
     516
     469
     446
     474
     483
     452
     470
     471
     454
     440
     462
     483
     474
     465
     484
     480
     483
     464
     452
     501
     454
     466
     499
     448
     477
     486
     540
     524
     515
     551
     584
     508
     527
     598
     611
     619
     628
     627
     603
     586
     580
     632
     567
     539
     595
     528
     531
     542
     570
     560
     546
     528
     488
     500
     523
     559
     511
     502
     519
     481
     466
     453
     497
     463
     469
     471
     478
     455
     477
     493
     443
     484
     481
     448
     456
     469
     486
     464
     522
     476
     477
     457
     503
     489
     493
     462
     453
     425
     474
     464
     427
     460
     452
     477
     482
     474
     472
     474
     418
     505
     472
     477
     478
     437
     490
     496
     499
     503
     502
     434
     491
     430
     488
     470
     502
     446
     470
     445
     443
     487
     485
     475
     482
     486
     468
     536
     434
     487
     467
     475
     482
     503
     436
     505
     491
     465
     510
     502
     531
     538
     513
     497
     501
     532
     475
     514
     496
     495
     490
     491
     513
     538
     444
     470
     472
     524
     503
     529
     432
     475
     471
     475
     461
     462
     482
     475
     460
     504
     470
     478
     489
     485
     499
     445
     491
     466
     488
     473
     510
     465
     506
     486
     496
     445
     492
     464
     463
     483
     458
     458
     490
     465
     461
     481
     492
     486
     478
     488
     539
     534
     489
     556
     516
     508
     536
     560
     541
     549
     528
     528
     528
     492
     487
     499
     480
     469
     523
     521
     513
     529
     556
     640
     699
     815
     964
    1170
    1561
    1934
    2573
    3234
    4220
    5191
    6552
    7793
    9339
   10838
   11999
   12903
   13888
   14094
   14078
   13665
   12769
   11455
   10057
    8477
    7070
    5706
    4371
    3489
    2657
    2060
    1604
    1285
    1099
     921
     847
     806
     765
     750
     771
     781
     884
     958
     930
     989
    1055
    1009
    1060
    1062
    1004
    1039
     934
     824
     785
     771
     685
     602
     544
     528
     485
     435
     442
     420
     431
     413
     464
     438
     428
     424
     409
     409
     428
     417
     450
     447
     429
     431
     427
     478
     469
     512
     583
     544
     612
     673
     704
     846
     854
     966
    1054
    1139
    1178
    1183
    1187
    1120
    1086
    1073
     898
     826
     758
     744
     632
     556
     549
     502
     442
     455
     464
     407
     425
     437
     412
     395
     437
     435
     395
     425
     394
     411
     402
     419
     462
     513
     485
     517
     549
     618
     685
     770
     827
     946
    1070
    1214
    1270
    1327
    1473
    1509
    1530
    1421
    1427
    1358
    1206
    1087
    1059
     887
     733
     718
     664
     568
     519
     476
     426
     455
     403
     399
     456
     420
     397
     432
     391
     355
     401
     418
     409
     406
     376
     417
     408
     412
     445
     395
     454
     448
     444
     480
     451
     529
     536
     576
     646
     737
     735
     869
     929
    1006
    1124
    1186
    1169
    1190
    1196
    1199
    1150
    1077
    1013
     919
     861
     797
     676
     626
     564
     481
     513
     493
     446
     446
     447
     428
     431
     421
     425
     442
     418
     392
     428
     422
     430
     423
     461
     382
     390
     403
     454
     436
     464
     422
     441
     460
     447
     469
     495
     497
     476
     456
     477
     491
     445
     482
     513
     453
     448
     484
     455
     469
     454
     496
     455
     459
     453
     434
     470
     448
     442
     428
     461
     445
     399
     450
     406
     415
     424
     417
     440
     472
     434
     413
     412
     411
     414
     396
     412
     402
     421
     427
     438
     425
     403
     402
     417
     423
     433
     413
     440
     413
     451
     432
     403
     445
     467
     416
     427
     457
     462
     440
     447
     426
     439
     432
     451
     399
     417
     389
     397
     424
     438
     445
     446
     418
     416
     408
     461
     415
     454
     430
     396
     424
     412
     440
     415
     441
     421
     434
     436
     430
     419
     459
     447
     416
     461
     395
     385
     378
     438
     449
     406
     387
     399
     430
     387
     393
     348
     384
     421
     391
     425
     408
     413
     406
     430
     399
     384
     381
     389
     402
     385
     389
     446
     392
     451
     395
     394
     394
     403
     393
     393
     429
     414
     429
     454
     368
     381
     423
     398
     431
     423
     396
     415
     416
     416
     418
     380
     448
     390
     387
     397
     434
     383
     403
     381
     383
     377
     420
     389
     385
     364
     422
     431
     414
     429
     419
     408
     446
     464
     469
     476
     493
     495
     502
     485
     496
     455
     471
     434
     420
     458
     450
     426
     438
     424
     380
     433
     392
     393
     385
     449
     406
     413
     392
     380
     400
     372
     408
     423
     398
     393
     399
     384
     405
     426
     430
     469
     455
     464
     460
     502
     508
     465
     491
     480
     462
     472
     436
     394
     473
     451
     425
     462
     432
     393
     442
     431
     418
     428
     441
     409
     390
     426
     410
     421
     408
     387
     369
     381
     347
     403
     392
     394
     361
     412
     378
     427
     394
     411
     411
     414
     433
     412
     397
     457
     391
     419
     424
     412
     382
     367
     410
     386
     378
     433
     406
     442
     409
     421
     404
     442
     399
     438
     472
     480
     459
     563
     661
     712
     828
     888
    1014
    1158
    1338
    1512
    1569
    1771
    1906
    1967
    1991
    1909
    1928
    1874
    1660
    1530
    1370
    1263
    1128
     949
     853
     687
     638
     611
     515
     529
     474
     454
     453
     423
     462
     395
     396
     408
     399
     389
     387
     406
     469
     438
     446
     443
     453
     480
     470
     475
     497
     560
     572
     578
     597
     626
     626
     599
     591
     546
     575
     585
     533
     570
     474
     446
     393
     425
     417
     388
     401
     379
     396
     431
     365
     409
     411
     418
     399
     394
     374
     389
     390
     420
     391
     379
     401
     387
     406
     366
     376
     393
     464
     436
     417
     416
     411
     404
     443
     434
     422
     403
     415
     466
     372
     415
     391
     386
     397
     395
     417
     403
     426
     426
     411
     426
     421
     442
     462
     444
     467
     467
     469
     495
     453
     434
     434
     466
     471
     441
     432
     413
     405
     426
     408
     410
     393
     435
     414
     435
     426
     404
     399
     402
     435
     418
     447
     445
     390
     434
     416
     416
     425
     417
     396
     376
     405
     408
     371
     429
     376
     388
     373
     414
     405
     396
     377
     397
     424
     373
     398
     426
     396
     371
     416
     361
     377
     384
     398
     363
     380
     388
     422
     425
     374
     396
     399
     387
     372
     389
     370
     401
     405
     378
     396
     378
     364
     393
     389
     387
     374
     382
     413
     388
     408
     397
     399
     353
     369
     397
     395
     402
     396
     393
     424
     381
     383
     404
     386
     424
     400
     381
     429
     400
     400
     430
     438
     440
     438
     420
     417
     454
     442
     455
     461
     506
     437
     457
     438
     440
     421
     422
     419
     431
     402
     392
     401
     412
     414
     412
     433
     384
     414
     390
     359
     384
     386
     407
     404
     413
     428
     413
     406
     417
     390
     373
     376
     386
     392
     338
     366
     433
     392
     386
     382
     430
     376
     407
     379
     387
     401
     381
     412
     384
     410
     388
     395
     394
     373
     394
     390
     384
     404
     413
     388
     381
     379
     367
     371
     379
     375
     388
     372
     400
     401
     375
     385
     390
     375
     426
     400
     359
     403
     381
     402
     412
     355
     413
     394
     396
     373
     403
     398
     378
     374
     405
     400
     379
     380
     392
     403
     454
     433
     391
     443
     413
     384
     439
     376
     384
     357
     400
     410
     412
     374
     387
     352
     360
     380
     337
     373
     352
     357
     329
     372
     342
     363
     332
     362
     361
     343
     323
     366
     341
     361
     353
     369
     327
     382
     342
     364
     344
     335
     385
     328
     364
     328
     349
     334
     338
     339
     313
     342
     343
     338
     335
     349
     328
     341
     320
     315
     311
     319
     308
     303
     310
     342
     281
     352
     331
     333
     320
     324
     324
     326
     326
     308
     313
     365
     327
     338
     316
     345
     326
     370
     351
     321
     340
     328
     349
     334
     296
     323
     312
     346
     301
     335
     290
     302
     311
     288
     315
     314
     296
     316
     312
     279
     314
     348
     315
     312
     306
     298
     311
     305
     302
     295
     289
     292
     316
     319
     283
     267
     289
     294
     257
     291
     302
     292
     313
     290
     275
     306
     288
     314
     313
     342
     295
     298
     291
     272
     309
     329
     277
     353
     306
     286
     298
     311
     333
     317
     320
     301
     300
     289
     264
     289
     285
     297
     308
     306
     306
     290
     282
     321
     274
     319
     326
     288
     303
     271
     298
     264
     298
     276
     255
     297
     288
     285
     291
     271
     254
     293
     312
     300
     274
     294
     285
     263
     280
     246
     290
     279
     254
     270
     268
     292
     268
     250
     298
     295
     267
     261
     272
     295
     273
     250
     267
     292
     253
     307
     293
     298
     250
     265
     281
     291
     273
     295
     259
     283
     277
     285
     289
     286
     267
     270
     290
     260
     294
     285
     283
     260
     289
     268
     260
     305
     272
     263
     282
     277
     268
     277
     280
     295
     303
     260
     251
     267
     282
     276
     268
     267
     287
     279
     291
     266
     272
     244
     271
     251
     272
     273
     282
     264
     260
     242
     301
     295
     257
     269
     271
     262
     261
     285
     272
     286
     271
     268
     276
     245
     261
     292
     251
     251
     257
     263
     294
     272
     285
     260
     302
     264
     277
     263
     249
     293
     269
     266
     283
     265
     255
     259
     271
     269
     252
     280
     259
     232
     292
     269
     268
     252
     268
     257
     237
     266
     271
     279
     255
     276
     237
     283
     264
     244
     242
     268
     262
     246
     266
     270
     264
     291
     256
     266
     278
     260
     248
     234
     237
     261
     242
     251
     252
     254
     248
     250
     269
     274
     274
     247
     276
     256
     277
     256
     251
     256
     252
     283
     246
     257
     255
     252
     241
     267
     239
     255
     257
     264
     276
     266
     257
     266
     233
     259
     210
     243
     253
     249
     253
     278
     240
     239
     237
     262
     246
     227
     253
     270
     237
     229
     219
     260
     266
     232
     247
     235
     248
     240
     247
     242
     259
     247
     236
     237
     253
     234
     259
     265
     256
     260
     225
     254
     276
     278
     265
     240
     237
     249
     223
     242
     275
     277
     236
     255
     245
     232
     246
     241
     227
     248
     266
     253
     244
     258
     259
     258
     254
     248
     226
     270
     239
     253
     231
     260
     215
     256
     252
     246
     214
     286
     264
     265
     265
     279
     258
     259
     259
     281
     272
     285
     279
     269
     313
     324
     326
     313
     340
     347
     350
     364
     380
     352
     403
     406
     402
     369
     375
     354
     344
     354
     329
     349
     311
     363
     314
     287
     276
     304
     285
     298
     315
     267
     295
     319
     296
     287
     314
     312
     294
     297
     255
     286
     262
     291
     299
     273
     264
     258
     277
     251
     264
     260
     271
     293
     288
     293
     308
     321
     327
     298
     291
     298
     277
     268
     327
     272
     246
     269
     279
     304
     269
     240
     248
     266
     238
     258
     237
     260
     219
     227
     250
     213
     218
     261
     238
     237
     269
     271
     231
     248
     244
     248
     262
     220
     274
     236
     250
     248
     243
     260
     211
     263
     251
     262
     236
     239
     246
     239
     224
     263
     256
     244
     242
     245
     250
     246
     224
     250
     255
     247
     253
     228
     263
     223
     251
     239
     209
     224
     261
     232
     235
     264
     269
     242
     236
     246
     226
     244
     221
     248
     228
     220
     243
     232
     234
     239
     225
     236
     244
     224
     207
     246
     223
     218
     249
     225
     252
     248
     255
     238
     226
     250
     252
     229
     257
     253
     284
     260
     266
     227
     259
     236
     241
     234
     228
     234
     249
     252
     268
     255
     216
     248
     219
     243
     209
     215
     247
     250
     264
     226
     249
     234
     243
     211
     221
     228
     243
     247
     209
     232
     235
     246
     226
     247
     259
     238
     224
     209
     228
     228
     251
     227
     219
     220
     199
     236
     235
     237
     223
     227
     232
     223
     240
     221
     214
     215
     207
     235
     253
     218
     234
     210
     241
     231
     227
     244
     240
     258
     228
     223
     241
     245
     227
     230
     233
     231
     230
     230
     235
     240
     260
     216
     227
     255
     242
     246
     246
     251
     215
     224
     247
     214
     237
     208
     250
     216
     194
     240
     216
     241
     245
     238
     234
     240
     249
     244
     235
     233
     249
     222
     235
     207
     237
     236
     231
     221
     201
     224
     222
     230
     182
     216
     201
     221
     197
     201
     207
     206
     205
     204
     219
     206
     205
     209
     178
     214
     188
     206
     212
     196
     198
     199
     207
     207
     226
     199
     186
     214
     196
     196
     196
     217
     221
     212
     196
     164
     214
     187
     188
     182
     182
     197
     194
     189
     182
     172
     187
     206
     176
     205
     208
     176
     185
     188
     239
     192
     177
     181
     195
     182
     178
     175
     186
     201
     171
     201
     177
     170
     194
     178
     171
     169
     190
     164
     191
     176
     151
     186
     188
     173
     216
     195
     174
     172
     184
     172
     184
     170
     188
     158
     202
     164
     173
     174
     195
     173
     164
     189
     174
     191
     177
     171
     177
     207
     188
     190
     212
     207
     197
     248
     215
     205
     195
     235
     226
     235
     231
     253
     239
     250
     217
     224
     236
     233
     251
     197
     199
     191
     190
     181
     205
     162
     194
     173
     183
     184
     178
     172
     168
     162
     169
     145
     173
     176
     174
     167
     187
     185
     199
     139
     157
     154
     191
     206
     226
     190
     187
     209
     213
     204
     205
     200
     174
     179
     177
     164
     179
     175
     188
     142
     149
     149
     138
     162
     147
     147
     154
     146
     179
     168
     160
     163
     141
     148
     139
     140
     126
     144
     180
     141
     157
     150
     155
     132
     134
     159
     158
     165
     133
     142
     143
     138
     162
     131
     146
     125
     138
     158
     124
     118
     142
     134
     141
     133
     117
     141
     153
     146
     131
     159
     126
     141
     140
     139
     147
     147
     130
     129
     134
     141
     135
     136
     150
     143
     145
     149
     134
     161
     153
     144
     140
     147
     125
     148
     137
     124
     153
     143
     132
     173
     137
     134
     121
     135
     146
     148
     151
     139
     146
     132
     152
     139
     129
     143
     139
     148
     134
     140
     140
     128
     120
     136
     146
     114
     139
     120
     134
     127
     153
     165
     146
     168
     145
     136
     162
     137
     141
     148
     157
     142
     137
     149
     152
     129
     140
     122
     132
     148
     131
     131
     153
     130
     119
     123
     114
     127
     127
     110
     132
     122
     138
     147
     124
     136
     140
     157
     129
     164
     120
     128
     113
     124
     149
     151
     140
     114
     110
     114
     123
     130
     110
     140
     109
     123
     145
     116
     126
     143
     120
     120
     128
     144
     139
     135
     133
     135
     106
     143
     113
     130
     130
     130
     118
     138
     134
     143
     116
     125
     103
     138
     123
     132
     114
     132
     126
     132
     141
     115
     107
     120
     129
     134
     131
     131
     128
     131
     128
     131
     114
     134
     137
     126
     132
     124
     127
     110
     105
     121
     126
     115
     128
     110
     138
     131
     131
     155
     112
     124
     127
     144
     112
     110
     121
     108
     133
     110
     124
     118
     132
     126
     126
     101
     129
     117
     120
     125
     114
     130
     142
     109
     115
     126
     129
     127
     136
     104
     105
     135
     126
     119
     114
     114
     114
     135
     123
     128
     111
     110
     122
     104
     122
     117
     119
     133
     106
     130
     129
     115
     103
     112
     125
     124
     109
     104
     134
     131
     103
     111
     108
     111
     133
     113
     139
     121
     123
     120
     115
     104
     118
     111
     128
     114
     144
     122
     113
     107
     109
     131
     117
     113
     122
     115
     119
      98
     127
     139
      94
     115
     108
     114
      95
     125
      98
     109
     112
     128
     118
     112
     110
     106
     104
     106
     133
     121
     127
     120
     116
     108
     112
     116
     117
     101
     109
     139
      98
     110
     110
      95
     101
     116
     135
     102
     107
      99
     117
     108
      98
     116
     103
     125
     103
     109
     115
     101
     127
     102
     109
      94
     118
     133
     115
     116
     123
     106
     106
     112
     107
     107
     113
     135
     128
     118
     111
     105
     108
     107
     107
     119
     122
     129
     123
     115
     119
     134
     135
     158
     133
     142
     122
     125
     149
     121
     118
     139
     128
     106
     140
     130
     114
     104
     105
     117
     114
     118
     108
     104
     106
     118
     126
     108
      97
     102
      96
     103
     129
     118
     125
     117
     117
     108
     124
     131
     133
     122
     116
     116
     106
     106
     107
     109
     106
     120
     110
     106
      98
      85
     104
     100
      99
      86
     108
     106
     109
     106
      93
     113
     104
     129
     108
     107
     125
     126
     103
      87
     108
     106
     108
      95
      66
      91
      95
      98
      96
      98
     108
     108
     102
     112
     111
      95
      90
      96
     101
      99
      82
     109
     107
      89
      78
      97
      92
     113
      94
      84
     100
     106
     113
     102
     120
     113
     124
     104
     137
     132
     146
     138
     188
     228
     217
     252
     254
     307
     341
     383
     415
     469
     472
     489
     479
     538
     493
     463
     436
     448
     420
     367
     314
     303
     277
     204
     191
     153
     139
     144
     146
     132
     107
     110
      98
     105
      89
     101
      92
      88
      85
      84
      83
      82
      81
      97
      89
     101
      97
      81
      98
     103
      96
     101
     107
     106
     106
     124
     122
     106
     114
     112
      99
     109
     112
      81
      83
     106
     101
      98
      99
     102
     118
      82
      98
      79
      88
      95
      71
      90
     102
      99
      89
     101
     101
      89
      92
      84
      92
      83
     102
      77
     111
      95
      85
      89
      64
     107
     111
     107
     113
     109
      99
      94
     123
     140
     128
     151
     140
     139
     137
     138
     122
     132
     132
     115
     108
     114
     116
     109
     109
     106
      96
      93
      79
      85
     105
      78
      88
      86
      86
      78
      63
      65
      80
      88
      92
      83
      85
      96
      98
      83
      63
      73
      88
      91
      73
      86
      61
      85
      77
      77
      66
      72
      85
      91
      91
      91
     105
      69
      72
      82
      77
      71
      65
      64
      79
      83
      73
      70
      73
      71
      73
      77
      89
      78
      93
      93
      67
      56
      84
      75
      93
      89
      81
      73
      74
      83
      88
      89
      96
      82
      94
     101
     115
     131
     123
     126
     135
     152
     153
     157
     177
     169
     210
     183
     205
     194
     182
     177
     164
     152
     158
     149
     129
     107
     117
      97
     100
      97
      83
      96
      88
      77
      73
      63
      89
      67
      86
      75
      87
      97
      83
      76
      78
      78
      81
      81
      89
      91
      85
      90
      94
      75
     100
      91
      87
      83
      79
      81
      84
      85
      77
      84
      77
      67
      74
      78
      87
      81
      89
      69
      94
      82
      84
      67
      71
      62
      83
      61
      69
      79
      79
      66
      59
      82
      85
      90
      61
      69
      58
      64
      82
      69
      68
      67
      72
      58
      79
      65
      76
      55
      66
      66
      82
      58
      80
      65
      69
      63
      87
      64
      79
      79
      73
      61
      59
      75
      79
      66
      72
      66
      72
      73
      60
      66
      63
      69
      70
      75
      74
      58
      77
      64
      55
      69
      72
      66
      66
      70
      77
      61
      74
      74
      67
      62
      72
      74
      73
      56
      67
      72
      49
      80
      69
      55
      79
      73
      63
      74
      73
      61
      71
      71
      71
      65
      63
      62
      68
      68
      61
      67
      66
      53
      57
      61
      56
      69
      74
      79
      61
      75
      82
      61
      75
      74
      70
      64
      52
      70
      68
      62
      54
      70
      39
      58
      59
      76
      67
      55
      68
      56
      67
      70
      62
      76
      60
      79
      76
      66
      66
      62
      70
      76
      64
      53
      72
      49
      68
      64
      53
      68
      81
      78
      62
      70
      59
      63
      57
      52
      56
      64
      65
      62
      57
      63
      54
      74
$ENER_FIT:
0.000000 0.075000
$PRESETS:
Live Time (sec)
993
0
$RT:
1800.000000
$DT:
807000
$ISO_DECL_PU:
SMPLNAM: IDB-467
SEPDATE: 01/01/1900 00:00:00
PU238: 0.8458 
DPU238: 0.2128
PU239: 73.3191 
DPU239: 0.0134
PU240: 18.2945 
DPU240: 0.0476
PU241: 5.4634 
DPU241: 0.0622
PU242: 2.0772 
DPU242: 0.1107
AM241: 1.1705 
DAM241: 0.9996
DATE: 01/01/1900 00:00:00
PU240EFF: 23.9156
DPU240EFF: 0.6665
$ADC:
8192
0
8191