$APPLICATION_ID:
IDB v.1.0
$SPEC_REM:
Material type: Pu
Material form: Pellet
Material compound: PuO2
Pu isotopics:
238Pu 0.0628
239Pu 84.8097
240Pu 14.2698
241Pu 0.498
242Pu 0.3597
241Am 0.7419
Detector: HPGe (Geometry: Planar, Size: Unknown)
MCA: Unknown
$DATE_MEA:
07/31/2001 23:15:00
$MEAS_TIM:
1167 1800
$DATA:
0 8191
       0
       0
       0
       0
       0
       0
       0
       0
       0
       0
       0
       0
       0
       0
       0
       0
       0
       0
       0
       0
       0
       0
       0
       0
       0
       0
       0
       0
       0
       0
       0
       0
       0
       0
       0
       0
       0
       0
       0
       0
       0
       0
       0
       0
       0
       0
       0
       0
       0
       0
       0
       0
       0
       0
       0
       0
       0
       0
       0
       0
       0
       0
       0
       0
       0
       0
       0
       0
       0
       0
       0
       0
       0
       0
       0
       0
       0
       0
       0
       0
    7667
   10213
   10203
   10091
   10062
   10146
   10303
   10167
    9889
    9811
   10039
    9987
    9774
    9988
    9929
    9693
    9885
    9718
    9561
    9519
    9479
    9538
    9483
    9388
    9305
    9406
    9224
    9030
    9274
    9067
    9234
    9054
    9049
    9133
    8896
    9036
    9260
    8996
    9114
    9180
    9004
    8879
    8863
    9139
    9045
    8856
    9083
    8993
    8947
    8930
    8769
    8967
    8748
    8757
    8619
    8915
    8747
    8826
    8825
    8772
    8799
    8801
    8812
    8677
    8877
    8901
    8725
    8978
    9021
    9037
    9193
    9070
    9183
    9294
    9177
    9197
    9249
    9137
    9286
    9113
    9188
    9044
    9136
    9193
    9164
    8981
    9043
    9305
    9048
    9084
    9056
    8999
    9145
    9071
    9174
    8982
    9157
    8934
    8976
    9057
    9230
    9000
    9047
    9028
    9023
    9049
    9197
    9045
    9020
    9183
    9225
    9149
    9102
    9140
    8971
    8861
    8840
    8938
    8964
    8921
    8757
    8911
    8834
    8705
    8870
    8893
    8820
    8821
    8890
    8929
    8691
    8855
    8958
    8939
    8752
    8906
    8687
    8961
    8776
    8792
    9025
    8884
    8733
    8970
    8823
    8843
    8711
    8782
    8816
    8888
    8791
    8639
    8909
    8837
    8644
    8847
    8887
    8818
    8609
    8615
    8782
    8815
    8798
    8945
    8730
    8685
    8777
    8676
    8725
    8815
    8778
    8814
    8687
    8757
    8548
    8640
    8627
    8496
    8709
    8685
    8613
    8560
    8682
    8691
    8623
    8724
    8685
    8688
    8640
    8720
    8735
    8746
    8738
    8568
    8552
    8655
    8678
    8519
    9004
    8730
    8716
    8758
    8778
    8554
    8573
    8641
    8731
    8595
    8746
    8721
    8643
    8722
    8597
    8643
    8822
    8679
    8597
    8610
    8495
    8732
    8613
    8466
    8773
    8622
    8739
    8682
    8710
    8854
    8854
    8952
    8911
    8750
    8746
    8704
    8861
    8732
    9157
    9257
    9689
   10367
   10996
   11430
   11945
   11993
   11441
   10440
    9511
    8831
    8698
    8653
    8642
    8775
    8621
    8583
    8724
    8570
    8576
    8701
    8663
    8640
    8474
    8399
    8724
    8462
    8564
    8621
    8484
    8592
    8717
    8664
    8461
    8652
    8692
    8536
    8513
    8579
    8483
    8501
    8690
    8538
    8713
    8873
    9066
    9391
    9393
    9172
    9120
    8669
    8583
    8470
    8658
    8549
    8627
    8330
    8522
    8627
    8546
    8316
    8182
    8555
    8239
    8277
    8178
    8267
    8205
    8286
    8314
    8343
    8147
    8185
    8122
    8271
    8119
    8159
    8173
    8113
    7998
    8060
    8190
    8143
    8014
    8193
    7997
    8068
    8101
    7999
    8156
    8026
    7937
    8050
    7965
    7965
    8064
    8079
    8056
    7933
    8070
    8009
    8047
    7943
    8100
    7935
    7876
    8104
    8051
    8057
    8001
    7936
    7918
    7856
    8053
    7756
    7910
    7921
    7987
    7885
    7906
    7773
    7939
    7935
    7899
    7766
    7974
    7886
    7883
    7825
    7984
    7573
    7781
    7708
    7798
    7721
    7678
    7727
    7686
    7604
    7789
    7564
    7674
    7705
    7648
    7656
    7601
    7538
    7556
    7610
    7613
    7613
    7542
    7581
    7687
    7655
    7491
    7840
    7659
    7677
    7668
    7423
    7564
    7534
    7534
    7483
    7583
    7409
    7559
    7440
    7406
    7494
    7506
    7529
    7517
    7411
    7242
    7394
    7391
    7331
    7331
    7277
    7444
    7147
    7323
    7511
    7356
    7429
    7410
    7329
    7309
    7447
    7334
    7259
    7370
    7168
    7277
    7223
    7222
    7120
    7152
    7188
    7216
    7165
    7285
    7302
    7124
    7119
    7239
    7081
    7051
    7119
    7227
    7109
    7028
    7138
    7227
    7066
    7101
    7103
    7167
    7129
    7043
    7093
    7148
    7203
    7047
    7016
    7096
    7098
    7122
    7199
    7104
    6990
    7026
    7135
    7037
    6997
    7151
    7029
    7109
    7070
    7047
    6962
    6917
    7057
    6980
    7057
    6958
    6957
    6934
    6964
    6953
    6857
    6875
    6988
    6865
    6875
    6908
    7056
    6681
    6797
    6853
    6859
    7032
    6812
    6797
    6887
    6897
    6888
    7057
    6741
    6808
    6760
    6930
    6896
    6897
    6785
    6931
    6878
    6881
    6856
    6841
    6723
    6827
    6806
    6741
    6702
    6749
    6690
    6732
    6781
    6837
    6740
    6884
    6739
    6821
    6766
    6825
    6741
    6726
    6722
    6701
    6694
    6713
    6651
    6719
    6667
    6561
    6722
    6630
    6703
    6680
    6672
    6659
    6778
    6735
    6822
    6548
    6592
    6650
    6610
    6759
    6703
    6680
    6705
    6633
    6512
    6572
    6566
    6630
    6610
    6617
    6656
    6654
    6650
    6573
    6554
    6436
    6455
    6540
    6591
    6674
    6339
    6728
    6519
    6517
    6591
    6499
    6735
    6483
    6493
    6624
    6544
    6547
    6571
    6477
    6625
    6390
    6537
    6688
    6576
    6583
    6631
    6522
    6664
    6519
    6456
    6593
    6495
    6526
    6472
    6495
    6543
    6612
    6447
    6431
    6666
    6590
    6289
    6491
    6525
    6415
    6399
    6586
    6393
    6672
    6502
    6390
    6504
    6297
    6482
    6491
    6442
    6488
    6542
    6331
    6509
    6345
    6553
    6239
    6461
    6481
    6546
    6403
    6371
    6443
    6303
    6533
    6296
    6413
    6398
    6456
    6277
    6300
    6261
    6401
    6502
    6390
    6323
    6444
    6316
    6334
    6364
    6611
    6351
    6361
    6284
    6367
    6345
    6388
    6374
    6351
    6278
    6448
    6430
    6300
    6399
    6302
    6283
    6172
    6226
    6337
    6223
    6202
    6312
    6293
    6245
    6216
    6224
    6356
    6337
    6355
    6288
    6156
    6253
    6302
    6391
    6218
    6216
    6162
    6254
    6343
    6277
    6202
    6125
    6281
    6206
    6137
    6331
    6328
    6389
    6230
    6318
    6757
    6719
    7059
    7440
    7681
    7687
    7240
    6923
    6763
    6426
    6250
    6232
    6272
    6300
    6210
    6345
    6099
    6041
    6191
    6215
    6170
    6225
    6212
    6228
    6179
    6191
    6158
    6280
    6186
    6194
    6188
    6016
    6228
    6153
    6184
    6098
    6229
    6125
    6188
    6145
    6275
    6084
    6346
    6029
    6080
    6064
    6158
    6235
    6056
    6159
    6008
    6129
    6131
    6129
    6026
    6029
    6118
    6282
    6097
    6114
    6214
    6032
    6166
    6140
    5955
    6114
    6057
    6060
    6094
    6064
    6191
    5902
    6156
    6117
    6143
    5979
    6195
    6007
    6221
    6060
    6145
    6149
    6198
    6100
    6040
    5967
    6079
    6132
    6173
    6039
    6069
    6088
    6240
    6131
    6025
    6028
    6130
    6065
    6036
    5930
    6299
    5971
    6002
    6023
    6001
    6043
    6056
    6119
    6203
    6197
    6077
    6251
    6116
    6170
    5956
    6130
    6088
    5971
    6106
    6048
    5843
    6061
    5901
    6028
    5965
    6123
    6081
    6170
    6008
    6191
    6145
    6035
    6090
    6181
    6101
    5897
    6178
    5933
    6175
    6145
    6188
    6132
    6000
    6058
    5977
    6098
    6110
    6093
    6027
    6005
    6073
    6190
    6054
    6200
    6211
    6142
    6117
    6177
    6074
    6136
    6188
    6135
    6071
    6123
    6135
    6203
    6229
    6269
    6250
    6153
    6107
    6084
    6150
    6019
    6172
    6202
    6167
    6309
    6142
    6414
    6360
    6355
    6328
    6410
    6371
    6402
    6250
    6183
    6283
    6317
    6323
    6199
    6353
    6229
    6271
    6283
    6282
    6216
    6332
    6339
    6302
    6181
    6344
    6340
    6371
    6465
    6282
    6460
    6506
    6475
    6689
    6457
    6719
    6473
    6503
    6327
    6394
    6308
    6344
    6361
    6353
    6302
    6437
    6330
    6372
    6568
    6350
    6404
    6440
    6574
    6375
    6425
    6446
    6418
    6372
    6395
    6448
    6494
    6479
    6549
    6577
    6426
    6520
    6469
    6446
    6470
    6454
    6486
    6477
    6459
    6455
    6625
    6485
    6525
    6552
    6437
    6510
    6569
    6393
    6531
    6447
    6513
    6408
    6447
    6625
    6540
    6689
    6597
    6540
    6534
    6596
    6648
    6532
    6575
    6621
    6530
    6532
    6641
    6587
    6556
    6649
    6699
    6533
    6461
    6648
    6716
    6783
    6707
    6665
    6827
    6713
    6823
    6792
    6701
    6656
    6770
    6914
    6765
    6815
    6747
    6840
    6703
    6778
    6725
    6931
    6775
    6755
    6726
    6930
    6903
    6979
    6785
    6947
    7009
    6953
    6852
    7036
    6995
    7066
    6940
    7107
    6922
    6762
    7046
    6899
    7007
    6983
    7118
    6947
    7177
    6983
    7072
    7144
    6983
    7102
    7068
    7043
    6971
    7082
    7292
    7294
    7189
    7308
    7257
    7196
    7216
    7168
    7376
    7176
    7238
    7270
    7356
    7319
    7233
    7320
    7425
    7468
    7426
    7319
    7265
    7391
    7350
    7505
    7550
    7479
    7378
    7560
    7461
    7526
    7478
    7662
    7517
    7564
    7673
    7675
    7660
    7592
    7718
    7577
    7696
    7756
    7769
    7774
    7811
    7699
    7770
    7845
    7824
    7819
    7692
    7889
    7805
    7972
    8081
    7900
    8064
    8009
    8057
    8094
    8052
    8041
    8116
    7952
    8114
    8029
    8028
    8304
    8259
    8390
    8311
    8299
    8244
    8204
    8090
    8275
    8289
    8154
    8334
    8264
    8220
    8325
    8515
    8434
    8411
    8459
    8590
    8396
    8605
    8347
    8573
    8590
    8459
    8502
    8596
    8586
    8797
    8816
    8679
    8642
    8733
    8589
    8820
    8855
    8967
    8755
    8916
    9088
    8990
    9050
    9045
    9029
    9224
    9277
    9173
    9104
    9442
    9319
    9436
    9410
    9563
    9685
    9646
    9927
   10204
   10441
   11109
   11953
   13223
   15094
   17464
   20791
   23489
   25836
   26536
   26041
   23994
   20973
   17606
   14468
   12322
   11498
   10490
   10320
    9922
    9900
    9944
    9711
    9874
    9805
    9882
    9968
   10233
   10139
   10593
   10147
   10643
   11019
   11382
   12146
   13057
   14568
   16522
   18769
   20959
   22808
   24145
   23905
   22243
   19901
   17485
   15411
   13986
   13231
   13143
   13753
   14644
   16217
   19196
   23202
   29251
   36582
   44543
   52700
   59129
   62222
   63169
   63183
   63827
   65576
   67077
   67596
   64273
   57607
   48599
   40616
   34542
   31562
   30801
   30706
   30862
   29429
   27402
   25353
   22645
   19521
   16983
   14825
   13207
   12614
   12565
   13021
   14204
   16401
   19541
   23887
   29514
   35215
   40195
   42567
   42571
   39367
   34112
   27952
   22094
   17273
   14143
   12383
   11169
   10728
   10505
   10258
   10357
   10604
   10978
   11498
   12476
   14360
   17180
   22089
   29538
   39918
   52793
   65033
   74078
   78253
   73900
   64304
   52841
   43556
   38871
   39595
   44208
   51223
   57262
   61580
   61792
   58920
   55102
   52113
   50573
   49289
   46778
   42032
   35240
   28159
   20643
   15249
   11598
    9650
    8569
    8080
    8043
    7917
    7833
    7908
    7803
    7744
    7843
    7810
    7799
    7892
    7672
    7783
    7843
    7810
    7795
    8044
    8026
    7990
    8081
    8196
    8235
    8096
    8058
    8042
    8039
    8022
    7856
    7858
    7818
    8006
    8160
    8115
    7912
    7974
    8020
    7772
    7856
    7846
    8018
    8010
    8128
    8027
    8060
    7874
    8069
    8080
    8089
    8155
    8248
    8174
    8337
    8176
    8326
    8257
    8361
    8430
    8432
    8659
    8660
    8682
    8940
    8978
    9397
    9718
   10255
   10885
   12039
   13792
   15495
   18269
   20521
   22513
   23984
   23864
   23181
   21576
   20027
   19148
   19688
   21701
   25277
   29621
   34210
   38118
   39287
   38168
   34965
   29436
   24056
   19101
   15666
   13270
   11858
   10664
   10461
    9816
    9600
    9417
    9360
    9199
    9310
    9067
    9603
   10090
   10806
   11819
   13046
   14727
   16899
   18453
   19432
   19687
   19407
   18247
   17126
   16350
   16153
   17339
   19336
   22824
   27495
   32204
   37090
   40174
   41797
   41370
   39144
   35314
   31231
   27169
   22944
   19982
   18136
   16823
   16911
   17868
   19566
   21296
   22098
   22322
   21601
   20187
   18481
   17154
   17299
   18405
   20826
   24312
   27558
   30688
   32410
   31297
   29073
   25678
   21966
   19143
   17511
   18141
   20280
   23726
   28418
   33311
   37292
   39877
   40609
   38905
   35378
   31745
   26993
   22901
   19284
   16588
   14386
   13140
   11991
   11505
   11284
   11374
   11303
   11288
   11169
   10991
   10274
    9857
    9227
    8782
    8459
    8109
    7944
    7991
    7957
    7907
    8217
    8191
    8381
    8403
    8680
    9059
    8991
    9715
    9993
   10512
   11939
   12987
   14696
   16032
   17248
   18199
   18585
   18385
   17273
   16208
   14395
   12620
   11454
   10622
   10011
    9976
   10028
   10248
   10433
   10327
   10000
    9569
    9064
    8446
    8070
    7567
    7465
    7185
    7071
    7021
    7168
    7375
    7492
    7990
    8407
    8984
    9639
   10117
   10192
   10060
    9801
    9039
    8584
    7990
    7440
    7556
    7172
    7027
    6981
    7142
    6996
    7122
    6938
    6957
    7148
    7213
    7549
    7399
    7557
    7946
    8151
    8608
    9473
   10622
   12968
   15196
   18036
   20529
   22587
   22383
   21204
   18964
   16023
   12964
   10494
    8685
    7563
    7066
    6803
    6684
    6786
    6635
    6581
    6838
    6757
    6878
    6780
    6771
    6780
    6716
    6663
    6854
    6572
    6855
    6866
    6615
    6866
    6760
    6762
    6595
    6731
    6694
    6855
    6807
    6956
    6865
    6878
    6992
    7008
    7118
    7352
    7794
    8474
    9622
   11304
   14146
   18775
   25240
   33455
   43368
   53346
   61413
   64864
   62295
   55925
   45112
   34057
   24127
   16557
   11599
    8659
    7353
    6614
    6395
    6347
    6334
    6293
    6245
    6332
    6140
    6334
    6342
    6278
    6315
    6287
    6276
    6374
    6378
    6294
    6243
    6192
    6164
    6217
    6351
    6426
    6174
    6256
    6286
    6392
    6431
    6344
    6332
    6283
    6199
    6362
    6265
    6258
    6198
    6256
    6247
    6163
    6373
    6364
    6182
    6344
    6279
    6278
    6435
    6332
    6343
    6177
    6382
    6279
    6254
    6332
    6387
    6396
    6428
    6280
    6322
    6267
    6272
    6400
    6205
    6271
    6339
    6405
    6303
    6376
    6373
    6247
    6323
    6308
    6448
    6362
    6402
    6366
    6409
    6409
    6452
    6364
    6319
    6341
    6375
    6393
    6327
    6460
    6394
    6471
    6332
    6318
    6312
    6456
    6327
    6387
    6466
    6462
    6492
    6275
    6426
    6486
    6315
    6349
    6404
    6379
    6423
    6428
    6453
    6273
    6590
    6495
    6412
    6424
    6464
    6464
    6274
    6418
    6584
    6437
    6501
    6560
    6449
    6430
    6517
    6627
    6326
    6352
    6547
    6392
    6556
    6398
    6545
    6398
    6463
    6515
    6462
    6520
    6441
    6418
    6572
    6547
    6471
    6607
    6544
    6347
    6537
    6501
    6675
    6475
    6602
    6595
    6722
    6683
    6924
    6721
    7028
    7007
    7269
    7119
    6931
    6872
    6628
    6821
    6568
    6568
    6613
    6553
    6559
    6531
    6667
    6589
    6470
    6655
    6629
    6777
    6948
    6787
    7008
    6814
    6831
    7021
    7005
    7144
    7372
    7470
    7849
    8266
    8821
    9562
   10208
   10846
   10961
   10518
   10275
    9560
    8845
    8030
    7407
    7099
    6949
    6740
    6768
    6745
    6784
    6812
    6778
    6698
    6758
    7027
    7081
    7228
    7382
    7977
    8411
    8594
    9030
    9366
    9672
    9986
   10484
   10665
   10660
   10928
   10472
   10050
    9402
    8704
    8198
    7759
    7330
    6984
    6897
    6945
    6911
    6780
    7060
    7019
    7370
    7483
    8027
    8752
    9750
   11580
   14215
   17883
   22193
   27309
   32041
   35522
   36826
   35772
   32667
   27546
   21961
   17315
   12978
   10160
    8562
    7431
    7076
    6822
    6790
    6841
    6766
    6956
    6994
    7071
    7239
    7339
    7313
    7415
    7265
    7087
    7011
    7020
    7053
    6836
    6740
    6831
    6796
    6984
    6695
    6667
    6731
    6690
    6814
    6810
    6819
    6868
    6792
    6785
    6758
    6803
    6852
    6978
    7086
    6968
    7288
    7668
    7964
    8317
    9109
    9431
    9879
   10241
   10310
    9959
    9471
    8883
    8461
    7773
    7429
    7314
    6926
    6963
    6863
    6956
    6998
    6960
    6982
    6997
    6947
    6840
    6783
    6948
    7026
    6828
    6899
    6839
    6975
    6931
    6976
    6904
    7024
    7084
    6916
    6921
    7051
    6931
    7022
    7009
    7061
    7122
    7076
    7074
    6956
    6876
    7072
    7060
    6985
    6914
    7114
    6898
    6892
    7091
    7008
    6992
    7076
    6960
    7092
    7209
    7154
    6985
    6986
    7013
    7193
    7066
    6970
    6943
    7103
    6938
    7175
    6959
    7036
    7128
    7081
    7021
    7126
    7103
    7240
    7133
    7030
    6979
    7190
    7145
    7063
    7201
    7220
    7277
    7152
    7291
    7059
    7448
    7253
    7436
    7616
    7867
    8271
    8858
    9282
    9967
   10920
   11660
   12384
   12759
   12954
   12724
   12362
   11385
   10581
    9555
    8901
    8375
    7802
    7783
    8036
    8058
    8455
    8781
    9245
    9462
    9643
    9609
    9296
    8989
    8650
    7946
    7647
    7447
    7171
    7339
    7217
    7158
    7024
    7092
    7305
    7148
    7104
    6890
    7115
    7041
    6964
    7108
    7043
    7005
    6987
    7104
    6958
    7143
    7055
    7269
    7167
    7278
    7538
    8016
    8498
    9223
   10418
   11736
   13326
   14928
   16858
   17479
   17901
   17312
   16020
   14193
   12065
   10685
    9259
    8101
    7561
    7388
    7105
    7166
    7009
    7199
    6972
    7187
    7190
    7249
    7214
    7193
    7245
    6978
    7028
    7064
    6902
    7004
    6893
    7009
    6940
    6966
    6971
    6923
    6900
    6796
    7091
    6786
    6867
    6911
    6939
    7106
    7026
    7020
    6994
    7059
    6901
    6928
    6916
    6860
    6958
    7048
    6938
    6944
    6935
    6939
    6840
    6806
    6918
    7035
    7011
    7186
    7520
    7526
    7946
    8208
    8555
    8587
    8770
    8749
    8657
    8228
    7982
    7724
    7205
    7053
    6991
    6856
    6993
    6686
    6804
    6824
    7051
    7127
    7026
    7188
    7537
    7857
    8171
    8958
    8925
    9305
    9687
    9585
    9279
    8866
    8244
    8113
    7508
    7194
    7007
    6929
    7023
    6824
    6773
    6784
    6693
    6679
    6782
    6638
    6890
    6638
    6738
    6669
    6734
    6670
    6878
    6682
    6732
    6752
    6812
    6670
    6975
    6764
    6761
    6700
    6721
    6739
    6838
    6784
    6811
    6682
    6768
    6737
    6762
    6893
    6750
    6792
    6959
    6918
    6976
    6829
    6803
    6766
    6749
    6898
    6710
    6729
    6604
    6753
    6656
    6690
    6674
    6677
    6620
    6713
    6574
    6551
    6494
    6680
    6704
    6684
    6627
    6704
    6793
    6700
    6648
    6629
    6699
    6582
    6621
    6467
    6663
    6665
    6570
    6590
    6647
    6617
    6721
    6630
    6603
    6599
    6616
    6637
    6642
    6704
    6728
    6715
    6715
    6761
    7092
    7372
    7295
    7927
    7906
    8159
    8463
    8484
    8060
    8103
    7762
    7430
    7158
    6913
    6768
    6724
    6593
    6432
    6741
    6455
    6548
    6618
    6541
    6726
    6584
    6580
    6608
    6626
    6499
    6550
    6704
    6495
    6629
    6682
    6580
    6642
    6559
    6647
    6615
    6531
    6614
    6502
    6627
    6673
    6452
    6520
    6452
    6578
    6493
    6687
    6422
    6480
    6632
    6606
    6445
    6484
    6581
    6559
    6576
    6505
    6451
    6580
    6326
    6581
    6312
    6388
    6473
    6581
    6658
    6455
    6526
    6417
    6602
    6538
    6463
    6594
    6461
    6487
    6542
    6611
    6432
    6452
    6427
    6469
    6482
    6539
    6584
    6574
    6440
    6547
    6514
    6465
    6530
    6555
    6419
    6588
    6566
    6435
    6408
    6419
    6477
    6522
    6447
    6350
    6402
    6167
    6281
    6415
    6559
    6343
    6390
    6222
    6503
    6378
    6394
    6371
    6557
    6604
    6430
    6455
    6555
    6495
    6483
    6582
    6645
    6552
    6706
    6646
    6512
    6554
    6495
    6506
    6416
    6543
    6702
    6727
    7158
    7484
    7846
    8194
    8337
    8688
    8685
    8498
    8328
    8083
    7579
    7266
    6732
    6592
    6435
    6437
    6333
    6265
    6312
    6186
    6169
    6195
    6278
    6260
    6297
    6141
    6283
    6326
    6178
    6151
    6167
    6312
    6253
    6236
    6145
    6371
    6346
    6343
    6594
    6411
    6476
    6416
    6357
    6472
    6472
    6358
    6293
    6319
    6105
    6259
    6146
    6120
    6157
    6020
    6151
    6246
    6040
    6132
    6114
    6065
    6137
    6080
    6178
    6052
    6033
    6204
    6196
    6182
    6296
    5969
    6199
    6035
    6146
    6077
    6227
    6026
    6122
    5914
    6106
    6170
    6297
    6337
    6449
    6706
    6990
    7499
    8013
    8444
    8687
    9112
    9391
    9377
    9321
    8571
    8169
    7754
    7164
    6722
    6290
    6308
    6227
    6157
    6104
    6029
    6068
    6098
    5932
    6041
    5901
    5955
    6000
    6235
    5942
    6045
    6061
    6076
    6068
    6085
    6104
    6132
    6199
    6123
    6211
    6216
    6243
    6113
    6269
    5920
    6051
    5857
    5839
    5909
    6060
    5988
    5918
    5871
    5972
    5896
    5834
    5939
    5949
    5817
    5863
    5857
    5930
    5966
    5930
    5942
    5910
    5768
    5881
    6001
    5917
    5876
    5946
    5763
    5885
    5829
    5989
    5913
    5946
    5771
    5940
    5992
    5836
    5819
    5767
    5896
    5966
    6120
    6006
    5782
    5857
    5896
    5816
    5873
    5857
    5777
    5928
    5807
    5937
    6041
    6034
    6117
    6391
    6900
    7482
    8496
    9630
   11427
   13753
   16215
   19118
   21391
   23420
   24219
   23949
   22759
   20230
   17437
   14706
   12083
    9924
    8202
    7060
    6370
    6036
    5644
    5825
    5634
    5654
    5590
    5719
    5736
    5667
    5568
    5657
    5637
    5514
    5491
    5579
    5781
    5599
    5557
    5622
    5633
    5682
    5649
    5663
    5586
    5607
    5494
    5641
    5665
    5783
    5813
    5895
    6017
    6041
    6315
    6959
    7626
    9008
   11001
   14683
   19673
   27852
   39872
   55767
   76474
  101358
  128712
  154802
  177846
  190348
  193320
  183181
  164593
  137678
  107960
   80863
   55792
   37834
   23927
   15646
   10231
    7422
    5861
    5218
    4795
    4708
    4726
    4617
    4627
    4732
    4705
    4578
    4527
    4680
    4614
    4670
    4632
    4643
    4647
    4675
    4570
    4534
    4517
    4565
    4487
    4555
    4540
    4565
    4493
    4500
    4579
    4482
    4522
    4591
    4517
    4609
    4459
    4459
    4455
    4556
    4418
    4419
    4541
    4477
    4494
    4552
    4539
    4440
    4514
    4649
    4434
    4546
    4430
    4378
    4521
    4462
    4526
    4418
    4310
    4386
    4538
    4440
    4532
    4473
    4390
    4452
    4417
    4523
    4489
    4430
    4321
    4419
    4472
    4521
    4396
    4497
    4394
    4429
    4472
    4388
    4333
    4428
    4276
    4456
    4491
    4465
    4476
    4353
    4275
    4396
    4376
    4324
    4359
    4369
    4376
    4390
    4366
    4394
    4288
    4384
    4337
    4333
    4303
    4504
    4208
    4356
    4323
    4208
    4363
    4334
    4221
    4291
    4366
    4363
    4369
    4262
    4345
    4291
    4380
    4320
    4279
    4344
    4422
    4347
    4281
    4341
    4415
    4425
    4192
    4185
    4291
    4182
    4284
    4365
    4302
    4216
    4169
    4305
    4252
    4181
    4217
    4181
    4315
    4129
    4210
    4276
    4174
    4121
    4085
    4227
    4267
    4184
    4112
    4253
    4282
    4186
    4175
    4161
    4119
    4118
    4127
    4245
    4203
    4404
    4394
    4498
    4750
    4840
    4881
    5013
    4859
    4968
    4823
    4661
    4601
    4474
    4407
    4274
    4289
    4222
    4089
    4071
    4178
    4083
    3884
    3885
    4064
    3916
    3984
    3894
    3958
    4030
    3989
    3939
    3908
    3966
    3886
    3968
    3969
    3915
    3876
    3899
    3845
    3837
    3777
    3866
    3883
    3763
    3736
    3854
    3863
    3783
    3760
    3858
    3869
    3935
    4012
    4111
    4077
    4084
    4217
    4355
    4283
    4282
    4202
    4057
    4008
    3923
    3994
    3773
    3777
    3646
    3764
    3620
    3708
    3574
    3673
    3651
    3698
    3694
    3744
    3640
    3596
    3585
    3667
    3577
    3727
    3701
    3654
    3699
    3582
    3626
    3693
    3583
    3546
    3647
    3672
    3618
    3511
    3551
    3633
    3604
    3560
    3602
    3435
    3666
    3614
    3522
    3549
    3560
    3565
    3542
    3442
    3477
    3565
    3589
    3557
    3514
    3491
    3507
    3516
    3455
    3476
    3390
    3501
    3462
    3551
    3361
    3459
    3413
    3498
    3474
    3429
    3439
    3376
    3420
    3459
    3345
    3356
    3415
    3453
    3389
    3409
    3389
    3463
    3431
    3497
    3365
    3422
    3414
    3447
    3248
    3417
    3360
    3283
    3498
    3369
    3480
    3461
    3401
    3461
    3523
    3549
    3399
    3524
    3437
    3439
    3374
    3287
    3508
    3353
    3378
    3363
    3440
    3327
    3406
    3424
    3398
    3484
    3462
    3452
    3476
    3489
    3450
    3442
    3354
    3387
    3364
    3400
    3422
    3279
    3254
    3184
    3306
    3244
    3153
    3146
    3267
    3185
    3166
    3217
    3182
    3387
    3191
    3210
    3215
    3236
    3234
    3200
    3263
    3295
    3145
    3198
    3279
    3201
    3225
    3161
    3286
    3180
    3330
    3335
    3411
    3550
    3533
    3703
    3683
    3644
    3657
    3570
    3644
    3601
    3372
    3405
    3370
    3247
    3193
    3147
    3155
    3111
    3206
    3174
    3136
    3135
    3094
    3005
    3193
    3182
    3013
    3191
    3172
    2988
    3121
    3073
    2975
    3097
    3174
    2966
    3127
    3051
    3083
    3002
    3017
    3167
    2989
    2972
    3112
    3089
    3062
    3009
    3011
    3099
    3102
    3060
    2994
    3023
    3065
    3167
    3076
    3075
    3145
    3218
    3223
    3369
    3214
    3332
    3326
    3195
    3230
    3238
    3210
    3143
    3142
    3180
    3243
    3239
    3321
    3419
    3518
    3672
    3826
    3820
    3848
    3961
    3861
    3713
    3636
    3502
    3328
    3275
    3143
    3082
    2919
    3179
    2967
    3038
    3018
    3039
    3026
    3085
    3150
    3116
    3209
    3113
    3174
    3180
    3075
    3119
    3051
    2952
    3044
    2955
    2917
    2846
    2995
    2929
    3041
    2974
    2922
    2865
    2922
    2823
    2957
    2959
    2987
    2889
    2890
    2921
    2980
    2986
    2994
    2932
    2877
    2913
    3010
    2934
    2884
    2854
    2918
    2806
    2833
    2908
    2942
    2896
    2906
    3039
    2919
    2928
    2931
    2983
    2984
    3008
    3033
    3007
    3124
    3081
    3132
    3020
    3127
    3013
    2977
    2978
    3019
    2912
    2806
    2867
    2843
    2778
    2805
    2819
    2842
    2748
    2875
    2811
    2822
    3009
    2839
    2874
    2711
    2877
    2835
    2731
    2792
    2740
    2752
    2753
    2778
    2746
    2791
    2761
    2773
    2792
    2799
    2807
    2789
    2745
    2778
    2784
    2758
    2670
    2793
    2791
    2694
    2671
    2692
    2756
    2738
    2747
    2730
    2747
    2691
    2772
    2672
    2720
    2692
    2708
    2667
    2673
    2595
    2665
    2657
    2683
    2600
    2705
    2652
    2689
    2684
    2584
    2647
    2764
    2692
    2757
    2843
    2979
    3154
    3371
    3604
    3995
    4286
    4727
    5035
    5325
    5462
    5523
    5287
    5229
    4804
    4239
    3845
    3371
    3104
    2855
    2694
    2670
    2550
    2551
    2399
    2499
    2431
    2457
    2436
    2393
    2498
    2458
    2432
    2386
    2421
    2408
    2316
    2407
    2366
    2363
    2324
    2292
    2313
    2353
    2362
    2323
    2389
    2310
    2390
    2289
    2288
    2259
    2311
    2393
    2238
    2363
    2274
    2255
    2304
    2337
    2279
    2312
    2272
    2175
    2203
    2339
    2189
    2324
    2240
    2272
    2205
    2269
    2229
    2170
    2222
    2266
    2275
    2241
    2225
    2158
    2263
    2142
    2187
    2235
    2234
    2196
    2213
    2199
    2174
    2167
    2198
    2208
    2202
    2218
    2275
    2141
    2138
    2107
    2175
    2108
    2151
    2089
    2177
    2142
    2177
    2134
    2117
    2116
    2122
    2114
    2176
    2151
    2155
    2175
    2146
    2186
    2178
    2296
    2442
    2517
    2686
    2760
    2907
    2983
    3042
    3182
    3063
    2930
    2814
    2713
    2534
    2404
    2362
    2336
    2304
    2222
    2293
    2240
    2174
    2289
    2147
    2221
    2193
    2156
    2188
    2203
    2146
    2125
    2079
    2031
    2064
    2040
    2039
    2140
    2080
    2008
    2070
    2136
    2141
    2086
    2144
    2463
    2516
    2842
    3163
    3681
    4352
    5106
    6016
    7041
    7794
    8426
    9057
    8935
    8837
    8336
    7415
    6477
    5602
    4607
    3845
    3172
    2813
    2344
    2207
    2083
    1971
    1980
    1980
    1928
    1902
    1922
    1945
    1908
    1925
    1924
    1906
    1872
    1865
    1939
    1823
    1917
    1915
    1845
    1916
    1827
    1856
    1924
    1913
    1904
    1874
    1883
    1938
    1818
    1778
    1923
    1943
    1776
    1822
    1860
    1971
    1876
    1862
    1840
    1864
    1901
    1931
    1849
    1788
    1873
    1892
    1842
    1887
    1856
    1900
    1914
    1877
    1866
    1828
    1825
    1882
    1872
    1820
    1809
    1870
    1854
    1867
    1795
    1881
    1771
    1706
    1791
    1876
    1829
    1818
    1834
    1825
    1874
    1774
    1811
    1878
    1838
    1810
    1899
    1873
    1840
    1818
    1879
    1770
    1826
    1742
    1888
    1842
    1807
    1867
    1783
    1865
    1857
    1856
    1897
    1858
    1913
    1916
    1843
    1917
    1886
    1929
    1864
    1813
    1799
    1805
    1788
    1726
    1758
    1743
    1699
    1770
    1810
    1817
    1758
    1697
    1822
    1749
    1754
    1769
    1799
    1788
    1714
    1773
    1807
    1747
    1775
    1805
    1780
    1757
    1826
    1745
    1771
    1747
    1775
    1764
    1782
    1667
    1737
    1762
    1757
    1766
    1730
    1658
    1827
    1701
    1711
    1698
    1742
    1754
    1778
    1757
    1692
    1750
    1674
    1667
    1762
    1674
    1652
    1745
    1782
    1775
    1647
    1782
    1708
    1769
    1789
    1774
    1786
    1835
    1747
    1784
    1762
    1708
    1728
    1670
    1745
    1669
    1664
    1617
    1717
    1744
    1695
    1607
    1675
    1614
    1693
    1694
    1632
    1606
    1707
    1633
    1572
    1699
    1590
    1668
    1692
    1671
    1647
    1711
    1668
    1758
    1649
    1628
    1714
    1668
    1620
    1625
    1650
    1661
    1709
    1679
    1636
    1636
    1726
    1586
    1668
    1582
    1726
    1677
    1658
    1678
    1710
    1691
    1760
    1737
    1752
    1631
    1681
    1723
    1598
    1690
    1683
    1690
    1576
    1584
    1697
    1626
    1570
    1591
    1567
    1680
    1621
    1625
    1572
    1637
    1554
    1610
    1528
    1538
    1683
    1544
    1606
    1678
    1579
    1574
    1509
    1565
    1633
    1542
    1574
    1569
    1509
    1585
    1556
    1623
    1527
    1553
    1558
    1589
    1515
    1600
    1545
    1601
    1491
    1480
    1517
    1591
    1547
    1486
    1645
    1548
    1545
    1488
    1561
    1564
    1552
    1538
    1493
    1499
    1541
    1573
    1498
    1525
    1506
    1526
    1568
    1575
    1537
    1508
    1588
    1563
    1605
    1581
    1473
    1519
    1599
    1577
    1552
    1508
    1532
    1553
    1476
    1567
    1578
    1498
    1560
    1584
    1619
    1649
    1629
    1709
    1788
    1706
    1712
    1743
    1680
    1653
    1664
    1668
    1592
    1599
    1522
    1521
    1515
    1517
    1483
    1424
    1502
    1501
    1454
    1498
    1483
    1454
    1400
    1510
    1512
    1454
    1493
    1486
    1424
    1502
    1424
    1413
    1474
    1437
    1471
    1464
    1467
    1429
    1403
    1426
    1434
    1421
    1459
    1438
    1494
    1454
    1413
    1436
    1497
    1470
    1463
    1454
    1496
    1523
    1539
    1635
    1737
    1977
    2159
    2334
    2545
    2785
    3021
    3098
    3280
    3221
    3101
    3014
    2811
    2584
    2361
    2151
    1842
    1832
    1678
    1650
    1565
    1435
    1486
    1399
    1478
    1438
    1373
    1390
    1411
    1385
    1409
    1401
    1441
    1477
    1394
    1479
    1503
    1594
    1549
    1576
    1610
    1720
    1705
    1811
    1785
    1827
    1844
    1713
    1786
    1681
    1611
    1574
    1511
    1441
    1391
    1386
    1403
    1372
    1402
    1387
    1352
    1380
    1414
    1380
    1360
    1359
    1357
    1395
    1409
    1416
    1396
    1372
    1444
    1383
    1488
    1482
    1487
    1546
    1573
    1525
    1449
    1485
    1503
    1526
    1565
    1517
    1494
    1435
    1448
    1477
    1435
    1358
    1341
    1399
    1406
    1330
    1335
    1404
    1365
    1386
    1420
    1348
    1344
    1328
    1359
    1337
    1372
    1356
    1326
    1416
    1366
    1342
    1355
    1374
    1371
    1351
    1348
    1355
    1431
    1372
    1311
    1367
    1315
    1434
    1344
    1409
    1408
    1354
    1442
    1424
    1391
    1413
    1395
    1330
    1390
    1381
    1401
    1444
    1408
    1480
    1445
    1456
    1573
    1480
    1590
    1489
    1556
    1559
    1467
    1511
    1447
    1477
    1457
    1424
    1345
    1311
    1367
    1431
    1289
    1330
    1331
    1379
    1402
    1357
    1271
    1426
    1356
    1355
    1341
    1304
    1319
    1364
    1279
    1276
    1271
    1298
    1309
    1263
    1320
    1265
    1319
    1332
    1339
    1368
    1364
    1373
    1454
    1484
    1534
    1640
    1712
    1820
    2158
    2442
    2722
    3157
    3522
    3908
    4180
    4447
    4566
    4767
    4579
    4240
    3883
    3563
    3077
    2852
    2496
    2170
    1881
    1720
    1553
    1542
    1436
    1410
    1360
    1324
    1349
    1331
    1241
    1283
    1254
    1283
    1242
    1283
    1292
    1253
    1230
    1236
    1252
    1276
    1215
    1223
    1220
    1249
    1222
    1215
    1172
    1225
    1295
    1267
    1234
    1243
    1366
    1307
    1294
    1284
    1293
    1305
    1290
    1306
    1263
    1401
    1416
    1423
    1465
    1478
    1597
    1629
    1676
    1672
    1695
    1661
    1550
    1554
    1548
    1430
    1398
    1372
    1278
    1254
    1212
    1281
    1245
    1255
    1232
    1178
    1252
    1187
    1256
    1286
    1218
    1242
    1217
    1228
    1219
    1221
    1202
    1211
    1270
    1195
    1238
    1247
    1226
    1251
    1230
    1250
    1334
    1264
    1256
    1303
    1279
    1390
    1380
    1435
    1395
    1437
    1458
    1524
    1605
    1596
    1660
    1848
    1944
    2183
    2348
    2591
    2742
    2882
    2907
    2980
    2958
    2865
    2619
    2498
    2206
    2013
    1902
    1686
    1641
    1547
    1566
    1644
    1728
    1878
    2199
    2431
    2656
    3063
    3224
    3543
    3557
    3755
    3665
    3597
    3329
    3040
    2819
    2597
    2203
    2120
    2138
    2149
    2207
    2405
    2411
    2730
    2861
    2985
    3013
    3055
    2967
    2850
    2612
    2374
    2095
    1886
    1717
    1577
    1451
    1346
    1255
    1216
    1130
    1185
    1228
    1208
    1138
    1186
    1121
    1155
    1200
    1176
    1171
    1152
    1120
    1207
    1152
    1135
    1128
    1103
    1162
    1105
    1142
    1175
    1170
    1116
    1118
    1205
    1125
    1053
    1165
    1078
    1143
    1146
    1103
    1086
    1123
    1111
    1103
    1042
    1164
    1166
    1126
    1064
    1111
    1101
    1097
    1070
    1060
    1130
    1114
    1069
    1168
    1150
    1118
    1087
    1080
    1142
    1118
    1151
    1073
    1119
    1094
    1091
    1119
    1093
    1099
    1082
    1103
    1140
    1107
    1076
    1173
    1155
    1072
    1072
    1126
    1087
    1127
    1091
    1055
    1092
    1091
    1166
    1139
    1187
    1229
    1339
    1379
    1600
    1876
    2280
    2847
    3523
    4560
    5800
    7450
    9210
   11562
   13624
   16113
   18600
   20754
   22634
   23909
   25043
   25375
   25238
   24718
   23135
   21165
   19138
   16658
   13689
   11350
    8892
    6773
    5110
    3847
    2943
    2120
    1743
    1423
    1298
    1143
    1122
    1073
    1104
    1120
    1287
    1335
    1616
    1931
    2288
    2801
    3588
    4458
    5366
    6463
    7534
    8411
    9627
   10063
   10611
   10458
   10462
   10357
    9531
    9085
    8297
    7777
    6868
    6404
    5913
    5245
    4589
    4021
    3651
    2984
    2490
    2102
    1699
    1473
    1308
    1226
    1135
    1063
    1015
    1075
    1041
    1027
    1084
    1057
    1075
    1140
    1055
    1045
    1022
    1071
     993
     965
    1016
     923
     956
     918
     969
     975
     944
     967
     903
    1009
     930
     869
     930
     879
     961
     898
     900
     877
     917
     958
     936
     923
    1002
    1053
    1058
    1129
    1123
    1164
    1228
    1181
    1287
    1415
    1321
    1426
    1494
    1637
    1816
    1974
    2196
    2471
    2681
    2865
    3018
    3178
    3108
    2972
    2836
    2561
    2331
    2053
    1772
    1576
    1367
    1206
    1114
     987
     966
     933
     871
     878
     911
     845
     898
     959
     877
     835
     858
     857
     878
     878
     863
     933
     948
    1110
    1087
    1263
    1521
    1822
    2340
    2961
    4042
    5187
    6707
    8568
   10256
   12545
   14542
   16649
   18257
   18984
   19596
   18819
   17951
   16224
   14487
   11948
    9666
    7507
    5800
    4216
    3234
    2386
    1756
    1426
    1156
    1013
     942
     896
     831
     829
     833
     836
     775
     811
     823
     848
     833
     845
     842
     842
     824
     816
     765
     802
     812
     819
     826
     784
     836
     833
     880
     778
     834
     817
     780
     800
     794
     778
     830
     868
     803
     863
     740
     837
     833
     819
     785
     852
     773
     828
     846
     837
     791
     802
     798
     778
     830
     807
     814
     826
     859
     905
     867
     850
     871
     871
     895
     855
     857
     900
     873
     843
     822
     809
     826
     770
     873
     785
     799
     808
     791
     808
     805
     811
     834
     841
     766
     795
     805
     819
     801
     771
     760
     798
     792
     759
     807
     773
     785
     788
     794
     768
     773
     836
     782
     775
     828
     853
     805
     803
     830
     794
     803
     773
     818
     792
     841
     801
     840
     783
     806
     748
     759
     814
     758
     751
     727
     795
     747
     779
     794
     777
     782
     792
     779
     796
     779
     795
     754
     753
     765
     794
     787
     849
     740
     805
     798
     798
     769
     797
     827
     815
     770
     755
     792
     743
     765
     767
     766
     800
     786
     817
     796
     800
     787
     809
     793
     812
     794
     787
     808
     825
     744
     758
     765
     747
     719
     785
     762
     766
     826
     804
     741
     787
     765
     818
     810
     813
     778
     770
     779
     794
     792
     778
     733
     733
     796
     748
     735
     742
     819
     784
     715
     791
     808
     772
     889
     879
     913
     963
    1023
    1002
     998
    1096
    1192
    1044
    1079
    1062
     999
     997
     935
     948
     848
     821
     796
     813
     796
     855
     823
     785
     830
     793
     802
     753
     825
     783
     854
     774
     791
     741
     750
     780
     752
     793
     758
     787
     784
     759
     760
     780
     742
     808
     758
     777
     820
     786
     726
     758
     797
     807
     772
     780
     771
     791
     783
     791
     725
     819
     804
     747
     827
     903
     932
    1089
    1268
    1378
    1644
    1863
    2107
    2461
    2849
    3064
    3270
    3433
    3484
    3402
    3300
    3032
    2928
    2607
    2310
    2167
    2085
    1988
    1959
    2306
    2685
    3207
    3786
    4367
    5086
    5738
    6306
    6896
    6957
    6936
    6907
    6462
    5733
    4906
    4390
    3619
    3045
    2399
    1869
    1493
    1321
    1075
     923
     865
     834
     800
     773
     832
     885
     932
    1044
    1124
    1289
    1392
    1511
    1706
    1905
    2145
    2170
    2257
    2311
    2312
    2195
    2070
    1946
    1635
    1521
    1345
    1104
    1013
    1002
     917
     811
     797
     756
     751
     726
     770
     721
     798
     790
     810
     772
     840
     772
     811
     783
     748
     787
     740
     739
     793
     704
     763
     753
     855
     932
    1065
    1381
    1683
    2176
    2939
    4073
    5658
    7822
   10279
   13800
   17859
   22609
   27472
   33152
   38269
   42689
   46235
   48048
   48683
   47009
   44468
   39971
   35063
   29443
   24025
   18829
   14335
   10585
    7704
    5477
    4137
    3098
    2626
    2362
    2443
    2414
    2509
    2589
    2545
    2608
    2542
    2363
    2173
    2052
    1801
    1504
    1339
    1126
     954
     881
     762
     722
     590
     609
     588
     532
     556
     556
     568
     553
     588
     580
     603
     587
     585
     614
     568
     589
     653
     666
     728
     818
     973
    1155
    1389
    1767
    2333
    2821
    3597
    4538
    5606
    6568
    7412
    8417
    9043
    9830
    9696
    9575
    9010
    8359
    7502
    6481
    5406
    4459
    3512
    2700
    2020
    1565
    1219
     953
     772
     707
     641
     605
     592
     698
     773
    1023
    1155
    1440
    1873
    2314
    2955
    3688
    4414
    5269
    6034
    6810
    7550
    8119
    8377
    8089
    7956
    7416
    6651
    6000
    4945
    4195
    3502
    2808
    2239
    1782
    1506
    1323
    1125
    1040
     959
     867
     792
     754
     695
     646
     596
     570
     536
     544
     497
     487
     471
     488
     484
     501
     468
     450
     504
     466
     465
     461
     434
     416
     489
     479
     450
     476
     492
     475
     460
     431
     463
     496
     477
     457
     486
     491
     445
     518
     421
     471
     475
     506
     468
     473
     438
     499
     445
     470
     426
     477
     493
     471
     456
     453
     479
     477
     429
     434
     438
     454
     465
     490
     475
     484
     480
     462
     509
     461
     450
     402
     424
     466
     456
     438
     476
     469
     458
     485
     471
     519
     436
     471
     488
     554
     491
     524
     520
     533
     541
     513
     538
     540
     537
     494
     504
     551
     546
     617
     650
     754
     922
    1099
    1277
    1614
    2159
    2722
    3373
    4173
    5074
    5938
    6965
    8061
    9042
    9913
   10995
   11592
   12378
   12737
   13140
   13271
   12820
   12551
   11598
   10722
    9762
    8620
    7217
    6060
    4759
    3713
    2798
    2136
    1631
    1233
     948
     737
     607
     502
     489
     494
     444
     433
     423
     396
     439
     413
     474
     431
     408
     466
     459
     458
     448
     473
     447
     483
     419
     413
     427
     412
     415
     415
     396
     418
     391
     404
     390
     423
     418
     433
     441
     419
     412
     403
     470
     440
     375
     408
     402
     422
     424
     436
     407
     430
     427
     439
     434
     418
     477
     452
     460
     485
     504
     511
     481
     494
     489
     515
     508
     548
     503
     531
     572
     553
     567
     608
     590
     541
     619
     558
     567
     528
     520
     495
     429
     444
     411
     409
     438
     426
     404
     412
     400
     405
     375
     417
     441
     410
     407
     406
     384
     386
     422
     392
     406
     416
     425
     388
     412
     445
     422
     387
     438
     378
     413
     373
     405
     384
     433
     414
     403
     436
     412
     412
     422
     423
     384
     414
     411
     448
     445
     449
     454
     432
     452
     446
     399
     415
     440
     421
     436
     428
     422
     400
     427
     419
     379
     451
     390
     369
     387
     378
     374
     416
     408
     415
     400
     408
     432
     423
     433
     393
     399
     416
     396
     415
     394
     394
     405
     457
     389
     430
     457
     426
     396
     404
     428
     390
     427
     427
     424
     419
     387
     394
     428
     420
     405
     411
     385
     390
     396
     414
     408
     372
     409
     394
     394
     424
     388
     379
     388
     401
     394
     378
     364
     401
     365
     406
     412
     370
     427
     399
     402
     387
     376
     421
     394
     419
     390
     369
     427
     463
     444
     462
     479
     504
     455
     529
     555
     542
     525
     542
     523
     513
     483
     485
     497
     422
     419
     438
     409
     457
     453
     477
     497
     539
     625
     735
     894
    1204
    1604
    2285
    3145
    4431
    5971
    8030
   10744
   13889
   17369
   21722
   26199
   30108
   34394
   37260
   39832
   40481
   40763
   39279
   36628
   33189
   29351
   24472
   20116
   16038
   12365
    9381
    7114
    5117
    3662
    2622
    1987
    1515
    1156
    1000
     829
     761
     698
     671
     634
     582
     538
     493
     495
     471
     496
     452
     458
     478
     455
     428
     461
     367
     388
     366
     366
     327
     326
     323
     306
     282
     292
     291
     287
     285
     305
     298
     289
     298
     310
     287
     302
     300
     332
     294
     295
     309
     309
     360
     327
     334
     389
     421
     457
     469
     528
     587
     606
     636
     626
     672
     690
     645
     599
     611
     540
     514
     463
     469
     400
     399
     368
     323
     352
     296
     279
     275
     291
     275
     241
     290
     294
     269
     269
     298
     270
     281
     352
     359
     379
     419
     491
     617
     733
     777
    1028
    1204
    1561
    1803
    2134
    2594
    2842
    3134
    3340
    3386
    3496
    3401
    3265
    2971
    2701
    2353
    2082
    1659
    1349
    1039
     860
     732
     543
     445
     424
     368
     319
     280
     293
     270
     273
     282
     296
     292
     250
     269
     257
     271
     268
     272
     284
     260
     270
     236
     285
     275
     276
     304
     346
     311
     371
     401
     461
     483
     527
     633
     697
     770
     872
     941
     984
    1114
    1147
    1142
    1153
    1100
    1072
     961
     902
     824
     730
     659
     553
     517
     458
     398
     361
     360
     306
     302
     293
     305
     316
     302
     325
     323
     313
     294
     297
     340
     282
     284
     310
     282
     326
     289
     313
     301
     306
     312
     311
     304
     352
     310
     347
     333
     337
     373
     412
     369
     355
     386
     373
     349
     397
     335
     373
     344
     350
     299
     315
     297
     291
     315
     290
     288
     289
     292
     287
     280
     271
     286
     294
     259
     311
     271
     294
     298
     271
     283
     292
     257
     273
     247
     297
     260
     261
     275
     272
     261
     258
     290
     276
     296
     296
     316
     274
     298
     300
     289
     297
     266
     247
     272
     315
     282
     314
     296
     280
     284
     293
     287
     256
     275
     273
     272
     275
     304
     277
     269
     280
     290
     280
     285
     283
     283
     272
     272
     271
     265
     291
     248
     290
     262
     293
     229
     303
     257
     305
     263
     291
     270
     281
     256
     280
     256
     288
     249
     266
     276
     254
     291
     301
     281
     247
     264
     244
     276
     301
     275
     245
     280
     314
     252
     264
     268
     267
     265
     261
     259
     287
     275
     268
     261
     252
     271
     258
     267
     266
     237
     269
     252
     265
     250
     280
     273
     260
     235
     275
     255
     273
     249
     266
     262
     284
     308
     297
     291
     263
     262
     281
     275
     287
     266
     271
     259
     272
     280
     284
     286
     291
     275
     283
     308
     283
     321
     296
     335
     308
     313
     310
     311
     267
     308
     268
     303
     310
     275
     278
     278
     278
     288
     287
     254
     278
     274
     293
     261
     268
     253
     260
     276
     264
     263
     268
     297
     288
     294
     317
     321
     358
     347
     384
     412
     422
     464
     454
     442
     455
     492
     484
     489
     425
     466
     380
     421
     379
     359
     330
     321
     321
     315
     291
     313
     299
     288
     283
     294
     254
     269
     296
     309
     280
     275
     286
     311
     279
     290
     266
     248
     259
     273
     258
     283
     272
     267
     296
     268
     265
     256
     278
     298
     260
     275
     273
     250
     281
     254
     251
     272
     274
     279
     246
     269
     278
     274
     310
     346
     340
     409
     429
     571
     660
     842
    1051
    1359
    1750
    2021
    2532
    2958
    3406
    3851
    4320
    4735
    4819
    5013
    4878
    4727
    4463
    4052
    3638
    3038
    2532
    2188
    1709
    1384
    1095
     821
     685
     526
     431
     347
     344
     303
     317
     265
     271
     280
     251
     245
     272
     261
     277
     279
     280
     274
     278
     288
     293
     304
     288
     292
     352
     336
     312
     361
     353
     357
     360
     345
     328
     328
     313
     331
     295
     306
     283
     271
     271
     262
     259
     242
     239
     265
     254
     223
     253
     245
     252
     233
     275
     221
     293
     254
     264
     250
     251
     267
     262
     253
     264
     266
     270
     297
     267
     306
     274
     276
     282
     275
     281
     289
     273
     290
     265
     267
     271
     262
     251
     267
     260
     263
     272
     246
     276
     243
     255
     285
     254
     297
     287
     285
     285
     292
     271
     290
     302
     300
     286
     267
     277
     250
     260
     286
     262
     263
     280
     266
     303
     270
     280
     279
     294
     291
     294
     340
     307
     318
     268
     286
     312
     305
     303
     249
     271
     234
     285
     265
     254
     280
     274
     243
     260
     267
     245
     226
     240
     255
     258
     253
     246
     269
     235
     257
     257
     291
     245
     248
     252
     271
     250
     254
     248
     234
     244
     252
     248
     237
     206
     238
     262
     236
     239
     241
     220
     249
     235
     234
     239
     239
     230
     244
     245
     243
     233
     214
     272
     251
     237
     266
     271
     238
     248
     241
     238
     214
     247
     239
     251
     234
     246
     217
     241
     244
     234
     248
     230
     257
     254
     253
     259
     263
     265
     267
     274
     276
     267
     272
     265
     257
     263
     274
     261
     252
     239
     263
     253
     262
     232
     239
     255
     258
     256
     255
     253
     257
     228
     243
     231
     257
     243
     221
     246
     237
     212
     261
     233
     246
     230
     231
     238
     250
     239
     268
     216
     223
     252
     237
     233
     207
     242
     242
     244
     238
     284
     223
     209
     258
     217
     250
     248
     229
     252
     244
     234
     201
     247
     262
     251
     237
     239
     272
     261
     235
     254
     255
     259
     248
     246
     246
     278
     256
     259
     255
     226
     266
     271
     264
     246
     294
     258
     263
     222
     259
     263
     246
     248
     234
     246
     217
     243
     237
     258
     231
     237
     245
     209
     244
     220
     260
     223
     229
     228
     243
     231
     219
     209
     235
     233
     239
     213
     223
     244
     236
     220
     206
     223
     223
     215
     212
     238
     236
     229
     240
     203
     216
     208
     225
     237
     228
     227
     239
     233
     228
     242
     227
     221
     208
     235
     209
     212
     225
     231
     209
     241
     195
     211
     222
     271
     207
     216
     204
     205
     185
     199
     175
     206
     190
     216
     204
     195
     213
     208
     206
     207
     226
     247
     242
     262
     255
     251
     286
     274
     300
     288
     303
     305
     272
     293
     324
     263
     255
     246
     210
     252
     258
     228
     214
     205
     223
     194
     179
     204
     188
     183
     171
     175
     192
     174
     196
     188
     176
     203
     180
     190
     189
     187
     175
     204
     189
     200
     195
     177
     193
     180
     187
     201
     203
     184
     184
     171
     187
     189
     209
     177
     218
     192
     203
     205
     187
     179
     181
     189
     225
     199
     205
     193
     186
     195
     182
     190
     221
     186
     222
     229
     213
     198
     199
     206
     216
     178
     191
     218
     219
     182
     174
     194
     182
     202
     187
     202
     194
     192
     183
     201
     179
     194
     189
     176
     191
     187
     203
     166
     177
     205
     187
     192
     176
     191
     191
     160
     178
     182
     183
     199
     191
     179
     179
     173
     188
     162
     193
     151
     177
     150
     198
     188
     194
     163
     171
     177
     194
     170
     210
     179
     187
     177
     199
     203
     194
     180
     181
     204
     176
     199
     204
     177
     202
     198
     167
     189
     206
     190
     210
     194
     182
     214
     196
     206
     191
     228
     172
     191
     200
     211
     214
     175
     173
     169
     165
     182
     189
     162
     192
     164
     185
     202
     181
     184
     198
     159
     195
     178
     157
     163
     181
     171
     153
     166
     157
     181
     184
     190
     177
     171
     188
     207
     183
     192
     182
     213
     167
     176
     193
     182
     187
     197
     193
     173
     199
     192
     185
     196
     185
     154
     174
     182
     189
     180
     178
     182
     146
     178
     191
     187
     180
     146
     167
     163
     164
     169
     178
     167
     167
     167
     158
     136
     147
     153
     166
     149
     173
     178
     148
     168
     180
     198
     146
     167
     146
     205
     155
     163
     183
     146
     177
     166
     164
     177
     168
     147
     154
     159
     162
     168
     182
     156
     156
     135
     161
     181
     160
     165
     149
     142
     174
     161
     161
     182
     176
     154
     167
     171
     159
     158
     157
     148
     156
     158
     164
     165
     166
     171
     163
     177
     175
     197
     174
     158
     159
     182
     165
     173
     160
     192
     185
     167
     207
     181
     164
     191
     189
     177
     186
     180
     189
     163
     174
     153
     164
     184
     154
     172
     147
     171
     166
     134
     164
     150
     159
     161
     158
     153
     162
     173
     187
     164
     162
     161
     177
     168
     158
     165
     146
     154
     157
     169
     169
     150
     167
     164
     155
     159
     165
     162
     163
     189
     176
     168
     167
     161
     171
     168
     152
     177
     153
     166
     165
     156
     171
     164
     167
     169
     142
     157
     186
     168
     187
     161
     179
     183
     152
     188
     168
     172
     181
     170
     163
     170
     166
     169
     155
     180
     205
     177
     177
     174
     170
     184
     174
     169
     159
     158
     204
     196
     198
     162
     186
     182
     168
     186
     169
     172
     172
     175
     177
     199
     180
     187
     173
     211
     185
     163
     172
     182
     174
     176
     154
     175
     154
     160
     179
     160
     176
     189
     180
     188
     167
     181
     174
     200
     175
     199
     169
     187
     187
     166
     179
     175
     195
     153
     189
     158
     171
     149
     154
     141
     145
     166
     149
     147
     147
     168
     181
     159
     145
     156
     169
     166
     155
     196
     121
     163
     162
     170
     187
     177
     169
     173
     146
     143
     155
     163
     179
     166
     159
     137
     180
     139
     181
     141
     156
     167
     180
     132
     169
     148
     137
     145
     149
     138
     160
     169
     157
     152
     147
     144
     178
     145
     138
     153
     127
     136
     155
     149
     167
     166
     159
     137
     142
     134
     152
     144
     145
     142
     164
     132
     156
     129
     120
     137
     170
     166
     179
     152
     152
     137
     143
     178
     153
     181
     152
     181
     161
     155
     150
     157
     186
     146
     174
     154
     159
     138
     139
     130
     155
     169
     153
     134
     146
     139
     145
     156
     155
     161
     148
     140
     164
     149
     142
     151
     161
     174
     138
     150
     143
     171
     151
     135
     157
     155
     156
     149
     144
     153
     148
     132
     155
     161
     152
     178
     124
     149
     149
     141
     130
     149
     141
     159
     131
     161
     145
     136
     151
     159
     144
     152
     142
     154
     151
     138
     160
     169
     154
     145
     140
     122
     131
     151
     153
     163
     142
     136
     146
     129
     139
     151
     146
     146
     141
     145
     152
     142
     126
     186
     145
     149
     189
     137
     160
     136
     149
     147
     163
     151
     142
     141
     140
     145
     145
     146
     136
     167
     148
     170
     141
     149
     165
     127
     142
     131
     163
     150
     145
     136
     137
     130
     137
     139
     152
     153
     129
     151
     122
     127
     120
     126
     137
     117
     123
     122
     110
     135
     148
     107
     130
     132
     137
     135
     121
     116
     125
     117
     140
     139
     110
     152
     116
     123
     121
     118
     138
     106
     132
     129
     115
     135
     124
     111
     131
     117
     120
     126
     117
     125
     115
     113
     109
     132
     114
     130
     145
     128
     129
     126
     118
     106
     123
     113
     134
     104
     102
     116
     137
     120
     121
     111
     129
     112
     107
     115
     115
     134
     136
     118
     108
     130
     115
     103
     113
     107
     113
     116
     110
     112
     112
     118
     117
     105
     113
     115
     133
     113
     104
     137
     113
     113
     117
     112
     126
     118
     115
     115
     115
     121
     133
     123
     123
     117
     127
     130
     116
     134
     120
     127
     108
     118
     137
     110
     132
     139
     126
     127
     114
     141
     123
     130
     138
     110
     131
     125
     134
     123
     125
     134
     105
     118
      98
      98
     110
     113
     109
     109
     123
     110
     108
     102
      96
     100
      99
     115
     104
     110
     117
     105
     124
     111
     128
     117
     134
     104
     126
     118
     109
      95
     101
     122
      95
     109
     121
     100
     109
     129
     100
     105
     114
     100
     113
     103
      95
      90
     112
      94
     107
      90
      91
     103
     106
     105
     111
      85
     100
     113
      96
      90
      84
     116
     115
      92
     107
     104
      83
      99
     103
      92
      98
     106
     103
      93
      95
      93
      97
     103
      81
     108
     110
      99
      86
      99
      97
      91
     106
      91
     100
     104
     100
      84
      98
      99
     101
      90
      95
     110
      87
      96
      74
      85
     100
     116
     111
     110
     108
     100
     111
     118
     106
      98
      86
      88
      93
      96
      97
      92
     110
      95
     122
     108
     112
     122
     112
      85
     104
      94
     105
      85
      89
      86
      92
      99
     102
      85
      98
      98
      99
     102
     108
      98
      99
      97
      93
      98
     108
     100
      90
     109
      95
     109
      94
     103
     107
      94
     105
      99
      92
     115
     100
      96
     104
      91
      88
      93
      87
     105
      83
      79
     101
      98
      93
      89
      75
      89
      86
      75
      96
      82
      97
      84
      89
      89
      89
      88
      92
      88
      94
      82
      85
      95
      84
      87
      86
      90
      79
      88
      83
      83
      89
      99
      88
      94
      90
      95
      86
     102
      60
      86
      72
      90
      96
      95
     106
      74
      89
      90
      86
      83
      86
      96
     100
      76
      85
      77
      76
      90
      77
      97
      88
      91
      81
      84
      82
      97
      85
      96
      95
      74
      83
     108
     100
      88
      74
      76
      96
      84
      95
      96
      83
     101
      78
      77
      84
      80
      81
      70
      83
     107
      76
      90
      77
      79
      78
      82
      74
      76
      85
      94
     107
      93
      87
      91
      80
      75
     105
      94
      96
      97
      83
      88
      95
      79
      95
      84
      79
      71
      88
      79
      87
      88
      93
      94
      95
      75
      89
      92
      92
      96
      85
      82
      90
      85
      78
      87
      92
      76
      84
      66
      88
      76
      88
      91
      86
      74
      69
      96
      77
      79
      91
      80
      86
      89
      73
      82
      89
      77
      78
      83
      76
      79
      92
      65
      94
      80
      76
      82
      68
      72
      86
      68
      80
      79
      85
      70
      81
      78
      77
      88
      77
      80
      89
      73
      61
      76
      61
      79
      77
      77
      58
      87
      82
      76
      90
     101
      84
      65
     100
      82
      70
      79
      82
      64
      81
      84
      82
      78
      73
      75
     100
      75
      73
      71
      79
      71
      81
      65
      85
      69
      70
      75
      76
      71
      69
      76
      79
      89
      79
      87
      80
      69
      62
      79
      93
      84
      81
      83
      87
      47
      83
      86
      66
      86
      74
      80
      84
      81
      68
      92
      68
      74
      74
      83
      80
      78
     108
      95
      86
      73
      90
      86
      73
     100
      85
      97
      83
      84
     100
      82
      83
      87
      79
      91
      80
      76
      69
      66
      75
      83
      77
      71
      78
      85
      76
      69
      71
      83
      95
      74
      78
      71
      85
      69
      79
      82
      88
      80
      75
      75
      75
      80
      64
      83
      67
      69
      85
      73
      74
      85
      83
      73
      76
      79
      67
      75
      79
      83
      86
      88
      92
      79
      79
      78
      84
      77
      81
      66
      75
      83
      85
      83
      76
      74
      66
      77
      68
      85
      60
      79
      82
      84
      77
      84
      63
      78
      69
      67
      78
      78
      71
      68
      79
      70
      69
      82
      76
      68
      73
      67
      69
      84
      77
      77
      78
      64
      93
      73
      73
      74
      77
      70
      86
      95
      93
     114
      99
     133
     107
     127
     130
     116
     128
     133
     137
     146
     126
     120
     130
     102
     104
     101
      91
      72
      76
      73
      71
      65
      86
      79
      71
      68
      71
      75
      62
      73
      72
      62
      72
      64
      76
      65
      74
      67
      69
      48
      64
      51
      59
      63
      86
      74
      81
      87
      48
      70
      61
      73
      75
      78
      76
      62
      78
      78
      81
      58
      64
      74
      62
      85
      54
      73
      77
      72
      78
      58
      68
      56
      64
      73
      69
      87
      88
      72
      80
      60
      73
      60
      76
      70
      56
      61
      59
      63
      77
      83
      58
      68
      66
      73
      68
      74
      65
      78
      71
      69
      83
      67
     101
      73
      91
      87
      97
      96
      84
      88
      89
      98
      82
      87
      69
      79
      62
      74
      82
      48
      71
      62
      63
      72
      54
      57
      51
      62
      56
      46
      51
      55
      41
      53
      50
      57
      53
      35
      56
      57
      44
      50
      64
      39
      59
      64
      57
      66
      56
      62
      45
      55
      65
      64
      60
      53
      53
      44
      54
      57
      64
      58
      66
      50
      59
      51
      57
      52
      65
      56
      57
      52
      54
      47
      60
      61
      50
      61
      57
      66
      54
      46
      61
      65
      58
      63
      69
      72
      81
      75
      76
      88
      76
      99
     106
     123
     115
     119
     118
     133
     116
     142
     131
     126
     123
     114
     124
     108
     103
      88
     106
      90
      75
      76
      67
      72
      78
      68
      58
      57
      65
      49
      57
      64
      55
      56
      57
      59
      64
      49
      57
      70
      55
      77
      60
      67
      73
      75
      65
      72
      64
      70
      53
      69
      81
      68
      61
      73
      66
      51
      60
      66
      68
      58
      55
      66
      42
      56
      54
      47
      61
      55
      53
      58
      45
      50
      48
      44
      39
      64
      59
      46
      61
      51
      45
      63
      53
      40
      48
      37
      49
      45
      55
      53
      41
      49
      60
      49
      49
      54
      49
      55
      53
      44
      42
      50
      51
      53
      47
      37
      45
      50
      42
      43
      49
      44
      53
      47
      50
      51
      49
      48
      52
      51
      53
      46
      58
      42
      55
      53
      43
      54
      50
      41
      54
      55
      39
      51
      43
      45
      64
      43
      56
      45
      51
      38
      49
      44
      56
      43
      54
      49
      50
      54
      54
      55
      44
      49
      52
      57
      49
      50
      40
      47
      56
      44
      58
      43
      52
      48
      43
      53
      53
      54
      51
      60
      49
      44
      55
      40
      44
      44
      42
      42
      46
      45
      38
      46
      38
      53
      45
      45
      33
      38
      33
      34
      43
      41
      52
      52
      61
      52
      38
      50
      45
      45
      57
      55
      54
      54
      66
      54
      68
      63
      54
      56
      70
      55
      71
      65
      67
      46
      52
      58
      40
      50
      52
      35
      48
      29
      64
      45
      48
      56
$ENER_FIT:
0.000000 0.075000
$PRESETS:
Live Time (sec)
1167
0
$RT:
1800.000000
$DT:
633000
$ISO_DECL_PU:
SMPLNAM: IDB-487
SEPDATE: 01/01/1900 00:00:00
PU238: 0.0703 
DPU238: 0.8535
PU239: 84.3377 
DPU239: 0.0100
PU240: 14.2069 
DPU240: 0.0598
PU241: 1.0275 
DPU241: 0.1752
PU242: 0.3576 
DPU242: 0.2796
AM241: 0.2173 
DAM241: 1.0124
DATE: 01/01/1900 00:00:00
PU240EFF: 14.9848
DPU240EFF: 0.8062
$ADC:
8192
0
8191