$APPLICATION_ID:
IDB v.1.0
$SPEC_REM:
Material type: Pu
Material form: Pellet
Material compound: PuO2
Pu isotopics:
238Pu 0.0104
239Pu 93.5285
240Pu 6.3136
241Pu 0.1079
242Pu 0.0396
241Am 0.2168
Detector: HPGe (Geometry: Planar, Size: Unknown)
MCA: Unknown
$DATE_MEA:
07/30/2001 22:13:00
$MEAS_TIM:
1232 1800
$DATA:
0 8191
       0
       0
       0
       0
       0
       0
       0
       0
       0
       0
       0
       0
       0
       0
       0
       0
       0
       0
       0
       0
       0
       0
       0
       0
       0
       0
       0
       0
       0
       0
       0
       0
       0
       0
       0
       0
       0
       0
       0
       0
       0
       0
       0
       0
       0
       0
       0
       0
       0
       0
       0
       0
       0
       0
       0
       0
       0
       0
       0
       0
       0
       0
       0
       0
       0
       0
       0
       0
       0
       0
       0
       0
       0
       0
       0
       0
       0
       0
       0
       0
    7025
    9405
    9343
    9412
    9310
    9416
    9346
    9085
    9150
    9312
    9088
    8878
    9104
    9235
    8974
    8811
    8892
    8963
    8639
    8821
    8740
    8727
    8656
    8493
    8525
    8561
    8555
    8523
    8496
    8639
    8549
    8310
    8387
    8267
    8479
    8460
    8264
    8465
    8371
    8367
    8296
    8441
    8452
    8363
    8157
    8366
    8124
    8200
    8223
    8272
    8359
    8192
    8253
    8203
    8054
    8361
    8385
    8292
    8290
    8258
    8121
    8069
    8142
    8133
    8167
    8177
    8227
    8229
    8396
    8414
    8498
    8701
    8457
    8400
    8505
    8578
    8537
    8424
    8541
    8399
    8427
    8593
    8560
    8589
    8530
    8380
    8346
    8585
    8608
    8461
    8539
    8517
    8505
    8421
    8630
    8464
    8377
    8391
    8423
    8309
    8318
    8299
    8442
    8566
    8457
    8424
    8357
    8455
    8517
    8507
    8439
    8679
    8390
    8257
    8371
    8305
    8341
    8320
    8361
    8356
    8444
    8268
    8222
    8190
    8246
    8263
    8324
    8196
    8122
    8231
    8309
    8327
    8294
    8216
    8149
    8491
    8230
    8205
    8148
    8387
    8313
    8227
    8212
    8248
    8284
    8243
    8137
    8300
    8266
    8187
    8234
    8143
    8237
    8231
    8213
    8124
    8133
    8170
    8146
    8234
    8284
    8130
    8042
    8262
    8288
    8205
    8216
    7913
    8189
    8249
    8034
    8092
    8221
    8250
    8258
    8159
    7859
    8059
    8067
    8249
    8068
    8278
    7952
    8209
    8153
    8115
    8155
    8085
    8181
    8124
    8181
    8154
    8082
    8064
    7934
    8032
    8181
    8195
    7980
    8054
    8097
    8063
    7986
    8136
    8181
    8135
    7957
    8006
    8161
    7880
    7947
    8076
    8001
    8011
    8034
    7915
    8031
    8042
    8080
    8070
    8231
    7868
    8187
    8141
    8298
    8095
    8173
    8097
    8146
    8390
    8014
    8133
    8064
    8142
    8072
    8070
    8346
    8340
    8639
    9084
    9282
    9783
   10052
    9952
    9558
    9079
    8509
    8306
    8147
    7980
    7919
    8093
    8027
    8135
    7964
    8058
    8096
    7946
    7942
    7968
    8003
    8108
    8165
    8031
    7848
    8026
    8101
    8150
    8082
    7987
    7902
    7876
    8061
    7978
    8069
    7965
    7986
    7966
    7974
    8109
    8037
    8178
    8308
    8253
    8337
    8289
    8244
    8067
    7790
    8082
    7969
    7857
    7904
    7743
    7918
    7828
    7863
    7648
    7997
    7929
    7828
    7899
    7882
    7869
    7858
    7791
    7740
    7713
    7761
    7840
    7754
    7699
    7789
    7798
    7682
    7800
    7624
    7683
    7845
    7819
    7762
    7743
    7731
    7503
    7695
    7617
    7654
    7541
    7583
    7744
    7741
    7662
    7687
    7652
    7621
    7702
    7623
    7437
    7574
    7544
    7489
    7586
    7593
    7606
    7445
    7594
    7627
    7715
    7537
    7597
    7500
    7427
    7568
    7626
    7543
    7547
    7434
    7583
    7552
    7607
    7443
    7345
    7380
    7507
    7527
    7463
    7624
    7623
    7711
    7474
    7295
    7510
    7530
    7457
    7531
    7430
    7599
    7474
    7453
    7343
    7415
    7269
    7380
    7416
    7188
    7315
    7295
    7348
    7347
    7468
    7279
    7353
    7351
    7388
    7201
    7351
    7386
    7415
    7335
    7217
    7308
    7292
    7270
    7182
    7190
    7093
    7124
    7145
    7229
    7017
    7145
    7285
    7104
    7331
    7195
    7136
    7125
    7105
    7097
    7096
    7310
    7172
    7153
    7111
    7024
    7104
    7127
    7094
    7204
    7075
    7143
    7067
    7136
    6985
    7174
    7108
    7144
    7043
    7059
    7010
    7011
    7122
    7004
    7104
    7045
    7067
    6943
    6931
    6968
    6947
    6936
    7121
    7054
    7050
    6914
    6950
    7045
    6840
    6941
    6868
    6935
    6918
    6936
    6877
    6809
    6997
    7045
    6893
    6793
    6897
    6963
    7003
    6798
    7001
    6834
    6745
    6743
    6803
    6996
    6897
    6804
    6812
    6722
    6905
    6878
    6826
    6959
    6780
    6938
    6911
    6934
    6808
    6815
    6889
    6814
    6779
    6866
    6712
    6771
    6851
    6745
    6717
    6607
    6697
    6599
    6753
    6587
    6806
    6639
    6619
    6611
    6770
    6685
    6656
    6587
    6581
    6627
    6602
    6582
    6703
    6623
    6629
    6531
    6596
    6670
    6592
    6409
    6616
    6535
    6559
    6647
    6560
    6583
    6573
    6552
    6524
    6611
    6485
    6545
    6590
    6539
    6461
    6494
    6595
    6436
    6508
    6496
    6573
    6410
    6562
    6436
    6496
    6442
    6564
    6513
    6476
    6556
    6538
    6340
    6503
    6370
    6366
    6506
    6458
    6510
    6541
    6555
    6463
    6391
    6560
    6599
    6527
    6429
    6507
    6483
    6394
    6235
    6386
    6426
    6432
    6366
    6499
    6484
    6462
    6359
    6461
    6296
    6538
    6356
    6347
    6404
    6431
    6316
    6391
    6438
    6377
    6522
    6333
    6423
    6391
    6524
    6451
    6442
    6207
    6336
    6377
    6396
    6357
    6386
    6386
    6430
    6342
    6406
    6298
    6395
    6281
    6255
    6309
    6322
    6300
    6446
    6328
    6387
    6308
    6357
    6432
    6349
    6232
    6353
    6276
    6186
    6374
    6189
    6196
    6264
    6341
    6322
    6211
    6244
    6144
    6306
    6067
    6269
    6196
    6289
    6299
    6258
    6339
    6341
    6308
    6270
    6073
    6083
    6310
    6231
    6314
    6197
    6330
    6271
    6223
    6187
    6334
    6010
    6297
    6141
    6210
    6249
    6248
    6167
    6143
    6175
    6078
    6281
    6129
    6250
    6270
    6144
    6200
    6213
    6197
    6114
    6170
    6222
    6180
    6130
    6084
    6145
    6192
    6275
    6264
    6098
    6209
    6257
    6237
    5977
    6110
    6169
    6314
    6049
    6255
    6338
    6092
    6149
    6077
    5989
    6121
    6054
    6089
    6333
    6182
    6260
    6481
    6444
    6482
    6631
    6674
    6651
    6407
    6237
    6229
    6224
    6081
    6090
    6129
    6000
    6078
    5980
    6122
    6138
    6089
    6148
    5967
    6169
    6087
    5996
    6167
    6016
    6127
    6170
    6069
    6082
    6148
    6037
    5948
    6161
    5980
    5996
    6110
    5892
    6102
    5936
    6101
    5997
    6059
    6044
    6145
    5971
    6159
    6031
    5959
    6154
    5989
    5978
    5968
    6014
    6116
    6049
    6118
    6187
    6027
    6060
    5921
    5982
    5993
    6029
    6138
    6013
    5972
    6019
    5941
    6030
    6018
    6072
    6005
    5834
    6026
    6001
    6005
    6042
    5914
    5916
    5977
    5929
    5964
    6039
    5851
    6054
    5854
    5998
    5928
    6137
    5859
    6032
    5840
    6066
    6050
    5897
    5779
    6033
    6087
    5977
    6055
    5989
    5885
    5948
    5964
    5943
    5758
    5926
    5871
    5896
    5999
    5899
    5895
    5757
    5917
    5887
    5916
    5881
    5985
    5952
    5824
    5932
    6055
    6079
    5835
    5956
    5880
    6005
    5880
    6025
    5931
    5814
    5942
    5986
    5814
    5966
    5823
    6009
    6017
    5930
    5648
    5917
    5986
    5850
    5784
    5853
    5713
    5848
    5937
    6077
    5850
    5794
    5850
    5980
    5956
    5844
    6007
    5835
    5841
    5961
    5940
    5995
    6106
    5780
    6035
    5864
    5953
    5807
    5823
    5945
    6073
    5830
    5875
    5911
    5977
    6081
    5876
    5955
    5974
    5921
    5925
    6060
    5901
    6019
    5981
    5894
    5986
    5932
    5866
    6018
    5880
    5952
    6066
    5878
    6062
    5938
    5972
    5974
    5927
    6118
    6118
    5941
    5894
    5915
    6073
    5902
    6116
    6027
    6099
    6162
    6300
    6055
    6166
    6044
    6042
    6028
    6074
    5852
    6106
    6181
    5811
    5928
    6075
    5950
    5950
    6082
    6025
    5965
    5968
    5937
    5897
    5911
    5879
    5875
    6055
    6010
    5995
    5985
    6106
    6036
    5939
    6083
    6118
    6150
    6139
    6092
    6138
    6113
    6069
    6138
    5903
    5975
    6224
    6080
    6070
    6073
    6069
    6060
    6267
    6058
    6071
    6031
    6043
    6098
    6267
    6028
    6100
    6144
    5873
    6117
    6099
    6049
    6086
    5942
    6138
    6069
    6086
    6076
    6105
    6052
    6109
    6091
    6210
    6113
    6064
    6118
    6120
    5987
    6097
    6187
    6125
    6092
    6116
    6217
    6042
    6275
    6469
    6071
    6210
    6204
    6246
    6235
    6160
    6201
    6118
    6039
    6364
    6132
    6138
    6264
    6200
    6225
    6259
    6258
    6162
    6148
    6308
    6202
    6210
    6232
    6171
    6383
    6387
    6148
    6246
    6374
    6177
    6464
    6426
    6290
    6243
    6362
    6413
    6223
    6389
    6363
    6470
    6442
    6577
    6401
    6501
    6508
    6518
    6575
    6512
    6665
    6590
    6470
    6456
    6527
    6404
    6360
    6519
    6531
    6534
    6563
    6401
    6483
    6627
    6603
    6700
    6480
    6662
    6612
    6587
    6830
    6573
    6877
    6638
    6741
    6529
    6499
    6627
    6783
    6646
    6699
    6749
    6627
    6756
    6839
    6723
    6944
    6843
    6768
    6646
    6784
    6710
    6880
    6821
    6959
    7017
    7091
    6851
    6921
    7126
    6909
    6966
    6846
    7082
    6943
    6909
    6940
    6987
    7048
    7125
    7091
    7081
    6934
    7181
    7000
    6983
    7210
    6948
    6958
    7066
    6998
    6993
    7106
    7198
    7255
    7133
    7237
    7133
    7114
    7141
    7258
    7259
    7369
    7221
    7274
    7360
    7306
    7441
    7251
    7381
    7432
    7375
    7359
    7439
    7413
    7628
    7500
    7476
    7536
    7635
    7614
    7722
    7538
    7767
    7693
    7848
    7728
    7975
    7698
    7960
    7911
    7910
    7982
    8162
    8043
    8396
    8637
    8742
    9090
    9581
   10411
   11407
   13413
   15652
   18689
   21431
   23897
   24488
   23793
   21769
   18501
   15384
   12831
   10607
    9674
    9077
    8629
    8448
    8269
    8145
    8167
    8137
    8220
    8270
    8341
    8426
    8440
    8482
    8528
    8652
    8649
    8858
    8936
    9205
    9743
   10147
   10841
   11823
   12443
   12660
   12595
   12139
   11669
   11013
   10520
   10396
   10217
   10492
   11169
   12462
   14118
   16683
   20507
   25874
   33340
   40906
   47998
   53791
   55590
   54162
   51312
   48086
   44786
   42187
   39094
   35483
   31843
   27677
   24872
   23636
   23491
   24504
   24536
   23907
   21988
   19297
   16589
   14417
   12297
   11139
    9828
    9234
    9023
    8967
    9236
    9547
   10052
   10884
   12351
   14113
   15761
   17302
   17913
   17721
   17035
   15004
   13434
   11694
   10256
    9289
    8773
    8640
    8693
    8556
    8443
    8422
    8659
    8660
    9093
    9247
   10173
   11181
   13153
   16413
   20518
   25593
   31075
   34939
   36707
   35655
   32448
   28808
   26211
   26369
   29566
   34890
   40903
   46527
   49562
   49238
   46344
   42447
   38765
   35763
   33800
   31385
   28202
   23689
   19155
   14857
   11686
    9498
    8583
    8054
    7610
    7663
    7581
    7491
    7348
    7425
    7489
    7519
    7436
    7295
    7547
    7365
    7336
    7480
    7478
    7528
    7535
    7478
    7550
    7610
    7737
    7580
    7527
    7647
    7701
    7646
    7586
    7503
    7505
    7730
    7630
    7630
    7552
    7719
    7612
    7664
    7559
    7707
    7640
    7626
    7652
    7694
    7720
    7616
    7628
    7798
    7731
    7698
    7607
    7802
    7993
    7763
    7886
    7917
    7957
    8057
    8014
    7879
    7913
    8143
    8303
    8389
    8574
    8827
    9052
    9716
   10303
   11456
   12760
   14797
   17231
   19575
   21792
   22810
   23074
   22073
   20608
   18799
   17780
   18430
   20279
   23698
   28084
   32716
   36167
   37440
   35977
   32771
   27720
   22490
   18249
   14600
   12196
   10996
   10291
    9532
    9302
    9129
    8716
    8505
    8320
    8189
    8279
    8356
    8452
    8405
    8937
    9319
    9767
   10323
   10878
   11125
   11333
   11260
   11005
   10711
   10683
   10673
   11054
   12508
   13775
   15943
   18556
   21152
   23196
   25047
   26003
   26071
   25249
   23524
   21257
   19042
   17381
   15859
   15511
   16734
   18545
   20814
   23369
   24577
   24978
   24009
   21555
   19175
   17366
   17272
   18517
   21190
   25803
   29883
   33514
   34913
   34127
   30875
   26189
   22013
   18385
   16316
   16194
   17893
   20448
   23901
   27660
   30891
   32356
   31619
   29648
   26190
   22241
   18591
   15405
   12981
   11638
   10699
    9767
    9196
    8813
    8841
    8582
    8577
    8482
    8533
    8342
    7967
    7904
    7659
    7657
    7707
    7436
    7549
    7494
    7556
    7605
    7940
    7753
    8224
    8365
    8556
    8732
    8858
    9266
    9626
   10222
   10944
   12187
   13482
   14635
   16024
   16526
   17108
   16789
   15964
   14698
   13139
   11753
   10549
    9848
    9602
    9502
    9311
    9678
    9727
    9603
    9624
    9238
    8784
    8191
    7664
    7254
    7185
    7125
    7010
    7041
    6980
    6849
    7081
    7012
    7246
    7581
    7731
    7936
    7945
    7877
    7788
    7740
    7392
    7256
    7190
    7007
    6968
    7140
    6826
    7142
    7037
    7127
    6888
    7140
    7188
    7270
    7350
    7550
    7696
    7666
    7632
    7981
    8083
    8699
    9361
   10310
   11367
   12559
   13118
   13086
   12665
   11430
   10141
    9219
    8123
    7406
    7038
    6918
    6835
    6790
    6659
    6803
    6809
    6828
    6737
    6897
    6809
    6875
    6735
    6677
    6872
    6798
    6855
    6845
    6784
    7006
    6915
    6895
    7059
    6839
    6821
    6881
    6932
    6834
    6862
    7006
    7058
    7129
    7121
    7430
    7812
    8340
    9180
   10686
   13201
   17257
   23200
   32481
   45005
   59225
   73853
   84387
   89235
   85539
   75467
   60416
   44176
   30646
   19940
   13135
    9446
    7561
    6645
    6251
    6038
    6213
    6137
    6226
    6072
    6220
    6189
    6178
    6033
    6085
    6104
    6066
    6044
    6262
    6108
    6108
    6076
    6112
    6206
    6262
    5984
    6165
    6064
    6308
    6114
    6095
    6234
    6301
    6083
    6156
    6267
    6171
    6110
    6186
    6102
    6146
    6108
    5945
    6130
    6204
    6047
    6164
    6102
    6253
    6235
    6022
    6244
    6199
    6084
    6239
    6186
    6041
    6175
    6233
    6105
    6239
    6313
    6111
    6359
    5980
    6431
    6005
    6177
    6073
    6177
    6183
    6272
    6125
    6253
    6153
    6067
    6212
    6251
    6241
    6172
    6217
    6145
    6246
    6324
    6239
    6171
    6207
    6296
    6141
    6221
    6122
    6321
    6255
    6212
    6247
    6134
    6192
    6346
    6136
    6446
    6285
    6311
    6209
    6252
    6333
    6243
    6303
    6142
    6207
    6270
    6393
    6194
    6239
    6164
    6397
    6264
    6233
    6320
    6254
    6307
    6254
    6262
    6263
    6259
    6359
    6433
    6236
    6246
    6430
    6241
    6095
    6309
    6272
    6393
    6301
    6265
    6211
    6222
    6327
    6262
    6271
    6323
    6347
    6419
    6262
    6333
    6326
    6436
    6354
    6256
    6460
    6512
    6488
    6611
    6730
    6749
    6915
    7035
    7193
    7064
    6911
    6850
    6659
    6531
    6498
    6536
    6469
    6469
    6582
    6488
    6441
    6511
    6442
    6479
    6335
    6631
    6643
    6745
    6695
    6849
    6816
    6943
    7036
    7069
    7396
    7737
    8205
    8869
    9777
   10656
   11682
   12158
   12470
   12198
   11343
   10499
    9359
    8277
    7481
    6972
    6750
    6755
    6592
    6639
    6413
    6495
    6545
    6680
    6640
    6658
    6993
    7291
    7644
    8090
    8429
    8984
    9323
    9378
    9638
    9293
    9090
    8768
    8566
    8425
    8067
    7843
    7616
    7437
    7041
    6930
    6807
    6625
    6767
    6542
    6642
    6710
    6777
    6720
    6651
    6883
    6924
    7044
    7454
    7927
    8682
    9740
   10763
   12404
   13719
   14832
   15119
   14815
   13752
   12170
   10959
    9323
    8299
    7621
    6939
    6654
    6720
    6726
    6727
    6795
    6653
    6734
    6868
    6880
    6900
    7001
    6931
    6884
    7001
    6837
    6946
    6934
    6898
    6882
    6687
    6800
    6883
    6772
    6906
    6751
    6785
    6776
    6833
    6934
    6776
    6726
    6768
    6611
    6862
    6854
    6912
    6798
    6952
    6931
    7041
    6931
    7221
    7280
    7158
    7412
    7585
    7640
    7765
    7665
    7480
    7259
    7202
    7035
    7033
    7044
    7007
    6960
    6906
    6888
    7059
    6992
    7006
    7061
    7084
    7027
    6955
    7002
    7116
    6892
    6921
    7219
    6965
    7045
    7209
    7104
    7064
    7044
    7101
    6953
    7086
    7048
    7114
    7058
    7196
    7114
    7108
    7004
    7224
    6971
    6919
    6999
    7144
    6994
    6951
    7078
    7230
    7070
    7192
    7179
    7189
    7094
    7291
    7096
    7107
    7074
    7092
    7194
    7170
    7041
    7117
    7199
    7091
    7200
    7117
    7135
    7097
    7345
    7187
    7330
    7151
    7346
    7306
    7449
    7318
    7223
    7348
    7267
    7234
    7219
    7274
    7310
    7227
    7283
    7203
    7432
    7321
    7417
    7530
    7568
    7732
    8079
    8307
    8608
    8979
    9470
   10188
   10009
   10338
   10299
   10120
    9638
    9244
    8697
    8166
    7833
    8036
    8038
    8228
    8772
    9266
    9645
   10280
   10713
   10822
   10644
   10654
    9927
    9037
    8559
    7962
    7607
    7523
    7265
    7313
    7279
    7232
    7378
    7183
    7213
    7231
    7135
    7191
    7163
    7196
    7288
    7194
    7205
    7227
    7142
    7279
    6954
    7113
    7218
    7184
    7252
    7349
    7312
    7499
    7632
    8108
    8368
    9002
    9524
    9849
   10086
   10084
    9961
    9615
    9115
    8500
    7842
    7667
    7306
    7309
    7213
    6980
    7207
    7102
    7079
    7157
    7004
    7176
    7152
    7187
    7205
    7125
    7213
    7072
    7145
    7179
    7230
    7180
    6968
    7009
    7148
    6979
    7192
    7160
    6993
    6935
    6949
    6995
    7060
    7191
    6852
    7168
    7074
    7106
    7015
    6963
    7103
    7093
    7106
    7119
    7174
    6836
    6890
    6915
    6937
    6946
    6991
    7175
    7061
    7180
    7094
    7156
    7237
    7543
    7425
    7703
    7680
    7758
    7736
    7432
    7412
    7312
    7176
    7131
    7217
    7052
    7052
    6889
    6981
    7000
    7064
    7151
    7204
    7328
    7644
    8086
    8434
    9109
    9710
   10236
   10677
   10735
   10778
   10339
    9932
    9070
    8649
    7932
    7415
    7164
    7058
    6978
    7042
    6926
    6820
    6931
    6813
    6777
    6787
    6792
    6861
    6748
    6811
    6851
    6976
    6895
    6858
    6913
    6924
    6868
    7020
    6964
    6972
    6808
    7004
    6968
    6833
    6738
    6827
    6973
    6758
    6679
    6723
    6533
    6838
    6819
    6850
    6746
    6930
    6941
    6900
    6868
    6821
    6747
    6770
    6763
    6778
    6778
    6762
    6781
    6780
    6869
    6750
    6688
    6835
    6885
    6710
    6846
    6749
    6718
    6582
    6728
    6696
    6660
    6876
    6842
    6702
    6661
    6584
    6710
    6717
    6669
    6744
    6702
    6609
    6632
    6826
    6659
    6807
    6777
    6737
    6601
    6756
    6760
    6744
    6860
    6735
    6964
    7051
    7223
    7739
    7810
    8267
    8544
    8957
    9125
    9084
    8909
    8806
    8225
    7823
    7401
    7248
    6993
    6756
    6691
    6663
    6572
    6642
    6666
    6715
    6485
    6617
    6620
    6543
    6634
    6613
    6613
    6806
    6518
    6784
    6536
    6698
    6780
    6700
    6568
    6361
    6645
    6580
    6659
    6592
    6445
    6466
    6738
    6690
    6579
    6370
    6587
    6568
    6611
    6612
    6602
    6527
    6653
    6414
    6487
    6501
    6532
    6542
    6578
    6477
    6493
    6535
    6526
    6503
    6510
    6534
    6576
    6539
    6608
    6544
    6536
    6601
    6564
    6682
    6746
    6622
    6607
    6552
    6544
    6508
    6763
    6524
    6617
    6568
    6563
    6627
    6416
    6639
    6459
    6498
    6450
    6571
    6622
    6534
    6643
    6506
    6539
    6491
    6455
    6476
    6522
    6502
    6456
    6479
    6417
    6563
    6319
    6435
    6499
    6515
    6503
    6363
    6417
    6595
    6489
    6563
    6520
    6500
    6638
    6607
    6675
    6873
    6787
    6727
    6745
    6725
    6742
    6653
    6708
    6587
    6646
    6724
    6853
    7160
    7436
    8038
    8455
    8908
    9174
    9619
    9814
    9526
    9155
    8707
    8193
    7684
    7122
    6804
    6498
    6351
    6319
    6214
    6364
    6332
    6177
    6256
    6319
    6357
    6123
    6134
    6262
    6038
    6202
    6222
    6205
    6295
    6271
    6299
    6160
    6292
    6367
    6236
    6288
    6284
    6220
    6214
    6212
    6230
    6315
    6273
    6178
    6143
    6136
    6333
    6081
    6255
    6188
    6134
    6260
    6111
    6246
    6070
    6095
    6113
    6217
    6249
    6105
    6369
    6048
    6071
    6150
    6183
    6240
    6105
    6086
    6064
    6024
    5914
    6174
    6035
    6088
    6137
    6125
    6226
    6293
    6512
    6791
    6826
    7637
    8124
    8743
    9316
   10084
   10691
   10783
   10648
   10335
    9825
    9187
    8091
    7589
    6864
    6610
    6470
    6076
    6111
    6129
    6003
    6031
    6023
    6044
    6006
    5988
    6140
    6065
    5933
    5961
    5981
    6045
    6018
    5941
    6293
    6005
    6055
    6165
    6134
    6085
    5935
    6067
    6059
    6041
    6006
    5987
    5907
    5910
    5783
    5833
    5944
    5850
    5879
    5878
    5939
    5837
    5906
    5878
    5777
    5939
    5777
    5906
    5858
    5884
    5768
    5902
    5765
    5936
    5862
    5789
    5965
    5863
    5822
    5801
    5894
    5895
    5797
    5943
    5711
    5875
    5818
    5815
    5822
    5786
    5896
    5817
    5936
    5865
    5858
    5860
    5817
    5666
    5668
    5786
    5832
    5633
    5968
    5952
    5875
    6138
    6288
    6739
    7151
    8102
    9288
   11304
   13897
   17067
   20639
   24743
   28175
   30751
   32036
   31441
   29289
   25940
   21955
   17797
   14193
   10934
    8908
    7518
    6541
    6019
    5845
    5667
    5522
    5696
    5596
    5542
    5555
    5482
    5649
    5428
    5498
    5529
    5525
    5517
    5540
    5565
    5616
    5502
    5603
    5675
    5734
    5593
    5552
    5498
    5575
    5486
    5596
    5527
    5643
    5653
    5522
    5711
    5865
    5871
    6018
    6400
    7152
    8061
    9538
   11921
   15461
   19829
   25875
   33253
   41020
   48286
   54674
   57883
   57936
   55187
   49358
   41973
   33333
   25563
   19143
   13793
   10454
    7991
    6726
    6029
    5570
    5535
    5217
    5462
    5395
    5225
    5234
    5301
    5338
    5399
    5345
    5184
    5269
    5400
    5186
    5201
    5181
    5295
    5327
    5282
    5320
    5361
    5164
    5173
    5242
    5385
    5288
    5128
    5111
    5374
    5305
    5270
    5153
    5068
    5217
    5177
    5245
    5268
    5357
    5239
    5230
    5260
    5240
    5163
    5250
    5229
    5132
    5235
    5214
    5174
    5126
    5236
    5222
    5235
    5079
    5256
    5322
    5155
    5275
    5139
    5303
    5300
    5218
    5234
    5130
    5149
    5156
    5132
    5099
    5190
    5316
    5186
    5158
    5167
    5157
    5231
    5194
    5159
    5146
    5140
    5032
    5125
    5232
    5235
    5247
    4952
    5172
    5287
    5116
    5175
    5123
    5032
    5290
    5159
    5159
    5109
    5256
    5028
    5152
    5198
    5147
    5063
    5138
    5022
    4994
    5169
    5140
    5236
    5094
    5154
    5022
    5193
    5042
    5273
    5226
    5097
    5169
    5149
    5077
    5128
    5058
    5119
    5062
    5218
    4996
    5009
    5058
    4947
    5018
    5046
    5002
    5076
    5194
    5197
    5052
    5099
    4946
    4983
    4855
    5008
    4926
    5089
    4990
    4980
    4860
    4996
    4932
    5026
    5083
    5041
    4908
    4948
    4985
    4883
    4987
    5064
    4984
    4985
    4983
    4931
    4927
    5059
    5219
    4915
    5178
    5205
    5219
    5173
    5131
    5129
    5267
    5053
    5037
    4825
    5027
    4885
    4740
    5004
    4873
    4807
    4829
    4791
    4651
    4776
    4647
    4662
    4777
    4594
    4728
    4721
    4604
    4558
    4681
    4651
    4494
    4657
    4533
    4692
    4710
    4638
    4734
    4630
    4514
    4633
    4500
    4607
    4561
    4488
    4580
    4652
    4571
    4581
    4617
    4767
    4801
    4995
    4961
    5105
    5206
    5266
    5121
    5226
    5126
    4998
    4892
    4839
    4654
    4524
    4489
    4501
    4326
    4400
    4287
    4366
    4208
    4334
    4273
    4308
    4398
    4324
    4430
    4302
    4353
    4348
    4248
    4210
    4087
    4343
    4251
    4272
    4387
    4232
    4311
    4304
    4267
    4202
    4259
    4203
    4233
    4335
    4240
    4271
    4253
    4198
    4029
    4191
    4242
    4349
    4074
    4201
    4131
    4138
    4155
    4248
    4174
    4220
    4010
    4080
    4110
    4016
    4007
    4186
    4015
    4254
    4059
    4080
    4096
    4127
    4073
    4040
    4049
    4008
    4070
    4071
    4033
    4027
    4064
    4011
    4025
    4021
    4003
    3992
    3980
    4040
    4011
    3914
    4015
    4049
    3900
    4051
    3860
    4088
    3992
    3984
    4020
    4052
    3897
    4055
    3935
    3894
    3875
    4047
    4077
    3982
    4069
    3956
    3992
    3884
    3970
    3922
    3802
    3935
    4010
    3958
    3954
    3871
    3985
    3935
    3806
    4023
    3964
    3918
    3882
    3850
    3918
    3909
    3954
    3920
    3886
    3820
    3928
    3912
    3796
    3835
    3880
    3847
    3815
    3944
    3810
    3746
    3829
    3790
    3708
    3734
    3860
    3976
    3839
    3764
    3904
    3793
    3724
    3814
    3915
    3877
    3881
    3824
    3850
    3949
    4094
    4153
    4225
    4187
    4376
    4472
    4499
    4480
    4289
    4266
    4171
    4225
    3942
    3841
    3796
    3815
    3797
    3679
    3615
    3643
    3749
    3660
    3617
    3626
    3741
    3586
    3606
    3727
    3679
    3621
    3691
    3558
    3621
    3697
    3608
    3694
    3551
    3611
    3678
    3642
    3496
    3631
    3622
    3656
    3591
    3568
    3496
    3653
    3677
    3600
    3613
    3602
    3550
    3573
    3545
    3564
    3542
    3697
    3639
    3843
    3797
    3873
    3825
    3907
    3974
    3940
    4028
    4014
    3699
    3825
    3713
    3642
    3772
    3826
    3858
    4066
    4056
    4281
    4458
    4581
    4771
    4818
    4709
    4707
    4610
    4401
    4192
    3935
    3802
    3716
    3655
    3596
    3602
    3465
    3510
    3550
    3479
    3554
    3709
    3724
    3623
    3636
    3824
    3675
    3720
    3591
    3662
    3603
    3539
    3602
    3471
    3469
    3509
    3508
    3456
    3422
    3380
    3497
    3464
    3459
    3493
    3449
    3433
    3322
    3448
    3368
    3446
    3434
    3420
    3349
    3369
    3439
    3488
    3345
    3413
    3443
    3349
    3421
    3485
    3450
    3412
    3352
    3348
    3386
    3351
    3500
    3467
    3494
    3430
    3470
    3473
    3537
    3603
    3735
    3638
    3729
    3627
    3636
    3573
    3547
    3456
    3495
    3442
    3530
    3304
    3330
    3283
    3353
    3286
    3397
    3326
    3288
    3295
    3345
    3348
    3403
    3318
    3319
    3372
    3331
    3249
    3298
    3426
    3226
    3236
    3265
    3285
    3333
    3268
    3285
    3274
    3329
    3332
    3190
    3139
    3208
    3223
    3244
    3235
    3171
    3259
    3210
    3127
    3101
    3128
    3153
    3069
    3091
    3144
    3077
    3206
    3166
    3137
    3144
    3069
    3209
    3087
    3044
    3124
    3133
    3102
    3121
    3114
    3016
    3052
    3130
    3144
    3134
    3214
    3090
    3261
    3226
    3640
    3717
    4018
    4529
    4950
    5499
    6202
    6656
    6926
    7160
    7122
    6763
    6518
    5895
    5349
    4687
    4134
    3799
    3387
    3136
    3042
    2945
    2885
    2810
    2816
    2731
    2705
    2846
    2718
    2756
    2710
    2667
    2742
    2768
    2684
    2734
    2723
    2737
    2757
    2721
    2591
    2609
    2634
    2713
    2629
    2664
    2633
    2679
    2664
    2771
    2672
    2679
    2695
    2658
    2689
    2699
    2690
    2638
    2572
    2631
    2573
    2625
    2527
    2612
    2490
    2549
    2522
    2584
    2538
    2508
    2480
    2596
    2576
    2610
    2474
    2495
    2571
    2574
    2553
    2430
    2545
    2501
    2545
    2511
    2454
    2515
    2450
    2434
    2519
    2473
    2502
    2450
    2473
    2422
    2479
    2336
    2463
    2409
    2436
    2491
    2417
    2366
    2383
    2377
    2510
    2380
    2414
    2393
    2413
    2382
    2443
    2480
    2363
    2441
    2550
    2607
    2729
    2882
    3045
    3226
    3316
    3428
    3697
    3708
    3714
    3545
    3620
    3313
    3113
    2901
    2868
    2534
    2546
    2441
    2304
    2368
    2355
    2364
    2306
    2371
    2366
    2426
    2308
    2331
    2389
    2434
    2407
    2398
    2448
    2359
    2251
    2324
    2274
    2352
    2238
    2310
    2309
    2203
    2272
    2281
    2311
    2318
    2561
    2561
    2666
    2887
    3083
    3274
    3682
    3813
    4077
    4294
    4148
    4014
    3972
    3623
    3366
    3219
    2887
    2625
    2563
    2326
    2186
    2272
    2243
    2140
    2136
    2079
    2124
    2219
    2156
    2181
    2150
    2105
    2191
    2130
    2140
    2100
    2083
    2128
    2200
    2228
    2084
    2036
    2147
    2101
    2071
    2136
    2051
    2000
    2134
    2143
    2165
    2085
    2042
    2169
    2137
    2108
    2141
    2018
    2135
    2064
    2069
    1963
    2123
    2119
    2136
    2126
    2092
    2067
    2107
    2055
    2050
    2124
    2075
    2072
    2017
    2059
    2094
    2137
    2045
    2062
    2046
    2036
    2020
    2100
    2083
    2050
    2026
    1964
    1988
    2034
    2070
    1936
    2138
    2005
    2062
    1994
    2034
    1986
    2075
    2141
    2060
    2020
    2021
    1922
    2034
    1995
    2055
    2021
    2124
    1954
    2023
    2040
    1948
    1986
    2102
    2007
    2003
    2116
    2049
    2069
    2133
    2028
    1989
    2028
    2136
    2059
    1988
    2069
    2013
    1963
    2025
    1945
    2015
    1963
    1923
    2042
    1975
    1963
    1978
    1939
    1967
    1851
    1930
    1903
    2013
    1909
    2059
    1934
    1942
    1980
    2018
    1871
    1950
    1869
    1974
    1940
    1970
    1957
    1894
    1813
    1967
    1846
    1946
    1910
    2020
    1891
    1956
    1849
    1907
    1917
    1800
    1921
    1805
    1916
    1861
    1857
    1920
    1895
    1913
    1960
    1922
    1856
    1937
    1850
    1977
    1904
    1987
    1933
    1932
    1992
    2005
    2009
    2027
    1981
    1987
    1992
    1934
    1864
    1944
    1909
    1942
    1855
    1875
    1910
    1911
    1813
    1971
    1825
    1794
    1876
    1794
    1833
    1779
    1845
    1838
    1774
    1836
    1888
    1872
    1797
    1754
    1833
    1840
    1852
    1851
    1826
    1881
    1784
    1850
    1747
    1787
    1797
    1760
    1849
    1801
    1841
    1814
    1830
    1793
    1797
    1807
    1813
    1867
    1864
    1897
    1883
    1908
    1872
    1840
    1855
    1859
    1832
    1830
    1885
    1825
    1832
    1841
    1742
    1754
    1739
    1701
    1824
    1751
    1756
    1777
    1731
    1751
    1805
    1751
    1764
    1778
    1728
    1742
    1780
    1817
    1764
    1783
    1704
    1764
    1790
    1737
    1720
    1669
    1758
    1726
    1750
    1721
    1660
    1718
    1639
    1720
    1724
    1673
    1606
    1681
    1730
    1764
    1656
    1730
    1669
    1703
    1659
    1668
    1671
    1637
    1687
    1697
    1617
    1665
    1640
    1696
    1756
    1683
    1649
    1671
    1662
    1658
    1704
    1656
    1685
    1632
    1659
    1703
    1661
    1689
    1654
    1649
    1838
    1641
    1728
    1616
    1616
    1705
    1679
    1657
    1583
    1688
    1624
    1625
    1661
    1659
    1644
    1696
    1721
    1717
    1646
    1719
    1703
    1675
    1699
    1736
    1684
    1632
    1673
    1659
    1595
    1601
    1604
    1642
    1650
    1572
    1529
    1564
    1578
    1549
    1677
    1578
    1534
    1563
    1601
    1644
    1508
    1613
    1555
    1588
    1606
    1622
    1523
    1580
    1586
    1657
    1596
    1529
    1548
    1551
    1675
    1580
    1512
    1544
    1520
    1552
    1572
    1529
    1586
    1618
    1665
    1689
    1710
    1739
    1846
    2001
    2332
    2451
    2884
    3113
    3416
    3782
    3878
    3987
    4095
    4034
    3638
    3350
    3181
    2804
    2487
    2225
    2045
    1775
    1611
    1546
    1540
    1556
    1560
    1557
    1578
    1515
    1553
    1487
    1576
    1511
    1531
    1440
    1498
    1540
    1551
    1470
    1596
    1622
    1722
    1630
    1658
    1703
    1714
    1743
    1645
    1686
    1695
    1550
    1637
    1592
    1554
    1543
    1583
    1493
    1466
    1541
    1495
    1560
    1488
    1486
    1520
    1430
    1529
    1523
    1466
    1485
    1519
    1529
    1468
    1464
    1539
    1525
    1556
    1580
    1553
    1655
    1625
    1578
    1679
    1685
    1816
    1731
    1735
    1695
    1713
    1614
    1565
    1506
    1540
    1473
    1460
    1504
    1484
    1423
    1488
    1443
    1438
    1532
    1491
    1446
    1458
    1449
    1495
    1454
    1436
    1427
    1523
    1433
    1494
    1501
    1439
    1444
    1507
    1417
    1406
    1433
    1495
    1483
    1446
    1458
    1411
    1388
    1484
    1449
    1451
    1358
    1399
    1394
    1426
    1441
    1400
    1437
    1416
    1408
    1469
    1438
    1504
    1464
    1499
    1484
    1516
    1631
    1694
    1607
    1666
    1632
    1635
    1656
    1545
    1616
    1620
    1538
    1476
    1482
    1437
    1401
    1392
    1393
    1455
    1391
    1435
    1445
    1394
    1448
    1328
    1379
    1391
    1418
    1387
    1390
    1364
    1432
    1396
    1397
    1287
    1387
    1352
    1417
    1371
    1357
    1396
    1368
    1319
    1452
    1451
    1451
    1437
    1483
    1560
    1782
    1890
    2004
    2274
    2473
    2812
    3186
    3305
    3594
    3678
    3739
    3638
    3578
    3220
    3058
    2686
    2505
    2165
    1994
    1827
    1629
    1542
    1477
    1436
    1406
    1410
    1392
    1393
    1406
    1460
    1351
    1465
    1444
    1394
    1400
    1338
    1369
    1315
    1387
    1290
    1277
    1256
    1388
    1338
    1340
    1361
    1383
    1270
    1375
    1339
    1276
    1299
    1391
    1367
    1363
    1429
    1395
    1372
    1359
    1400
    1416
    1376
    1454
    1413
    1474
    1587
    1589
    1685
    1801
    1891
    1921
    1912
    1947
    1852
    1893
    1819
    1704
    1606
    1554
    1440
    1466
    1326
    1401
    1357
    1354
    1254
    1297
    1300
    1294
    1258
    1242
    1339
    1341
    1308
    1328
    1301
    1271
    1308
    1303
    1341
    1263
    1247
    1254
    1312
    1237
    1335
    1297
    1354
    1379
    1390
    1382
    1454
    1520
    1462
    1545
    1567
    1649
    1643
    1644
    1733
    1843
    1969
    1948
    2167
    2414
    2678
    2850
    3231
    3535
    3655
    3774
    3818
    3606
    3552
    3283
    2929
    2664
    2402
    2091
    1910
    1760
    1554
    1583
    1529
    1509
    1551
    1586
    1755
    1785
    1978
    2022
    2180
    2198
    2134
    2155
    2089
    2008
    2074
    1983
    1971
    1976
    2025
    2160
    2250
    2541
    2812
    3080
    3367
    3556
    3610
    3821
    3672
    3676
    3459
    3137
    2704
    2398
    2134
    1870
    1682
    1595
    1392
    1302
    1248
    1237
    1252
    1245
    1151
    1186
    1216
    1307
    1228
    1179
    1269
    1184
    1202
    1206
    1151
    1259
    1169
    1222
    1230
    1232
    1191
    1208
    1267
    1198
    1220
    1189
    1140
    1187
    1178
    1157
    1158
    1244
    1129
    1207
    1251
    1198
    1220
    1209
    1134
    1151
    1240
    1187
    1213
    1194
    1129
    1168
    1163
    1163
    1175
    1216
    1161
    1103
    1135
    1200
    1152
    1173
    1156
    1198
    1209
    1127
    1204
    1153
    1170
    1132
    1109
    1187
    1164
    1174
    1173
    1209
    1185
    1118
    1137
    1155
    1185
    1196
    1179
    1212
    1178
    1171
    1173
    1156
    1154
    1194
    1233
    1281
    1210
    1244
    1276
    1480
    1633
    1882
    2150
    2715
    3276
    4143
    5281
    6502
    8106
   10334
   12365
   15031
   17625
   20442
   22878
   24503
   25769
   26611
   25879
   24659
   22765
   19714
   16959
   13972
   10929
    8529
    6153
    4695
    3329
    2505
    1924
    1545
    1387
    1213
    1173
    1151
    1100
    1124
    1191
    1265
    1377
    1475
    1589
    1777
    2071
    2479
    2708
    3199
    3659
    4096
    4586
    4987
    5416
    5585
    5986
    6164
    6545
    6824
    6915
    6999
    7009
    6880
    6650
    6228
    5520
    4955
    4231
    3556
    2958
    2519
    2068
    1669
    1427
    1375
    1188
    1139
    1107
    1119
    1030
    1036
    1055
    1050
    1029
    1079
    1073
    1021
    1071
    1102
    1093
    1046
    1042
    1051
    1055
    1070
    1130
     983
    1022
    1019
    1055
    1006
    1038
    1022
    1016
    1016
    1022
    1097
     970
    1018
     978
    1039
    1026
     973
    1012
    1075
    1055
    1086
    1134
    1119
    1175
    1145
    1326
    1266
    1391
    1498
    1679
    1844
    2263
    2499
    2832
    3133
    3600
    3879
    4108
    4067
    4104
    3896
    3551
    3205
    2998
    2481
    2233
    1819
    1545
    1387
    1261
    1147
    1080
    1010
    1010
     972
    1001
     951
     970
     964
     985
     981
     943
    1019
     980
     988
     991
    1002
    1076
    1237
    1365
    1540
    1856
    2342
    2967
    4006
    5351
    7091
    9238
   11811
   14528
   17552
   20588
   23020
   25271
   26447
   26768
   25902
   24004
   21929
   18957
   15679
   12602
    9713
    7354
    5503
    3908
    2807
    2099
    1604
    1308
    1117
    1018
     913
     907
     884
     847
     888
     941
     893
     891
     921
     912
     906
     889
     905
     866
     922
     921
     914
     890
     882
     858
     877
     877
     907
     841
     809
     883
     860
     849
     831
     902
     866
     870
     911
     898
     833
     836
     865
     884
     867
     881
     858
     880
     849
     892
     888
     878
     874
     867
     863
     924
     884
     901
     902
     862
     861
     871
     910
     900
     914
     952
     910
     878
     932
     879
     932
     937
     826
     852
     858
     888
     839
     835
     838
     824
     854
     871
     925
     891
     877
     872
     858
     820
     831
     801
     786
     854
     801
     810
     863
     834
     895
     787
     823
     877
     888
     839
     843
     832
     916
     867
     871
     889
     938
     908
     867
     904
     845
     866
     893
     821
     854
     842
     796
     791
     828
     799
     813
     866
     857
     831
     842
     859
     876
     829
     783
     853
     829
     837
     822
     823
     763
     857
     898
     817
     812
     812
     806
     809
     859
     837
     819
     782
     815
     826
     856
     790
     775
     854
     845
     799
     764
     824
     840
     850
     804
     840
     803
     812
     830
     836
     870
     841
     800
     821
     833
     859
     877
     814
     778
     851
     886
     751
     822
     804
     811
     822
     819
     823
     874
     877
     811
     866
     803
     840
     779
     830
     803
     783
     739
     765
     804
     834
     827
     876
     820
     794
     885
     842
     913
     868
    1048
    1059
    1088
    1129
    1149
    1260
    1312
    1258
    1339
    1238
    1284
    1207
    1187
    1079
     971
     999
     981
     856
     875
     907
     868
     847
     865
     880
     840
     844
     864
     851
     860
     872
     806
     817
     844
     811
     840
     827
     868
     839
     866
     875
     846
     836
     831
     819
     835
     880
     874
     816
     850
     812
     802
     858
     881
     837
     873
     925
     835
     841
     838
     821
     841
     859
     923
     959
    1027
    1099
    1279
    1543
    1737
    2035
    2382
    2793
    3223
    3643
    3941
    4351
    4620
    4706
    4479
    4248
    3892
    3617
    3222
    2776
    2480
    2281
    2103
    2181
    2405
    2657
    2838
    3512
    3997
    4587
    5066
    5483
    5946
    5899
    5791
    5479
    5098
    4568
    4070
    3371
    2843
    2289
    1874
    1584
    1358
    1073
     932
     932
     804
     787
     840
     761
     828
     819
     843
     823
     884
     954
     955
     987
    1079
    1191
    1167
    1245
    1243
    1200
    1275
    1206
    1173
    1074
    1025
     981
     948
     866
     794
     815
     779
     825
     785
     766
     755
     783
     830
     777
     843
     829
     814
     845
     842
     838
     814
     795
     774
     848
     781
     753
     794
     813
     778
     931
     949
    1055
    1302
    1515
    2001
    2796
    3922
    5462
    7818
   10763
   14691
   19854
   25358
   32310
   39488
   46862
   54113
   59903
   64579
   66826
   66708
   64269
   60043
   54286
   46747
   38806
   31171
   24009
   18244
   12885
    9369
    6456
    4345
    3209
    2372
    1854
    1585
    1422
    1442
    1371
    1341
    1338
    1317
    1250
    1110
     992
     975
     894
     820
     775
     739
     608
     646
     629
     574
     581
     565
     593
     533
     574
     600
     563
     589
     576
     598
     589
     645
     641
     640
     637
     721
     718
     869
    1016
    1175
    1432
    1859
    2316
    2857
    3969
    4977
    6169
    7577
    9029
   10353
   11687
   12527
   13108
   13157
   13015
   12242
   11110
   10025
    8398
    6959
    5467
    4323
    3296
    2484
    1752
    1332
    1000
     831
     738
     697
     707
     687
     835
     937
    1090
    1441
    1806
    2460
    3020
    3961
    4948
    5964
    7315
    8309
    9560
   10387
   10954
   11422
   11193
   10748
    9770
    8784
    7623
    6309
    5203
    4061
    3264
    2486
    1893
    1533
    1189
     905
     850
     761
     653
     605
     576
     528
     499
     521
     534
     489
     457
     470
     476
     459
     471
     454
     455
     441
     465
     439
     436
     451
     490
     478
     439
     415
     489
     489
     399
     434
     428
     479
     433
     426
     466
     419
     429
     427
     453
     463
     413
     467
     435
     439
     444
     431
     443
     454
     464
     424
     458
     462
     412
     480
     408
     443
     457
     479
     434
     432
     461
     461
     419
     431
     429
     477
     431
     475
     458
     407
     437
     405
     404
     414
     463
     428
     437
     423
     436
     445
     449
     495
     431
     496
     456
     450
     452
     446
     459
     458
     443
     449
     439
     471
     459
     430
     467
     498
     526
     551
     572
     660
     853
    1004
    1313
    1727
    2072
    2845
    3550
    4632
    5737
    6861
    8295
    9700
   11040
   12485
   13791
   14975
   16141
   17133
   17794
   17914
   18101
   17358
   16884
   15799
   14290
   12991
   11290
    9307
    7635
    6226
    4562
    3436
    2518
    1856
    1302
    1002
     811
     604
     497
     493
     426
     390
     421
     384
     410
     426
     402
     384
     421
     413
     443
     430
     407
     448
     424
     438
     414
     448
     411
     413
     420
     380
     380
     393
     388
     352
     358
     371
     392
     380
     386
     403
     364
     349
     351
     352
     381
     363
     365
     374
     374
     398
     414
     338
     396
     384
     385
     413
     376
     425
     411
     407
     430
     407
     417
     429
     467
     466
     432
     497
     505
     558
     536
     589
     606
     610
     586
     595
     622
     583
     553
     539
     531
     525
     449
     458
     434
     403
     428
     381
     371
     348
     376
     355
     395
     374
     360
     353
     369
     307
     383
     368
     360
     386
     352
     348
     369
     388
     343
     348
     353
     371
     405
     376
     361
     348
     359
     351
     402
     388
     343
     363
     356
     367
     378
     411
     379
     403
     358
     398
     392
     413
     419
     397
     408
     415
     426
     416
     396
     404
     420
     385
     391
     371
     370
     343
     360
     340
     349
     326
     326
     382
     360
     337
     323
     368
     332
     345
     345
     351
     375
     340
     369
     317
     358
     375
     364
     384
     386
     379
     366
     367
     367
     373
     383
     362
     378
     385
     367
     363
     391
     377
     377
     390
     363
     352
     367
     360
     369
     345
     340
     321
     351
     344
     359
     345
     372
     364
     361
     374
     350
     367
     335
     351
     331
     322
     328
     358
     350
     361
     336
     354
     336
     385
     356
     388
     384
     409
     401
     354
     362
     387
     413
     422
     458
     444
     485
     463
     521
     573
     529
     541
     512
     468
     510
     465
     445
     414
     396
     374
     411
     407
     417
     410
     421
     486
     542
     619
     848
    1092
    1476
    2205
    2996
    4266
    6132
    8629
   11541
   15362
   19566
   25212
   30865
   37070
   42291
   48314
   52115
   54810
   56412
   55470
   53323
   49189
   44211
   38455
   32178
   26356
   20901
   15847
   11709
    8656
    6216
    4348
    3043
    2299
    1830
    1313
    1116
     884
     747
     619
     543
     433
     438
     384
     360
     376
     302
     283
     278
     261
     279
     289
     260
     260
     281
     249
     229
     223
     263
     233
     239
     230
     264
     210
     201
     225
     244
     220
     231
     218
     221
     199
     215
     227
     226
     247
     199
     206
     242
     222
     218
     237
     230
     240
     266
     289
     301
     287
     312
     353
     333
     331
     362
     326
     319
     328
     287
     326
     283
     263
     236
     259
     231
     232
     250
     206
     205
     235
     220
     213
     195
     208
     223
     213
     225
     219
     191
     225
     225
     268
     304
     347
     368
     488
     605
     767
    1017
    1213
    1583
    2026
    2407
    2895
    3378
    3840
    4179
    4321
    4510
    4657
    4488
    4234
    3841
    3532
    3039
    2516
    1960
    1598
    1299
     912
     753
     578
     435
     282
     285
     270
     212
     230
     209
     206
     182
     187
     188
     192
     194
     188
     189
     153
     179
     177
     183
     199
     185
     204
     203
     202
     218
     235
     221
     257
     313
     319
     378
     441
     492
     562
     641
     763
     881
     982
     984
    1056
    1076
    1144
    1098
    1025
     993
     930
     784
     712
     613
     503
     453
     369
     330
     283
     299
     232
     234
     235
     237
     276
     236
     230
     234
     201
     222
     236
     219
     202
     237
     214
     197
     222
     215
     223
     213
     241
     222
     256
     242
     274
     271
     269
     307
     327
     306
     342
     347
     368
     338
     342
     319
     299
     312
     292
     259
     237
     245
     257
     229
     233
     212
     184
     195
     206
     191
     177
     182
     228
     180
     179
     164
     183
     193
     166
     199
     157
     184
     167
     162
     196
     214
     211
     167
     196
     158
     191
     188
     195
     172
     181
     192
     190
     180
     203
     197
     197
     192
     189
     186
     182
     205
     185
     188
     185
     182
     212
     189
     208
     207
     203
     178
     181
     192
     177
     202
     161
     172
     208
     181
     190
     199
     183
     185
     157
     201
     206
     208
     190
     199
     181
     172
     186
     173
     182
     172
     200
     193
     191
     156
     187
     199
     174
     214
     175
     176
     201
     198
     187
     173
     205
     207
     171
     167
     166
     170
     190
     192
     170
     173
     159
     192
     179
     185
     192
     193
     182
     155
     172
     180
     193
     196
     217
     203
     175
     193
     185
     199
     179
     189
     173
     185
     201
     198
     189
     190
     193
     178
     157
     179
     194
     188
     198
     197
     191
     196
     200
     202
     200
     178
     189
     165
     170
     212
     201
     149
     169
     181
     213
     198
     189
     178
     171
     190
     194
     192
     173
     204
     201
     213
     180
     181
     176
     219
     205
     223
     178
     169
     198
     217
     199
     186
     182
     160
     195
     183
     180
     198
     210
     195
     169
     187
     197
     191
     224
     215
     255
     266
     307
     348
     354
     412
     418
     411
     440
     482
     506
     527
     462
     461
     453
     390
     376
     323
     299
     297
     248
     285
     266
     242
     222
     224
     230
     220
     217
     194
     196
     212
     190
     201
     189
     148
     187
     182
     160
     167
     173
     206
     197
     190
     192
     184
     180
     186
     182
     162
     182
     192
     181
     178
     195
     180
     192
     180
     186
     173
     213
     197
     191
     173
     188
     194
     183
     197
     238
     285
     308
     386
     506
     624
     777
    1004
    1283
    1693
    2133
    2857
    3261
    4108
    4746
    5185
    5710
    6264
    6545
    6783
    6671
    6298
    5838
    5218
    4624
    3919
    3231
    2662
    2044
    1624
    1147
     862
     668
     492
     370
     291
     223
     217
     186
     175
     184
     178
     143
     162
     178
     157
     159
     170
     162
     185
     174
     169
     174
     171
     176
     187
     207
     192
     201
     184
     206
     192
     191
     183
     181
     205
     204
     178
     193
     184
     161
     182
     162
     166
     158
     161
     183
     177
     145
     173
     181
     157
     170
     174
     161
     171
     169
     183
     157
     177
     171
     192
     174
     168
     190
     212
     196
     220
     192
     217
     235
     198
     269
     219
     198
     220
     202
     200
     174
     172
     183
     163
     173
     173
     163
     157
     148
     163
     168
     164
     148
     145
     202
     184
     183
     184
     156
     161
     172
     178
     172
     158
     167
     196
     153
     176
     175
     186
     169
     158
     178
     189
     177
     209
     235
     215
     195
     213
     211
     233
     220
     271
     249
     244
     242
     223
     201
     194
     186
     182
     188
     172
     187
     158
     170
     179
     152
     163
     170
     173
     168
     160
     143
     147
     152
     159
     148
     142
     149
     164
     156
     156
     179
     148
     156
     171
     185
     160
     146
     140
     136
     138
     153
     162
     154
     146
     147
     144
     161
     164
     122
     158
     140
     146
     153
     143
     149
     145
     166
     137
     161
     151
     180
     152
     133
     156
     162
     161
     154
     152
     149
     136
     141
     170
     126
     155
     162
     156
     155
     140
     146
     171
     147
     149
     147
     170
     148
     153
     189
     171
     159
     135
     175
     151
     147
     152
     156
     158
     180
     163
     137
     138
     152
     154
     151
     138
     137
     152
     144
     140
     173
     157
     148
     161
     167
     158
     166
     166
     155
     158
     134
     144
     140
     144
     134
     147
     163
     155
     146
     139
     143
     139
     147
     145
     128
     161
     139
     133
     132
     163
     171
     177
     158
     166
     141
     139
     140
     159
     153
     153
     151
     151
     168
     129
     151
     135
     166
     155
     157
     178
     140
     154
     175
     177
     169
     149
     166
     160
     166
     154
     171
     181
     143
     147
     191
     149
     161
     171
     152
     170
     153
     138
     154
     166
     147
     119
     133
     157
     111
     162
     140
     126
     137
     144
     143
     164
     118
     140
     147
     133
     135
     146
     126
     145
     152
     132
     129
     138
     140
     136
     143
     131
     130
     143
     139
     129
     131
     134
     148
     137
     161
     129
     151
     133
     138
     148
     154
     150
     169
     135
     156
     135
     142
     150
     131
     154
     147
     149
     156
     147
     143
     139
     154
     156
     129
     124
     122
     142
     129
     120
     130
     124
     134
     140
     118
     118
     142
     141
     148
     156
     160
     190
     180
     213
     221
     223
     248
     266
     279
     282
     269
     235
     265
     279
     246
     220
     210
     178
     167
     176
     164
     146
     152
     125
     126
     112
     112
     110
     126
     137
     107
     104
     109
     113
     131
     114
     119
     126
     163
     124
     107
     119
     145
     107
     107
     119
     123
     107
     115
     117
     122
     141
     132
     133
     108
     113
     124
     105
     123
     107
     120
     109
     127
     126
     131
     114
     122
     135
     147
     141
     123
     149
     146
     139
     119
     157
     117
     151
     142
     145
     118
     130
     115
     154
     147
     124
     125
     118
     148
     120
     119
     124
     129
     128
     124
     113
     127
     110
     114
     119
     131
     123
     113
     107
     117
     123
     122
     143
     139
     146
     112
     132
     124
     143
     122
     119
     124
     135
     125
     131
     118
     121
     124
     143
     130
     133
     137
     129
     111
     134
     115
     112
     126
     129
     121
     137
     116
     140
     116
     125
     129
     121
     131
     130
     134
     125
     123
     131
     136
     129
     127
     123
     134
     138
     128
     115
     128
     120
     159
     122
     143
     158
     139
     133
     127
     130
     153
     152
     147
     122
     130
     122
     123
     127
     107
     114
     134
     101
     126
      98
     103
     112
     145
     113
     102
     116
     124
     123
     110
     112
     111
     133
     105
     103
     116
     109
     121
     115
     103
     119
     126
     123
     128
     121
     117
     131
     101
     123
     140
     110
     142
     110
     108
     135
     106
     120
     105
     107
     117
     136
     108
     113
     115
     105
     112
     123
     123
     127
     127
     107
     115
     109
     120
      99
     111
     119
     102
     121
     114
     101
     124
     107
      96
     120
     127
     104
     103
      99
     140
     116
     102
     107
     128
     100
     104
     120
     113
     124
     118
     123
     119
     114
     107
     114
     125
     100
     111
      98
     110
     122
      85
     129
     128
      98
     104
     122
     113
     118
      88
      97
     107
      94
      99
     115
     123
     106
     104
     128
     111
     106
     108
      92
     106
      91
     111
     106
     109
     125
     107
     120
     122
     135
     133
     102
     106
     147
     108
     119
     126
     130
     131
     140
     132
     154
     140
     129
     149
     160
     128
     126
     117
     116
     109
     115
     105
     100
     116
     110
     103
     119
      87
     109
     112
     128
     117
      92
     104
      95
     116
      86
     111
     110
      96
      97
     104
     110
     115
     113
     103
     110
     125
     102
     109
     102
     120
     121
     107
     116
     126
     106
      94
     102
     134
     130
     128
     124
      98
     125
     111
     119
     107
     118
     127
     108
     143
     109
     106
     118
     127
     114
     102
     121
     102
     110
     124
     131
     114
     129
     123
     114
     120
     113
     125
     125
     118
     118
     134
     113
     123
     113
     115
     108
     113
      93
      96
     123
     126
     112
     108
     116
     137
     133
     114
     141
     123
     119
     139
     132
     122
     132
     142
     126
     121
     134
     124
     168
     117
     123
      98
     118
     126
      89
     139
     102
      97
     135
     129
      99
     108
     108
      91
      98
     110
     124
     114
      96
     117
     116
     106
     112
     119
     109
      97
      94
     119
     112
     104
     101
     102
     103
      90
      94
     106
     111
      92
      86
      93
     111
     109
     127
     102
     106
      85
     127
     126
     105
     100
     112
     118
     114
     103
     125
     117
     110
     121
     118
     117
     114
     116
      93
      94
     110
     111
     108
     117
     119
     107
      93
      92
     113
     108
      97
      99
      89
     104
     100
     103
      87
     110
     114
      79
     100
      79
     107
      87
     100
      90
      97
      81
      86
     105
      92
      99
      95
     119
      95
     103
      81
      83
      97
     105
      88
     117
     104
      82
     107
      85
      98
     112
     106
     108
      89
      96
      96
     103
     104
      97
     107
     108
      91
     109
     120
      97
     112
      96
      99
     102
      95
     102
      90
     104
      99
      97
     114
      78
      98
     103
      89
     105
     102
      87
     112
      97
      93
     125
     109
      97
     113
     104
     108
      99
      79
     101
     107
     123
     100
     106
      96
     117
      89
      79
     101
     126
      95
     111
      85
      92
      76
     108
      89
      89
      87
      92
      96
      89
      80
      94
      91
      88
     101
      87
     100
      94
      87
      76
      82
      83
      74
      93
      99
      92
     101
      83
      82
     109
     101
     114
      86
      80
     101
      87
      81
     108
      98
     108
     101
      99
      97
      93
     113
      99
     101
     107
     101
      93
     102
     104
      93
      82
     102
      97
      92
     107
     107
     107
      95
     110
     120
      88
      78
      98
      85
      81
      96
     106
      94
      96
     104
      87
      79
      93
     104
      97
      78
      91
      77
      99
      77
      82
      84
      75
      78
      81
      77
     102
      82
      78
      81
      84
      99
      92
      83
      64
      84
      70
      72
      94
      76
      76
      83
      74
      82
      91
      84
      99
      86
      96
      74
      81
      84
      94
      72
      81
      92
      79
      89
      81
      78
      95
      75
      94
      83
      83
      87
      81
      76
      88
      85
      95
      76
      83
      91
      76
      72
      79
     103
      85
      76
      79
      82
      87
      78
      92
      82
      78
      78
      99
      80
      73
      85
      79
      82
      84
      88
      75
      80
      81
      94
      75
      72
      79
      84
      85
      84
     105
      96
      83
      89
      96
      81
      76
     104
      94
      88
      77
      59
      90
      80
      99
      90
     107
      74
      79
      82
      78
      76
      64
      88
      76
      85
      86
      81
      75
      76
      83
      75
      90
      85
      71
      90
      88
      88
      78
      86
      77
      84
      89
      83
      83
      74
      89
      70
      78
      80
      91
      88
      67
      86
      84
      78
      79
      88
      95
      83
      95
      87
      89
     103
     103
      90
      88
      93
      83
      81
      92
      75
      85
      96
      77
      73
      77
      72
      74
      75
      69
      73
      66
      80
      71
      61
      77
      71
      89
      59
      82
      63
      82
      69
      70
      61
      71
      65
      75
      83
      79
      61
      71
      79
      63
      74
      74
      71
      73
      65
      63
      57
      58
      76
      77
      70
      96
      70
      73
      74
      89
      71
      66
      71
      65
      75
      64
      61
      56
      65
      62
      68
      57
      62
      76
      76
      74
      75
      66
      67
      86
      74
      65
      58
      70
      59
      64
      77
      74
      72
      70
      63
      72
      66
      79
      72
      79
      78
      92
      62
      74
      97
      74
      82
      88
     101
      91
      69
      72
      71
      94
      81
      76
      62
      78
      79
      71
      71
      84
      54
      58
      76
      71
      65
      67
      73
      68
      70
      62
      58
      59
      57
      71
      69
      73
      65
      72
      67
      66
      75
      51
      78
      60
      73
      67
      70
      55
      65
      59
      80
      69
      61
      62
      61
      67
      65
      63
      76
      53
      49
      63
      58
      83
      69
      59
      68
      63
      56
      69
      57
      70
      67
      59
      52
      70
      73
      62
      64
      73
      79
      59
      47
      56
      61
      69
      67
      64
      76
      70
      61
      80
      76
      66
      76
      67
      52
      78
      69
      60
      61
      61
      73
      60
      57
      57
      66
      67
      62
      46
      71
      65
      63
      69
      77
      60
      84
      60
      75
      60
      71
      69
      61
      75
      70
      58
      62
      61
      61
      62
      62
      68
      68
      53
      71
      60
      66
      68
      74
      62
      53
      53
      63
      64
      60
      56
      54
      57
      70
      56
      60
      78
      80
      69
      53
      71
      65
      68
      61
      51
      73
      67
      57
      79
      67
      63
      63
      62
      61
      64
      50
      78
      54
      54
      50
      62
      60
      61
      55
      59
      63
      57
      69
      37
      60
      61
      65
      55
      74
      56
      58
      72
      63
      64
      53
      60
      50
      63
      68
      60
      54
      64
      57
      51
      60
      62
      51
      72
      61
      67
      60
      60
      71
      47
      63
      64
      61
      56
      82
      57
      62
      54
      55
      56
      61
      50
      54
      42
      44
      73
      60
      67
      64
      65
      57
      50
      72
      58
      47
      65
      58
      44
      52
      72
      63
      69
      67
      69
      54
      48
      53
      42
      56
      48
      64
      57
      68
      56
      48
      61
      59
      49
      59
      55
      49
      66
      56
      67
      43
      62
      56
      59
      49
      63
      47
      74
      58
      61
      68
      62
      55
      64
      60
      55
      70
      72
      49
      46
      60
      48
      67
      65
      63
      60
      63
      55
      50
      64
      65
      53
      50
      54
      64
      69
      54
      69
      51
      52
      63
      55
      66
      49
      57
      56
      54
      59
      61
      50
      45
      58
      52
      64
      64
      45
      41
      76
      66
      59
      60
      44
      68
      58
      66
      67
      56
      54
      57
      51
      55
      57
      56
      68
      61
      62
      52
      64
      53
      60
      51
      60
      50
      45
      46
      62
      49
      53
      67
      60
      57
      48
      56
      55
      64
      52
      48
      59
      52
      51
      49
      56
      54
      54
      61
      71
      58
      70
      61
      70
      66
      67
      55
      59
      59
      48
      60
      68
      51
      67
      63
      67
      65
      56
      48
      59
      67
      39
      42
      49
      54
      50
      48
      60
      54
      53
      47
      52
      63
      53
      45
      52
      46
      61
      38
      60
      59
      52
      49
      48
      57
      45
      49
      56
      57
      57
      48
      41
      63
      69
      48
      69
      66
      51
      74
      63
      73
      91
      69
      74
      69
      86
      83
      64
      58
      51
      76
      62
      58
      68
      60
      48
      55
      45
      50
      52
      44
      62
      38
      55
      54
      43
      49
      57
      42
      57
      40
      55
      48
      46
      48
      50
      45
      36
      43
      40
      53
      56
      49
      51
      52
      63
      47
      59
      60
      63
      53
      44
      33
      42
      62
      37
      53
      43
      46
      43
      46
      51
      42
      47
      40
      49
      54
      47
      47
      42
      50
      55
      47
      50
      57
      48
      52
      47
      36
      40
      45
      40
      47
      58
      39
      50
      53
      47
      57
      54
      48
      45
      41
      44
      49
      49
      57
      47
      49
      63
      47
      54
      62
      57
      54
      41
      43
      47
      57
      42
      51
      53
      53
      53
      30
      43
      45
      40
      40
      37
      37
      43
      49
      55
      40
      32
      49
      34
      35
      36
      25
      62
      38
      57
      36
      37
      45
      35
      30
      33
      45
      56
      48
      42
      40
      57
      39
      40
      51
      52
      46
      39
      40
      45
      46
      39
      37
      45
      41
      35
      38
      43
      43
      50
      47
      55
      37
      40
      39
      44
      45
      51
      43
      45
      31
      38
      46
      37
      51
      45
      48
      46
      47
      57
      51
      48
      55
      44
      54
      59
      66
      65
      55
      63
      64
      80
      82
      87
      84
      82
      88
      91
      81
      95
      78
      98
      82
      83
      79
      65
      75
      68
      61
      58
      52
      52
      61
      49
      56
      43
      54
      52
      49
      42
      58
      61
      59
      54
      48
      54
      51
      36
      55
      30
      52
      48
      44
      39
      46
      50
      43
      46
      52
      41
      46
      39
      48
      48
      35
      55
      55
      55
      37
      33
      52
      40
      47
      37
      40
      30
      41
      33
      34
      41
      45
      33
      44
      27
      51
      40
      32
      45
      47
      43
      29
      40
      25
      34
      37
      43
      36
      46
      37
      31
      30
      47
      42
      43
      43
      40
      45
      25
      46
      31
      41
      45
      40
      36
      30
      38
      40
      42
      34
      45
      34
      37
      45
      28
      35
      41
      45
      28
      34
      40
      34
      41
      36
      41
      29
      30
      40
      39
      41
      43
      26
      39
      33
      31
      41
      39
      43
      39
      41
      50
      29
      49
      35
      41
      33
      34
      41
      29
      40
      42
      44
      41
      43
      33
      39
      36
      44
      38
      48
      43
      41
      27
      40
      36
      32
      41
      41
      33
      37
      49
      34
      37
      39
      41
      36
      29
      29
      33
      28
      26
      34
      35
      32
      29
      34
      29
      50
      41
      31
      33
      46
      29
      36
      31
      34
      37
      27
      42
      42
      23
      50
      39
      36
      43
      49
      53
      55
      63
      52
      50
      51
      59
      44
      46
      62
      54
      51
      51
      52
      47
      44
      30
      37
      50
      38
      38
      35
      29
$ENER_FIT:
0.000000 0.075000
$PRESETS:
Live Time (sec)
1232
0
$RT:
1800.000000
$DT:
568000
$ISO_DECL_PU:
SMPLNAM: IDB-533
SEPDATE: 01/01/1900 00:00:00
PU238: 0.0117 
DPU238: 1.7094
PU239: 93.4123 
DPU239: 0.0043
PU240: 6.3131 
DPU240: 0.0618
PU241: 0.2235 
DPU241: 0.1790
PU242: 0.0395 
DPU242: 0.7595
AM241: 0.1047 
DAM241: 2.0057
DATE: 01/01/1900 00:00:00
PU240EFF: 6.4089
DPU240EFF: 0.3838
$ADC:
8192
0
8191