$APPLICATION_ID:
IDB v.1.0
$SPEC_REM:
Material type: Pu
Material form: Pellet
Material compound: PuO2
Pu isotopics:
238Pu 1.1025
239Pu 64.8755
240Pu 26.3301
241Pu 3.34
242Pu 4.3519
241Am 5.0104
Detector: HPGe (Geometry: Planar, Size: Unknown)
MCA: Unknown
$DATE_MEA:
08/01/2001 14:24:00
$MEAS_TIM:
994 1800
$DATA:
0 8191
       0
       0
       0
       0
       0
       0
       0
       0
       0
       0
       0
       0
       0
       0
       0
       0
       0
       0
       0
       0
       0
       0
       0
       0
       0
       0
       0
       0
       0
       0
       0
       0
       0
       0
       0
       0
       0
       0
       0
       0
       0
       0
       0
       0
       0
       0
       0
       0
       0
       0
       0
       0
       0
       0
       0
       0
       0
       0
       0
       0
       0
       0
       0
       0
       0
       0
       0
       0
       0
       0
       0
       0
       0
       0
       0
       0
       0
       0
       0
       0
    9055
   11982
   11966
   11954
   11809
   11804
   11850
   11744
   11607
   11708
   11623
   11774
   11478
   11327
   11465
   11252
   11249
   11451
   11110
   11244
   11087
   10907
   10806
   10725
   10596
   10661
   10494
   10480
   10461
   10414
   10440
   10532
   10240
   10336
   10239
   10297
   10028
   10211
   10201
   10029
   10193
    9982
   10129
    9872
   10110
   10000
   10127
    9884
   10173
    9968
   10120
   10008
    9989
    9965
    9969
   10162
    9891
    9861
    9908
    9983
    9733
    9821
    9907
    9849
    9706
    9821
    9700
    9994
   10149
   10143
   10142
   10423
   10285
   10355
   10279
   10117
   10413
   10239
   10198
   10222
   10347
   10332
   10096
   10276
   10318
   10331
   10103
   10175
   10182
   10120
   10057
   10174
   10105
    9929
   10073
   10240
   10125
   10112
    9999
   10016
   10073
   10160
   10014
   10096
    9925
    9993
   10030
    9910
   10277
   10242
   10328
   10488
   10165
   10220
   10178
    9993
   10160
    9907
    9874
    9942
    9900
    9966
   10015
    9941
    9922
    9796
    9730
    9850
    9845
    9901
    9754
    9782
    9791
    9925
    9964
    9710
    9877
   10026
    9908
    9773
    9765
    9694
    9759
    9740
    9549
    9787
    9519
    9981
    9985
   10066
    9703
    9804
    9761
    9923
    9756
   10064
    9825
    9591
    9899
    9741
    9682
    9785
    9717
    9634
    9779
    9793
    9596
    9741
    9858
    9721
    9831
    9756
    9738
    9531
    9713
    9657
    9776
    9749
    9658
    9774
    9781
    9610
    9721
    9646
    9716
    9695
    9779
    9881
    9949
    9689
    9562
    9470
    9655
    9759
    9778
    9762
    9772
    9631
    9806
    9940
    9509
    9709
    9786
    9854
    9808
    9863
    9656
    9789
    9704
    9725
    9658
    9632
    9777
    9887
    9788
    9850
    9840
    9595
    9839
    9893
    9677
    9795
    9717
    9876
    9890
   10027
   10102
   10130
   10292
   10203
   10172
   10302
   10015
    9992
   10101
   10146
   10193
   10801
   11391
   12163
   12935
   13504
   14187
   14429
   13643
   12610
   11272
   10407
   10003
    9785
    9709
    9785
    9833
    9852
    9862
    9980
    9680
    9699
    9672
    9719
    9774
    9757
    9746
    9746
    9722
    9734
   10020
   10033
   10020
    9935
    9939
    9732
    9864
    9917
    9815
    9671
    9689
    9735
    9888
    9783
   10111
   10107
   10378
   10561
   10715
   10476
   10186
   10046
    9729
    9626
    9758
    9512
    9673
    9694
    9460
    9295
    9348
    9051
    9424
    9080
    9331
    9123
    9166
    9064
    9298
    9077
    9025
    9091
    9033
    9014
    9120
    9129
    9047
    8968
    8946
    8904
    8819
    8761
    8861
    8799
    8880
    8716
    8805
    8758
    8840
    8585
    8690
    8924
    8716
    8706
    8688
    8824
    8649
    8520
    8658
    8596
    8483
    8541
    8643
    8727
    8454
    8562
    8548
    8603
    8654
    8502
    8473
    8447
    8301
    8543
    8335
    8580
    8537
    8395
    8404
    8433
    8371
    8356
    8522
    8467
    8259
    8372
    8420
    8286
    8357
    8154
    8238
    8366
    8309
    8036
    8159
    8276
    8057
    8279
    8199
    8153
    8076
    8062
    8195
    8027
    8194
    8027
    8143
    8109
    8085
    7945
    7894
    8025
    7948
    7915
    8035
    8169
    7902
    7786
    7872
    7903
    7879
    7743
    7823
    8029
    7954
    7852
    7698
    7893
    7850
    7724
    7967
    7835
    7608
    7725
    7615
    7544
    7746
    7654
    7553
    7689
    7619
    7572
    7639
    7480
    7723
    7582
    7442
    7506
    7434
    7417
    7608
    7362
    7540
    7505
    7478
    7528
    7428
    7424
    7463
    7360
    7226
    7383
    7349
    7407
    7359
    7317
    7313
    7409
    7326
    7206
    7356
    7394
    7253
    7181
    7185
    7281
    7358
    7414
    7336
    7296
    7146
    7193
    7186
    7090
    7104
    7329
    7143
    7139
    7177
    7137
    7041
    7193
    6995
    7166
    7161
    7233
    6937
    7188
    7026
    7070
    7112
    7080
    6998
    7020
    7097
    7008
    7187
    6978
    7067
    6984
    7182
    7008
    7027
    6987
    6985
    6923
    6889
    6967
    7065
    7024
    6923
    6921
    6923
    6937
    6810
    6932
    6820
    6991
    6901
    6952
    6915
    6806
    6773
    6894
    6921
    6985
    6869
    6875
    6857
    6757
    6878
    6708
    6740
    6810
    6737
    6856
    6676
    6820
    6748
    6866
    6714
    6820
    6991
    6801
    6757
    6854
    6775
    6766
    6937
    6877
    6756
    6780
    6680
    6513
    6811
    6735
    6773
    6767
    6817
    6825
    6819
    6766
    6787
    6748
    6682
    6631
    6928
    6643
    6720
    6659
    6646
    6663
    6754
    6663
    6745
    6669
    6684
    6690
    6541
    6680
    6725
    6695
    6802
    6657
    6646
    6837
    6660
    6580
    6601
    6743
    6511
    6692
    6759
    6702
    6676
    6665
    6619
    6600
    6657
    6693
    6704
    6713
    6474
    6418
    6628
    6623
    6626
    6635
    6575
    6702
    6646
    6688
    6620
    6662
    6507
    6592
    6571
    6544
    6638
    6751
    6535
    6612
    6593
    6505
    6622
    6413
    6534
    6620
    6427
    6574
    6443
    6548
    6609
    6562
    6403
    6471
    6544
    6638
    6320
    6569
    6436
    6676
    6297
    6511
    6525
    6466
    6491
    6614
    6551
    6429
    6407
    6365
    6520
    6593
    6494
    6507
    6446
    6424
    6412
    6373
    6331
    6328
    6508
    6308
    6273
    6297
    6276
    6354
    6382
    6375
    6302
    6341
    6434
    6363
    6439
    6314
    6253
    6323
    6308
    6318
    6330
    6252
    6449
    6382
    6185
    6203
    6207
    6346
    6426
    6459
    6263
    6278
    6332
    6437
    6317
    6267
    6382
    6236
    6215
    6367
    6242
    6378
    6284
    6293
    6281
    6216
    6278
    6297
    6248
    6243
    6128
    6276
    6370
    6419
    6223
    6171
    6264
    6426
    6468
    6503
    6517
    6613
    6857
    7140
    7485
    8352
    9667
   10540
   11498
   11667
   10804
    9660
    8507
    7444
    6656
    6473
    6243
    6159
    6182
    6127
    6181
    6261
    6247
    6207
    6184
    6166
    6287
    6046
    5987
    6264
    6205
    6171
    6229
    6131
    6122
    6287
    6091
    6193
    6151
    6279
    6030
    6211
    6172
    6195
    6311
    6156
    6192
    6136
    5988
    6262
    6080
    6083
    6221
    6210
    6082
    6102
    6116
    6282
    6114
    6094
    6098
    6186
    6030
    6186
    6153
    6237
    6081
    6121
    6138
    6281
    6276
    6139
    6200
    6147
    6161
    6145
    6223
    6218
    6202
    6075
    6145
    6129
    6141
    6128
    6242
    6226
    6168
    6106
    6219
    6160
    6170
    6170
    6261
    6072
    6184
    6175
    6372
    6135
    6331
    6164
    6203
    6036
    6201
    6217
    6154
    6179
    6296
    6199
    6261
    6322
    6198
    6371
    6331
    6126
    6291
    6236
    6252
    6243
    6336
    6298
    6236
    6229
    6330
    6183
    6204
    6199
    6207
    6136
    6208
    6436
    6203
    6374
    6359
    6332
    6321
    6358
    6401
    6489
    6351
    6372
    6405
    6296
    6354
    6370
    6371
    6305
    6291
    6414
    6435
    6347
    6616
    6531
    6403
    6572
    6415
    6629
    6604
    6498
    6570
    6593
    6401
    6492
    6597
    6593
    6680
    6554
    6541
    6715
    6567
    6665
    6611
    6724
    6699
    6764
    6834
    6935
    6909
    6815
    6761
    7111
    7075
    6904
    7129
    7229
    7412
    7264
    7286
    7331
    7357
    7204
    7170
    7059
    7078
    7199
    7020
    7282
    7125
    7168
    7106
    7201
    7238
    7305
    7139
    7142
    7238
    7294
    7368
    7492
    7216
    7336
    7483
    7727
    7677
    7887
    8021
    8064
    7856
    7815
    7500
    7544
    7452
    7460
    7445
    7400
    7389
    7470
    7383
    7440
    7486
    7439
    7558
    7610
    7505
    7444
    7449
    7586
    7530
    7591
    7664
    7677
    7683
    7621
    7704
    7908
    7819
    7725
    7801
    7866
    7786
    7718
    7705
    7829
    7765
    7782
    7806
    7805
    7688
    7770
    7753
    7809
    7813
    7788
    7853
    7829
    7800
    8123
    7820
    8013
    7946
    8002
    8071
    8029
    8061
    7971
    8119
    7996
    8018
    8205
    8197
    8130
    8235
    8170
    8353
    8106
    8259
    8245
    8268
    8128
    8374
    8320
    8314
    8138
    8267
    8285
    8500
    8473
    8433
    8514
    8476
    8444
    8523
    8459
    8548
    8589
    8650
    8685
    8584
    8529
    8634
    8700
    8779
    8669
    8773
    8598
    8827
    8734
    8832
    9008
    8813
    8939
    8863
    8940
    8984
    8851
    8892
    8946
    9029
    8959
    8910
    8889
    9237
    8960
    9136
    9048
    9213
    9079
    9016
    9350
    9347
    9328
    9376
    9274
    9499
    9672
    9506
    9585
    9806
    9715
    9663
    9682
    9724
    9729
    9567
    9800
    9638
    9515
    9721
    9780
    9734
    9774
    9828
    9618
    9980
    9978
    9989
    9946
    9884
   10090
    9937
    9991
   10163
   10000
   10180
    9907
   10251
   10185
   10398
   10297
   10499
   10445
   10481
   10590
   10421
   10561
   10280
   10519
   10567
   10698
   10559
   10626
   10704
   10694
   10748
   10871
   10977
   11065
   10867
   11065
   11186
   11136
   11056
   11230
   11148
   11464
   11431
   11508
   11264
   11344
   11391
   11190
   11614
   11334
   11586
   11518
   11688
   11859
   11524
   11488
   11727
   11891
   11654
   11550
   11863
   11852
   11726
   11782
   11937
   11956
   11981
   12192
   12108
   12292
   12312
   12401
   12390
   12396
   12452
   12290
   12418
   12270
   12483
   12479
   12549
   12485
   12701
   12646
   12794
   12580
   12692
   12847
   13085
   12874
   12932
   13127
   13217
   13345
   13277
   13667
   13400
   13524
   13386
   13403
   13530
   13608
   13772
   14118
   14166
   14617
   15236
   15879
   17024
   18579
   21093
   23772
   27516
   31295
   34163
   36051
   35568
   32584
   29269
   24904
   21520
   18495
   16527
   15390
   15155
   14542
   14457
   14664
   14211
   14669
   14580
   14760
   14852
   15227
   15366
   15632
   16116
   16601
   17418
   18849
   20315
   23133
   26465
   31225
   36953
   42842
   47910
   50891
   51322
   47305
   41933
   35419
   29412
   24943
   22385
   20940
   20662
   21978
   24170
   27320
   32521
   39792
   48827
   59986
   70780
   80896
   88151
   93952
  101634
  110357
  123257
  136386
  143614
  142896
  130408
  110684
   89262
   71639
   61357
   57282
   59825
   64379
   70056
   74302
   75393
   72965
   65572
   54931
   44080
   34228
   27341
   24253
   23767
   26278
   31351
   38818
   49368
   62214
   77061
   89529
   97944
   98876
   92654
   80561
   64187
   49223
   36575
   27363
   21833
   18576
   17111
   16586
   16490
   16496
   17110
   17686
   19564
   22100
   26447
   33670
   45269
   63049
   87289
  116857
  146158
  169227
  179828
  172504
  151157
  122274
   94705
   75955
   66691
   68243
   75759
   83783
   87639
   86882
   80771
   71482
   61894
   53024
   46838
   42016
   37053
   31520
   25385
   20169
   16101
   12931
   11263
   10095
    9782
    9413
    9265
    9159
    9032
    9141
    9233
    9135
    9147
    9239
    9145
    9103
    9387
    9518
    9704
   10152
   10575
   10983
   11668
   12111
   12573
   12342
   12395
   11820
   11570
   10569
   10322
    9795
    9207
    9386
    9189
    9314
    9202
    9133
    9297
    9114
    9313
    9183
    9545
    9248
    9193
    9197
    9251
    9192
    9411
    9448
    9430
    9280
    9396
    9314
    9588
    9321
    9569
    9369
    9678
    9544
    9716
    9756
   10002
    9875
   10203
   10455
   10617
   11150
   11644
   12365
   13051
   14474
   16079
   18427
   21127
   24135
   26680
   28103
   28825
   27876
   26422
   24939
   23545
   23891
   25924
   29958
   34574
   40353
   44564
   46646
   46025
   42403
   36560
   30429
   24502
   19873
   16422
   14499
   13281
   12711
   12026
   11761
   11620
   11585
   11389
   11849
   12487
   13030
   13996
   15779
   18021
   21264
   25316
   29007
   33348
   36218
   37594
   37472
   35000
   32769
   30434
   29404
   30812
   35042
   41469
   50183
   59855
   69147
   75100
   76995
   74826
   68627
   59958
   50458
   41604
   33996
   28463
   23848
   21100
   19491
   18472
   18619
   19080
   19409
   19654
   19311
   18792
   18104
   17654
   18004
   19258
   21212
   24067
   26404
   28561
   29923
   29728
   28312
   25796
   23341
   22342
   21810
   23322
   26958
   32013
   38626
   45711
   52345
   57542
   59775
   59490
   57058
   52472
   46562
   40420
   34131
   29108
   24002
   20682
   18645
   17119
   16786
   17192
   17337
   17520
   17303
   16791
   15886
   14635
   13168
   12181
   11176
   10566
   10156
   10133
    9892
    9788
    9753
    9706
    9779
    9757
    9926
    9967
   10695
   11297
   12391
   13367
   15284
   16972
   19047
   20729
   22337
   23321
   23571
   23182
   22112
   20429
   18145
   16250
   14729
   13173
   12516
   12168
   11962
   12011
   12045
   12119
   11802
   11346
   10543
   10100
    9121
    8665
    8009
    8043
    7944
    8049
    8321
    8644
    9157
    9883
   11180
   12440
   13882
   15108
   15606
   15773
   14682
   13331
   11765
   10484
    9111
    8468
    7889
    7863
    7653
    7669
    7785
    7466
    7544
    7648
    7721
    7825
    7799
    8197
    8455
    8841
    9692
   11126
   13200
   15989
   20417
   25900
   32258
   38160
   41943
   44041
   42223
   36986
   30582
   23781
   17497
   12939
   10176
    8397
    7531
    7160
    7073
    7000
    7036
    7006
    6860
    6843
    6780
    6900
    7044
    7144
    6853
    6996
    6940
    7047
    6959
    6824
    6755
    6932
    6930
    7084
    7024
    6957
    6929
    6862
    7088
    7074
    7030
    7013
    7134
    6977
    7122
    7208
    7359
    7772
    7928
    8970
   10098
   11635
   13842
   16365
   18791
   21169
   22000
   21902
   20256
   17803
   15125
   12484
    9942
    8676
    7917
    7177
    7010
    6778
    6723
    6786
    6746
    6857
    6662
    6795
    6739
    6799
    6798
    6798
    6645
    6964
    6640
    6768
    6929
    6683
    6681
    6888
    6708
    6662
    6862
    6822
    6796
    6704
    6778
    6667
    6712
    6744
    6830
    6842
    6664
    6744
    6771
    6816
    6721
    6752
    6828
    6751
    6737
    6730
    6667
    6691
    6708
    6696
    6765
    6718
    6764
    6679
    6686
    6776
    6719
    6936
    6692
    6827
    6801
    6648
    6775
    6836
    6824
    6832
    6701
    6878
    6754
    6836
    6760
    6809
    6853
    6966
    6789
    6806
    6611
    6982
    6830
    6754
    6856
    6709
    6814
    6771
    6776
    6951
    6754
    6715
    6787
    6763
    6844
    6816
    6852
    6822
    6635
    6749
    6827
    6929
    6927
    6724
    6785
    6688
    6740
    6698
    6824
    6906
    6918
    6854
    6708
    6825
    6845
    6771
    6956
    6848
    6919
    6831
    6969
    6936
    6759
    6834
    6857
    6909
    6903
    6820
    6805
    6868
    6925
    6839
    6868
    6819
    6924
    7028
    6995
    6927
    6786
    6804
    6816
    6740
    6856
    6781
    6939
    6929
    6759
    6869
    6835
    6864
    6794
    6868
    6956
    6713
    6933
    6762
    6958
    6944
    6888
    6958
    6973
    7061
    7086
    7121
    7164
    6963
    7035
    7014
    7063
    6812
    6863
    6905
    7166
    6816
    6931
    6886
    7082
    6942
    6896
    7139
    6920
    7105
    7084
    7099
    7120
    7122
    7067
    7003
    7167
    7178
    7311
    7362
    7474
    7597
    7688
    8100
    8159
    8118
    8055
    8043
    7787
    7657
    7537
    7289
    7188
    7108
    7108
    7063
    7094
    7096
    7118
    7190
    7123
    6982
    7256
    7315
    7415
    7564
    7613
    7689
    8459
    8759
    9353
   10175
   11183
   12434
   13821
   14797
   15387
   15528
   14457
   13472
   12130
   10536
    9728
    8480
    7910
    7693
    7442
    7478
    7529
    7738
    7769
    8306
    8930
   10045
   11692
   14237
   18095
   23538
   31085
   40832
   51125
   61925
   70708
   75131
   73560
   67491
   57663
   45446
   34307
   24299
   16891
   12317
    9309
    8169
    7314
    7001
    7091
    6797
    7052
    7402
    7569
    7742
    8013
    8110
    8142
    7992
    7994
    7846
    7332
    6947
    6859
    6913
    6774
    6753
    6792
    6771
    6769
    6714
    6788
    6790
    6793
    6782
    6781
    6705
    7045
    6661
    7078
    7162
    7466
    7971
    8450
    9547
   10930
   12962
   15679
   18666
   21808
   24743
   26372
   27034
   25692
   23221
   19696
   16264
   13114
   10552
    8988
    7844
    7129
    6654
    6740
    6787
    6697
    6787
    6639
    6673
    6688
    6568
    6624
    6782
    6703
    6728
    6703
    6632
    6697
    6478
    6726
    6721
    6681
    6544
    6615
    6513
    6477
    6708
    6789
    6798
    6633
    6601
    6697
    6670
    6723
    6737
    6588
    6652
    6635
    6679
    6726
    6670
    6738
    6559
    6629
    6696
    6711
    6769
    6629
    6661
    6612
    6741
    6693
    6676
    6638
    6629
    6665
    6635
    6634
    6756
    6591
    6611
    6715
    6729
    6782
    6734
    6657
    6959
    6491
    6703
    6593
    6808
    6663
    6704
    6637
    6718
    6827
    7042
    6973
    6755
    6933
    7081
    7393
    7677
    7972
    8381
    9000
    9863
   10402
   11080
   11525
   11721
   11778
   11537
   11116
   10497
   10009
    9261
    8574
    7861
    7580
    7257
    6959
    7082
    6878
    7026
    7135
    7265
    7219
    7366
    7407
    7344
    7157
    6946
    6961
    6932
    6961
    6584
    6709
    6671
    6753
    6523
    6534
    6667
    6621
    6634
    6597
    6638
    6627
    6789
    6649
    6793
    6749
    6727
    6703
    6743
    6715
    6926
    6880
    7250
    7464
    8052
    8728
    9626
   11242
   13483
   16519
   20020
   23865
   27264
   29434
   30592
   30147
   27308
   23920
   19886
   15865
   12785
    9900
    8420
    7602
    7088
    6829
    6701
    6669
    6823
    6960
    6948
    6882
    7087
    7094
    6916
    6835
    6758
    6710
    6555
    6675
    6570
    6473
    6349
    6494
    6587
    6465
    6447
    6582
    6592
    6473
    6450
    6448
    6473
    6343
    6598
    6617
    6446
    6438
    6396
    6416
    6422
    6476
    6495
    6438
    6463
    6376
    6466
    6451
    6605
    6643
    6628
    6779
    7053
    7160
    7653
    8132
    8898
    9546
    9983
   10623
   10761
   10753
   10354
    9638
    9085
    8431
    7678
    7403
    6933
    6790
    6562
    6442
    6484
    6276
    6333
    6493
    6487
    6441
    6393
    6717
    6660
    6728
    6861
    6956
    7093
    7133
    7011
    6890
    6804
    6726
    6484
    6505
    6494
    6427
    6444
    6230
    6228
    6434
    6343
    6288
    6367
    6410
    6301
    6393
    6322
    6261
    6489
    6409
    6341
    6356
    6307
    6232
    6347
    6389
    6366
    6380
    6491
    6282
    6453
    6371
    6250
    6309
    6418
    6386
    6332
    6292
    6222
    6435
    6447
    6381
    6637
    6641
    6718
    6558
    6607
    6681
    6699
    6422
    6572
    6429
    6441
    6429
    6288
    6264
    6285
    6344
    6419
    6455
    6186
    6330
    6401
    6264
    6424
    6325
    6323
    6257
    6360
    6230
    6319
    6167
    6189
    6349
    6274
    6266
    6215
    6313
    6133
    6374
    6290
    6403
    6246
    6238
    6435
    6376
    6335
    6216
    6296
    6206
    6456
    6193
    6300
    6442
    6355
    6424
    6512
    6620
    6508
    6814
    6716
    6679
    6719
    6663
    6555
    6634
    6332
    6309
    6319
    6356
    6187
    6191
    6216
    6207
    6295
    6219
    6236
    6250
    6165
    6213
    6167
    6096
    6197
    6141
    6189
    6210
    6230
    6193
    6221
    6230
    6135
    6209
    6198
    6140
    6184
    6270
    6144
    6135
    6133
    6194
    6230
    6150
    6179
    6056
    6161
    6059
    6064
    6136
    6199
    6168
    6234
    6197
    6105
    6103
    6048
    6255
    6209
    6138
    6106
    6012
    6227
    6054
    6212
    6199
    6150
    5981
    6088
    6141
    6116
    6268
    6249
    6074
    6108
    6138
    6151
    6152
    6144
    6161
    6134
    6062
    6197
    6162
    6151
    6151
    6103
    6087
    6152
    5980
    6077
    6093
    6192
    6118
    6042
    6134
    6009
    5833
    6048
    6040
    6063
    6214
    6025
    6135
    6016
    5970
    6098
    5923
    6209
    6043
    6020
    6074
    6085
    6027
    6050
    5958
    6052
    6027
    5840
    6059
    6178
    6127
    6048
    6017
    6001
    6085
    5991
    6011
    5951
    5984
    5961
    5965
    6182
    6134
    6234
    6359
    6360
    6574
    6456
    6581
    6483
    6431
    6311
    5991
    6228
    6007
    5987
    5949
    5871
    5700
    5968
    5960
    5805
    5955
    5928
    5848
    5850
    6044
    5797
    5860
    5845
    5809
    5758
    5933
    5880
    5897
    5975
    6020
    6219
    6316
    6280
    6337
    6579
    6495
    6425
    6354
    6275
    6063
    5994
    5901
    5745
    5822
    5804
    5901
    5754
    5705
    5804
    5806
    5947
    5643
    5612
    5788
    5737
    5701
    5783
    5677
    5804
    5683
    5669
    5554
    5691
    5635
    5763
    5625
    5880
    5802
    5777
    5631
    5684
    5746
    5736
    5736
    5807
    5767
    5741
    5806
    6057
    5978
    6137
    6294
    6416
    6506
    6492
    6463
    6409
    6457
    6383
    6183
    5987
    5870
    5751
    5766
    5846
    5808
    5726
    5761
    5856
    5857
    5858
    5827
    5658
    5870
    5809
    5733
    5756
    5837
    5665
    5672
    5918
    5879
    6016
    6139
    6139
    6050
    5997
    6172
    6094
    5912
    5988
    5936
    5706
    5764
    5778
    5701
    5508
    5759
    5517
    5695
    5761
    5547
    5661
    5586
    5527
    5646
    5610
    5443
    5623
    5668
    5784
    5700
    5713
    5772
    5587
    5578
    5763
    5547
    5546
    5589
    5702
    5678
    5749
    5771
    5683
    5838
    5862
    5813
    5729
    5614
    5779
    5758
    5682
    5608
    5613
    5543
    5593
    5559
    5680
    5597
    5724
    5642
    5696
    5521
    5602
    5778
    5686
    5764
    5839
    5706
    5919
    6123
    6416
    6852
    7245
    8076
    8399
    9363
    9689
   10026
   10298
    9940
    9411
    8708
    8119
    7134
    6842
    6386
    6003
    5714
    5516
    5487
    5359
    5286
    5276
    5307
    5374
    5222
    5262
    5426
    5232
    5385
    5531
    5325
    5298
    5263
    5346
    5352
    5332
    5310
    5491
    5474
    5503
    5369
    5419
    5499
    5349
    5605
    5815
    6004
    6198
    6483
    7061
    7812
    8951
   10802
   13772
   18410
   25557
   36708
   53275
   76730
  109349
  152066
  202706
  259452
  316596
  367090
  400741
  414330
  402468
  367432
  316321
  254057
  191911
  136064
   90748
   57439
   34274
   20325
   11908
    7476
    5256
    4344
    3864
    3519
    3569
    3467
    3434
    3451
    3358
    3304
    3332
    3332
    3426
    3264
    3380
    3214
    3287
    3287
    3303
    3364
    3222
    3230
    3255
    3273
    3228
    3153
    3162
    3209
    3285
    3078
    3142
    3177
    3140
    3141
    3021
    3115
    3067
    3078
    3202
    3102
    3117
    3056
    3082
    3018
    3095
    3135
    3083
    3178
    3127
    3161
    3100
    3078
    3093
    3113
    3049
    3105
    3083
    3115
    3022
    3070
    2985
    3071
    2995
    3118
    2930
    2960
    3006
    3078
    2978
    2986
    3034
    3081
    2973
    3042
    2974
    2973
    2880
    2898
    3038
    2988
    2801
    2939
    2897
    2885
    2855
    2832
    2818
    2825
    2941
    2916
    2852
    2859
    2788
    2801
    2942
    2785
    2731
    2908
    2806
    2843
    2789
    2796
    2803
    2804
    2799
    2789
    2831
    2843
    2800
    2881
    2786
    2788
    2798
    2706
    2696
    2808
    2747
    2814
    2762
    2680
    2760
    2662
    2763
    2781
    2782
    2763
    2709
    2665
    2712
    2725
    2715
    2817
    2713
    2653
    2652
    2651
    2619
    2628
    2710
    2663
    2532
    2531
    2664
    2671
    2684
    2638
    2777
    2662
    2641
    2702
    2734
    2711
    2691
    2538
    2710
    2598
    2658
    2725
    2855
    2884
    3114
    3255
    3531
    3767
    3958
    4105
    4178
    4330
    4265
    4237
    4086
    3781
    3542
    3377
    3190
    2951
    2773
    2686
    2622
    2741
    2488
    2420
    2513
    2491
    2403
    2453
    2444
    2512
    2483
    2477
    2488
    2494
    2449
    2478
    2524
    2468
    2468
    2456
    2484
    2379
    2494
    2394
    2418
    2403
    2440
    2460
    2412
    2416
    2416
    2444
    2450
    2428
    2374
    2511
    2502
    2493
    2389
    2406
    2485
    2467
    2491
    2444
    2447
    2381
    2514
    2524
    2332
    2329
    2422
    2278
    2342
    2374
    2320
    2327
    2314
    2386
    2361
    2314
    2312
    2336
    2254
    2317
    2325
    2323
    2324
    2333
    2284
    2324
    2354
    2319
    2216
    2366
    2378
    2281
    2401
    2233
    2284
    2318
    2317
    2250
    2243
    2239
    2275
    2344
    2277
    2316
    2307
    2195
    2301
    2319
    2266
    2229
    2212
    2288
    2202
    2229
    2353
    2335
    2216
    2212
    2218
    2160
    2148
    2173
    2223
    2230
    2163
    2151
    2271
    2150
    2313
    2231
    2222
    2226
    2158
    2213
    2124
    2179
    2207
    2216
    2182
    2142
    2225
    2158
    2168
    2191
    2218
    2210
    2263
    2330
    2176
    2203
    2239
    2183
    2301
    2217
    2285
    2311
    2344
    2307
    2357
    2285
    2291
    2241
    2313
    2252
    2177
    2141
    2148
    2218
    2162
    2210
    2260
    2271
    2315
    2497
    2421
    2476
    2532
    2558
    2432
    2339
    2433
    2320
    2274
    2285
    2210
    2092
    2211
    2152
    2115
    2098
    1983
    2033
    2064
    2161
    2122
    2009
    2042
    2005
    2058
    2120
    2048
    2068
    2107
    2034
    2061
    1988
    1984
    2044
    2129
    1985
    2015
    2046
    2052
    2032
    2037
    2044
    2072
    2178
    2229
    2148
    2194
    2167
    2328
    2362
    2323
    2355
    2664
    2824
    2964
    3120
    3461
    3723
    3869
    4014
    4034
    3950
    3724
    3426
    3141
    2841
    2609
    2385
    2243
    2139
    2024
    1989
    1968
    2024
    1960
    1943
    2005
    1976
    1980
    1972
    1980
    1944
    2012
    1982
    2015
    2055
    2043
    2076
    2154
    2165
    2211
    2176
    2106
    2104
    2048
    2090
    1969
    2025
    1931
    1896
    2074
    1982
    2024
    1896
    1909
    1993
    2006
    1979
    2021
    1995
    1993
    1997
    1982
    1989
    1943
    1966
    1969
    2020
    2104
    2099
    2123
    2174
    2050
    2208
    2186
    2077
    2136
    2060
    1935
    1938
    2015
    1966
    1956
    1896
    1976
    1973
    1879
    1859
    1938
    1897
    2015
    1998
    1943
    1926
    1903
    1840
    1938
    1930
    1896
    1901
    1979
    1873
    1877
    1969
    1853
    1856
    1945
    1869
    2022
    1904
    1917
    1918
    1881
    1937
    1975
    1883
    1977
    1996
    1984
    1953
    1945
    1975
    1967
    1965
    1851
    1953
    1924
    1891
    1876
    1913
    1879
    1850
    1801
    1838
    1858
    1967
    1860
    1829
    1872
    1813
    1935
    1923
    1978
    1943
    1904
    1955
    1994
    1885
    1961
    1869
    1910
    1916
    1771
    1904
    1816
    1913
    1927
    1861
    1911
    1816
    1869
    1858
    1881
    1863
    1853
    1885
    1911
    1832
    1800
    1823
    1801
    1817
    1817
    1866
    1785
    1874
    1912
    1883
    1860
    1892
    1852
    1927
    1799
    1793
    1895
    1854
    1762
    1843
    1917
    1780
    1837
    1775
    1782
    1706
    1832
    1831
    1766
    1777
    1808
    1808
    1829
    1790
    1736
    1659
    1758
    1695
    1671
    1724
    1795
    1794
    1740
    1788
    1715
    1744
    1766
    1715
    1782
    1715
    1707
    1791
    1694
    1831
    1779
    1747
    1882
    1850
    1985
    2009
    2167
    2188
    2404
    2413
    2497
    2429
    2468
    2308
    2273
    2223
    2042
    1980
    1810
    1893
    1757
    1769
    1742
    1704
    1687
    1708
    1687
    1694
    1704
    1685
    1631
    1704
    1648
    1693
    1675
    1648
    1622
    1689
    1648
    1701
    1692
    1663
    1626
    1744
    1698
    1598
    1664
    1598
    1615
    1650
    1592
    1675
    1708
    1672
    1623
    1712
    1641
    1662
    1648
    1639
    1577
    1643
    1677
    1700
    1639
    1604
    1537
    1518
    1606
    1657
    1646
    1645
    1536
    1582
    1578
    1675
    1579
    1651
    1646
    1687
    1677
    1606
    1651
    1595
    1639
    1660
    1714
    1618
    1663
    1548
    1588
    1577
    1601
    1599
    1547
    1603
    1548
    1592
    1577
    1586
    1626
    1613
    1612
    1621
    1598
    1536
    1643
    1611
    1575
    1639
    1582
    1626
    1593
    1544
    1619
    1640
    1661
    1663
    1644
    1754
    1670
    1752
    1742
    1745
    1840
    1804
    1823
    1810
    1740
    1811
    1725
    1735
    1803
    1841
    1859
    1873
    1948
    1891
    1879
    1801
    1858
    1784
    1710
    1727
    1643
    1673
    1623
    1601
    1583
    1598
    1517
    1590
    1492
    1623
    1539
    1604
    1595
    1594
    1670
    1807
    2011
    2296
    2657
    3198
    3987
    4919
    6154
    7788
    9563
   11572
   13499
   15211
   16089
   16703
   16478
   15608
   14133
   12149
   10106
    8091
    6265
    4729
    3646
    2770
    2233
    1828
    1638
    1484
    1481
    1352
    1467
    1457
    1501
    1382
    1401
    1396
    1424
    1455
    1452
    1410
    1435
    1402
    1373
    1351
    1334
    1488
    1359
    1349
    1375
    1483
    1344
    1427
    1402
    1411
    1445
    1363
    1427
    1357
    1461
    1424
    1408
    1370
    1444
    1423
    1474
    1387
    1458
    1378
    1444
    1381
    1410
    1355
    1368
    1341
    1349
    1355
    1359
    1316
    1350
    1357
    1374
    1373
    1406
    1394
    1381
    1337
    1279
    1309
    1379
    1395
    1360
    1377
    1321
    1308
    1370
    1320
    1363
    1303
    1383
    1307
    1433
    1299
    1354
    1355
    1321
    1314
    1352
    1331
    1392
    1369
    1310
    1373
    1380
    1495
    1451
    1428
    1435
    1470
    1496
    1549
    1602
    1610
    1548
    1594
    1588
    1510
    1488
    1538
    1459
    1395
    1390
    1325
    1367
    1363
    1401
    1335
    1280
    1324
    1313
    1410
    1397
    1386
    1425
    1434
    1490
    1414
    1445
    1441
    1398
    1448
    1342
    1316
    1336
    1363
    1306
    1343
    1285
    1310
    1376
    1365
    1260
    1339
    1330
    1266
    1314
    1264
    1306
    1246
    1290
    1260
    1276
    1323
    1214
    1268
    1293
    1274
    1292
    1318
    1308
    1280
    1247
    1218
    1262
    1280
    1304
    1293
    1280
    1316
    1309
    1229
    1312
    1327
    1317
    1314
    1320
    1281
    1278
    1265
    1345
    1318
    1318
    1211
    1336
    1262
    1300
    1270
    1275
    1355
    1345
    1245
    1268
    1290
    1275
    1264
    1238
    1281
    1282
    1297
    1219
    1233
    1296
    1176
    1282
    1292
    1281
    1260
    1246
    1249
    1301
    1270
    1261
    1215
    1227
    1329
    1230
    1292
    1254
    1348
    1298
    1225
    1285
    1209
    1284
    1217
    1197
    1292
    1256
    1242
    1229
    1232
    1264
    1281
    1248
    1192
    1273
    1296
    1254
    1230
    1244
    1355
    1196
    1285
    1228
    1247
    1277
    1209
    1211
    1226
    1173
    1207
    1278
    1264
    1179
    1212
    1221
    1242
    1235
    1195
    1211
    1236
    1235
    1155
    1211
    1246
    1147
    1220
    1248
    1219
    1235
    1270
    1261
    1216
    1223
    1187
    1193
    1206
    1213
    1238
    1170
    1190
    1178
    1212
    1242
    1200
    1271
    1243
    1183
    1154
    1208
    1250
    1170
    1196
    1275
    1211
    1240
    1287
    1205
    1193
    1230
    1201
    1270
    1207
    1227
    1230
    1300
    1284
    1265
    1276
    1256
    1309
    1354
    1351
    1268
    1304
    1267
    1215
    1263
    1266
    1261
    1196
    1216
    1345
    1340
    1375
    1414
    1516
    1670
    1694
    1670
    1748
    1750
    1709
    1766
    1614
    1554
    1470
    1491
    1379
    1348
    1281
    1303
    1212
    1244
    1196
    1232
    1149
    1218
    1177
    1172
    1169
    1190
    1155
    1152
    1201
    1212
    1216
    1178
    1148
    1214
    1180
    1208
    1143
    1176
    1181
    1185
    1197
    1175
    1189
    1172
    1171
    1200
    1235
    1178
    1121
    1226
    1199
    1186
    1231
    1182
    1193
    1199
    1201
    1298
    1333
    1312
    1407
    1395
    1487
    1467
    1518
    1601
    1588
    1644
    1542
    1604
    1540
    1492
    1393
    1437
    1397
    1305
    1241
    1220
    1211
    1221
    1160
    1199
    1153
    1196
    1194
    1189
    1206
    1219
    1172
    1245
    1222
    1265
    1317
    1334
    1390
    1483
    1618
    1702
    1821
    1985
    2084
    2119
    2124
    2246
    2208
    2142
    1940
    1859
    1796
    1679
    1471
    1385
    1316
    1252
    1271
    1173
    1192
    1189
    1227
    1233
    1180
    1182
    1180
    1238
    1188
    1197
    1186
    1214
    1207
    1250
    1206
    1265
    1228
    1197
    1232
    1260
    1227
    1335
    1256
    1280
    1239
    1258
    1285
    1160
    1227
    1234
    1230
    1177
    1180
    1179
    1214
    1229
    1211
    1180
    1206
    1253
    1269
    1285
    1260
    1269
    1222
    1293
    1284
    1231
    1251
    1320
    1273
    1307
    1266
    1245
    1329
    1298
    1241
    1287
    1221
    1243
    1284
    1262
    1240
    1295
    1329
    1314
    1303
    1301
    1416
    1388
    1385
    1420
    1443
    1456
    1498
    1453
    1471
    1473
    1421
    1420
    1418
    1434
    1349
    1377
    1441
    1378
    1343
    1328
    1327
    1378
    1368
    1346
    1288
    1237
    1261
    1341
    1226
    1281
    1243
    1272
    1291
    1281
    1240
    1247
    1300
    1325
    1294
    1311
    1342
    1249
    1245
    1240
    1160
    1190
    1196
    1128
    1166
    1130
    1140
    1167
    1247
    1185
    1178
    1252
    1306
    1301
    1320
    1496
    1538
    1644
    1638
    1729
    1900
    2031
    2408
    2701
    3074
    3634
    4188
    4687
    5463
    5827
    6331
    6516
    6460
    6336
    6152
    5595
    4881
    4273
    3494
    2892
    2543
    2093
    1727
    1580
    1406
    1314
    1287
    1169
    1151
    1128
    1064
    1096
    1063
    1021
    1036
    1048
    1026
    1012
    1017
     985
    1002
    1065
    1014
    1050
    1017
    1037
    1030
    1061
    1030
     967
    1116
    1057
    1060
    1032
    1046
    1023
    1121
     988
    1027
    1037
    1032
     987
    1046
    1027
    1099
    1081
    1099
    1073
    1096
    1056
    1162
    1128
    1094
    1121
    1111
    1051
    1060
    1081
    1108
     993
    1119
    1067
    1022
    1032
    1054
    1036
     999
     969
    1026
    1087
    1086
    1026
    1015
    1035
    1045
    1030
    1067
    1108
    1079
    1051
    1035
    1026
    1072
    1071
    1155
    1046
    1094
    1090
    1100
    1110
    1093
    1125
    1044
    1197
    1124
    1072
    1142
    1082
    1106
    1129
    1074
    1087
    1133
    1142
    1216
    1251
    1214
    1379
    1405
    1478
    1480
    1515
    1519
    1539
    1487
    1457
    1377
    1461
    1360
    1351
    1464
    1479
    1638
    1799
    2126
    2495
    2949
    3551
    4152
    4889
    5337
    5859
    6244
    6518
    6340
    6122
    5640
    5199
    4544
    3878
    3102
    2517
    2166
    1966
    1683
    1588
    1531
    1436
    1423
    1360
    1488
    1477
    1504
    1488
    1437
    1380
    1233
    1200
    1226
    1162
    1164
    1120
    1081
    1070
    1065
    1067
    1091
    1083
    1064
    1051
    1135
    1065
    1076
    1046
    1020
    1014
     990
    1015
    1034
     991
     953
     942
     928
     982
     943
     935
     971
     879
     904
     932
     911
     976
     923
     892
     902
     903
     926
     882
     894
     956
     966
     936
     957
     943
     904
     944
     914
     958
     930
     984
     961
     928
     955
     923
     915
     944
     871
     920
     938
     911
     905
     921
     964
     953
     952
     938
     920
     917
     941
     932
     928
     917
     923
     878
     932
     959
     904
     933
     908
     921
     921
     928
     971
     909
    1011
    1002
    1093
    1136
    1155
    1378
    1521
    1931
    2389
    3036
    3954
    5236
    7005
    9218
   11652
   14597
   17879
   20751
   24174
   26731
   28217
   29107
   29362
   27893
   26037
   23802
   21021
   17755
   14396
   11946
    9356
    7385
    5674
    4217
    3314
    2519
    1937
    1565
    1260
    1148
     994
     933
     909
     949
    1007
    1043
    1146
    1360
    1639
    1982
    2584
    3304
    4192
    5694
    7301
    9066
   11061
   13289
   15528
   17417
   18488
   19258
   19451
   19058
   17665
   15835
   14155
   11714
    9755
    7655
    6119
    4752
    3616
    2889
    2302
    1881
    1579
    1236
    1250
    1040
     976
     931
     919
     840
     856
     864
     902
     888
     992
     990
     999
     966
    1044
    1009
     988
     980
     988
     865
     808
     852
     809
     746
     749
     724
     728
     742
     701
     730
     699
     731
     736
     713
     720
     744
     707
     797
     776
     761
     741
     742
     807
     842
     934
     978
    1063
    1128
    1166
    1254
    1297
    1264
    1319
    1304
    1238
    1208
    1185
    1124
    1152
    1147
    1089
    1139
    1159
    1274
    1193
    1236
    1154
    1161
    1078
    1055
    1006
     854
     860
     806
     779
     714
     741
     722
     749
     677
     638
     715
     649
     679
     665
     693
     652
     680
     692
     676
     705
     660
     679
     673
     671
     759
     741
     827
     905
    1042
    1123
    1318
    1612
    1894
    2430
    2756
    3228
    3818
    4320
    4830
    4929
    5056
    5121
    5017
    4616
    4238
    3588
    3079
    2512
    2082
    1660
    1332
    1118
     951
     862
     809
     748
     646
     671
     647
     650
     663
     654
     649
     640
     633
     639
     679
     661
     644
     658
     684
     632
     682
     643
     657
     654
     686
     701
     688
     683
     683
     672
     689
     652
     635
     580
     659
     703
     653
     656
     682
     639
     655
     634
     630
     656
     641
     680
     685
     660
     650
     668
     664
     638
     678
     636
     634
     732
     664
     712
     725
     733
     717
     733
     749
     745
     755
     743
     752
     725
     734
     702
     678
     716
     693
     717
     655
     652
     701
     639
     631
     635
     692
     641
     651
     655
     652
     667
     658
     649
     659
     665
     690
     646
     677
     633
     628
     642
     637
     681
     638
     652
     624
     598
     650
     632
     667
     603
     697
     669
     662
     692
     616
     672
     682
     651
     637
     691
     680
     681
     664
     679
     712
     624
     655
     638
     669
     634
     594
     640
     619
     652
     675
     662
     663
     688
     656
     740
     722
     770
     742
     750
     810
     768
     793
     794
     748
     813
     721
     759
     733
     662
     695
     652
     659
     646
     641
     639
     698
     614
     692
     697
     664
     673
     702
     663
     683
     687
     683
     686
     678
     668
     633
     614
     643
     653
     665
     614
     633
     617
     659
     621
     617
     620
     592
     593
     589
     657
     617
     655
     651
     651
     639
     621
     648
     639
     623
     642
     641
     702
     660
     676
     686
     670
     645
     683
     668
     621
     656
     674
     699
     694
     716
     658
     704
     726
     684
     672
     685
     660
     686
     630
     625
     628
     596
     641
     633
     572
     622
     622
     658
     595
     643
     659
     611
     598
     633
     574
     651
     672
     629
     642
     631
     622
     610
     582
     583
     607
     603
     640
     643
     622
     624
     621
     652
     609
     595
     594
     623
     637
     624
     632
     572
     625
     603
     597
     618
     650
     661
     679
     658
     686
     643
     692
     708
     770
     806
     893
     921
    1034
    1058
    1157
    1243
    1288
    1362
    1409
    1310
    1275
    1271
    1183
    1199
    1228
    1282
    1569
    1749
    2125
    2545
    3167
    3968
    4704
    5565
    6416
    7181
    8018
    8444
    8684
    8830
    8379
    7689
    7075
    6128
    5236
    4212
    3412
    2606
    2104
    1655
    1216
    1078
     939
     778
     736
     806
     869
     981
    1074
    1173
    1373
    1648
    1906
    2155
    2667
    3038
    3238
    3765
    3744
    4000
    4014
    3851
    3559
    3306
    2870
    2501
    2164
    1709
    1469
    1246
    1078
     907
     820
     692
     646
     663
     625
     669
     654
     583
     667
     659
     620
     623
     639
     617
     602
     616
     585
     605
     600
     609
     620
     623
     626
     653
     690
     729
     848
     937
    1069
    1258
    1633
    2006
    2670
    3318
    4324
    5415
    6509
    7873
    9168
   10290
   10865
   11658
   12348
   12096
   11476
   10919
    9699
    8293
    7081
    5733
    4750
    3912
    3233
    2696
    2558
    2559
    2683
    2953
    3270
    3735
    4105
    4436
    4674
    4721
    4647
    4524
    4169
    3763
    3246
    2816
    2311
    1922
    1569
    1234
    1016
     856
     783
     671
     616
     603
     539
     570
     535
     508
     529
     497
     539
     496
     540
     549
     537
     530
     525
     582
     589
     567
     612
     649
     672
     797
     896
    1048
    1197
    1385
    1630
    1831
    2108
    2349
    2479
    2610
    2629
    2726
    2647
    2508
    2318
    2153
    1833
    1564
    1360
    1085
     978
     780
     665
     652
     666
     574
     556
     535
     546
     582
     570
     606
     655
     716
     785
     875
    1038
    1179
    1426
    1475
    1711
    1997
    2199
    2189
    2369
    2353
    2368
    2386
    2289
    2199
    2005
    1816
    1642
    1577
    1536
    1500
    1462
    1461
    1453
    1371
    1315
    1341
    1179
    1132
    1007
     849
     814
     782
     664
     565
     594
     539
     541
     499
     493
     493
     500
     476
     547
     488
     489
     463
     474
     466
     439
     497
     473
     472
     484
     452
     462
     516
     486
     492
     498
     485
     482
     481
     512
     518
     498
     449
     483
     515
     478
     488
     507
     473
     479
     492
     465
     511
     482
     472
     510
     483
     463
     489
     463
     489
     500
     515
     489
     494
     529
     473
     478
     471
     463
     488
     504
     480
     484
     460
     458
     488
     485
     491
     469
     510
     507
     520
     552
     534
     579
     637
     652
     659
     641
     662
     607
     627
     631
     661
     604
     587
     564
     601
     566
     522
     532
     510
     626
     644
     724
     770
     827
     932
    1096
    1304
    1420
    1738
    1889
    2106
    2416
    2723
    2745
    3112
    3271
    3373
    3629
    3471
    3564
    3473
    3332
    3061
    2769
    2571
    2360
    2006
    1735
    1405
    1182
    1022
     894
     744
     651
     567
     540
     518
     482
     471
     472
     446
     456
     470
     488
     472
     472
     477
     467
     488
     500
     476
     474
     478
     460
     482
     468
     476
     502
     451
     454
     474
     506
     434
     507
     463
     475
     457
     506
     460
     503
     479
     496
     448
     501
     537
     479
     462
     459
     486
     497
     470
     546
     473
     482
     536
     526
     577
     555
     574
     580
     604
     615
     607
     636
     570
     639
     611
     561
     588
     541
     542
     548
     572
     496
     528
     517
     511
     504
     527
     494
     497
     516
     467
     497
     459
     468
     441
     509
     468
     460
     506
     463
     520
     456
     486
     494
     488
     486
     450
     480
     486
     506
     517
     467
     492
     503
     497
     477
     481
     452
     502
     436
     474
     431
     485
     449
     448
     481
     484
     455
     453
     488
     452
     475
     514
     443
     452
     502
     448
     471
     443
     474
     498
     506
     463
     477
     477
     487
     480
     531
     513
     505
     496
     487
     451
     491
     482
     449
     478
     478
     481
     486
     493
     510
     477
     477
     475
     468
     508
     482
     478
     475
     513
     520
     456
     528
     463
     532
     528
     528
     506
     476
     527
     501
     511
     498
     538
     494
     507
     513
     467
     501
     466
     463
     485
     474
     478
     477
     453
     508
     484
     481
     444
     461
     519
     480
     496
     479
     465
     433
     470
     472
     472
     488
     523
     469
     481
     483
     491
     499
     487
     482
     438
     478
     455
     458
     496
     489
     501
     534
     508
     495
     473
     487
     519
     493
     536
     499
     535
     508
     526
     501
     489
     530
     520
     480
     524
     518
     482
     522
     504
     518
     522
     479
     534
     587
     604
     585
     661
     781
     940
    1078
    1312
    1667
    2089
    2658
    3448
    4101
    4985
    5987
    7007
    8064
    8861
    9577
   10072
   10229
    9868
    9504
    8895
    7938
    6831
    5974
    5029
    3893
    3078
    2450
    1881
    1457
    1177
    1079
     897
     847
     795
     777
     748
     762
     810
     802
     915
     920
    1009
    1083
    1102
    1114
    1184
    1052
    1032
    1058
     951
     857
     827
     748
     638
     613
     545
     487
     518
     480
     463
     432
     421
     415
     415
     424
     418
     444
     421
     404
     447
     438
     419
     410
     442
     475
     459
     483
     481
     466
     587
     608
     662
     727
     791
     907
     983
    1038
    1104
    1129
    1159
    1195
    1191
    1125
    1125
    1003
     998
     843
     739
     699
     693
     529
     512
     513
     496
     478
     423
     440
     402
     439
     409
     404
     447
     412
     446
     404
     437
     464
     443
     427
     453
     505
     467
     531
     538
     578
     634
     608
     776
     851
     867
     938
    1044
    1142
    1167
    1185
    1177
    1137
    1159
    1026
     942
     892
     803
     712
     672
     594
     570
     492
     490
     479
     399
     467
     432
     454
     426
     409
     449
     395
     394
     397
     401
     445
     394
     376
     404
     445
     428
     413
     462
     446
     433
     461
     473
     465
     534
     518
     544
     621
     662
     776
     815
     867
     918
    1046
    1119
    1227
    1145
    1171
    1194
    1156
    1145
    1060
     906
     850
     820
     710
     652
     661
     523
     483
     500
     458
     416
     421
     403
     434
     422
     418
     433
     408
     442
     401
     445
     421
     444
     382
     431
     457
     422
     402
     396
     437
     424
     451
     462
     453
     478
     461
     459
     457
     458
     508
     513
     467
     473
     462
     462
     451
     499
     488
     484
     455
     477
     448
     482
     424
     460
     488
     475
     432
     471
     443
     438
     489
     470
     424
     408
     452
     442
     413
     476
     420
     452
     428
     417
     424
     465
     402
     456
     417
     431
     403
     500
     410
     377
     434
     429
     418
     469
     451
     413
     426
     461
     431
     432
     460
     437
     428
     461
     412
     414
     466
     415
     414
     466
     463
     450
     439
     437
     451
     447
     469
     465
     457
     406
     450
     440
     480
     423
     459
     468
     488
     468
     445
     415
     454
     444
     422
     483
     441
     466
     385
     404
     443
     414
     438
     427
     413
     419
     427
     436
     393
     397
     422
     412
     417
     412
     418
     415
     423
     375
     419
     458
     444
     354
     402
     448
     441
     416
     409
     409
     399
     413
     410
     421
     421
     441
     427
     399
     393
     419
     405
     405
     380
     429
     392
     366
     395
     431
     414
     426
     426
     419
     396
     414
     431
     378
     391
     412
     421
     449
     423
     428
     406
     411
     391
     379
     408
     406
     402
     419
     416
     439
     419
     441
     462
     394
     456
     430
     431
     449
     461
     524
     435
     505
     495
     493
     526
     495
     420
     448
     487
     455
     428
     445
     427
     396
     415
     386
     395
     403
     447
     441
     427
     381
     402
     429
     378
     464
     379
     427
     414
     382
     383
     451
     415
     422
     448
     453
     454
     453
     456
     455
     460
     443
     468
     480
     487
     485
     480
     464
     458
     444
     476
     444
     414
     410
     437
     466
     431
     441
     390
     430
     413
     424
     416
     384
     411
     413
     394
     392
     388
     417
     390
     423
     394
     408
     404
     402
     411
     383
     409
     419
     423
     415
     435
     414
     453
     417
     416
     418
     457
     403
     430
     418
     396
     423
     432
     435
     413
     414
     399
     454
     426
     441
     436
     488
     495
     530
     594
     653
     693
     772
     871
     978
    1132
    1211
    1340
    1362
    1494
    1559
    1502
    1508
    1454
    1442
    1320
    1203
    1050
    1006
     843
     730
     723
     652
     611
     544
     548
     517
     440
     464
     443
     425
     455
     442
     428
     424
     412
     397
     409
     402
     394
     433
     450
     467
     461
     493
     503
     565
     539
     558
     573
     582
     587
     608
     650
     578
     639
     627
     599
     543
     538
     506
     453
     469
     462
     420
     413
     453
     380
     396
     414
     409
     393
     381
     388
     417
     389
     433
     424
     413
     414
     369
     354
     390
     413
     406
     391
     391
     398
     415
     419
     426
     389
     412
     386
     417
     426
     409
     443
     385
     407
     385
     362
     417
     410
     401
     422
     405
     371
     403
     432
     417
     425
     449
     425
     422
     455
     481
     477
     478
     502
     497
     474
     459
     457
     430
     480
     432
     448
     427
     445
     435
     427
     417
     408
     418
     380
     422
     422
     444
     422
     396
     397
     424
     409
     418
     410
     449
     410
     416
     372
     391
     370
     388
     396
     381
     428
     408
     405
     416
     406
     430
     412
     392
     384
     417
     441
     380
     407
     394
     433
     433
     384
     410
     417
     365
     379
     423
     435
     395
     400
     409
     434
     387
     407
     393
     400
     436
     392
     400
     419
     382
     384
     401
     380
     419
     428
     401
     398
     416
     368
     405
     418
     383
     407
     448
     404
     379
     392
     419
     411
     389
     407
     377
     386
     379
     420
     404
     400
     473
     421
     415
     402
     413
     443
     424
     437
     439
     440
     414
     435
     463
     463
     462
     449
     454
     433
     454
     458
     452
     441
     367
     444
     420
     413
     400
     404
     426
     398
     388
     438
     402
     392
     400
     391
     408
     432
     427
     429
     393
     389
     380
     373
     404
     415
     420
     376
     419
     394
     405
     344
     450
     420
     364
     409
     406
     355
     384
     411
     405
     400
     414
     417
     371
     386
     336
     400
     356
     398
     381
     409
     387
     409
     434
     371
     392
     392
     415
     349
     389
     415
     379
     397
     383
     397
     435
     387
     414
     416
     377
     397
     376
     410
     412
     404
     377
     370
     387
     389
     412
     354
     400
     373
     380
     371
     341
     399
     440
     426
     407
     438
     387
     419
     430
     417
     427
     391
     397
     407
     389
     397
     446
     358
     354
     377
     333
     362
     333
     360
     349
     337
     377
     339
     342
     354
     343
     339
     349
     347
     373
     325
     354
     337
     358
     369
     368
     372
     373
     339
     331
     352
     343
     331
     343
     316
     385
     364
     337
     355
     342
     342
     348
     365
     340
     345
     336
     309
     329
     332
     340
     318
     345
     330
     320
     316
     327
     325
     290
     320
     320
     301
     349
     339
     320
     350
     317
     355
     358
     370
     365
     362
     333
     355
     380
     370
     331
     326
     310
     315
     346
     334
     314
     306
     290
     310
     315
     351
     344
     284
     286
     300
     281
     297
     292
     321
     303
     320
     331
     291
     319
     266
     338
     311
     291
     291
     292
     303
     331
     307
     300
     317
     327
     295
     296
     301
     286
     294
     317
     289
     270
     301
     302
     300
     311
     304
     330
     320
     309
     316
     310
     343
     321
     330
     319
     324
     312
     328
     314
     308
     312
     325
     279
     307
     302
     293
     267
     279
     275
     305
     310
     310
     293
     293
     301
     286
     330
     316
     320
     293
     300
     325
     314
     306
     289
     291
     275
     276
     306
     279
     295
     270
     274
     269
     249
     306
     272
     286
     275
     284
     283
     258
     273
     310
     269
     279
     288
     295
     288
     306
     280
     260
     272
     245
     302
     320
     264
     288
     305
     279
     269
     287
     286
     267
     293
     282
     307
     284
     281
     255
     281
     309
     297
     290
     287
     265
     291
     267
     284
     286
     297
     270
     290
     306
     276
     284
     279
     298
     286
     295
     305
     300
     296
     293
     284
     279
     279
     273
     283
     270
     266
     292
     302
     253
     278
     273
     272
     278
     278
     264
     271
     257
     245
     250
     258
     259
     277
     267
     290
     276
     278
     274
     276
     244
     271
     253
     271
     275
     268
     282
     293
     278
     288
     264
     262
     285
     249
     267
     280
     264
     260
     301
     278
     293
     300
     293
     286
     301
     255
     264
     293
     251
     243
     278
     266
     251
     297
     256
     276
     262
     282
     290
     276
     294
     243
     248
     265
     263
     264
     284
     276
     266
     249
     284
     276
     307
     250
     300
     255
     263
     248
     266
     269
     254
     282
     244
     292
     279
     239
     265
     240
     236
     242
     271
     264
     288
     260
     249
     281
     293
     267
     293
     265
     285
     265
     270
     261
     247
     267
     260
     267
     256
     268
     270
     252
     245
     269
     260
     262
     250
     274
     242
     270
     270
     262
     283
     259
     240
     261
     247
     286
     254
     265
     271
     255
     272
     267
     277
     243
     234
     261
     238
     275
     261
     270
     247
     282
     248
     233
     259
     249
     257
     256
     251
     260
     243
     293
     243
     250
     239
     251
     266
     233
     264
     254
     266
     267
     270
     271
     270
     235
     245
     252
     259
     221
     244
     254
     265
     275
     263
     270
     267
     239
     244
     264
     263
     254
     237
     248
     252
     276
     249
     255
     278
     271
     290
     262
     271
     274
     271
     239
     283
     301
     293
     271
     292
     267
     298
     286
     316
     335
     315
     306
     357
     371
     410
     432
     446
     434
     462
     490
     515
     480
     493
     503
     496
     501
     478
     430
     367
     435
     408
     369
     360
     333
     364
     323
     329
     292
     337
     316
     306
     324
     292
     304
     304
     327
     300
     265
     299
     298
     317
     291
     283
     272
     307
     296
     279
     294
     290
     296
     302
     300
     272
     303
     273
     307
     287
     293
     282
     308
     305
     294
     286
     290
     260
     292
     272
     292
     254
     246
     233
     273
     234
     253
     252
     239
     253
     236
     265
     226
     236
     249
     255
     264
     244
     255
     276
     242
     247
     240
     249
     271
     284
     252
     241
     252
     291
     273
     252
     238
     238
     217
     282
     241
     241
     273
     218
     250
     236
     277
     256
     237
     255
     266
     224
     257
     251
     261
     257
     280
     267
     245
     233
     259
     223
     234
     218
     261
     251
     277
     256
     243
     227
     259
     257
     258
     256
     226
     242
     241
     247
     272
     219
     261
     263
     253
     244
     243
     279
     256
     268
     244
     204
     241
     256
     228
     244
     263
     263
     245
     224
     256
     234
     275
     259
     250
     265
     265
     230
     253
     268
     248
     257
     271
     228
     235
     239
     250
     273
     227
     261
     258
     238
     247
     231
     240
     233
     232
     246
     249
     237
     238
     262
     224
     230
     221
     226
     250
     240
     222
     245
     207
     234
     252
     243
     250
     234
     243
     227
     234
     262
     254
     198
     251
     218
     242
     230
     230
     222
     249
     222
     215
     199
     231
     209
     243
     239
     266
     245
     222
     226
     218
     243
     214
     217
     246
     240
     228
     229
     230
     240
     243
     214
     225
     259
     234
     227
     233
     241
     236
     244
     244
     254
     240
     257
     266
     217
     241
     231
     230
     245
     230
     220
     236
     238
     248
     227
     226
     229
     246
     244
     235
     231
     259
     230
     259
     233
     262
     247
     232
     217
     214
     225
     204
     264
     229
     209
     201
     189
     212
     204
     217
     213
     217
     205
     219
     212
     204
     193
     237
     202
     223
     205
     200
     196
     185
     226
     234
     205
     215
     233
     198
     200
     216
     196
     193
     202
     226
     208
     206
     204
     187
     180
     217
     188
     199
     184
     200
     194
     197
     201
     194
     195
     187
     191
     201
     187
     199
     182
     223
     184
     202
     165
     187
     190
     206
     187
     204
     217
     181
     189
     187
     209
     179
     188
     194
     188
     211
     163
     188
     180
     190
     203
     201
     178
     191
     197
     186
     187
     160
     185
     171
     210
     183
     179
     175
     177
     181
     192
     179
     186
     199
     183
     168
     162
     165
     159
     198
     177
     161
     197
     186
     190
     199
     189
     189
     199
     201
     213
     185
     216
     238
     255
     216
     234
     217
     268
     236
     232
     213
     238
     212
     246
     225
     189
     196
     217
     220
     181
     177
     173
     169
     182
     168
     170
     156
     173
     151
     167
     183
     176
     159
     170
     159
     198
     151
     190
     176
     203
     187
     178
     177
     178
     178
     197
     225
     243
     214
     197
     214
     206
     188
     178
     156
     198
     172
     165
     163
     162
     170
     167
     146
     175
     154
     161
     140
     141
     170
     163
     178
     163
     174
     159
     152
     129
     179
     154
     161
     163
     150
     156
     153
     160
     184
     180
     161
     143
     141
     145
     157
     128
     143
     154
     151
     156
     130
     144
     124
     164
     144
     164
     158
     141
     131
     150
     134
     166
     150
     171
     139
     139
     157
     142
     130
     142
     131
     151
     141
     142
     121
     131
     144
     171
     141
     148
     128
     156
     164
     136
     136
     156
     159
     131
     142
     153
     135
     152
     152
     155
     153
     136
     168
     146
     141
     138
     141
     152
     133
     158
     145
     153
     132
     144
     141
     137
     146
     128
     165
     117
     162
     167
     143
     165
     157
     131
     154
     123
     136
     155
     175
     159
     149
     150
     147
     148
     142
     155
     141
     170
     170
     134
     158
     133
     131
     139
     144
     128
     149
     115
     142
     142
     148
     137
     138
     139
     152
     131
     126
     130
     132
     142
     142
     136
     137
     131
     140
     127
     144
     125
     136
     114
     127
     139
     146
     129
     144
     120
     150
     125
     117
     137
     136
     142
     129
     137
     136
     118
     146
     151
     125
     149
     136
     123
     126
     124
     120
     140
     122
     134
     142
     125
     127
     141
     144
     121
     137
     117
     130
     116
     124
     130
     128
     143
     128
     109
     139
     124
     136
     124
     130
     122
     115
     147
     118
     125
     112
     134
     146
     130
     112
     127
     113
     156
     145
     141
     142
     122
     115
     135
     134
     116
     127
     128
     123
     116
     130
     139
     122
     132
     124
     121
     134
     122
     121
     135
     143
     121
     125
     127
     145
     136
     120
     118
     133
     145
     118
     139
     131
     126
     128
     124
     113
     133
     149
     108
     121
     115
     143
     161
     132
     132
     126
     144
     134
     131
     127
     128
     129
     130
     111
     128
     129
     132
     134
     116
     110
     136
     100
     138
     120
     133
     130
     123
     118
     115
     119
     119
     122
     118
     144
     139
     142
     135
     118
     143
     129
     122
     113
     124
     127
     104
     112
     120
     114
     129
     123
     131
     123
     140
     135
     113
     111
     120
     112
     121
     114
     128
     122
     105
     135
     107
     114
     114
     113
     106
      94
     129
     138
     109
     135
     125
     116
     112
     121
      94
      93
     124
     129
     129
     116
     105
     140
     107
     108
     113
      97
     119
     113
     108
     105
     103
     109
     110
     125
     115
     100
     134
     113
     126
     103
     111
     113
     102
     105
     122
     124
     107
     104
     121
     103
     105
     135
     107
     113
     125
      97
      98
     128
      99
     116
     127
     128
     111
     121
     130
     120
     130
     105
     122
     143
     130
     136
     140
     144
     108
     130
     136
     140
     133
     129
     132
     123
     125
     118
     113
      98
     100
     113
     117
     118
      92
     119
     113
     124
     118
     117
     113
     125
     112
     104
     130
     118
     112
     142
     128
     135
     132
     129
     140
     130
     131
     157
     116
     128
     129
     137
     132
     111
     110
     108
     102
     112
     114
     110
     116
     109
     116
     116
     109
     111
     113
     121
     120
     126
     118
     107
     107
     122
     122
     123
     117
     110
     114
     120
     121
     102
     115
     101
     108
     115
     106
      99
     101
     105
     110
     100
      95
     116
      89
     102
     101
     111
     106
     103
     121
      90
     104
      82
      94
      91
     113
     132
     105
     105
     111
     125
     126
     103
     120
     116
     140
     157
     149
     177
     164
     240
     282
     299
     352
     463
     438
     502
     589
     591
     688
     707
     750
     735
     769
     743
     711
     652
     622
     593
     556
     443
     394
     352
     325
     266
     207
     199
     195
     163
     140
     119
     114
      99
     106
     111
     110
     100
      88
      84
      91
     100
      78
      96
     103
     107
     124
     104
     102
      86
     110
     109
     115
     108
     101
     102
     104
      91
     120
     102
     100
     119
     115
     111
      97
      90
     109
     117
     107
      94
     106
      95
      94
      94
     105
      86
      88
      88
      84
     100
     102
      91
     100
      88
      90
      77
      91
      99
      79
      96
      80
      88
     108
      99
      81
     106
     105
     103
      91
     118
     118
     104
     114
     127
     101
     131
     133
     143
     122
     137
     126
     151
     128
     130
     113
     104
     122
     108
      91
     102
     124
      95
     107
      86
      81
      86
      98
      84
      73
      81
      86
      87
      91
      78
     100
      87
      86
      62
      92
      77
      92
     104
      80
      84
      77
      77
      79
      95
      96
      94
      76
      77
      92
      89
      99
      84
      91
      70
      86
      72
      80
      85
      82
      70
      81
      93
      89
      70
      79
      81
      87
     105
      68
      77
     111
      98
      79
      70
      80
      81
      64
      78
      63
      84
      77
      78
      87
      83
      83
     109
     103
     108
      94
     128
     118
     135
     146
     169
     148
     167
     172
     191
     200
     211
     212
     205
     203
     167
     183
     164
     154
     142
     135
     127
     111
      99
     109
     108
      91
      89
      94
      72
      70
      76
      82
      83
      85
      95
     100
      92
      98
      93
      72
      84
      83
      82
     109
      81
      91
      86
      86
      76
     102
      63
     102
      80
      89
      72
      85
      78
      77
      78
      86
      88
      75
      98
      86
      77
      79
      66
      91
      71
      83
      76
      74
      73
      77
      82
      66
      74
      72
      78
      85
      86
      62
      67
      84
      80
      83
      71
      73
      72
      73
      75
      90
      76
      71
      80
      60
      87
      60
      64
      68
      70
      79
      81
      67
      77
      63
      70
      68
      81
      68
      63
      63
      69
      67
      68
      71
      67
      63
      67
      63
      79
      94
      76
      75
      86
      69
      72
      80
      76
      78
      84
      69
      68
      92
      80
      65
      77
      75
      77
      71
      85
      88
      73
      51
      70
      82
      77
      68
      78
      61
      80
      63
      79
      63
      77
      65
      76
      58
      55
      72
      63
      58
      68
      76
      72
      74
      71
      78
      90
      74
      84
      64
      74
      92
      72
      73
      63
      79
      61
      58
      73
      94
      56
      58
      74
      59
      70
      54
      58
      70
      66
      68
      65
      85
      67
      72
      69
      59
      83
      63
      77
      84
      74
      61
      75
      74
      62
      69
      78
      82
      65
      63
      70
      60
      85
      66
      73
      68
      61
      70
      76
      67
      68
      73
      73
      80
      65
      59
      72
      74
      64
      63
      75
      86
$ENER_FIT:
0.000000 0.075000
$PRESETS:
Live Time (sec)
994
0
$RT:
1800.000000
$DT:
806000
$ISO_DECL_PU:
SMPLNAM: IDB-557
SEPDATE: 01/01/1900 00:00:00
PU238: 1.1969 
DPU238: 0.2089
PU239: 62.5255 
DPU239: 0.0453
PU240: 25.4058 
DPU240: 0.0949
PU241: 6.6793 
DPU241: 0.1303
PU242: 4.1925 
DPU242: 0.1527
AM241: 1.4452 
DAM241: 0.9964
DATE: 01/01/1900 00:00:00
PU240EFF: 35.4654
DPU240EFF: 1.7313
$ADC:
8192
0
8191