$APPLICATION_ID:
IDB v.1.0
$SPEC_REM:
Material type: Pu
Material form: Unknown
Material compound: Unknown
Pu isotopics:
238Pu 0.0619
239Pu 87.342
240Pu 11.789
241Pu 0.6057
242Pu 0.201
241Am 0.6534
Detector: HPGe (Geometry: Coaxial, Size: Approx 25% rel eff closed end coax)
MCA: Unknown
$DATE_MEA:
01/15/1995 16:45:00
$MEAS_TIM:
2848 3600
$DATA:
0 8191
       0
       0
       0
       0
       0
       0
       0
       0
       0
       0
       0
       0
       0
       0
       0
       0
       0
       0
       0
       0
       0
       0
       0
       0
       0
       0
       0
       0
       0
       0
       0
       0
       0
       0
       0
       0
       0
       0
       0
       0
       0
       0
       0
       0
       0
       0
       0
       0
       0
       0
       0
       0
       0
       0
       0
       0
       0
       0
       0
       0
       0
       0
       0
       0
       0
       0
       0
       0
       0
       0
       0
       0
       0
       0
       0
       0
       0
       0
       0
       0
       0
       0
       0
       0
       0
       0
       0
       0
       0
       0
       0
       0
       0
       0
       0
       0
       0
       0
       0
       0
       0
       0
       0
       0
       0
       0
       0
       0
       0
       0
       0
       0
       0
       0
       0
       0
       0
       0
       0
       0
       0
       0
       0
       0
       0
       0
       0
       0
       0
       0
       0
       0
       0
       0
       0
       0
       0
       0
       0
       0
       0
       0
       0
       0
       0
       0
       0
       0
       0
       0
       0
       0
       0
       0
       0
       0
       0
       0
       4
      36
     134
     481
    1191
    2702
    4904
    8648
   14087
   20687
   21910
   21620
   21789
   21613
   21847
   21565
   21381
   21637
   21534
   21676
   21434
   21291
   21459
   21480
   21237
   21366
   21471
   21616
   21481
   21516
   21319
   21348
   21396
   21407
   21260
   21085
   21113
   21237
   21392
   21284
   20985
   20914
   21370
   20871
   20838
   21321
   20853
   20736
   21487
   21124
   20705
   21005
   20908
   20653
   20905
   20595
   20563
   20702
   20608
   20478
   20500
   20628
   20503
   20571
   20293
   20553
   20255
   20316
   20030
   20179
   20178
   20194
   20041
   19921
   19817
   19808
   19863
   19806
   20133
   19744
   19826
   19633
   19675
   19719
   19480
   19371
   19454
   19676
   19453
   19513
   19521
   19110
   19420
   18828
   19224
   19257
   19087
   19060
   19326
   19193
   19262
   18850
   18898
   19075
   19042
   19012
   19057
   18850
   18939
   18861
   18917
   18764
   19057
   18617
   18720
   18845
   18596
   18866
   18826
   18691
   18459
   18464
   18523
   18549
   18619
   18371
   18489
   18358
   18231
   18293
   18394
   18410
   18433
   18092
   18486
   18191
   17960
   18066
   18078
   18339
   18129
   18320
   17725
   18122
   18067
   18140
   17728
   17803
   17909
   17922
   17936
   17847
   17770
   18005
   17749
   17564
   17560
   17660
   17773
   17899
   17621
   17828
   17625
   18016
   17761
   17640
   17623
   17664
   17560
   17563
   17613
   17698
   17611
   17370
   17652
   17343
   17370
   17456
   17507
   17363
   17405
   17274
   17571
   17298
   17420
   17418
   17079
   17507
   17363
   17101
   17362
   17215
   17523
   17278
   17047
   17042
   17229
   17079
   17250
   17158
   16984
   17259
   17124
   17110
   17400
   17244
   17060
   16943
   17094
   17038
   17146
   17181
   17035
   17042
   16737
   16825
   17103
   16844
   17154
   16586
   16569
   16874
   16752
   17029
   16959
   17005
   16920
   16844
   16972
   16753
   17059
   16922
   16984
   16768
   16787
   16822
   16857
   16927
   16695
   16853
   16866
   16696
   16609
   16942
   16754
   16788
   16955
   16711
   16660
   16871
   16791
   16610
   16691
   16701
   16813
   16755
   16683
   16854
   16668
   16625
   16754
   16609
   16595
   16648
   16775
   16689
   16785
   16502
   16577
   16338
   16686
   16584
   16753
   16643
   16547
   16482
   16443
   16546
   16501
   16544
   16441
   16486
   16340
   16441
   16453
   16451
   16429
   16550
   16445
   16311
   16559
   16540
   16447
   16512
   16497
   16429
   16586
   16450
   16322
   16364
   16488
   16273
   16400
   16380
   16469
   16493
   16456
   16271
   16290
   16405
   16506
   16681
   16631
   17076
   17510
   18080
   18712
   18780
   18980
   19186
   18513
   17893
   17548
   16991
   16703
   16265
   16113
   16258
   16216
   16152
   16149
   16145
   16261
   16155
   16269
   16010
   16220
   16190
   16069
   16291
   16405
   16182
   16026
   16228
   16230
   16140
   16214
   16206
   16250
   16190
   16233
   16291
   16214
   16227
   16269
   16126
   16330
   16123
   16040
   16164
   16348
   16295
   16261
   16347
   16215
   16316
   16220
   16430
   16213
   16247
   16356
   16145
   16148
   16247
   16356
   16172
   16272
   16181
   15885
   16357
   16136
   16249
   16498
   16235
   16291
   16528
   16251
   16307
   16541
   16277
   16481
   16178
   16353
   16371
   16163
   16267
   16316
   16294
   16581
   16680
   16430
   16482
   16637
   16363
   16592
   16428
   16855
   16746
   16701
   16508
   16498
   16538
   16920
   16696
   16749
   16871
   16785
   16720
   17041
   17043
   17277
   17092
   17371
   17553
   17518
   17499
   17384
   17413
   17506
   17246
   17164
   17097
   17123
   17315
   17288
   17261
   17614
   17827
   18179
   18386
   18786
   18407
   18751
   18618
   18562
   18174
   17829
   17722
   17614
   17548
   17768
   17539
   17572
   17615
   17733
   17863
   17769
   17824
   17831
   17908
   17915
   17759
   18055
   17859
   17948
   17738
   17833
   17875
   17876
   17752
   17841
   18033
   17847
   17981
   18066
   17933
   17891
   17891
   18019
   18336
   18273
   18534
   18261
   17945
   18368
   18385
   18516
   18192
   18432
   18585
   18489
   18688
   18680
   18605
   18431
   18537
   18786
   18530
   18771
   18610
   18738
   18795
   18709
   18744
   18817
   18741
   18692
   18906
   19002
   19001
   19165
   19200
   19238
   19441
   19728
   19790
   20287
   20458
   20888
   21113
   21113
   20969
   20931
   20753
   20266
   20478
   20146
   19989
   19830
   19644
   19708
   19724
   19887
   20150
   19975
   20284
   20385
   20508
   20568
   20850
   21097
   21261
   20996
   20888
   20985
   20840
   20727
   20769
   20567
   20744
   20710
   20966
   20794
   20927
   20784
   20957
   20974
   21257
   21017
   21401
   21375
   21175
   21419
   21731
   21420
   21585
   21710
   21577
   21674
   21929
   21972
   21996
   22196
   22060
   22190
   22199
   22383
   22537
   22482
   22821
   22856
   22731
   22841
   22791
   22893
   22900
   23034
   23378
   23546
   23654
   24118
   25049
   26175
   27817
   30821
   34661
   39048
   42883
   46286
   47330
   46460
   43961
   39480
   35301
   31457
   29206
   26953
   25946
   25597
   25517
   25717
   26662
   28169
   30327
   33805
   37244
   40702
   43384
   45168
   45145
   44140
   42393
   41312
   42187
   46143
   54523
   65364
   78922
   93074
  104580
  113435
  118256
  117968
  114222
  106423
   97747
   87357
   78083
   70084
   63406
   56274
   50604
   45728
   41963
   40867
   41986
   46779
   53936
   61450
   67984
   71012
   69934
   64187
   56655
   48082
   40307
   34428
   31099
   30445
   32690
   38280
   47277
   59371
   73096
   86143
   96175
  102309
  105013
  105309
  105683
  106714
  107755
  107015
  103342
   97711
   88858
   77592
   65632
   53381
   43193
   34882
   29099
   24782
   22504
   21236
   20507
   20446
   20188
   20076
   20148
   20502
   20434
   20587
   20364
   20369
   20501
   20250
   20489
   20055
   20333
   20101
   19962
   20129
   20125
   20628
   20320
   20216
   20420
   20513
   20476
   20702
   20533
   20756
   20781
   21175
   21249
   21747
   22383
   23676
   25194
   27583
   30689
   34364
   38316
   41578
   44959
   47789
   49841
   53400
   56764
   60915
   63922
   64870
   62995
   58123
   51213
   43601
   37096
   32105
   28210
   26282
   24789
   25415
   26403
   28831
   31309
   34014
   36912
   39331
   41208
   43610
   46609
   51144
   57290
   64089
   69754
   72446
   72612
   69299
   63553
   58041
   52468
   48044
   46110
   44672
   44180
   45040
   45345
   47042
   49422
   51813
   54262
   54628
   54939
   54610
   54377
   56536
   59683
   63729
   67234
   69446
   67889
   63627
   57368
   49621
   42947
   36997
   32851
   29525
   27617
   26369
   25100
   23613
   22537
   21812
   21084
   20520
   20823
   21084
   21665
   23079
   24708
   26613
   29151
   31806
   33564
   35174
   35611
   34492
   32767
   30491
   28825
   26796
   25296
   24171
   23487
   22051
   21209
   20288
   19801
   19342
   19578
   19732
   20034
   20712
   20953
   20969
   20968
   20378
   19755
   19367
   18865
   18311
   17922
   18190
   18303
   18874
   19543
   20563
   22422
   25105
   27613
   30471
   32931
   33861
   33136
   31168
   28270
   25492
   22701
   20637
   19097
   17824
   17735
   17714
   17419
   17468
   17281
   17613
   17743
   17485
   17657
   17361
   17532
   17387
   17586
   17841
   18643
   20193
   22795
   27459
   35362
   46102
   59179
   72029
   82176
   87065
   85544
   77032
   65361
   51690
   39801
   30334
   24345
   20489
   18323
   17408
   16773
   16812
   16762
   16605
   16804
   16842
   16545
   16594
   16579
   16670
   16625
   16588
   16503
   16784
   16495
   16576
   16690
   16665
   16507
   16673
   16818
   16586
   16671
   16588
   16719
   17062
   16529
   16809
   16890
   16743
   16717
   16709
   16714
   16996
   16807
   16692
   16975
   16873
   16974
   16879
   17010
   16936
   16847
   16977
   16925
   16826
   16667
   17155
   17071
   16899
   16918
   16916
   16820
   16726
   17293
   17074
   16903
   16939
   16994
   17023
   17118
   17096
   17167
   17015
   17341
   17114
   17185
   17315
   16955
   17412
   17017
   17084
   17320
   17212
   17253
   17281
   17293
   17109
   17152
   17351
   17284
   17317
   17420
   17681
   17591
   17733
   17848
   17745
   17871
   17842
   17821
   17691
   17593
   17472
   17521
   17694
   17586
   17646
   17800
   17914
   17968
   18247
   18828
   19306
   20017
   21117
   21937
   22647
   22957
   23237
   22775
   21738
   21147
   20045
   19160
   18427
   18298
   18531
   18716
   19026
   19659
   20320
   21170
   22106
   22892
   23318
   23554
   23470
   22911
   22196
   21385
   20166
   19733
   19345
   19309
   20451
   22144
   25151
   30155
   36871
   46075
   54551
   61928
   66147
   65870
   61381
   53644
   44540
   36094
   29365
   24394
   21476
   19760
   19179
   19019
   19025
   18695
   19121
   18656
   18606
   18316
   18203
   18393
   18259
   18019
   18079
   18238
   18522
   18585
   18770
   18749
   19456
   20047
   20920
   21571
   22321
   23215
   22872
   22796
   22057
   21541
   20478
   19806
   19342
   19030
   18856
   18659
   19081
   18833
   19022
   18952
   18955
   18976
   18712
   18885
   19029
   19006
   18939
   19027
   19097
   19080
   19082
   19004
   19146
   19209
   19227
   19188
   19330
   19493
   19286
   19496
   19230
   19406
   19560
   19368
   19697
   19601
   19738
   19500
   19424
   19770
   19271
   19658
   19760
   19748
   19823
   19820
   19899
   20320
   20510
   21124
   22249
   23238
   24574
   25849
   26913
   27478
   27955
   27421
   26398
   25645
   24250
   23812
   23797
   23720
   23874
   23866
   23877
   23726
   22925
   22184
   21757
   21128
   20455
   20350
   20127
   20104
   19900
   20129
   20212
   20249
   20432
   20736
   20755
   21433
   22329
   24513
   27287
   30237
   33853
   36916
   38709
   38678
   37870
   35341
   31444
   28301
   25289
   23518
   22164
   21224
   20988
   20625
   20662
   20471
   20622
   20124
   20143
   20217
   20133
   20392
   20141
   20357
   20096
   20087
   20518
   20332
   20190
   20465
   20021
   20369
   20335
   20103
   20343
   20474
   20723
   21045
   21337
   21727
   22166
   22495
   23155
   22806
   22695
   22698
   21674
   21573
   21107
   20651
   21020
   21122
   21770
   22569
   23141
   23624
   24249
   24381
   24557
   23845
   23046
   22263
   21647
   20954
   20735
   20340
   20044
   20284
   20376
   20389
   20226
   20194
   20314
   20564
   20240
   20326
   20402
   20204
   20361
   20444
   20410
   20236
   20426
   20413
   20299
   20518
   20449
   20703
   20582
   20713
   20234
   20473
   20431
   20350
   20486
   20483
   20157
   20440
   20194
   20360
   20397
   20401
   20389
   20249
   20588
   20340
   20175
   20245
   20491
   20419
   20472
   20583
   20695
   20587
   21200
   21233
   21588
   22366
   22653
   23079
   23051
   22519
   22304
   21821
   21441
   21208
   20734
   20357
   20450
   20061
   20215
   19987
   20016
   20243
   20034
   20191
   20188
   20348
   20235
   20294
   20029
   20293
   20529
   20071
   20142
   20077
   20083
   20015
   20557
   20158
   19963
   20058
   19986
   19984
   20296
   20170
   20180
   19904
   19970
   20308
   20298
   20371
   20305
   20389
   20299
   20026
   20167
   20104
   20170
   20161
   20031
   20175
   19984
   19972
   19987
   20109
   20056
   20240
   20261
   20118
   19878
   20218
   19854
   19994
   20035
   20097
   20242
   20315
   20470
   20373
   20420
   20536
   20609
   20489
   21049
   20751
   21672
   22172
   23134
   23550
   24026
   24077
   23864
   23048
   22301
   21844
   20894
   20664
   20443
   19931
   19679
   19819
   19809
   19763
   19641
   19946
   19650
   19572
   19716
   19778
   20120
   20069
   19873
   19881
   19543
   20000
   19793
   19527
   19508
   19420
   19299
   19599
   19460
   19342
   19518
   19593
   19763
   19459
   19476
   19245
   19572
   19521
   19244
   19525
   19998
   20672
   20947
   21823
   22912
   23776
   25209
   25493
   25625
   24876
   23860
   22690
   21889
   21040
   20259
   19645
   19283
   19412
   19421
   19568
   19373
   19349
   18857
   19152
   19531
   19300
   19238
   19110
   19249
   19065
   18891
   18935
   18961
   18871
   18783
   18762
   18945
   19072
   18739
   18971
   18902
   18809
   18966
   19094
   18914
   18903
   18587
   18888
   18872
   18782
   18948
   18978
   18774
   18766
   18824
   19093
   18843
   18784
   18800
   19014
   19419
   19633
   20607
   22074
   25310
   29276
   34799
   41014
   47037
   51674
   54821
   53924
   50298
   45512
   39120
   32943
   27753
   23872
   21722
   20152
   19180
   18586
   18409
   18238
   18562
   18347
   18087
   18371
   18265
   18270
   18293
   18553
   18392
   18913
   19492
   21480
   24955
   32910
   48248
   73746
  114211
  170032
  238707
  315639
  383861
  433086
  449621
  432872
  384473
  313855
  238477
  168079
  112648
   71658
   45658
   30873
   23098
   19120
   17237
   16543
   16278
   15983
   15843
   15672
   15509
   15802
   15291
   15303
   15412
   15262
   15358
   15309
   15044
   15231
   15165
   15467
   15426
   15033
   15314
   15281
   15139
   15103
   15140
   15222
   15160
   15054
   14956
   15044
   14950
   15022
   14902
   15028
   15037
   14752
   14986
   14923
   14819
   14819
   14862
   14971
   14813
   14653
   14622
   14913
   14778
   14789
   14884
   14886
   14895
   14776
   14776
   14508
   14808
   14760
   14576
   14556
   14370
   14693
   14551
   14651
   14645
   14661
   14377
   14557
   14595
   14599
   14466
   14496
   14438
   14490
   14381
   14422
   14474
   14575
   14050
   14253
   14339
   14577
   14302
   14368
   14113
   14240
   14410
   14025
   14326
   14338
   14424
   14328
   14612
   14876
   14973
   15303
   15315
   15448
   15707
   15751
   15511
   15125
   14715
   14651
   14354
   14149
   14075
   13819
   13700
   13864
   14039
   13581
   13854
   13702
   13408
   13397
   13381
   13545
   13651
   13545
   13523
   13585
   13578
   13661
   13747
   13760
   14058
   14396
   14552
   14657
   14388
   14506
   14280
   13846
   13646
   13565
   13297
   13031
   13170
   13208
   13228
   13236
   13017
   13127
   13065
   12971
   13074
   13207
   12913
   13120
   12874
   12935
   12909
   12967
   12998
   12803
   12875
   12878
   12752
   12686
   12731
   12725
   12646
   12749
   12709
   12476
   12808
   12700
   12790
   12658
   12539
   12651
   12323
   12722
   12451
   12486
   12521
   12491
   12585
   12542
   12628
   12496
   12705
   12707
   12618
   12540
   12526
   12645
   12595
   12819
   12687
   12402
   12418
   12592
   12411
   12684
   12627
   12813
   12789
   12928
   12716
   12824
   12609
   12610
   12664
   12456
   12539
   12485
   12579
   12220
   12241
   12103
   12230
   12171
   12451
   12080
   12386
   12200
   12047
   12094
   12124
   12354
   12322
   12541
   12780
   12693
   13393
   13238
   13339
   13279
   13177
   12985
   12717
   12736
   12243
   12362
   12300
   12477
   12237
   12143
   11941
   11780
   12077
   12046
   11597
   11812
   11787
   11770
   11963
   11845
   11574
   11675
   11801
   11753
   11936
   11914
   12002
   12094
   12072
   12121
   12322
   12000
   12384
   12476
   12486
   12519
   12493
   12643
   12671
   12906
   13264
   13555
   13834
   14013
   13796
   13414
   13061
   12911
   12390
   12056
   12022
   11962
   11996
   12016
   12044
   12140
   12126
   11800
   12002
   11920
   11808
   11770
   11573
   11460
   11723
   11471
   11427
   11507
   11731
   11463
   11551
   11455
   11277
   11595
   11557
   11420
   11497
   11509
   11321
   11406
   11524
   11704
   11515
   11718
   11940
   11714
   12051
   11841
   11841
   12032
   11617
   11721
   11478
   11611
   11344
   11381
   11439
   11338
   11258
   11260
   11230
   11176
   11389
   11471
   11182
   11429
   11326
   11190
   11260
   11205
   11199
   11432
   11119
   11076
   10989
   11007
   10881
   11091
   10977
   11118
   11011
   10897
   11089
   10886
   10836
   11066
   10985
   11055
   10972
   10935
   11253
   11719
   11924
   12732
   13768
   15084
   16104
   17461
   18336
   18203
   18250
   17184
   16014
   14888
   13463
   12245
   11793
   11067
   10714
   10466
   10380
   10387
   10386
   10355
   10476
   10084
   10226
   10150
   10131
   10223
   10325
   10023
   10162
   10081
   10059
   10137
   10187
   10097
   10258
   10091
   10008
   10049
   10057
   10059
    9981
   10080
   10082
    9882
    9972
    9955
    9851
   10035
    9855
    9962
    9910
    9843
    9841
    9729
    9907
    9907
    9783
    9875
    9831
    9596
    9824
    9601
    9729
    9674
    9785
    9872
   10092
   10299
   10697
   11096
   11657
   11934
   12214
   12283
   12259
   12090
   11871
   11631
   11090
   10716
   10542
   10305
   10031
    9987
   10091
    9841
    9889
    9796
    9860
    9873
    9813
    9715
    9993
   10233
   11182
   12380
   14924
   17300
   21091
   25038
   28618
   31240
   32608
   32143
   30278
   27099
   23092
   19403
   16248
   13465
   11725
   10585
   10027
    9543
    9385
    9223
    9274
    9193
    9291
    9207
    9438
    9090
    9248
    9078
    9126
    9420
    9407
    9291
    9231
    9103
    9146
    9346
    8861
    9054
    9171
    9239
    9334
    9102
    9186
    9109
    9136
    8975
    9066
    8900
    9073
    8926
    9004
    9017
    8952
    9124
    9047
    9100
    9050
    9059
    8738
    8862
    9240
    8897
    8851
    9049
    8973
    9012
    9104
    8993
    9218
    9401
    9142
    9292
    9284
    9107
    9249
    9227
    9255
    9220
    9026
    9123
    8906
    8919
    8884
    8995
    8904
    8945
    8877
    8898
    8873
    8913
    8935
    8844
    8923
    8938
    8798
    8928
    8568
    8769
    8873
    8641
    8741
    8792
    8709
    8779
    8875
    8755
    8803
    8679
    8686
    8761
    8756
    8792
    8969
    8979
    8947
    8854
    8844
    9035
    8867
    8928
    8757
    8711
    8759
    8623
    8609
    8656
    8745
    8573
    8709
    8641
    8630
    8627
    8547
    8501
    8695
    8507
    8570
    8659
    8567
    8486
    8561
    8504
    8538
    8657
    8609
    8662
    8685
    8669
    8654
    8760
    8712
    8719
    8683
    8649
    8387
    8579
    8604
    8399
    8481
    8416
    8386
    8479
    8435
    8571
    8426
    8576
    8329
    8541
    8466
    8525
    8392
    8466
    8446
    8311
    8347
    8393
    8485
    8304
    8345
    8410
    8306
    8372
    8606
    8244
    8256
    8406
    8269
    8383
    8384
    8213
    8396
    8329
    8397
    8326
    8508
    8448
    8329
    8286
    8287
    8379
    8391
    8291
    8435
    8444
    8675
    8674
    8995
    8928
    8909
    8891
    8907
    8875
    8614
    8541
    8381
    8307
    8056
    8178
    8217
    8251
    8091
    8130
    8177
    8072
    8126
    8107
    8161
    8217
    8174
    8150
    8022
    8140
    8069
    8102
    8083
    8264
    8386
    8549
    8954
    9514
   10045
   10967
   11854
   12939
   13549
   14211
   13964
   13902
   12891
   12105
   11053
   10170
    9421
    8847
    8571
    8387
    8203
    8146
    8213
    8305
    8450
    8419
    8723
    9086
    9402
    9714
    9903
    9718
    9749
    9619
    9380
    9026
    8738
    8645
    8254
    8200
    8055
    7994
    7845
    7828
    7967
    7894
    7990
    8078
    8292
    8497
    8192
    8322
    8567
    8570
    8478
    8320
    8336
    8157
    8239
    8193
    8046
    8213
    8006
    7916
    7822
    7934
    8011
    7875
    7932
    7955
    7943
    7829
    7959
    7939
    7840
    7921
    7851
    7893
    7805
    7968
    7856
    7769
    7868
    7845
    8037
    8066
    8088
    8038
    8073
    8355
    8327
    8495
    8354
    8536
    8468
    8267
    8260
    8213
    8204
    7913
    8003
    7695
    7734
    7877
    7810
    7764
    7796
    7822
    7815
    7824
    7683
    7566
    7909
    7943
    7987
    8355
    8833
    9639
   10795
   12264
   14378
   16679
   18963
   20816
   21877
   22624
   21678
   20145
   18111
   15868
   13730
   12035
   10504
    9393
    8868
    8261
    7997
    7867
    7581
    7596
    7567
    7676
    7598
    7510
    7534
    7573
    7550
    7707
    7582
    7601
    7833
    7620
    7750
    7868
    7859
    7951
    8221
    8584
    8694
    8858
    9130
    9243
    9060
    9094
    8833
    8575
    8185
    7890
    7852
    7502
    7602
    7438
    7434
    7450
    7380
    7367
    7536
    7355
    7357
    7601
    7491
    7605
    7643
    7761
    7755
    7903
    8047
    8301
    8420
    9254
    9210
   10105
   10959
   11992
   12883
   13782
   14153
   14384
   14314
   13470
   12465
   11696
   11128
   10779
   10667
   11484
   12618
   13483
   14405
   15385
   15719
   15703
   15378
   14752
   13990
   13391
   13416
   13700
   14202
   14429
   14441
   14631
   13781
   13130
   11939
   10768
   10008
    9034
    8314
    7752
    7556
    7362
    7230
    7277
    7163
    7153
    7159
    7166
    7149
    7151
    7186
    7103
    7000
    7270
    7083
    7093
    7086
    7094
    7201
    6967
    6949
    7065
    7046
    7148
    6969
    7273
    7203
    7137
    7107
    7095
    7150
    7001
    7019
    7152
    7118
    7037
    7069
    7183
    7265
    7157
    7022
    7108
    7180
    6913
    7078
    7221
    7293
    7576
    8199
    9270
   11077
   14369
   19531
   26850
   36472
   49199
   63630
   79350
   93785
  106234
  115274
  117858
  114773
  107366
   95091
   80535
   64644
   49809
   37109
   26983
   19184
   14092
   11093
    9690
    9539
   10248
   12317
   15288
   18910
   23925
   29542
   35265
   39567
   43395
   45220
   44735
   43441
   40467
   37151
   32932
   28472
   24152
   20108
   16413
   13625
   11056
    9508
    8355
    7685
    7289
    6915
    7000
    6863
    6786
    6725
    6716
    6592
    6473
    6464
    6373
    6326
    6337
    6334
    6205
    6283
    6393
    6421
    6615
    6506
    6886
    7296
    7394
    7811
    8098
    8744
    9298
   10129
   11037
   12198
   13399
   14480
   15148
   15539
   15293
   14076
   12963
   11615
   10065
    8950
    7881
    7227
    6710
    6340
    6274
    6200
    6156
    6379
    6435
    6655
    7538
    9026
   11628
   15723
   21714
   30122
   40824
   52745
   64817
   75070
   82720
   84865
   82049
   74900
   64051
   52533
   40460
   29799
   21326
   15326
   11118
    8662
    7357
    6443
    5888
    5832
    5731
    5933
    5786
    5834
    5636
    5601
    5616
    5593
    5706
    5653
    5652
    5492
    5489
    5615
    5491
    5448
    5503
    5432
    5663
    5743
    5431
    5528
    5469
    5436
    5665
    5604
    5542
    5690
    5708
    5785
    5794
    5790
    5680
    5631
    5714
    5676
    5535
    5516
    5505
    5430
    5412
    5501
    5427
    5400
    5431
    5388
    5296
    5373
    5334
    5284
    5436
    5486
    5366
    5563
    5521
    5523
    5598
    5454
    5387
    5561
    5352
    5423
    5413
    5416
    5369
    5274
    5233
    5311
    5315
    5212
    5274
    5221
    5262
    5164
    5299
    5357
    5184
    5227
    5209
    5289
    5283
    5357
    5312
    5355
    5269
    5247
    5150
    5314
    5246
    5198
    5197
    5210
    5288
    5330
    5375
    5342
    5366
    5170
    5332
    5327
    5335
    5328
    5265
    5325
    5162
    5268
    5197
    5201
    5194
    5104
    5225
    5330
    5441
    5626
    5786
    6082
    6239
    6530
    6697
    6800
    6828
    6860
    6601
    6357
    6214
    6005
    5832
    5724
    5620
    5492
    5389
    5330
    5256
    5248
    5237
    5273
    5232
    5096
    5145
    5186
    5155
    5335
    4954
    5013
    5240
    5019
    5218
    5214
    5156
    5223
    5304
    5597
    6055
    6431
    7343
    8680
   10171
   12407
   14229
   16127
   17473
   18137
   18457
   17845
   16779
   16046
   16445
   16864
   18761
   21582
   24815
   28471
   31278
   33260
   33293
   31671
   28653
   24704
   20451
   16583
   12874
   10206
    8415
    7340
    6873
    6925
    7449
    8156
    9162
   10192
   11692
   12366
   12917
   12773
   12254
   11513
   10441
    9207
    7895
    7024
    6398
    5867
    5746
    5482
    5484
    5480
    5367
    5446
    5333
    5411
    5429
    5691
    6115
    7244
    9349
   13551
   20726
   32201
   49002
   71925
  101191
  135509
  171253
  203828
  227601
  239930
  237758
  220269
  193388
  160052
  124758
   92592
   65637
   46096
   32483
   24022
   18975
   16511
   14793
   13608
   12201
   10735
    9421
    8106
    6794
    5970
    5319
    5069
    4657
    4489
    4393
    4361
    4291
    4493
    4760
    5211
    5929
    7407
    9835
   13038
   17457
   23294
   30235
   37138
   43468
   47648
   50031
   49202
   46205
   40997
   34609
   26884
   20845
   15562
   11435
    8976
    7280
    7192
    8090
    9931
   13114
   17427
   22603
   28424
   34381
   38753
   42466
   43397
   42144
   38336
   33913
   27988
   22544
   17699
   13635
   10554
    8300
    6769
    5701
    5140
    4541
    4314
    3965
    3795
    3617
    3629
    3520
    3454
    3507
    3537
    3470
    3489
    3430
    3511
    3497
    3484
    3517
    3427
    3554
    3328
    3374
    3315
    3450
    3402
    3446
    3466
    3383
    3432
    3407
    3402
    3406
    3365
    3399
    3267
    3333
    3252
    3430
    3379
    3237
    3253
    3338
    3323
    3275
    3330
    3521
    3406
    3591
    3530
    3635
    3739
    3677
    3731
    3779
    3896
    4189
    4688
    5947
    7638
   10279
   14074
   19442
   26223
   33692
   42451
   51458
   59509
   66939
   72587
   75947
   76301
   72585
   66527
   58540
   49017
   39547
   29822
   21816
   15649
   10984
    7802
    5755
    4598
    3822
    3486
    3251
    3256
    3219
    3298
    3184
    3092
    3231
    3267
    3061
    3092
    3025
    3044
    2974
    2901
    2962
    2858
    2844
    3025
    3106
    2930
    2927
    2895
    2996
    2982
    3174
    3226
    3239
    3377
    3372
    3484
    3558
    3605
    3781
    3812
    3739
    3817
    3901
    3954
    3825
    3779
    3745
    3514
    3263
    3253
    3084
    2931
    2950
    2825
    2920
    2803
    2840
    2795
    2843
    2726
    2875
    2855
    2860
    2805
    2762
    2804
    2708
    2806
    2826
    2724
    2766
    2817
    2664
    2809
    2716
    2918
    2788
    2821
    2734
    2793
    2765
    2748
    2800
    2789
    2810
    2765
    2715
    2787
    2805
    2783
    2784
    2800
    2825
    2865
    2710
    2901
    2790
    2790
    2868
    2912
    2930
    2963
    2899
    2871
    2891
    2836
    2749
    2786
    2772
    2882
    2880
    2722
    2788
    2806
    2842
    2815
    2783
    2762
    2790
    2749
    2785
    2723
    2840
    2708
    2890
    2950
    2782
    2819
    3033
    3133
    3163
    3227
    3410
    3403
    3631
    3591
    3471
    3526
    3389
    3390
    3257
    3301
    3515
    4033
    5204
    7669
   11695
   18706
   29590
   45827
   68164
   96183
  127751
  161745
  193716
  219446
  233504
  235160
  223563
  200371
  169343
  136519
  102545
   74179
   51598
   34912
   22967
   15032
   10170
    7518
    5906
    4765
    4238
    3950
    3480
    3315
    3003
    2769
    2689
    2554
    2486
    2289
    2266
    2184
    2168
    2200
    2110
    2158
    2138
    2096
    2043
    2073
    2248
    2178
    2443
    2578
    2854
    3213
    3480
    3621
    3657
    3747
    3724
    3548
    3450
    3019
    2857
    2528
    2262
    2174
    2069
    2006
    1894
    1986
    2004
    2147
    2299
    2595
    3153
    4110
    5325
    7096
    9471
   12153
   15022
   17251
   19368
   20769
   20897
   20002
   18108
   15615
   12800
   10286
    7730
    5736
    4336
    3242
    2728
    2238
    1966
    1938
    1830
    1750
    1777
    1781
    1755
    1733
    1820
    2030
    2187
    2415
    2728
    3279
    3798
    4509
    5267
    5841
    6292
    6759
    6770
    6570
    6103
    5546
    4850
    4148
    3530
    2880
    2535
    2280
    2084
    2007
    1923
    1893
    1813
    1806
    1780
    1810
    1852
    1890
    1975
    2049
    2024
    2132
    2275
    2356
    2380
    2426
    2446
    2331
    2267
    2292
    2044
    2125
    1898
    1901
    1812
    1730
    1709
    1748
    1659
    1608
    1668
    1653
    1632
    1628
    1656
    1618
    1656
    1645
    1627
    1667
    1545
    1675
    1568
    1591
    1647
    1591
    1599
    1614
    1653
    1652
    1660
    1716
    1696
    1638
    1702
    1642
    1602
    1605
    1592
    1600
    1579
    1622
    1643
    1670
    1552
    1584
    1578
    1536
    1562
    1595
    1550
    1532
    1528
    1580
    1527
    1573
    1536
    1638
    1567
    1520
    1569
    1570
    1538
    1545
    1514
    1544
    1584
    1520
    1609
    1537
    1557
    1585
    1518
    1479
    1523
    1557
    1558
    1543
    1502
    1585
    1552
    1518
    1529
    1604
    1614
    1583
    1502
    1558
    1564
    1488
    1609
    1642
    1616
    1635
    1664
    1699
    1736
    1745
    1852
    1705
    1698
    1667
    1588
    1652
    1562
    1642
    1523
    1510
    1550
    1518
    1530
    1620
    1651
    1747
    1899
    2109
    2278
    2382
    2682
    2750
    2983
    2893
    2894
    2778
    2607
    2411
    2303
    2074
    2014
    1863
    1877
    1639
    1574
    1737
    1576
    1542
    1537
    1613
    1560
    1475
    1485
    1506
    1535
    1460
    1451
    1559
    1593
    1501
    1523
    1504
    1502
    1602
    1584
    1690
    1933
    2140
    2805
    3671
    5210
    7537
   10230
   13602
   18068
   22405
   26456
   29900
   31859
   32484
   30997
   28307
   24744
   20283
   15770
   12020
    8624
    6253
    4354
    3145
    2478
    1948
    1791
    1589
    1611
    1544
    1539
    1622
    1692
    1642
    1836
    1865
    2019
    2031
    2028
    1997
    1910
    1877
    1842
    1715
    1642
    1557
    1472
    1462
    1476
    1441
    1381
    1517
    1383
    1381
    1458
    1457
    1503
    1484
    1501
    1608
    1633
    1701
    1644
    1645
    1560
    1610
    1514
    1570
    1461
    1500
    1463
    1468
    1415
    1495
    1528
    1524
    1468
    1576
    1577
    1543
    1565
    1590
    1488
    1469
    1478
    1529
    1669
    1573
    1661
    1708
    1689
    1780
    1688
    1642
    1638
    1646
    1550
    1384
    1415
    1399
    1358
    1361
    1318
    1323
    1342
    1318
    1415
    1384
    1288
    1294
    1362
    1337
    1343
    1343
    1274
    1394
    1319
    1302
    1307
    1312
    1307
    1251
    1253
    1233
    1369
    1320
    1332
    1348
    1324
    1296
    1330
    1277
    1269
    1314
    1292
    1308
    1344
    1298
    1342
    1369
    1397
    1356
    1424
    1456
    1447
    1462
    1444
    1505
    1424
    1427
    1343
    1331
    1355
    1272
    1334
    1306
    1313
    1272
    1303
    1307
    1331
    1334
    1324
    1277
    1315
    1230
    1217
    1205
    1285
    1312
    1308
    1272
    1281
    1236
    1289
    1290
    1275
    1359
    1324
    1274
    1263
    1316
    1328
    1396
    1257
    1334
    1327
    1358
    1331
    1326
    1277
    1359
    1269
    1269
    1309
    1257
    1340
    1290
    1294
    1285
    1300
    1257
    1310
    1270
    1312
    1249
    1283
    1266
    1221
    1245
    1255
    1166
    1252
    1237
    1240
    1249
    1265
    1216
    1159
    1221
    1236
    1176
    1219
    1254
    1266
    1298
    1295
    1202
    1170
    1209
    1195
    1170
    1155
    1250
    1182
    1240
    1208
    1126
    1148
    1178
    1091
    1159
    1187
    1144
    1202
    1331
    1325
    1380
    1516
    1646
    1767
    1813
    1861
    1837
    1955
    1835
    1675
    1596
    1600
    1474
    1330
    1307
    1279
    1166
    1121
    1070
    1110
    1052
    1097
    1137
    1111
    1128
    1064
    1195
    1108
    1117
    1115
    1080
    1084
    1150
    1162
    1147
    1110
    1120
    1155
    1179
    1151
    1156
    1174
    1145
    1209
    1150
    1186
    1199
    1141
    1163
    1187
    1192
    1215
    1187
    1166
    1194
    1114
    1185
    1198
    1147
    1087
    1168
    1090
    1098
    1098
    1104
    1021
    1034
    1086
    1125
    1147
    1066
    1098
    1050
    1109
    1084
    1080
    1044
    1067
    1100
    1058
    1064
    1101
    1071
    1078
    1057
    1072
    1051
    1144
    1047
    1080
    1138
    1058
    1131
    1097
    1186
    1163
    1186
    1149
    1177
    1168
    1166
    1201
    1274
    1100
    1036
    1078
    1104
    1115
    1013
    1031
    1065
    1032
    1014
    1066
    1043
    1027
    1024
    1112
    1065
    1076
    1030
    1091
    1106
    1050
    1025
    1084
    1022
    1038
    1040
    1064
    1097
    1088
    1023
    1050
    1023
     989
    1065
     978
     980
     935
     991
     960
    1034
    1001
    1055
     961
    1001
     973
    1024
     978
     963
     959
     969
     988
    1019
     998
     967
    1003
     935
    1002
     996
     985
    1010
     998
     971
    1014
    1009
     989
    1049
    1003
     975
    1010
    1011
    1003
     988
     974
    1055
     983
     999
     998
    1027
     962
    1067
     965
    1058
     979
    1008
    1025
    1035
     983
    1023
     982
     879
     948
    1003
     975
     983
    1006
    1009
     901
    1054
     973
     932
     984
     949
     950
     945
     993
     944
     987
    1059
    1019
     980
     974
     963
     997
     981
    1027
     956
    1016
    1031
     993
    1071
     954
    1032
    1061
    1089
    1134
    1139
    1109
    1183
    1241
    1263
    1238
    1398
    1375
    1458
    1445
    1526
    1497
    1534
    1518
    1448
    1540
    1503
    1437
    1439
    1411
    1358
    1375
    1262
    1290
    1336
    1303
    1274
    1277
    1214
    1158
    1150
    1099
    1124
    1152
    1170
    1133
    1090
    1114
    1134
    1108
    1127
    1150
    1084
    1073
     991
    1033
    1031
    1032
     943
     998
     930
     899
    1011
     980
    1006
     964
     977
     954
     924
     957
     965
     961
    1003
     944
     965
     907
     931
     929
     912
     996
     909
     953
     944
     854
     933
     949
     886
     888
     927
     932
     922
     888
     928
     900
     918
     886
     905
     945
     938
     866
     955
     907
     933
     873
     950
     931
     952
     940
     936
    1005
     974
     939
     969
     982
     968
     940
     957
     972
     931
     903
     949
     937
     876
     888
     899
     878
     958
     879
     947
     928
     870
     921
     889
     898
     864
     861
     930
     904
     930
     907
     886
     882
     969
     879
     889
     891
     940
     874
     898
     931
     868
     912
     955
     900
     906
     936
     923
     947
     879
     928
     950
     926
     927
     976
     946
     869
     925
     903
     830
     956
     964
     876
     923
     919
     940
     873
     985
     962
     911
     863
     913
     872
     871
     896
     881
     846
     820
     855
     801
     799
     840
     836
     789
     829
     816
     802
     762
     812
     794
     832
     740
     808
     769
     801
     757
     866
     787
     766
     825
     798
     854
     822
     829
     786
     802
     799
     834
     801
     829
     777
     788
     854
     780
     813
     821
     811
     813
     819
     855
     782
     800
     853
     782
     854
     803
     790
     856
     794
     832
     801
     820
     890
     820
     862
     829
     840
     909
     903
     851
     885
     844
     862
     888
     866
     885
     822
     828
     855
     885
     837
     861
     840
     787
     854
     866
     862
     798
     787
     848
     756
     792
     758
     765
     736
     752
     732
     743
     793
     745
     779
     768
     731
     760
     691
     735
     732
     707
     738
     735
     803
     691
     778
     735
     705
     685
     749
     693
     728
     729
     712
     736
     732
     754
     708
     707
     719
     718
     754
     732
     691
     748
     692
     679
     712
     716
     716
     685
     736
     670
     729
     648
     728
     695
     723
     734
     713
     730
     680
     723
     720
     687
     707
     701
     698
     762
     767
     726
     790
     825
     775
     793
     744
     770
     786
     752
     695
     732
     704
     734
     709
     752
     697
     706
     738
     742
     758
     740
     740
     736
     752
     721
     752
     679
     666
     614
     715
     687
     693
     686
     737
     653
     631
     698
     635
     660
     671
     650
     661
     656
     694
     648
     672
     639
     665
     639
     645
     610
     643
     650
     644
     682
     617
     696
     611
     705
     690
     652
     722
     770
     792
     828
     877
     856
     889
     874
     875
     845
     815
     785
     741
     728
     697
     671
     665
     702
     633
     693
     612
     602
     649
     627
     634
     647
     645
     611
     606
     636
     654
     631
     618
     606
     658
     628
     663
     600
     664
     658
     680
     622
     670
     648
     690
     648
     687
     640
     652
     632
     666
     639
     655
     612
     612
     635
     590
     653
     590
     631
     597
     590
     597
     631
     625
     692
     598
     638
     622
     565
     623
     659
     614
     629
     662
     617
     591
     602
     624
     589
     647
     587
     595
     598
     601
     581
     621
     575
     611
     621
     609
     560
     611
     559
     635
     652
     615
     627
     621
     624
     657
     585
     646
     572
     595
     585
     580
     580
     574
     569
     581
     623
     627
     603
     650
     564
     603
     612
     564
     629
     600
     591
     613
     616
     605
     581
     673
     622
     684
     657
     684
     673
     696
     676
     690
     617
     660
     627
     590
     637
     642
     630
     637
     634
     615
     604
     650
     599
     592
     593
     599
     588
     589
     619
     591
     615
     574
     600
     554
     595
     589
     557
     633
     655
     567
     581
     606
     581
     574
     622
     635
     603
     640
     630
     627
     584
     659
     611
     663
     664
     673
     603
     623
     636
     647
     627
     662
     662
     653
     655
     637
     678
     706
     680
     744
     758
     796
     892
    1017
    1006
    1085
    1210
    1209
    1265
    1293
    1204
    1240
    1156
     998
     832
     784
     760
     689
     644
     621
     571
     561
     565
     512
     575
     574
     561
     569
     569
     575
     615
     619
     584
     643
     671
     660
     654
     648
     632
     597
     637
     544
     619
     557
     590
     566
     605
     565
     590
     575
     552
     514
     559
     546
     558
     573
     532
     566
     572
     598
     646
     660
     699
     679
     749
     687
     685
     726
     660
     713
     650
     640
     618
     552
     565
     575
     500
     510
     487
     510
     468
     538
     482
     499
     505
     446
     493
     461
     453
     498
     513
     476
     519
     530
     473
     498
     492
     492
     507
     521
     482
     506
     505
     508
     510
     507
     512
     529
     496
     540
     514
     529
     574
     606
     599
     654
     690
     731
     804
     875
     952
    1082
    1162
    1145
    1171
    1231
    1167
    1125
    1076
     999
     896
     861
     775
     732
     642
     646
     664
     644
     592
     573
     586
     593
     590
     588
     612
     599
     556
     621
     585
     529
     568
     587
     566
     545
     507
     515
     525
     515
     510
     507
     470
     495
     500
     530
     501
     504
     511
     502
     536
     520
     490
     495
     486
     433
     433
     486
     452
     446
     492
     464
     496
     473
     457
     497
     460
     470
     474
     480
     463
     481
     485
     479
     492
     462
     482
     516
     463
     441
     479
     462
     440
     475
     477
     512
     452
     496
     487
     470
     506
     518
     493
     472
     499
     519
     489
     488
     488
     509
     482
     457
     465
     486
     463
     449
     445
     437
     464
     464
     455
     428
     444
     459
     432
     449
     464
     459
     479
     467
     472
     502
     514
     494
     554
     609
     587
     635
     617
     583
     584
     624
     548
     511
     503
     503
     497
     471
     506
     486
     474
     497
     437
     471
     446
     455
     443
     430
     431
     467
     483
     436
     485
     561
     486
     502
     537
     593
     663
     656
     719
     723
     739
     826
     897
     914
    1039
    1157
    1351
    1555
    1961
    2368
    2789
    3340
    3823
    4229
    4307
    4603
    4589
    4569
    4265
    3752
    3325
    2803
    2187
    1796
    1478
    1199
    1029
     797
     742
     657
     673
     611
     646
     648
     618
     620
     570
     596
     565
     550
     535
     516
     488
     478
     453
     402
     439
     396
     398
     410
     423
     385
     413
     421
     396
     402
     447
     459
     422
     438
     489
     473
     475
     522
     467
     455
     414
     430
     441
     452
     420
     407
     358
     378
     421
     386
     421
     444
     415
     397
     449
     437
     416
     435
     443
     412
     437
     409
     423
     422
     415
     401
     366
     411
     410
     414
     394
     422
     387
     409
     422
     406
     408
     380
     380
     396
     438
     414
     421
     385
     433
     367
     416
     403
     396
     405
     393
     398
     428
     425
     512
     521
     578
     641
     680
     731
     772
     809
     809
     851
     859
     817
     714
     638
     605
     569
     473
     486
     430
     414
     394
     374
     439
     384
     403
     410
     416
     380
     381
     396
     409
     368
     397
     405
     426
     433
     440
     465
     466
     538
     586
     642
     654
     697
     751
     787
     798
     793
     788
     695
     644
     642
     635
     622
     635
     692
     728
     804
    1019
    1200
    1286
    1473
    1573
    1649
    1639
    1658
    1607
    1527
    1474
    1308
    1194
    1189
    1122
    1130
    1181
    1129
    1193
    1252
    1213
    1354
    1409
    1478
    1426
    1418
    1394
    1314
    1207
    1063
    1005
     847
     746
     678
     532
     452
     457
     395
     403
     413
     435
     465
     566
     627
     764
     928
    1156
    1531
    1731
    1997
    2233
    2552
    2579
    2667
    2666
    2452
    2260
    1880
    1659
    1441
    1180
     903
     782
     688
     544
     520
     473
     423
     407
     378
     386
     363
     360
     369
     423
     417
     434
     435
     493
     464
     455
     434
     475
     423
     472
     413
     419
     438
     416
     445
     431
     492
     562
     593
     709
     829
     936
    1157
    1262
    1453
    1656
    1908
    2042
    2365
    2569
    2780
    2957
    3059
    3117
    3074
    2989
    2772
    2465
    2309
    1861
    1648
    1325
    1103
     940
     857
     737
     731
     740
     704
     685
     714
     648
     662
     619
     590
     566
     466
     466
     447
     414
     402
     360
     351
     336
     370
     367
     351
     369
     371
     396
     441
     552
     585
     696
     777
     961
    1187
    1348
    1516
    1645
    1817
    1935
    1922
    1828
    1685
    1593
    1456
    1164
    1015
     828
     673
     592
     556
     508
     550
     585
     751
    1077
    1543
    2258
    3187
    4601
    6458
    8621
   11444
   13994
   16935
   19506
   21518
   22788
   23198
   22818
   21737
   19446
   17032
   14027
   11239
    8666
    6330
    4626
    3252
    2249
    1662
    1187
     873
     760
     719
     654
     629
     611
     567
     531
     497
     448
     384
     391
     395
     371
     342
     334
     342
     317
     328
     326
     302
     289
     312
     348
     306
     318
     323
     290
     296
     280
     267
     298
     290
     241
     293
     309
     267
     293
     293
     262
     272
     257
     264
     289
     257
     292
     257
     307
     274
     265
     240
     269
     252
     249
     238
     240
     269
     242
     241
     265
     250
     276
     268
     235
     226
     239
     257
     262
     243
     227
     247
     258
     269
     281
     278
     314
     302
     288
     324
     338
     325
     321
     319
     267
     281
     289
     309
     275
     283
     282
     295
     240
     277
     304
     269
     291
     279
     307
     283
     274
     325
     282
     277
     268
     260
     302
     232
     240
     256
     267
     241
     242
     259
     275
     229
     264
     258
     244
     259
     275
     294
     356
     342
     362
     371
     382
     390
     385
     451
     426
     387
     397
     379
     373
     336
     320
     255
     265
     240
     210
     219
     219
     200
     226
     224
     222
     244
     216
     215
     231
     243
     212
     228
     190
     201
     183
     209
     232
     203
     195
     203
     200
     199
     211
     241
     227
     216
     288
     301
     281
     315
     350
     347
     380
     378
     350
     399
     378
     344
     335
     345
     334
     384
     476
     482
     527
     595
     763
     817
     979
    1251
    1448
    1639
    1810
    1992
    2176
    2194
    2240
    2197
    1960
    1794
    1646
    1384
    1115
     881
     730
     587
     510
     406
     366
     336
     306
     330
     323
     274
     296
     301
     287
     241
     266
     275
     270
     253
     237
     255
     294
     309
     310
     321
     374
     393
     357
     449
     464
     469
     468
     463
     422
     419
     382
     333
     328
     298
     282
     264
     265
     270
     298
     269
     318
     329
     339
     370
     428
     457
     438
     508
     520
     528
     543
     508
     532
     460
     438
     438
     384
     328
     286
     321
     310
     259
     274
     259
     240
     241
     228
     209
     236
     259
     225
     246
     220
     227
     232
     237
     222
     264
     228
     260
     235
     248
     258
     284
     289
     303
     281
     293
     329
     261
     274
     270
     253
     253
     257
     237
     306
     301
     337
     377
     456
     514
     569
     613
     665
     797
     810
     808
     771
     780
     692
     701
     595
     518
     417
     376
     347
     297
     291
     275
     248
     216
     254
     254
     235
     216
     234
     266
     245
     248
     259
     267
     253
     253
     264
     290
     251
     250
     285
     268
     261
     277
     270
     282
     318
     376
     414
     432
     481
     512
     551
     621
     560
     597
     572
     528
     547
     486
     460
     401
     382
     333
     312
     277
     235
     230
     235
     219
     196
     221
     185
     225
     253
     212
     208
     225
     226
     232
     213
     255
     218
     243
     231
     246
     196
     225
     220
     188
     221
     192
     182
     219
     204
     216
     195
     230
     248
     213
     205
     211
     246
     219
     204
     222
     188
     193
     240
     239
     253
     305
     315
     323
     360
     377
     430
     524
     578
     559
     640
     615
     595
     569
     563
     501
     418
     397
     376
     348
     302
     274
     266
     249
     243
     251
     226
     248
     304
     301
     317
     432
     634
     812
    1192
    1620
    2208
    3087
    4113
    5296
    6514
    7857
    9467
   10432
   11145
   11619
   11513
   11202
   10413
    9495
    8167
    6913
    5593
    4357
    3312
    2525
    1894
    1430
    1049
     850
     613
     530
     452
     414
     342
     335
     330
     272
     287
     253
     259
     240
     205
     225
     216
     210
     169
     183
     202
     231
     213
     185
     202
     194
     221
     232
     257
     231
     260
     270
     246
     277
     246
     238
     200
     222
     215
     205
     171
     209
     213
     200
     198
     216
     225
     243
     242
     267
     245
     204
     213
     214
     211
     191
     165
     174
     182
     188
     175
     202
     188
     189
     218
     180
     185
     171
     171
     180
     158
     153
     150
     147
     160
     163
     135
     159
     178
     152
     147
     155
     137
     155
     142
     143
     151
     142
     134
     134
     148
     156
     162
     153
     166
     168
     162
     158
     198
     223
     239
     258
     307
     342
     397
     464
     526
     538
     563
     555
     647
     599
     579
     513
     465
     430
     387
     346
     315
     253
     231
     195
     191
     188
     156
     177
     156
     134
     154
     158
     171
     146
     153
     190
     131
     177
     155
     183
     166
     129
     156
     173
     159
     158
     198
     192
     184
     217
     231
     265
     299
     344
     284
     320
     327
     343
     337
     327
     286
     302
     296
     252
     264
     239
     207
     191
     196
     186
     203
     178
     195
     187
     181
     167
     193
     191
     194
     179
     178
     187
     201
     209
     186
     222
     187
     207
     183
     163
     178
     184
     184
     175
     159
     139
     169
     178
     171
     166
     173
     183
     183
     169
     168
     222
     198
     179
     167
     194
     192
     204
     199
     176
     185
     172
     204
     150
     158
     145
     152
     128
     133
     140
     133
     118
     136
     137
     146
     133
     150
     129
     144
     139
     147
     153
     142
     153
     142
     134
     156
     142
     147
     154
     154
     155
     147
     159
     187
     190
     211
     267
     283
     366
     393
     533
     596
     688
     781
     860
    1021
    1015
    1062
    1049
     999
     971
     892
     768
     739
     622
     503
     450
     371
     295
     282
     224
     239
     200
     179
     193
     156
     174
     166
     181
     222
     221
     206
     252
     224
     219
     252
     203
     191
     180
     203
     188
     154
     155
     155
     143
     134
     144
     123
     124
     124
     117
     130
     108
     132
     143
     123
     126
     118
     142
     142
     155
     124
     146
     143
     144
     152
     145
     139
     135
     172
     146
     150
     149
     144
     123
     153
     148
     166
     177
     191
     229
     300
     363
     449
     472
     620
     677
     762
     809
     966
     984
    1030
     974
     969
     932
     881
     750
     695
     630
     559
     515
     505
     465
     588
     620
     736
     865
    1022
    1194
    1433
    1619
    1596
    1743
    1739
    1740
    1623
    1501
    1378
    1191
    1109
     950
     804
     732
     627
     500
     477
     425
     398
     396
     325
     379
     335
     321
     278
     305
     343
     306
     276
     312
     257
     228
     230
     226
     202
     146
     158
     161
     134
     142
     119
     110
     100
     112
      93
     103
     126
     101
     101
     100
     108
      98
     113
     116
     111
      91
      99
      97
     119
     119
     108
     114
     110
     101
     107
     112
     107
     101
     106
     108
     104
      97
     127
     109
      91
     109
     102
     118
     128
     103
     112
     133
     124
     123
     122
     119
     108
     123
     102
     131
     142
     150
     107
     145
     154
     132
     144
     140
     132
     129
     144
     114
     122
     107
     120
     119
     125
     106
     121
     113
     133
     119
     132
     132
     109
     116
     136
     145
     106
     136
     122
     129
     121
     150
     119
     141
     142
     152
     140
     152
     161
     175
     170
     197
     197
     188
     205
     213
     219
     207
     247
     253
     248
     229
     234
     225
     220
     226
     220
     198
     194
     204
     209
     195
     187
     195
     193
     196
     192
     174
     200
     188
     178
     169
     166
     129
     133
     144
     131
      99
      81
     110
     109
      93
      88
      98
      83
      95
      94
     132
      88
      92
     116
      96
     106
      90
     106
     112
     105
     114
      94
     115
     109
     142
     113
     103
     121
     121
     109
     116
     100
     120
     128
     107
     102
     100
     101
      94
     101
      98
      83
      96
      95
     105
     105
      98
     106
     104
     102
     109
      97
      91
      98
      91
     105
      93
      75
      75
      97
     105
      82
     100
      94
      85
      83
      85
     102
     107
      91
      92
      90
      84
      79
      77
     100
      83
      85
      88
     102
      89
      85
      93
      92
      85
      88
     113
     106
     120
     104
     118
     140
     130
     146
     148
     147
     161
     157
     161
     155
     155
     161
     130
     147
     147
     152
     148
     130
     134
     128
     118
     136
     106
     129
     104
      94
     110
     112
     105
     110
     117
     122
     109
     109
     128
     107
     127
     105
     129
     133
     132
     138
     144
     109
     129
     109
     104
     113
     108
      95
      91
      95
     102
      96
      89
     131
     108
     125
     113
     121
     107
     120
      98
      99
      82
      87
      79
      80
      87
      75
      74
      73
      81
      93
      70
      79
      81
      87
      96
     106
      93
      97
      99
     118
     105
     117
      97
      97
     107
      86
      99
     114
      92
      86
      80
      78
      82
      70
      88
      76
      86
      75
      89
      85
      67
      93
      82
      77
      79
      80
      93
      77
      81
      80
      85
     103
     100
      98
      81
      91
      69
      80
      89
      95
      75
      80
      80
      70
      64
      79
      71
      84
      58
      61
      78
      68
      60
      72
      87
      84
      87
      74
      95
      92
      84
      97
     100
      97
      94
     103
     111
      96
     110
     104
     102
      82
      89
      67
      93
      98
     105
     104
      95
      92
      92
     110
     114
      95
     101
     115
     102
      93
      97
     106
     109
      85
     112
     104
     113
     114
      92
     108
     115
     104
     120
     112
     103
     101
     120
     107
     112
     112
     111
     101
     115
     109
     110
     150
     114
     114
     104
     121
     127
     132
     109
     142
     128
     138
     134
     125
     121
     103
     121
     126
     101
      95
      80
     111
      93
      89
     109
      89
      88
      83
      88
      95
     101
      80
      71
      66
      58
      86
      70
      70
      66
      64
      55
      73
      67
      78
      67
      70
      75
      81
      96
      80
      62
      95
      77
      64
      78
      82
      72
      75
      81
      77
      80
      71
      98
      78
      68
      66
      72
      76
      74
      77
      78
      57
      91
      73
      73
      68
      89
      80
      82
      66
      82
      87
      91
     102
      89
      89
      82
      81
      78
     100
      92
     110
      98
      89
      94
      78
      79
      94
      79
      65
      84
      90
      74
      79
      71
      86
      91
      86
      98
      92
      86
      94
      83
      93
      86
      94
      75
      92
      97
      73
      81
      80
      77
      91
      81
      78
      68
      79
      82
      74
      73
      91
      67
      81
      61
      81
      80
      86
      92
      86
      93
      94
      93
     101
      99
     111
     112
     109
      97
     117
     104
      86
     100
      87
      79
      79
      92
      80
      95
      77
      84
      79
      96
      96
      77
     125
     100
     123
     131
     150
     145
     137
     137
     143
     140
     134
     120
     110
     110
     102
      89
      90
      74
      76
      72
      70
      74
      65
      77
      73
      64
      77
      70
      65
      68
      58
      75
      67
      75
      70
      85
      88
      96
      98
      93
     121
     125
     135
     128
     142
     128
     107
     111
     100
     106
      98
      90
      87
      57
      84
      67
      80
      80
      64
      57
      70
      67
      70
      80
      64
      66
      83
      92
      77
      78
      68
      64
      81
      70
      58
      92
      79
      63
      63
      58
      71
      72
      64
      86
      70
      79
      73
      58
      72
      75
      65
      84
      61
      75
      75
      68
      71
      78
      67
      76
      67
      73
      80
      77
      84
      88
      86
      84
     109
     127
     103
     121
     112
     125
     126
     129
     111
     125
     117
     102
     101
     111
     110
      97
      88
      89
     102
      80
      98
      76
      95
     108
     111
     105
      85
     113
      95
     103
      90
      84
      81
      61
      71
      86
      81
      83
      65
      68
      62
      69
      87
      79
      64
      64
      75
      70
      60
      86
      73
      63
      76
      63
      66
      72
      68
      66
      55
      78
      73
      86
      70
      78
      59
      71
      66
      81
      77
      75
      74
      61
      83
      74
      71
      87
      77
      82
     101
     110
      97
     109
     118
     119
     130
     133
     147
     132
     133
     136
     132
     131
     109
     108
      95
     111
      98
      92
      95
      85
      73
      70
      78
      65
      67
      69
      58
      60
      85
      68
      71
      76
      94
      90
      95
      84
      85
      90
      88
      58
      56
      79
      66
      69
      77
      67
      59
      66
      57
      45
      61
      60
      58
      61
      59
      55
      62
      53
      50
      63
      54
      50
      47
      46
      46
      64
      48
      63
      65
      59
      56
      55
      59
      54
      60
      56
      53
      64
      61
      49
      53
      60
      54
      53
      53
      59
      49
      61
      68
      66
      69
      49
      72
      48
      59
      50
      54
      52
      64
      63
      57
      65
      73
      71
      75
      64
      83
      87
      80
      77
     110
      95
      90
     100
     105
     102
      84
     103
      98
      90
     100
      88
      79
      63
      58
      71
      66
      50
      56
      64
      52
      38
      50
      57
      48
      60
      74
      68
      61
      51
      76
      60
      79
      77
      63
      80
      76
      68
      61
      69
      57
      41
      64
      67
      53
      55
      55
      54
      58
      55
      60
      59
      67
      68
      53
      63
      62
      64
      55
      70
      50
      49
      71
      46
      50
      65
      54
      46
      54
      54
      56
      59
      43
      55
      61
      64
      56
      57
      58
      52
      50
      65
      54
      47
      43
      66
      52
      55
      48
      54
      50
      45
      66
      71
      52
      59
      65
      60
      46
      55
      63
      59
      60
      62
      62
      53
      53
      44
      67
      61
      64
      65
      56
      63
      55
      65
      77
      64
      65
      70
      68
      62
      49
      56
      65
      60
      52
      58
      48
      54
      46
      57
      56
      49
      53
      71
      43
      41
      37
      40
      40
      48
      35
      57
      51
      48
      61
      61
      48
      59
      54
      63
      85
      64
      67
      56
      74
      72
      48
      52
      53
      56
      45
      49
      55
      58
      54
      43
      44
      58
      53
      31
      47
      52
      55
      64
      38
      40
      54
      40
      49
      46
      56
      64
      45
      43
      49
      42
      53
      41
      45
      51
      41
      63
      39
      39
      47
      55
      45
      38
      40
      52
      52
      43
      37
      49
      47
      51
      55
      57
      49
      60
      50
      43
      49
      38
      36
      52
      45
      40
      43
      42
      45
      50
      61
      58
      63
      56
      64
      65
      81
      67
      70
      60
      63
      66
      66
      60
      66
      55
      54
      53
      60
      56
      62
      44
      40
      50
      65
      54
      62
      46
      53
      63
      47
      46
      57
      53
      58
      53
      48
      54
      54
      51
      64
      45
      44
      48
      39
      45
      57
      58
      49
      46
      43
      31
      64
      58
      38
      71
      49
      63
      52
      66
      38
      39
      45
      56
      27
      51
      46
      45
      40
      51
      45
      40
      39
      55
      53
      42
      51
      44
      42
      46
      48
      47
      53
      45
      56
      31
      50
      47
      54
      40
      50
      44
      46
      53
      51
      51
      47
      49
      56
      44
      41
      55
      48
      45
      55
      58
      45
      58
      49
      52
      53
      54
      53
      54
      41
      46
      48
      53
      61
      54
      53
      61
      67
      64
      53
      59
      64
      62
      56
      62
      46
      82
      55
      63
      42
      51
      50
      45
      62
      59
      62
      59
      60
      70
      57
      47
      57
      57
      64
      47
      51
      42
      57
      41
      40
      49
      59
      39
      36
      39
      37
      42
      65
      49
      51
      43
      60
      51
      39
      42
      45
      39
      49
      49
      49
      48
      47
      50
      35
      43
      40
      44
      45
      42
      48
      30
      43
      59
      37
      34
      51
      44
      38
      47
      49
      46
      42
      30
      45
      45
      40
      33
      41
      41
      40
      39
      40
      38
      46
      51
      54
      40
      25
      38
      45
      42
      47
      50
      42
      46
      33
      34
      40
      54
      49
      60
      57
      42
      36
      47
      41
      48
      33
      44
      54
      63
      53
      53
      41
      43
      58
      58
      50
      52
      52
      49
      59
      48
      48
      55
      56
      44
      40
      48
      42
      31
      53
      51
      59
      48
      49
      45
      42
      35
      47
      42
      40
      50
      48
      43
      48
      48
      49
      49
      48
      46
      41
      35
      49
      41
      48
      50
      44
      69
      46
      38
      38
      48
      48
      43
      40
      41
      56
      60
      49
      55
      42
      50
      58
      51
      56
      59
      46
      50
      50
      39
      46
      53
      47
      40
      44
      38
      33
      49
      41
      46
      41
      39
      28
      35
      48
      39
      36
      37
      38
      45
      38
      49
      48
      41
      52
      46
      51
      44
      55
      43
      43
      57
      45
      48
      43
      51
      42
      49
      56
      54
      48
      45
      72
      58
      64
      64
      60
      66
      67
      91
      70
      79
      75
      82
      66
      66
      68
      49
      46
      49
      41
      44
      49
      53
      45
      44
      41
      43
      45
      47
      44
      37
      37
      50
      32
      45
      48
      39
      31
      33
      30
      42
      37
      29
      43
      38
      39
      32
      30
      40
      33
      40
      38
      42
      46
      40
      49
      32
      30
      46
      29
      53
      32
      31
      47
      40
      36
      37
      38
      36
      41
      26
      29
      28
      43
      31
      35
      37
      26
      40
      51
      51
      31
      38
      40
      34
      48
      36
      28
      30
      35
      30
      42
      27
      40
      32
      38
      38
      40
      31
      32
      43
      46
      53
      47
      44
      38
      43
      46
      44
      28
      50
      41
      47
      43
      45
      48
      57
      56
      40
      49
      38
      51
      44
      57
      41
      57
      45
      48
      46
      47
      36
      45
      40
      33
      46
      36
      41
      48
      47
      37
      43
      34
      45
      54
      29
      44
      37
      47
      39
      62
      39
      51
      51
      54
      48
      62
      49
      52
      60
      46
      30
      56
      55
      44
      38
      31
      44
      43
      34
      31
      47
      43
      33
      39
      56
      45
      42
      41
      46
      42
      44
      46
      42
      38
      49
      45
      36
      46
      35
      46
      41
      45
      37
      49
      45
      51
      50
      40
      55
      34
      42
      44
      34
      46
      38
      43
      41
      46
      40
      35
      38
      51
      40
      36
      33
      37
      32
      30
      34
      34
      29
      42
      46
      44
      42
      39
      37
      43
      32
      46
      30
      37
      38
      43
      29
      32
      55
      41
      40
      44
      40
      44
      39
      49
      45
      33
      31
      41
      41
      47
      46
      36
      29
      41
      36
      42
      43
      40
      42
      28
      41
      40
      43
      37
      49
      40
      36
      38
      41
      39
      49
      37
      39
      44
      39
      48
      39
      41
      33
      41
      36
      27
      35
      42
      37
      51
      36
      47
      38
      28
      35
      40
      41
      41
      41
      42
      46
      35
      41
      45
      60
      39
      45
      38
      40
      44
      43
      42
      39
      34
      32
      36
      45
      51
      40
      54
      39
      58
      33
      57
      32
      35
      51
      47
      29
      46
      30
      44
      46
      40
      28
      31
      33
      44
      47
      37
      36
      45
      40
      53
      28
      34
      41
      40
      36
      29
      36
      33
      49
      37
      42
      42
      34
      31
      43
      37
      36
      42
      36
      35
      45
      58
      35
      53
      60
      51
      54
      43
      54
      51
      50
      58
      70
      50
      52
      49
      46
      41
      46
      41
      32
      37
      40
      32
      34
      38
      28
      33
      26
      41
      19
      31
      34
      47
      29
      35
      35
      34
      40
      30
      25
      40
      39
      44
      43
      31
      37
      33
      37
      40
      32
      37
      33
      31
      36
      49
      30
      32
      48
      34
      30
      36
      32
      38
      37
      49
      29
      39
      45
      39
      44
      33
      42
      44
      33
      35
      50
      39
      62
      37
      35
      37
      43
      39
      37
      34
      46
      32
      43
      41
      38
      28
      40
      33
      31
      32
      41
      47
      39
      36
      38
      41
      26
      34
      36
      41
      37
      39
      48
      44
      49
      45
      54
      78
      56
      58
      49
      49
      54
      61
      45
      68
      49
      59
      42
      36
      47
      46
      36
      46
      38
      48
      36
      42
      28
      41
      33
      23
      30
      31
      37
      34
      34
      27
      40
      36
      28
      26
      40
      37
      39
      34
      30
      25
      38
      27
      32
      36
      36
      34
      34
      38
      35
      31
      29
      36
      35
      52
      34
      42
      36
      41
      29
      48
      31
      29
      31
      39
      42
      42
      36
      34
      26
      26
      42
      34
      42
      39
      33
      45
      48
      39
      38
$ENER_FIT:
0.000000 0.125000
$PRESETS:
Live Time (sec)
2848
0
$RT:
3600.000000
$DT:
752000
$ADC:
8192
0
8191