$APPLICATION_ID:
IDB v.1.0
$SPEC_REM:
Material type: Pu
Material form: Pellet
Material compound: PuO2
Pu isotopics:
238Pu 0.0413
239Pu 85.0877
240Pu 14.2098
241Pu 0.4258
242Pu 0.2353
241Am 1.1745
Detector: HPGe (Geometry: Planar, Size: Approx 9% RE Detective)
MCA: Integrated MCA
$DATE_MEA:
09/08/2005 19:00:00
$MEAS_TIM:
536 900
$DATA:
0 8191
       0
       0
       0
       0
       0
       0
       0
       0
       0
       0
       0
       0
       0
       0
       0
       0
       0
       0
       1
       0
       0
       0
       1
       0
       0
       1
       1
       1
       2
       0
       4
       2
       7
      13
      17
      28
      56
     111
     194
     468
    5133
   11548
   11702
   11592
   11726
   11506
   11660
   11340
   11427
   11259
   11023
   11023
   10853
   10822
   11091
   10782
   10657
   10653
   10422
   10668
   10440
   10426
   10459
   10311
   10158
   10255
   10112
   10204
    9912
    9888
    9900
    9702
    9627
    9624
    9343
    9503
    9310
    9316
    8996
    9088
    8980
    8563
    8544
    8417
    8196
    8223
    8234
    8061
    7938
    7879
    7861
    7907
    7898
    7576
    7548
    7456
    7429
    7346
    7171
    7111
    7103
    7138
    6946
    6941
    6786
    6847
    6632
    6864
    6498
    6524
    6492
    6522
    6403
    6374
    6339
    6259
    6315
    6344
    6366
    6156
    6091
    6238
    5933
    6060
    5987
    5961
    5941
    6025
    6160
    5910
    6076
    6052
    6094
    5934
    5945
    5916
    5975
    6011
    5888
    6005
    5979
    5911
    5943
    6039
    6124
    5980
    6004
    6108
    6315
    6176
    6211
    6327
    6331
    6567
    6763
    6963
    7369
    7852
    8553
   10587
   16051
   25487
   32644
   29764
   19120
   10414
    6754
    5586
    5527
    5449
    5391
    5329
    5418
    5359
    5437
    5408
    5445
    5404
    5432
    5743
    5587
    6286
    6669
    7024
    6807
    6389
    6568
    6807
    7183
    6639
    5948
    5555
    5355
    5374
    5443
    5439
    5490
    5525
    5555
    5529
    5594
    5581
    5693
    5772
    5567
    5822
    5657
    5757
    5770
    5877
    6259
    6234
    6597
    6776
    6564
    6297
    6203
    6268
    6581
    6542
    6588
    6596
    6546
    6716
    6472
    6763
    6852
    6960
    7159
    7175
    7286
    7417
    7669
    7607
    7875
    7878
    8024
    8325
    8314
    8533
    8568
    8695
    9041
    9244
    9563
    9802
    9969
   10039
   10390
   10616
   10887
   11215
   11406
   11958
   12605
   14385
   18793
   24755
   29144
   26916
   21788
   17610
   18156
   21739
   26987
   31218
   37711
   53824
   82127
  106497
  107514
   85109
   56680
   38833
   36091
   40141
   40685
   35333
   35344
   54141
   85054
  105496
  102119
   86560
   67251
   45692
   25610
   13859
    9289
    8166
    8086
    7898
    7794
    7844
    7899
    8156
    8289
    8544
   10000
   12837
   17802
   24330
   30208
   33632
   31047
   23861
   16927
   14673
   16513
   20887
   26993
   33704
   36089
   33237
   28298
   26373
   27163
   29002
   30728
   32372
   31956
   27037
   19451
   13614
   10245
    8737
    8960
   10514
   12995
   14281
   13266
   11214
    9487
    8578
    8839
    9686
    9673
    8631
    8048
    9704
   14745
   20726
   22493
   17759
   11369
    7522
    5982
    5837
    6277
    7939
   13783
   26444
   40150
   43261
   31970
   17186
    8690
    5569
    4851
    4768
    4677
    4614
    4896
    4840
    4816
    4751
    4846
    4807
    4780
    4761
    4805
    4807
    4842
    4807
    4789
    4773
    4672
    4834
    4983
    4924
    4938
    4848
    4972
    4989
    4929
    5137
    5254
    5268
    5304
    5302
    5577
    6109
    6972
    7714
    7673
    6974
    6518
    6740
    7961
    9587
    9660
    8764
    8389
   10885
   16676
   21830
   20662
   14829
    9278
    6750
    5848
    5572
    5264
    5163
    5385
    5607
    6401
    6409
    5981
    5581
    5290
    5238
    5173
    5122
    5086
    5223
    5117
    5171
    5259
    5168
    5350
    5257
    5424
    5619
    5824
    6849
    8419
    9654
    9612
    8566
    7801
    7284
    6592
    6076
    5767
    5668
    6172
    7666
   10109
   11857
   11196
    8824
    6859
    5771
    5454
    5309
    5373
    5423
    5383
    5421
    5656
    6341
    7083
    7538
    6952
    6351
    6606
    6935
    7093
    6608
    6043
    5435
    5340
    5202
    5348
    5225
    5425
    5392
    5526
    5483
    5363
    5382
    5111
    5126
    5352
    5160
    5473
    5726
    6061
    6237
    6138
    5820
    5302
    5224
    5186
    5222
    5139
    5322
    5239
    5169
    5129
    5166
    5137
    5337
    5327
    5242
    5186
    5186
    5274
    5185
    5156
    5230
    5255
    5495
    5512
    5874
    6436
    6701
    6404
    5919
    5436
    5279
    5026
    5366
    5397
    5303
    5203
    5077
    5143
    5061
    5113
    5129
    5777
    6342
    7263
    7178
    6389
    5574
    5222
    5036
    5051
    5133
    4984
    5036
    5078
    4984
    5057
    5044
    5027
    5304
    5288
    5340
    5812
    7526
   11355
   15805
   17634
   15343
   10526
    7279
    5932
    5429
    5586
    6198
    9935
   22111
   51955
   94464
  119984
  103696
   61347
   26598
   10092
    4872
    3788
    3636
    3455
    3491
    3563
    3420
    3415
    3450
    3415
    3436
    3465
    3476
    3375
    3365
    3376
    3439
    3355
    3283
    3254
    3263
    3314
    3299
    3344
    3226
    3146
    3242
    3343
    3191
    3300
    3454
    3760
    3912
    3881
    3479
    3265
    3080
    3053
    3071
    2994
    3001
    3144
    3247
    3253
    3254
    2901
    2812
    2873
    2829
    2821
    2827
    2792
    2791
    2727
    2734
    2689
    2657
    2640
    2768
    2615
    2541
    2606
    2731
    2685
    2719
    2659
    2681
    2688
    2621
    2600
    2592
    2596
    2445
    2535
    2678
    2754
    2727
    2817
    2767
    2585
    2579
    2482
    2385
    2518
    2425
    2485
    2459
    2383
    2635
    2596
    2906
    3023
    2993
    2833
    2717
    2519
    2435
    2390
    2355
    2350
    2277
    2273
    2276
    2251
    2382
    2296
    2425
    2437
    2385
    2315
    2261
    2230
    2290
    2228
    2238
    2232
    2188
    2133
    2212
    2186
    2186
    2201
    2564
    3178
    3775
    4052
    3374
    2742
    2228
    2121
    1917
    1988
    1911
    1864
    1965
    1917
    1852
    1860
    1872
    1974
    1931
    1814
    1798
    1874
    1844
    1871
    2068
    2403
    2459
    2445
    2176
    2116
    1946
    1951
    2124
    2562
    3783
    5364
    6073
    5203
    3760
    2414
    1860
    1712
    1629
    1560
    1611
    1639
    1676
    1647
    1553
    1617
    1596
    1588
    1555
    1533
    1561
    1511
    1577
    1735
    1736
    1674
    1608
    1589
    1537
    1608
    1594
    1535
    1512
    1516
    1471
    1467
    1502
    1501
    1502
    1554
    1560
    1543
    1498
    1420
    1388
    1437
    1499
    1504
    1385
    1478
    1472
    1454
    1491
    1412
    1406
    1347
    1408
    1421
    1421
    1447
    1406
    1363
    1361
    1370
    1423
    1480
    1420
    1411
    1425
    1594
    1586
    1705
    1569
    1514
    1370
    1347
    1313
    1412
    1329
    1368
    1367
    1650
    2078
    2461
    2591
    2188
    1812
    1554
    1515
    1681
    1914
    2022
    1961
    1668
    1476
    1350
    1365
    1404
    1445
    1460
    1417
    1331
    1278
    1272
    1313
    1349
    1310
    1356
    1398
    1400
    1387
    1409
    1433
    1349
    1359
    1268
    1300
    1321
    1402
    1598
    2218
    3472
    5190
    6148
    5540
    3994
    2451
    1581
    1356
    1261
    1172
    1259
    1273
    1332
    1375
    1466
    1566
    1333
    1329
    1216
    1213
    1226
    1249
    1298
    1411
    1688
    2110
    2413
    2641
    2626
    2828
    3640
    4012
    4067
    3498
    3122
    2769
    2344
    1720
    1355
    1167
    1200
    1151
    1173
    1168
    1210
    1108
    1168
    1206
    1153
    1281
    1233
    1236
    1265
    1416
    1820
    3248
    6830
   12649
   18578
   21011
   17631
   11184
    5967
    3698
    4790
    7932
   11090
   12028
    9952
    6505
    3646
    2132
    1431
    1159
    1038
    1028
     964
    1042
    1146
    1348
    1670
    2040
    2472
    2688
    2349
    1826
    1345
    1088
    1379
    2376
    5041
    9380
   13309
   14048
   10304
    5592
    2609
    1335
     871
     799
     818
     761
     772
     758
     772
     797
     826
     829
     861
     873
     841
     811
     759
     747
     761
     779
     788
     817
     782
     796
     718
     758
     749
     816
     785
     793
     791
     806
     830
     791
     802
     758
     786
     771
     785
     804
     848
     983
    1104
    1069
    1017
     981
     839
     851
     815
     816
     856
     842
     856
    1059
    1413
    1972
    2777
    3078
    3789
    4743
    6017
    6995
    5953
    3915
    2329
    1782
    1945
    2197
    2281
    1868
    1451
    1154
    1127
    1303
    2168
    4771
   11837
   23222
   33770
   36035
   27413
   15680
    7990
    4512
    2995
    1820
    1143
     859
     865
    1452
    2764
    4945
    7036
    7245
    5640
    3475
    2129
    2552
    4218
    5943
    6327
    5009
    3251
    1855
    1026
     745
     562
     546
     493
     475
     446
     484
     444
     486
     478
     494
     484
     512
     523
     560
     587
     631
     791
    1350
    2674
    5341
    8532
   11090
   10838
    8544
    5030
    2306
    1015
     587
     463
     435
     411
     421
     418
     449
     468
     446
     567
     583
     572
     595
     571
     500
     437
     413
     434
     408
     432
     361
     452
     401
     422
     416
     388
     436
     412
     426
     463
     482
     450
     459
     474
     495
     465
     459
     510
     504
     531
     501
     526
     612
     651
     699
     782
    1086
    2326
    5919
   13928
   24298
   31675
   29254
   19897
    9795
    3931
    1575
     783
     561
     436
     348
     331
     331
     359
     437
     551
     715
     675
     554
     439
     320
     387
     585
    1094
    1927
    2651
    2576
    2005
    1122
     582
     393
     265
     304
     364
     593
     869
    1043
    1097
     798
     531
     389
     236
     286
     262
     310
     335
     368
     292
     301
     276
     243
     275
     213
     262
     254
     262
     264
     257
     253
     249
     248
     248
     224
     256
     211
     249
     221
     217
     228
     219
     220
     261
     228
     265
     237
     254
     231
     265
     268
     269
     283
     274
     290
     300
     267
     235
     279
     332
     416
     404
     396
     329
     290
     291
     265
     243
     264
     285
     276
     308
     411
     813
    1650
    2871
    3800
    3760
    2835
    1601
     780
     361
     287
     289
     328
     327
     340
     316
     233
     227
     215
     214
     256
     254
     258
     222
     237
     252
     280
     272
     271
     255
     207
     260
     237
     225
     240
     209
     234
     206
     218
     208
     205
     197
     216
     221
     192
     201
     192
     208
     239
     214
     224
     251
     230
     210
     204
     244
     213
     225
     217
     193
     219
     213
     236
     237
     231
     219
     246
     220
     219
     211
     202
     195
     186
     205
     225
     217
     219
     196
     204
     193
     199
     190
     204
     178
     204
     234
     269
     265
     261
     219
     167
     184
     172
     157
     166
     194
     175
     183
     169
     170
     178
     193
     177
     182
     161
     178
     155
     170
     165
     156
     163
     176
     175
     171
     172
     163
     156
     169
     180
     167
     173
     159
     150
     138
     157
     173
     141
     150
     163
     162
     170
     147
     179
     135
     136
     152
     156
     158
     146
     153
     167
     135
     127
     164
     157
     148
     156
     160
     169
     136
     147
     164
     128
     150
     149
     152
     144
     139
     161
     139
     154
     166
     151
     169
     182
     178
     158
     161
     188
     183
     196
     184
     174
     159
     200
     172
     174
     157
     173
     148
     161
     162
     168
     147
     146
     126
     133
     150
     124
     137
     139
     149
     131
     129
     120
     128
     136
     156
     151
     144
     129
     117
     155
     152
     150
     145
     133
     130
     136
     145
     119
     140
     130
     135
     146
     142
     142
     162
     127
     154
     132
     120
     127
     128
     128
     109
     120
     111
     103
     109
     117
     108
     128
      96
     105
     109
     112
     109
      97
     100
     104
     114
     112
     107
     103
      96
     105
     132
     126
     111
     118
     110
     107
     114
      90
     103
     110
     111
      94
      99
      93
      87
     102
      85
      90
      91
      79
      87
      84
      71
      96
      76
      94
      95
     109
     105
      94
      90
      86
      91
      95
      91
     100
      96
      86
      95
      95
      75
      85
      87
      82
      82
      91
      80
      68
      92
      91
      87
      67
      71
      97
      83
      74
      85
      80
     104
      89
      80
      89
      69
      83
      76
      74
      84
      73
      87
      83
      86
      65
      78
      64
      60
      77
      82
      46
      88
      67
      71
      75
      77
      77
      76
      76
      64
      67
      88
      92
      75
      69
      87
      77
      74
      90
      85
      84
      70
      70
      72
      81
      75
      74
      82
      63
      73
      75
      72
      92
      71
      86
      78
      83
      96
     112
     130
     117
     123
      97
      66
      72
      63
      63
      71
      77
      82
      87
      78
      82
      78
      71
      60
      74
      59
     101
     104
      86
      98
      74
      62
      61
      52
      70
      61
      57
      55
      50
      46
      58
      62
      53
      52
      75
      99
     116
     170
     139
     147
     115
      74
      75
      66
      71
      61
      74
      60
      63
      55
      59
      46
      54
      63
      46
      44
      52
      55
      47
      39
      61
      47
      53
      39
      55
      49
      64
      71
      85
      71
      82
      75
      56
      59
      56
      49
      62
      67
      62
      47
      62
      60
      57
      66
      52
      38
      46
      61
      76
      87
      85
     105
     162
     266
     447
     670
     683
     666
     418
     257
     132
      90
      66
      71
      50
      60
      51
      47
      35
      51
      57
      52
      47
      42
      42
      42
      49
      42
      52
      47
      50
      50
      40
      40
      41
      35
      40
      40
      38
      40
      45
      46
      62
      95
      94
      69
      68
      69
      48
      44
      52
      40
      49
      58
      65
      62
      64
      89
      80
      73
      77
      98
     126
     146
     167
     159
     142
     173
     164
     166
     167
     169
     113
      84
      58
      48
      89
     117
     151
     238
     230
     207
     141
     100
      70
      49
      48
      53
      37
      53
      39
      54
      57
      88
      84
     161
     261
     343
     456
     439
     370
     246
     128
     103
      83
      68
      71
      60
      46
      59
      69
      54
      86
     126
     160
     182
     159
     142
      97
     120
     276
     646
    1485
    2497
    3427
    3555
    2903
    1777
     890
     337
     126
      75
      53
      49
      33
      32
      32
      25
      20
      34
      34
      33
      29
      27
      33
      34
      26
      25
      31
      22
      30
      26
      25
      21
      24
      23
      40
      37
      33
      30
      25
      31
      34
      24
      32
      26
      26
      26
      24
      25
      33
      41
      54
      51
      51
      47
      25
      25
      21
      28
      23
      20
      20
      24
      22
      24
      32
      22
      31
      41
      48
      51
      65
     118
     150
     253
     322
     323
     242
     178
      95
      40
      39
      26
      26
      20
      32
      35
      45
      55
      54
      61
      42
      30
      36
      41
      53
      65
      69
      58
      45
      35
      29
      27
      28
      24
      23
      25
      26
      35
      28
      27
      28
      32
      31
      50
      45
      60
      65
      62
      44
      33
      27
      30
      26
      36
      26
      19
      38
      32
      46
      54
      63
      82
      73
      49
      35
      23
      31
      30
      27
      18
      26
      29
      27
      22
      21
      25
      23
      26
      28
      30
      35
      41
      51
      62
      57
      55
      42
      37
      34
      45
      91
     198
     433
     848
    1380
    1685
    1629
    1332
     792
     415
     157
      81
      56
      35
      24
      14
      21
      12
      22
      25
      18
      26
      19
      17
      26
      28
      32
      32
      16
      22
      16
      24
      15
      19
      17
      18
      19
      13
      15
      19
       8
      14
      28
      23
      39
      50
      70
      85
      74
      65
      39
      28
      17
      12
      13
      13
      15
      17
      20
      19
      18
      29
      21
      24
      28
      16
      14
      13
       9
      24
      19
      15
      16
      16
      16
       9
      10
      13
      22
      23
      23
      20
      23
      15
      11
      19
      12
      12
      12
      12
      13
      11
      12
      14
      29
      41
      82
      93
     110
     114
      90
      74
      40
      24
      16
      23
      25
      29
      34
      33
      19
      20
      24
      22
      13
      15
      17
      12
      17
      20
      13
      19
      16
      20
      42
      45
      75
      97
      74
      90
      69
      70
      80
     106
     114
     156
     125
     107
      95
      62
      53
      58
      39
      46
      33
      18
      20
      11
       8
       9
      12
       6
      10
       6
      10
      21
      11
      15
       6
       6
      12
       7
      13
      12
       9
      16
      15
      12
      12
       7
       9
      15
       4
      12
      12
      13
      12
      14
      12
      14
      25
      13
      11
      18
      14
      16
      21
      20
      20
      14
      10
      11
       9
       7
      12
      10
      10
       4
       4
       8
       9
       5
      13
       7
       9
       9
       8
      14
       6
       7
      13
      10
       8
       9
       8
       4
       9
       5
      10
      15
      11
      11
      16
      13
      15
      16
      16
       8
       4
      16
      10
      11
      10
       5
       5
       7
      12
       7
      16
       9
       6
      11
       1
      13
       7
      13
       6
       4
       7
      13
      14
      16
       8
      13
       9
       7
       6
       9
       3
       6
      13
       9
       9
       8
       5
       7
       7
      14
       5
      10
       9
      11
       5
      13
      10
      11
      11
       5
      10
       7
       8
      10
       5
      12
       6
      13
       9
      12
       5
       6
      21
       8
      12
      11
       9
      13
       9
       5
      13
       9
       8
       5
       7
       9
       6
       5
       9
       9
       5
       3
       8
       9
       9
       7
       5
       3
       8
       6
       6
      10
       9
       9
      13
       9
       9
       6
      10
       5
       4
      10
      12
       8
       7
       8
       4
       4
       4
      13
      13
       9
       8
       8
      10
       9
       6
       4
      10
       9
      19
       4
      11
       4
       5
       5
      10
       5
       6
       8
      15
       5
      15
      14
       8
       6
       8
      11
       5
      10
      10
       7
       5
       7
       5
       5
       4
       6
       4
       8
       4
       8
      11
      10
       6
      12
      17
      13
       8
       8
      15
      13
       7
      12
      10
       6
       9
       3
      10
       6
       8
       7
       8
       6
       3
       7
       3
       3
       5
       7
       6
       7
      11
      14
       9
       9
       4
      13
      17
       6
       7
       5
       4
       6
       0
       7
       3
       5
       2
       6
       6
       2
       7
       7
       5
       6
       6
       7
      11
       9
       3
       6
       3
       4
       7
       7
       4
       8
       7
       6
       6
       4
       6
       9
       3
       7
       6
       4
       8
       4
       6
      10
       8
       5
       3
       3
       1
       4
       6
       4
       7
       4
       4
       7
       2
      12
       3
       7
       6
       8
       4
      11
       8
       5
       6
       6
       2
       9
       8
      10
       9
       6
       6
       2
       9
       4
       4
       4
       4
       7
       8
       9
       5
       9
       4
       7
       8
       6
       8
       3
       4
       4
       3
       1
       4
       4
       8
       5
       5
       7
       4
       4
      12
      12
      10
       8
      10
       8
       5
       8
      10
       3
       8
       6
       8
       9
       2
       4
       4
       5
       4
       6
       3
       4
       9
       3
       4
       4
       3
       2
       7
       6
       7
       2
       5
       6
       2
       4
       3
       3
       6
       6
       3
       5
       6
       5
       3
       5
       3
       5
       5
       9
       9
       6
       7
       8
       7
       7
       3
       5
       3
       4
       6
       2
       4
       3
       6
       6
       6
       5
       3
       2
       3
       5
       7
       5
       4
       2
       3
       4
       5
       6
       2
       5
       7
       7
       2
       5
       6
      13
       6
       4
       5
       2
       4
       4
       5
       3
       7
       9
       3
       5
       5
       3
       2
       4
       6
       3
       6
       4
       4
       4
       3
       2
       5
       6
       4
       4
       4
       4
       3
       4
       3
       7
       3
       7
      14
       8
      11
       4
       9
       7
       4
       3
       8
       3
       5
       5
       2
       3
       4
       4
       3
       4
       4
       3
       7
       4
       3
       6
       7
       4
       0
       5
       5
       5
       7
       2
       6
       4
       5
       8
       9
       9
      12
       8
       2
       4
       4
       5
       2
       4
       8
       4
       1
       8
       7
       0
       6
       5
       8
       4
       2
       3
       1
       5
       5
       2
       4
       6
       6
       2
       5
       3
       3
       2
       1
       2
       2
       2
       2
       2
       3
       8
       5
       1
       3
       4
       4
       2
       0
       4
       3
       2
       5
       1
       6
       5
       3
       6
       3
       5
       2
       2
       2
       3
       1
       3
       5
       3
       2
       9
       4
       7
       1
       4
       3
       4
       7
       8
       0
       0
       0
       5
       0
       5
       3
       4
       4
       8
       4
       3
       6
       1
       5
       1
       5
       1
       2
       8
       2
       2
       7
       4
       1
       7
       6
       4
       4
       4
       5
       8
       4
       1
       6
       5
       7
       6
       3
       3
       5
       6
       1
       5
       6
       5
       3
       6
       5
       5
       4
       4
       6
       5
       4
       6
       1
       2
       4
       0
       2
       5
       5
       3
       7
       4
       1
       4
       5
       3
       7
       7
       3
       3
       2
       3
       2
       1
       3
       6
       3
       4
       2
       4
       3
       5
       5
       1
       3
       5
       6
       3
       3
       4
       0
       4
       4
       2
       1
       3
       5
       5
       2
       6
       2
       3
       4
       3
       6
       3
       4
       2
       2
       4
       2
       1
       6
       1
       3
       7
       3
       3
       2
       9
       2
       4
       4
       2
       4
       4
       4
       1
       4
       3
       3
       7
       4
       1
       5
       4
       3
       1
       3
       6
       4
       5
       4
       7
       4
       3
       1
       8
       5
       5
       3
       2
       3
       2
       2
       5
       3
       4
       2
       3
       8
       5
       3
       5
       7
       2
       4
       1
       0
       2
       6
       5
       2
       5
       4
       6
       4
       4
       3
       5
       4
       2
      10
       7
       3
       4
       4
       7
       3
       2
       4
       5
       2
       2
       3
       3
       4
       4
       4
       5
       2
       0
       3
       3
       2
       8
       3
       4
       4
       2
       2
       3
       3
       4
       3
       1
       9
       6
       4
       9
       4
       2
       2
       3
       3
       2
       5
       3
       0
       4
       2
       3
       2
       1
       2
       5
       2
       3
       1
       2
       3
       2
       1
       4
       2
       4
       6
       1
       0
       4
       3
       2
       2
       2
       3
       2
       1
       5
       2
       1
       2
       3
       4
       2
       1
       0
       5
       9
       3
       4
       1
       1
       2
       7
       2
       2
       2
       2
       3
       2
       1
       1
       4
       1
       6
       3
       2
       4
       2
       1
       1
       6
       6
       2
       3
       3
       1
       1
       4
       1
       2
       6
       5
       2
       0
       1
       4
       3
       3
       6
       3
       3
       5
       4
       5
       5
       3
       5
       4
       2
       4
       3
       8
       1
       0
       1
       6
       2
       5
       3
       9
       3
       8
       9
       9
       3
       2
       1
       3
       1
       1
       3
       3
       5
       2
       5
       4
       2
       1
       4
       3
       4
       2
       2
       5
       3
       1
       3
       4
       3
       2
       5
       3
       5
       3
       3
       2
       6
       5
       3
       3
       1
       4
       4
       0
       3
       1
       1
       5
       6
       3
       2
       4
       4
       1
       0
       0
       4
       5
       3
       3
       7
       2
       2
       1
       1
       5
       4
       3
       1
       4
       5
       2
       2
       3
       3
       4
       5
       1
       5
       3
       1
       3
       2
       5
       1
       2
       5
       3
       3
       5
       4
       7
       1
       4
       4
       4
       1
       2
       2
       1
       3
       6
       4
       0
       4
       3
       4
       3
       3
       1
       4
       2
       4
       0
       1
       4
       4
       3
       1
       2
       0
       1
       2
       0
       3
       6
       2
       2
       3
       2
       4
       2
       4
       3
       5
       1
       7
       2
       1
       4
       1
       6
       2
       6
       2
       2
       3
       1
       2
       3
       1
       1
       5
       1
       5
       1
       3
       3
       1
       1
       2
       1
       3
       5
       1
       1
       3
       7
       2
       1
       6
       1
       1
       2
       5
       5
       2
       1
       2
       2
       2
       3
       0
       1
       7
       3
       3
       2
       4
       1
       4
       3
       5
       2
       3
       2
       1
       1
       3
       2
       1
       1
       1
       3
       3
       1
       3
       2
       6
       5
       5
       3
       1
       2
       2
       3
       2
       0
       4
       3
       5
       2
       2
       0
       2
       1
       1
       3
       5
       1
       3
       5
       5
       2
       2
       2
       4
       2
       2
       3
       3
       1
       4
       4
       4
       2
       3
       1
       4
       5
       3
       5
       5
       2
       3
       3
       5
       2
       3
       1
       6
       5
       2
       3
       1
       1
       5
       1
       4
       4
       2
       2
       4
       1
       1
       0
       2
       2
       2
       3
       0
       0
       4
       0
       4
       3
       2
       2
       0
       4
       4
       2
       2
       1
       1
       3
       3
       1
       2
       7
       2
       2
       1
       2
       2
       2
       3
       4
       2
       3
       4
       2
       4
       1
       2
       1
       7
       2
       4
       2
       5
       1
       5
       6
       4
       0
       2
       3
       3
       3
       5
       1
       2
       3
       2
       2
       5
       4
       3
       5
       4
       1
       3
       1
       0
       3
       1
       5
       5
       2
       2
       2
       3
       2
       3
       1
       3
       3
       0
       1
       1
       4
       0
       2
       0
       2
       0
       3
       1
       1
       1
       1
       2
       2
       4
       2
       1
       7
       1
       3
       3
       2
       4
       1
       3
       5
       2
       3
       1
       2
       1
       2
       3
       2
       3
       1
       4
       4
       2
       1
       2
       3
       3
       1
       3
       4
       4
       1
       1
       1
       4
       1
       0
       1
       0
       0
       4
       2
       1
       1
       1
       1
       3
       1
       2
       0
       1
       1
       3
       2
       3
       3
       2
       3
       3
       0
       2
       2
       2
       2
       1
       1
       1
       0
       3
       4
       1
       1
       6
       0
       5
       2
       0
       1
       0
       1
       4
       1
       0
       0
       2
       2
       2
       2
       2
       2
       1
       1
       1
       2
       2
       0
       3
       2
       4
       1
       1
       4
       1
       3
       3
       3
       1
       1
       2
       4
       1
       1
       1
       1
       0
       3
       3
       2
       2
       3
       3
       2
       3
       3
       1
       2
       1
       1
       4
       2
       1
       2
       1
       1
       0
       2
       3
       2
       3
       2
       1
       3
       0
       2
       2
       2
       2
       4
       2
       0
       3
       0
       0
       1
       3
       4
       0
       1
       3
       1
       0
       3
       3
       4
       3
       2
       1
       1
       5
       1
       1
       2
       2
       1
       1
       0
       3
       2
       0
       1
       2
       0
       2
       2
       1
       1
       0
       0
       1
       1
       2
       2
       3
       1
       2
       3
       3
       5
       1
       2
       2
       1
       4
       0
       1
       3
       5
       1
       2
       2
       2
       1
       2
       4
       2
       3
       0
       2
       2
       1
       1
       1
       1
       0
       0
       1
       0
       1
       0
       2
       2
       2
       0
       3
       1
       1
       3
       3
       0
       1
       1
       1
       0
       0
       2
       5
       4
       2
       1
       3
       0
       1
       1
       0
       1
       2
       3
       0
       1
       1
       1
       0
       0
       1
       0
       2
       1
       0
       0
       1
       3
       2
       0
       1
       0
       1
       2
       2
       0
       2
       1
       0
       0
       2
       3
       0
       1
       4
       5
       1
       0
       4
       0
       2
       1
       1
       2
       1
       2
       3
       1
       4
       3
       0
       1
       1
       0
       2
       1
       2
       3
       3
       1
       1
       1
       4
       2
       3
       1
       2
       4
       1
       1
       1
       0
       3
       2
       4
       5
       2
       1
       0
       0
       1
       1
       1
       0
       1
       2
       3
       3
       3
       1
       2
       0
       5
       3
       1
       4
       4
       0
       0
       2
       1
       0
       2
       2
       2
       3
       0
       1
       1
       3
       2
       0
       3
       2
       2
       2
       3
       0
       0
       1
       0
       5
       2
       1
       1
       1
       2
       1
       2
       1
       2
       0
       1
       1
       2
       0
       1
       1
       4
       3
       1
       1
       0
       1
       0
       0
       1
       1
       0
       0
       4
       2
       2
       3
       3
       3
       1
       1
       0
       4
       6
       1
       2
       5
       0
       1
       0
       1
       3
       2
       0
       3
       1
       1
       2
       2
       0
       3
       0
       3
       0
       3
       1
       0
       0
       1
       2
       0
       2
       0
       1
       5
       1
       0
       4
       2
       2
       1
       5
       2
       2
       0
       1
       1
       1
       1
       2
       3
       0
       5
       1
       0
       0
       1
       2
       2
       1
       3
       2
       0
       0
       4
       1
       2
       3
       2
       1
       4
       2
       2
       1
       1
       2
       4
       3
       5
       0
       2
       0
       3
       2
       1
       0
       3
       1
       0
       1
       1
       0
       0
       1
       1
       6
       1
       1
       3
       1
       2
       1
       0
       0
       1
       1
       2
       0
       2
       3
       0
       2
       2
       2
       2
       2
       1
       3
       1
       1
       1
       2
       4
       1
       3
       1
       2
       2
       2
       3
       2
       2
       1
       1
       0
       4
       1
       2
       3
       5
      10
      14
      26
      22
      32
      29
      22
      13
       9
       5
       4
       1
       1
       1
       5
       3
       0
       1
       0
       0
       3
       1
       2
       2
       2
       3
       1
       0
       0
       0
       2
       0
       1
       0
       1
       1
       1
       1
       0
       1
       0
       1
       1
       2
       1
       2
       1
       1
       0
       1
       3
       1
       3
       3
       0
       1
       2
       1
       1
       1
       1
       2
       3
       0
       1
       0
       1
       2
       0
       1
       2
       0
       0
       2
       1
       0
       1
       0
       1
       1
       1
       0
       0
       0
       2
       0
       3
       3
       1
       1
       1
       1
       0
       0
       0
       0
       0
       2
       1
       2
       1
       2
       2
       3
       3
       2
       1
       2
       4
       0
       2
       0
       1
       1
       3
       3
       1
       1
       0
       2
       2
       0
       3
       0
       2
       1
       2
       0
       4
       0
       1
       0
       1
       2
       2
       1
       0
       4
       3
       1
       2
       1
       0
       3
       3
       0
       2
       2
       1
       3
       2
       1
       0
       0
       1
       1
       0
       0
       2
       0
       0
       1
       0
       2
       3
       3
       1
       1
       0
       1
       3
       2
       0
       2
       1
       2
       0
       0
       0
       4
       0
       1
       1
       1
       1
       0
       2
       1
       0
       0
       0
       1
       1
       1
       2
       0
       3
       3
       2
       0
       0
       1
       3
       1
       2
       1
       0
       3
       1
       1
       2
       3
       1
       4
       1
       0
       2
       1
       3
       1
       1
       0
       1
       1
       1
       1
       3
       0
       2
       0
       3
       1
       2
       2
       1
       0
       1
       0
       1
       1
       1
       0
       2
       0
       0
       3
       1
       0
       1
       0
       0
       2
       2
       1
       1
       1
       1
       1
       3
       3
       0
       0
       2
       2
       0
       4
       0
       0
       2
       3
       1
       1
       3
       3
       0
       1
       1
       0
       0
       0
       4
       1
       1
       1
       1
       2
       3
       4
       0
       0
       1
       2
       1
       0
       2
       1
       0
       0
       1
       0
       0
       0
       0
       2
       2
       0
       0
       0
       2
       0
       0
       1
       3
       0
       1
       0
       2
       1
       1
       0
       0
       3
       2
       2
       1
       1
       0
       3
       0
       1
       3
       1
       2
       0
       1
       1
       3
       4
       3
       2
       0
       1
       2
       3
       0
       2
       1
       1
       1
       1
       5
       1
       4
       1
       3
       2
       1
       1
       0
       4
       2
       1
       2
       4
       2
       2
       3
       2
       2
       1
       1
       1
       3
       2
       3
       2
       3
       1
       4
       0
       1
       0
       2
       0
       2
       1
       3
       1
       0
       3
       0
       0
       0
       1
       2
       5
       1
       0
       2
       0
       0
       2
       0
       0
       0
       1
       0
       1
       1
       0
       0
       0
       2
       0
       0
       1
       0
       0
       1
       2
       2
       2
       1
       1
       1
       2
       0
       2
       0
       2
       0
       2
       1
       0
       0
       0
       0
       1
       1
       1
       2
       2
       1
       6
       2
       0
       1
       3
       1
       0
       0
       1
       1
       1
       2
       2
       1
       1
       1
       2
       1
       1
       1
       2
       1
       0
       2
       1
       2
       0
       0
       2
       0
       2
       5
       1
       2
       4
       3
       2
       1
       3
       2
       1
       1
       1
       0
       2
       0
       1
       2
       0
       0
       0
       2
       1
       0
       0
       0
       1
       3
       1
       1
       0
       1
       2
       0
       1
       1
       1
       4
       1
       2
       0
       1
       2
       2
       1
       0
       1
       0
       0
       1
       1
       1
       0
       1
       0
       0
       1
       1
       0
       1
       0
       1
       1
       2
       0
       1
       0
       1
       0
       2
       1
       2
       1
       1
       2
       1
       1
       5
       2
       1
       0
       0
       2
       2
       2
       0
       3
       0
       0
       1
       0
       0
       2
       0
       0
       0
       3
       0
       1
       0
       2
       1
       0
       3
       0
       0
       0
       1
       2
       3
       2
       0
       0
       0
       0
       0
       1
       1
       1
       1
       1
       2
       1
       2
       0
       0
       1
       0
       0
       0
       2
       0
       0
       1
       1
       0
       2
       1
       1
       2
       1
       0
       3
       1
       2
       0
       4
       0
       0
       3
       1
       0
       1
       1
       0
       1
       1
       2
       1
       0
       1
       1
       0
       3
       2
       0
       2
       1
       0
       0
       1
       1
       0
       0
       0
       1
       1
       0
       0
       1
       2
       2
       1
       0
       2
       3
       1
       0
       0
       2
       0
       0
       1
       1
       0
       0
       0
       1
       2
       0
       0
       0
       1
       1
       3
       0
       2
       0
       0
       1
       0
       1
       0
       0
       0
       0
       1
       1
       0
       1
       0
       3
       0
       2
       2
       0
       1
       1
       1
       0
       0
       2
       1
       1
       0
       0
       0
       0
       3
       2
       0
       2
       0
       1
       0
       0
       2
       2
       0
       0
       0
       1
       1
       1
       2
       1
       2
       0
       0
       0
       0
       1
       1
       2
       0
       0
       1
       1
       4
       0
       4
       1
       0
       1
       2
       0
       1
       1
       0
       0
       0
       0
       3
       1
       2
       0
       2
       1
       0
       0
       0
       1
       0
       2
       0
       2
       0
       1
       1
       1
       1
       0
       1
       2
       1
       0
       2
       2
       1
       1
       0
       0
       0
       2
       0
       0
       0
       1
       1
       0
       1
       2
       1
       3
       0
       4
       3
       0
       2
       0
       0
       0
       0
       3
       1
       2
       0
       0
       0
       0
       3
       1
       1
       1
       4
       1
       0
       1
       0
       0
       1
       0
       3
       0
       0
       1
       1
       8
       3
       1
       5
       3
       8
       6
       2
       1
       1
       3
       2
       1
       1
       0
       2
       2
       2
       2
       0
       1
       1
       0
       0
       1
       3
       0
       1
       1
       0
       0
       1
       1
       1
       2
       1
       0
       0
       1
       1
       0
       1
       1
       0
       1
       2
       0
       1
       0
       0
       1
       1
       2
       0
       2
       1
       1
       1
       0
       0
       0
       1
       1
       1
       0
       2
       0
       0
       1
       2
       0
       1
       1
       1
       0
       0
       0
       0
       1
       0
       0
       2
       0
       0
       0
       0
       0
       1
       2
       1
       2
       1
       0
       0
       1
       0
       0
       1
       2
       0
       0
       0
       1
       0
       1
       2
       0
       2
       1
       1
       0
       0
       0
       0
       1
       1
       0
       2
       1
       0
       0
       2
       0
       3
       2
       1
       2
       0
       1
       1
       1
       0
       0
       1
       2
       2
       0
       0
       0
       1
       0
       1
       0
       1
       0
       0
       0
       0
       0
       2
       1
       0
       0
       0
       1
       1
       0
       1
       2
       1
       1
       1
       0
       0
       3
       1
       1
       2
       3
       0
       0
       1
       0
       1
       1
       1
       0
       0
       1
       0
       1
       0
       2
       1
       0
       0
       1
       0
       1
       0
       0
       1
       2
       0
       0
       1
       1
       2
       0
       1
       1
       0
       0
       1
       0
       1
       1
       0
       4
       1
       0
       1
       1
       2
       1
       0
       1
       2
       0
       0
       0
       0
       2
       1
       1
       0
       2
       1
       0
       2
       2
       2
       0
       1
       2
       1
       1
       1
       1
       0
       0
       2
       0
       0
       1
       0
       1
       0
       1
       0
       1
       1
       2
       1
       1
       1
       1
       0
       0
       1
       0
       0
       0
       0
       1
       0
       0
       2
       0
       0
       3
       1
       1
       1
       2
       1
       0
       0
       1
       3
       0
       1
       1
       1
       3
       1
       0
       0
       2
       2
       1
       1
       0
       1
       0
       3
       1
       1
       0
       0
       2
       0
       1
       2
       0
       0
       0
       0
       0
       0
       1
       3
       2
       1
       1
       0
       1
       2
       1
       1
       0
       0
       0
       0
       2
       1
       1
       0
       2
       0
       0
       1
       1
       0
       0
       2
       1
       0
       0
       0
       0
       1
       2
       0
       0
       0
       0
       0
       0
       1
       1
       1
       1
       1
       1
       0
       0
       1
       1
       1
       0
       2
       3
       0
       0
       1
       1
       1
       0
       3
       0
       0
       0
       0
       0
       1
       1
       2
       0
       2
       3
       1
       0
       1
       0
       0
       0
       0
       0
       2
       1
       2
       0
       1
       2
       1
       2
       2
       1
       1
       2
       0
       0
       0
       0
       0
       0
       0
       1
       1
       1
       0
       1
       2
       0
       2
       1
       2
       0
       1
       0
       0
       1
       0
       0
       1
       1
       1
       0
       0
       0
       1
       0
       0
       0
       1
       1
       0
       1
       1
       2
       0
       2
       0
       0
       0
       0
       0
       2
       1
       0
       0
       2
       0
       1
       1
       0
       0
       0
       0
       0
       3
       0
       0
       0
       0
       1
       1
       0
       2
       2
       0
       1
       0
       0
       1
       0
       1
       1
       0
       1
       0
       1
       1
       0
       1
       0
       0
       1
       0
       0
       1
       0
       0
       0
       1
       2
       0
       2
       0
       1
       1
       0
       1
       1
       0
       2
       0
       1
       1
       0
       0
       1
       1
       2
       0
       0
       2
       0
       1
       1
       2
       0
       0
       1
       0
       0
       0
       1
       1
       0
       1
       1
       0
       1
       0
       0
       1
       1
       0
       1
       0
       2
       1
       1
       2
       2
       1
       0
       0
       0
       1
       0
       0
       1
       0
       1
       0
       1
       1
       2
       0
       0
       0
       0
       0
       0
       1
       1
       1
       0
       0
       0
       0
       2
       1
       1
       1
       1
       1
       1
       0
       1
       1
       1
       0
       2
       2
       3
       1
       0
       0
       0
       1
       1
       1
       0
       1
       0
       0
       0
       0
       1
       0
       1
       0
       0
       1
       2
       1
       2
       0
       0
       1
       0
       0
       1
       0
       0
       0
       0
       0
       0
       2
       0
       1
       0
       1
       0
       0
       2
       0
       0
       0
       1
       1
       0
       0
       0
       1
       2
       0
       1
       1
       1
       0
       1
       0
       1
       0
       0
       0
       1
       1
       0
       0
       0
       0
       1
       1
       1
       1
       1
       0
       0
       0
       1
       0
       1
       1
       1
       0
       0
       0
       0
       2
       0
       0
       1
       0
       1
       1
       1
       2
       0
       0
       0
       0
       0
       0
       0
       0
       0
       0
       1
       1
       0
       0
       1
       0
       1
       0
       1
       0
       1
       0
       0
       3
       0
       1
       1
       0
       1
       1
       0
       1
       1
       0
       0
       1
       1
       3
       2
       2
       1
       0
       0
       0
       0
       0
       1
       0
       0
       0
       0
       0
       1
       0
       0
       1
       0
       2
       1
       1
       0
       0
       0
       0
       1
       0
       2
       0
       2
       1
       1
       0
       2
       0
       0
       1
       0
       1
       0
       0
       2
       1
       0
       1
       0
       0
       1
       0
       1
       0
       2
       0
       0
       0
       2
       0
       0
       0
       0
       0
       1
       1
       1
       1
       0
       0
       2
       0
       2
       1
       1
       0
       1
       2
       0
       0
       0
       0
       0
       0
       0
       1
       0
       0
       1
       0
       1
       1
       0
       1
       0
       0
       1
       1
       2
       1
       0
       0
       0
       0
       0
       0
       2
       0
       0
       2
       0
       0
       1
       2
       0
       0
       1
       0
       0
       0
       0
       0
       1
       3
       0
       0
       1
       2
       3
       1
       0
       0
       1
       1
       1
       0
       1
       1
       0
       3
       1
       0
       1
       1
       1
       0
       0
       2
       0
       1
       1
       0
       1
       1
       0
       0
       1
       1
       3
       0
       0
       1
       0
       1
       0
       4
       0
       0
       0
       1
       1
       1
       0
       1
       0
       0
       0
       1
       0
       0
       1
       2
       1
       0
       0
       0
       2
       0
       0
       0
       3
       0
       1
       2
       0
       0
       1
       0
       1
       0
       1
       2
       1
       1
       4
       2
       5
       1
       0
       3
       3
       3
       0
       1
       0
       0
       0
       1
       1
       0
       0
       1
       0
       0
       0
       1
       1
       1
       1
       0
       2
       0
       0
       0
       1
       1
       0
       0
       1
       1
       1
       0
       0
       1
       0
       2
       0
       0
       0
       3
       1
       0
       0
       2
       3
       1
       2
       0
       0
       0
       4
       0
       1
       0
       0
       0
       1
       0
       0
       2
       3
       2
       2
       2
       2
       1
       0
       0
       1
       2
       1
       0
       1
       0
       0
       1
       0
       0
       0
       1
       1
       0
       0
       2
       1
       1
       0
       0
       0
       1
       2
       0
       0
       1
       0
       0
       1
       0
       1
       0
       0
       1
       0
       0
       1
       1
       2
       1
       0
       0
       0
       0
       0
       0
       0
       0
       0
       0
       0
       0
       1
       0
       0
       0
       1
       1
       0
       0
       0
       0
       0
       0
       0
       2
       0
       1
       0
       1
       1
       0
       2
       0
       2
       1
       2
       0
       0
       0
       0
       0
       0
       0
       0
       1
       1
       2
       2
       0
       1
       0
       0
       0
       1
       1
       1
       1
       0
       1
       2
       0
       0
       1
       0
       4
       1
       0
       0
       0
       1
       1
       0
       0
       1
       1
       1
       0
       1
       1
       1
       0
       0
       1
       0
       0
       1
       0
       0
       0
       0
       3
       2
       1
       0
       0
       0
       0
       1
       0
       1
       2
       0
       1
       2
       1
       0
       0
       2
       0
       1
       0
       0
       0
       0
       1
       0
       2
       0
       0
       1
       0
       1
       0
       1
       0
       1
       2
       0
       0
       0
       0
       0
       1
       0
       1
       0
       0
       0
       1
       0
       1
       0
       0
       1
       0
       1
       0
       0
       0
       2
       0
       0
       1
       0
       0
       1
       1
       0
       1
       2
       2
       0
       0
       1
       3
       1
       2
       0
       1
       4
       0
       0
       2
       0
       2
       0
       0
       0
       0
       2
       0
       0
       0
       0
       0
       0
       1
       1
       0
       1
       1
       1
       1
       0
       0
       2
       1
       2
       0
       3
       2
       3
       0
       0
       0
       0
       0
       0
       2
       1
       1
       0
       0
       0
       0
       0
       0
       0
       2
       2
       1
       0
       0
       0
       0
       1
       1
       1
       0
       1
       0
       1
       0
       0
       0
       0
       0
       2
       0
       0
       2
       0
       2
       1
       1
       1
       0
       0
       0
       1
       0
       0
       1
       0
       0
       1
       2
       0
       2
       0
       1
       1
       1
       1
       0
       0
       1
       1
       0
       0
       1
       1
       1
       0
       0
       0
       0
       0
       1
       2
       0
       0
       0
       0
       0
       0
       0
       0
       0
       0
       0
       0
       1
       0
       0
       0
       1
       0
       0
       0
       0
       2
       0
       0
       0
       0
       0
       0
       0
       2
       0
       0
       3
       0
       1
       1
       0
       0
       0
       1
       0
       1
       1
       0
       0
       1
       1
       0
       1
       0
       0
       1
       1
       0
       2
       1
       3
       0
       0
       1
       0
       0
       0
       1
       0
       0
       2
       0
       0
       0
       2
       0
       2
       0
       0
       2
       0
       0
       1
       0
       1
       0
       0
       1
       0
       0
       1
       4
       0
       1
       1
       0
       2
       0
       0
       0
       0
       1
       0
       0
       0
       0
       0
       0
       0
       0
       2
       1
       0
       0
       0
       0
       0
       1
       0
       2
       0
       0
       2
       1
       1
       0
       0
       0
       0
       1
       1
       0
       1
       1
       0
       1
       2
       0
       1
       0
       0
       0
       1
       0
       1
       0
       0
       1
       1
       0
       0
       0
       1
       0
       2
       0
       1
       0
       0
       1
       2
       1
       1
       0
       3
       0
       1
       0
       2
       0
       0
       1
       1
       2
       1
       0
       0
       2
       1
       1
       0
       0
       0
       0
       1
       1
       0
       2
       1
       1
       2
       0
       3
       1
       2
       0
       0
       0
       0
       0
       1
       1
       0
       1
       0
       0
       0
       2
       1
       1
       0
       2
       1
       1
       0
       2
       1
       1
       0
       1
       1
       1
       1
       1
       0
       1
       1
       1
       0
       0
       0
       0
       0
       1
       1
       0
       0
       0
       1
       0
       0
       0
       2
       0
       0
       1
       1
       1
       1
       1
       0
       1
       1
       0
       1
       0
       0
       0
       0
       1
       0
       1
       0
       1
       0
       0
       1
       2
       0
       0
       0
       1
       3
       0
       0
       1
       1
       1
       1
       3
       0
       0
       1
       0
       1
       0
       2
       1
       1
       0
       0
       0
       1
       0
       1
       0
       0
       0
       1
       2
       1
       0
       1
       0
       2
       0
       0
       4
       0
       0
       1
       1
       1
       2
       0
       1
       0
       3
       0
       0
       2
       2
       0
       4
       2
       1
       0
       1
       1
       4
       1
       1
       1
       1
       0
       0
       1
       0
       1
       1
       0
       0
       0
       1
       0
       1
       0
       2
       0
       1
       1
       0
       1
       1
       1
       0
       0
       1
       2
       2
       0
       0
       0
       0
       2
       0
       0
       0
       1
       0
       2
       0
       0
       0
       2
       0
       2
       0
       1
       1
       0
       0
       0
       0
       0
       1
       1
       2
       1
       0
       1
       0
       0
       1
       0
       0
       0
       1
       0
       0
       0
       0
       1
       0
       0
       1
       0
       0
       0
       0
       0
       0
       0
       0
       1
       0
       0
       0
       0
       0
       1
       0
       0
       0
       0
       1
       1
       1
       0
       0
       0
       0
       1
       0
       0
       0
       3
       1
       1
       0
       1
       1
       0
       1
       0
       0
       0
       1
       0
       1
       1
       0
       0
       1
       2
       1
       0
       0
       3
       1
       0
       1
       1
       1
       1
       0
       0
       0
       0
       0
       1
       0
       1
       0
       0
       0
       0
       1
       0
       0
       0
       0
       1
       0
       1
       1
       1
       0
       2
       0
       0
       0
       1
       0
       1
       0
       1
       0
       2
       0
       0
       0
       0
       1
       3
       0
       0
       0
       1
       0
       0
       0
       0
       0
       0
       0
       1
       0
       2
       1
       0
       0
       0
       1
       0
       0
       0
       0
       0
       0
       0
       1
       0
       0
       1
       1
       0
       1
       1
       1
       2
       0
       1
       0
       0
       2
       1
       2
       2
       0
       0
       1
       0
       0
       0
       1
       0
       2
       1
       1
       2
       0
       2
       0
       0
       1
       0
       0
       0
       0
       0
       0
       0
       1
       0
       1
       0
       1
       2
       2
       1
       1
       0
       2
       0
       1
       0
       0
       0
       0
       0
       1
       0
       0
       1
       1
       0
       0
       0
       0
       0
       0
       2
       0
       0
       0
       2
       0
       1
       0
       1
       0
       0
       0
       1
       0
       1
       0
       1
       0
       1
       0
       0
       0
       0
       0
       0
       0
       2
       0
       0
       0
       0
       0
       0
       0
       2
       0
       0
       3
       1
       0
       0
       1
       0
       0
       1
       0
       0
       0
       0
       0
       0
       1
       0
       1
       0
       0
       0
       1
       0
       0
       0
       0
       1
       0
       0
       0
       0
       0
       0
       1
       0
       0
       2
       0
       0
       0
       0
       1
       0
       1
       0
       1
       0
       0
       1
       0
       0
       0
       1
       0
       1
       0
       0
       0
       0
       2
       0
       0
       1
       0
       0
       1
       0
       1
       0
       0
       0
       1
       1
       0
       0
       1
       0
       0
       0
       0
       0
       0
       0
       1
       0
       0
       1
       0
       0
       0
       0
       1
       0
       0
       1
       1
       1
       0
       1
       0
       0
       0
       0
       0
       0
       1
       0
       0
       1
       0
       0
       1
       0
       0
       1
       0
       0
       0
       0
       0
       0
       0
       0
       1
       0
       0
       1
       0
       0
       0
       0
       0
       0
       0
       0
       0
       0
       0
       1
       0
       0
       0
       1
       0
       0
       1
       1
       0
       0
       0
       0
       0
       0
       2
       0
       0
       0
       0
       0
       1
       1
       0
       0
       0
       1
       0
       0
       0
       0
       0
       1
       1
       0
       0
       0
       0
       1
       0
       0
       0
       0
       1
       0
       0
       1
       1
       1
       0
       0
       0
       0
       1
       0
       1
       0
       0
       1
       0
       1
       0
       0
       0
       0
       0
       0
       0
       0
       0
       0
       0
       1
       0
       0
       0
       0
       0
       0
       0
       0
       1
       1
       0
       0
       1
       0
       0
       0
       0
       0
       0
       0
       0
       0
       0
       1
       0
       1
       0
       0
       0
       0
       0
       0
       1
       0
       0
       0
       0
       0
       0
       0
       0
       0
       0
       0
       0
       0
       0
       0
       0
       0
       0
       0
       0
       0
       0
       0
       0
       0
       0
       0
       1
       1
       0
       0
       1
       0
       0
       0
       1
       0
       1
       0
       0
       1
       0
       0
       1
       0
       0
       0
       0
       1
       0
       0
       0
       0
       0
       0
       0
       0
       0
       0
       1
       1
       1
       0
       0
       0
       0
       0
       0
       0
       0
       0
       0
       0
       0
       0
       0
       0
       0
       0
       0
       0
       0
       0
       0
       1
       0
       0
       0
       0
       0
       0
       0
       0
       0
       0
       0
       0
       1
       0
       1
       1
       0
       0
       1
       1
       0
       1
       0
       0
       0
       0
       0
       0
       0
       2
       0
       0
       1
       0
       2
       0
       1
       2
       5
       1
       7
       6
      10
      13
      11
       7
       4
       2
       2
       2
       4
       0
       3
       0
       1
       0
       0
       0
       0
       0
       0
       0
       0
       0
       1
       0
       0
       0
       1
       1
       0
       0
       2
       0
       1
       0
       0
       0
       1
       0
       0
       0
       0
       0
       0
       0
       0
       1
       0
       0
       0
       0
       0
       0
       1
       0
       0
       0
       0
       1
       0
       0
       0
       0
       0
       1
       0
       0
       1
       1
       0
       0
       0
       0
       0
       1
       0
       0
       0
       0
       0
       0
       2
       0
       0
       0
       0
       0
       0
       0
       0
       0
       1
       0
       0
       0
       0
       0
       0
       0
       0
       0
       0
       0
       0
       0
       0
       0
       0
       0
       0
       0
       0
       0
       0
       0
       0
       0
       0
       0
       0
       0
       1
       0
       0
       0
       0
       0
       1
       1
       0
       0
       0
       0
       0
       0
       1
       0
       0
       0
       0
       0
       0
       0
       0
       0
       0
       0
       0
       0
       0
       0
       0
       0
       0
       0
       1
       1
       0
       0
       0
       1
       0
       0
       0
       0
       0
       0
       0
       0
       0
       0
       0
       0
       0
       0
       0
       1
       0
       0
       1
       3
       0
       0
       0
       0
       0
       0
       0
       0
       1
       0
       1
       0
       0
       0
       2
       0
       0
       0
       0
       1
       0
       0
       0
       0
       0
       0
       0
       0
       0
       0
       0
       0
       0
       0
       1
       0
       0
       0
       0
       0
       0
       0
       0
       0
       0
       0
       0
       0
       0
       0
       0
       0
       0
       0
       0
       0
       0
       0
       0
       0
       0
       0
       0
       2
       0
       0
       0
       0
       0
       0
       0
       1
       0
       0
       0
       0
       0
       0
       0
       0
       1
       0
       0
       0
       0
       0
       1
       0
       0
       0
       1
       0
       0
       0
       1
       0
       0
       0
       0
       0
       0
       1
       0
       1
       0
       0
       0
       0
       1
       0
       1
       0
       0
       2
       0
       1
       0
       1
       0
       0
       0
       0
       0
       0
       0
       0
       0
       0
       0
       1
       1
       0
       0
       0
       0
       0
       0
       0
       0
       0
       0
       0
       1
       1
       0
       0
       0
       0
       0
       1
       0
       1
       0
       0
       0
       0
       0
       0
       0
       0
       0
       0
       0
       0
       0
       0
       0
       0
       0
       0
       0
       2
       1
       0
       0
       0
       0
       0
       0
       0
       0
       1
       0
       0
       0
       0
       1
       0
       0
       0
       0
       2
       0
       0
       0
       0
       0
       1
       1
       0
       0
       0
       0
       0
       0
       0
       0
       0
       1
       1
       0
       0
       0
       0
       1
       1
       1
       0
       0
       0
       0
       0
       0
       0
       0
       0
       0
       0
       0
       0
       0
       1
       1
       0
       0
       0
       0
       0
       0
       0
       0
       0
       0
       0
       0
       1
       0
       0
       0
       0
       0
       0
       0
       0
       0
       1
       0
       0
       1
       1
       0
       1
       0
       0
       0
       0
       0
       0
       0
       1
       0
       1
       0
       0
       0
       0
       0
       0
       0
       0
       0
       0
       0
       1
       0
       0
       0
       0
       2
       0
       0
       0
       0
       0
       0
       0
       0
       0
       1
       0
       0
       0
       0
       0
       2
       0
       0
       0
       0
       0
       0
       0
       0
       0
       0
       0
       0
       0
       0
       0
       0
       1
       0
       1
       0
       1
       0
       0
       0
       0
       1
       0
       0
       0
       2
       0
       0
       0
       0
       0
       0
       0
       1
       0
       0
       0
       0
       0
       0
       1
       0
       0
       0
       0
       0
       0
       0
       0
       0
       0
       0
       0
       0
       1
       0
       1
       0
       0
       0
       0
       0
       1
       0
       0
       0
       0
       0
       0
       0
       0
       0
       0
       1
       0
       0
       1
       0
       0
       0
       0
       0
       1
       0
       1
       0
       0
       0
       0
       1
       0
       0
       0
       0
       1
       0
       0
       0
       1
       0
       0
       0
       1
       0
       0
       0
       0
       0
       1
       0
       0
       0
       0
       0
       0
       0
       1
       0
       0
       0
       0
       0
       0
       1
       1
       0
       0
       0
       1
       0
       0
       0
       0
       0
       0
       0
       0
       0
       0
       1
       0
       0
       0
       1
       0
       0
       0
       0
       0
       0
       0
       0
       0
       0
       0
       0
       0
       0
       0
       1
       0
       0
       0
       0
       0
       0
       0
       0
       0
       1
       0
       0
       0
       0
       0
       0
       0
       1
       0
       0
       0
       0
       0
       0
       1
       0
       0
       1
       0
       0
       0
       0
       1
       0
       0
       0
       0
       0
       0
       1
       0
       0
       1
       0
       0
       0
       0
       0
       1
       0
       0
       0
       0
       0
       0
       0
       0
       0
       1
       0
       0
       0
       1
       0
       0
       0
       0
       0
       0
       0
       0
       1
       0
       0
       0
       0
       0
       0
       0
       0
       1
       0
       0
       0
       0
       0
       0
       0
       0
       0
       0
       0
       0
       0
       0
       0
       0
       1
       1
       0
       0
       0
       0
       0
       0
       1
       1
       0
       0
       0
       0
       0
       2
       0
       0
       0
       0
       0
       0
       0
       0
       0
       0
       0
       0
       0
       0
       0
       1
       0
       0
       0
       0
       0
       0
       0
       0
       0
       0
       0
       0
       0
       0
       0
       0
       0
       0
       0
       0
       0
       0
       0
       1
       0
       0
       0
       0
       0
       0
       0
       0
       0
       0
       0
       0
       0
       0
       0
       0
       0
       0
       0
       0
       0
       0
       0
       0
       0
       1
       1
       0
       0
       0
       0
       0
       2
       1
       0
       0
       0
       0
       0
       0
       0
       0
       0
       0
       0
       0
       0
       0
       0
       0
       0
       0
       1
       0
       0
       0
       0
       0
       0
       0
       0
       0
       0
       0
       1
       0
       0
       0
       1
       0
       0
       0
       0
       0
       0
       0
       0
       0
       0
       0
       0
       0
       0
       0
       0
       0
       2
       1
       0
       0
       0
       0
       0
       0
       0
       0
       0
       0
       0
       0
       0
       1
       0
       0
       0
       0
       0
       0
       0
       0
       0
       0
       0
       0
       0
       0
       0
       0
       0
       1
       0
       0
       0
       0
       0
       0
       0
       0
       0
       0
       0
       0
       0
       0
       0
       0
       0
       0
       0
       0
       0
       0
       0
       0
       0
       0
       0
       0
       0
       0
       0
       0
       0
       0
       0
       0
       0
       0
       0
       0
       0
       0
       0
       0
       1
       0
       0
       0
       0
       0
       0
       0
       0
       0
       1
       0
       0
       0
       0
       0
       0
       0
       1
       0
       0
       1
       0
       0
       0
       0
       1
       0
       0
       0
       0
       0
       0
       1
       0
       0
       0
       0
       0
       0
       0
       0
       0
       0
       0
       0
       0
       0
       1
       0
       0
       0
       0
       1
       0
       0
       1
       0
       0
       0
       0
       1
       0
       0
       0
       0
       0
       0
       0
       0
       0
       0
       0
       0
       0
       0
       0
       1
       0
       0
       1
       0
       0
       0
       0
       0
$ENER_FIT:
0.222200 0.365900
$PRESETS:
Live Time (sec)
536
0
$RT:
900.000000
$DT:
364440
$ISO_DECL_PU:
SMPLNAM: IDB-576
SEPDATE: 01/01/1900 00:00:00
PU238: 0.0472 
DPU238: 0.4237
PU239: 84.5799 
DPU239: 0.0006
PU240: 14.1443 
DPU240: 0.0148
PU241: 0.9953 
DPU241: 0.1808
PU242: 0.2333 
DPU242: 1.5859
AM241: 0.6282 
DAM241: 1.1939
DATE: 01/01/1900 00:00:00
PU240EFF: 14.6552
DPU240EFF: 0.0450
$ADC:
8192
0
8191