$APPLICATION_ID:
IDB v.1.0
$SPEC_REM:
Material type: Pu
Material form: Pellet
Material compound: PuO2
Pu isotopics:
238Pu 0.0413
239Pu 85.0877
240Pu 14.2098
241Pu 0.4258
242Pu 0.2353
241Am 1.1745
Detector: HPGe (Geometry: Planar, Size: Approx 9% RE Detective)
MCA: Integrated MCA
$DATE_MEA:
09/08/2005 20:00:00
$MEAS_TIM:
536 900
$DATA:
0 8191
       0
       0
       0
       0
       0
       0
       0
       0
       0
       0
       0
       0
       0
       0
       0
       0
       0
       0
       0
       1
       0
       0
       0
       0
       0
       0
       2
       0
       1
       5
       1
       4
       5
       6
      20
      34
      57
     132
     200
     434
    5191
   11461
   12113
   11889
   11774
   11753
   11321
   11049
   11349
   11215
   11112
   11220
   11073
   11071
   10878
   10839
   10781
   10635
   10466
   10466
   10362
   10386
   10433
   10350
   10276
   10126
   10091
    9846
   10019
    9913
    9638
    9681
    9596
    9613
    9437
    9272
    9302
    9254
    9051
    8894
    8782
    8741
    8674
    8539
    8529
    8171
    8355
    8103
    8070
    7881
    7940
    7648
    7734
    7523
    7509
    7462
    7432
    7320
    7260
    7146
    7135
    7106
    7059
    7000
    6864
    6845
    6788
    6764
    6650
    6524
    6499
    6343
    6331
    6466
    6393
    6320
    6272
    6225
    6323
    6129
    6150
    6208
    6071
    6022
    5994
    6007
    5874
    5921
    5942
    5992
    5991
    5871
    6000
    6003
    5892
    6038
    5849
    5976
    5908
    5894
    5937
    5913
    6240
    6126
    6020
    6102
    6080
    6125
    6150
    6246
    6216
    6309
    6483
    6570
    6544
    6891
    7208
    7906
    8506
   10420
   15957
   25429
   32517
   29698
   19132
   10507
    6576
    5601
    5432
    5437
    5351
    5400
    5457
    5322
    5520
    5406
    5556
    5654
    5453
    5621
    5815
    6309
    6854
    7020
    6606
    6550
    6583
    7076
    7092
    6486
    5993
    5656
    5448
    5454
    5477
    5590
    5328
    5445
    5603
    5514
    5524
    5613
    5647
    5712
    5794
    5626
    5697
    5758
    5838
    6027
    6143
    6615
    6754
    6641
    6551
    6323
    6320
    6216
    6516
    6629
    6625
    6485
    6452
    6650
    6615
    6776
    6980
    6948
    7077
    7161
    7368
    7303
    7524
    7508
    7744
    7935
    8052
    8258
    8193
    8519
    8808
    8915
    9017
    9275
    9494
    9659
   10110
   10015
   10358
   10502
   10857
   11097
   11594
   12005
   12547
   14464
   18715
   24749
   28879
   27004
   21578
   17903
   18041
   21549
   27151
   31318
   37374
   54310
   82105
  106474
  107811
   84736
   56252
   39002
   35547
   40612
   40652
   34971
   35472
   54079
   84778
  105358
  102572
   86221
   67165
   45218
   25737
   13885
    9174
    8029
    7900
    7940
    7960
    7870
    7942
    8126
    8136
    8800
   10064
   12890
   17988
   24357
   30104
   33113
   31255
   23719
   16922
   14412
   16743
   21145
   27005
   33258
   35914
   33148
   28411
   26450
   27025
   29183
   30738
   32337
   31713
   26619
   19180
   13489
   10205
    8971
    9057
   10608
   13067
   14092
   13344
   11203
    9374
    8478
    8912
    9622
    9714
    8676
    7837
    9856
   14941
   20821
   22754
   17788
   11334
    7657
    6034
    6016
    6194
    7881
   13854
   26001
   40145
   43166
   31928
   17538
    8611
    5616
    4845
    4769
    4669
    4753
    4773
    4686
    4778
    4692
    4904
    4834
    4810
    4818
    4648
    4692
    4880
    4885
    4927
    4909
    4860
    4939
    4963
    4755
    4870
    4937
    4948
    4939
    5038
    5203
    5235
    5182
    5221
    5245
    5415
    6085
    6962
    7948
    7873
    6850
    6355
    6956
    8221
    9614
    9979
    8921
    8267
   11139
   16981
   21777
   20712
   14907
    9131
    6708
    5645
    5493
    5129
    5073
    5375
    5853
    6471
    6450
    6173
    5671
    5330
    5175
    5149
    5217
    5217
    5215
    5209
    5283
    5285
    5272
    5179
    5224
    5517
    5569
    5834
    6797
    8223
    9569
    9606
    8695
    7885
    7406
    6599
    6119
    5661
    5652
    6384
    7482
   10169
   11764
   11045
    8773
    6783
    5870
    5628
    5379
    5329
    5432
    5395
    5500
    5732
    6275
    7274
    7395
    7073
    6346
    6542
    6962
    7116
    6559
    6073
    5530
    5428
    5272
    5402
    5391
    5356
    5382
    5329
    5311
    5427
    5342
    5352
    5218
    5201
    5296
    5330
    5632
    6079
    6358
    6245
    5791
    5531
    5264
    5301
    5167
    5377
    5219
    5137
    5207
    5255
    5181
    5277
    5274
    5119
    5304
    5256
    5291
    5338
    5287
    5184
    5215
    5210
    5434
    5682
    5953
    6529
    6725
    6402
    5767
    5359
    5088
    5221
    5329
    5308
    5269
    5086
    5019
    5069
    5069
    5100
    5212
    5683
    6460
    7260
    6952
    6188
    5617
    5162
    4967
    5220
    4993
    5072
    5078
    4959
    4924
    5005
    5045
    4932
    5131
    5155
    5432
    5647
    7376
   10970
   15571
   17637
   15106
   10464
    7215
    5827
    5317
    5647
    6427
    9658
   22077
   51797
   94133
  119743
  103484
   61730
   26752
   10117
    4881
    3735
    3571
    3455
    3552
    3529
    3497
    3410
    3412
    3486
    3397
    3440
    3366
    3351
    3422
    3409
    3406
    3303
    3298
    3238
    3244
    3376
    3365
    3361
    3211
    3137
    3163
    3298
    3288
    3330
    3357
    3742
    3991
    3946
    3474
    3199
    3135
    2898
    2941
    2956
    3025
    3035
    3251
    3151
    3127
    2970
    2871
    2806
    2867
    2756
    2846
    2791
    2792
    2640
    2721
    2595
    2640
    2660
    2717
    2829
    2600
    2666
    2706
    2656
    2700
    2718
    2672
    2620
    2585
    2622
    2607
    2548
    2565
    2517
    2645
    2645
    2776
    2869
    2778
    2612
    2635
    2464
    2479
    2460
    2467
    2307
    2469
    2500
    2544
    2746
    2824
    2923
    3010
    2915
    2536
    2590
    2491
    2379
    2400
    2389
    2345
    2327
    2334
    2306
    2456
    2336
    2390
    2436
    2356
    2313
    2388
    2272
    2192
    2262
    2211
    2153
    2169
    2173
    2112
    2192
    2243
    2265
    2588
    3206
    3986
    3982
    3542
    2695
    2318
    1974
    1976
    2024
    1948
    1934
    1874
    1964
    1934
    1861
    1889
    1935
    1912
    1811
    1849
    1843
    1895
    1921
    2115
    2350
    2600
    2476
    2349
    2137
    1940
    1823
    2123
    2620
    3748
    5403
    5969
    5356
    3829
    2620
    1831
    1667
    1629
    1633
    1653
    1611
    1560
    1604
    1551
    1630
    1581
    1588
    1542
    1567
    1597
    1643
    1558
    1682
    1677
    1672
    1699
    1647
    1512
    1488
    1507
    1575
    1538
    1476
    1504
    1566
    1478
    1516
    1510
    1530
    1577
    1526
    1502
    1455
    1432
    1414
    1403
    1411
    1464
    1487
    1451
    1474
    1499
    1433
    1428
    1438
    1354
    1399
    1418
    1461
    1341
    1387
    1372
    1387
    1371
    1366
    1409
    1405
    1374
    1463
    1587
    1678
    1552
    1494
    1391
    1397
    1389
    1342
    1310
    1335
    1458
    1644
    2139
    2504
    2542
    2243
    1834
    1586
    1502
    1653
    1931
    2003
    1951
    1646
    1455
    1402
    1313
    1415
    1440
    1408
    1408
    1346
    1325
    1335
    1321
    1378
    1310
    1323
    1304
    1430
    1459
    1450
    1490
    1424
    1325
    1306
    1298
    1352
    1304
    1461
    2172
    3425
    5203
    6033
    5630
    3907
    2396
    1597
    1338
    1292
    1198
    1261
    1284
    1351
    1482
    1561
    1457
    1412
    1329
    1206
    1212
    1171
    1251
    1254
    1445
    1735
    2004
    2490
    2552
    2562
    2716
    3556
    4196
    3992
    3594
    3158
    2650
    2237
    1691
    1416
    1225
    1143
    1106
    1163
    1084
    1182
    1129
    1153
    1118
    1150
    1195
    1209
    1216
    1271
    1390
    1781
    3265
    6684
   12566
   18738
   20816
   17706
   11341
    5836
    3748
    4641
    8006
   11223
   12093
   10055
    6582
    3786
    1994
    1395
    1180
    1087
    1035
    1051
     995
    1152
    1411
    1634
    2024
    2420
    2658
    2450
    1757
    1301
    1154
    1337
    2336
    4979
    9370
   13420
   13853
   10536
    5748
    2669
    1309
     894
     803
     779
     762
     740
     788
     741
     822
     787
     804
     839
     792
     808
     756
     773
     776
     753
     726
     810
     775
     825
     804
     793
     767
     784
     735
     741
     789
     811
     759
     787
     807
     850
     768
     754
     790
     773
     822
     868
     966
    1037
    1022
     955
     889
     889
     895
     848
     774
     821
     824
     902
     965
    1366
    2028
    2734
    3193
    3702
    4816
    6231
    6855
    6029
    4057
    2437
    1717
    1894
    2200
    2203
    1818
    1479
    1193
    1104
    1316
    2107
    4861
   11651
   23001
   34074
   35894
   27412
   15956
    7976
    4444
    2816
    1786
    1145
     792
     835
    1380
    2717
    4951
    7003
    7406
    5703
    3447
    2206
    2559
    4152
    5953
    6322
    4942
    3268
    1896
    1056
     720
     530
     477
     486
     436
     490
     492
     517
     504
     499
     495
     509
     526
     490
     561
     622
     670
     806
    1341
    2791
    5306
    8643
   11177
   11205
    8652
    4952
    2404
    1041
     572
     457
     470
     434
     430
     439
     407
     441
     498
     562
     581
     592
     582
     574
     485
     419
     448
     370
     389
     394
     437
     415
     422
     418
     428
     440
     411
     367
     466
     436
     445
     485
     483
     461
     479
     485
     465
     451
     473
     507
     517
     547
     624
     648
     699
     797
     999
    2303
    6038
   13755
   24291
   31030
   29023
   19664
   10031
    3935
    1626
     770
     533
     405
     334
     334
     283
     358
     478
     609
     676
     720
     602
     428
     379
     387
     602
    1142
    1900
    2646
    2533
    2031
    1209
     593
     347
     268
     272
     363
     583
     800
    1051
    1035
     857
     529
     383
     299
     295
     274
     357
     356
     372
     319
     289
     307
     260
     259
     255
     258
     226
     219
     275
     243
     253
     250
     240
     242
     260
     226
     258
     244
     247
     244
     247
     233
     230
     212
     229
     227
     228
     241
     256
     239
     245
     255
     301
     303
     283
     241
     254
     266
     294
     355
     392
     400
     401
     298
     291
     269
     252
     254
     267
     259
     255
     276
     408
     776
    1556
    2840
    3761
    3936
    2894
    1577
     723
     391
     278
     310
     289
     336
     300
     269
     221
     247
     227
     231
     238
     262
     232
     219
     261
     249
     249
     255
     245
     264
     267
     268
     256
     253
     235
     219
     195
     213
     219
     223
     239
     214
     223
     208
     203
     214
     225
     241
     232
     242
     253
     245
     230
     222
     219
     224
     202
     239
     214
     191
     218
     244
     233
     257
     240
     251
     237
     233
     217
     229
     206
     236
     190
     206
     201
     188
     215
     208
     220
     204
     195
     182
     192
     173
     220
     244
     267
     255
     231
     191
     203
     180
     167
     178
     178
     164
     181
     176
     179
     191
     185
     185
     187
     204
     177
     162
     178
     165
     169
     177
     181
     157
     190
     156
     158
     157
     178
     173
     180
     156
     164
     198
     158
     162
     125
     157
     157
     157
     152
     172
     176
     166
     140
     134
     145
     139
     135
     147
     154
     159
     139
     158
     160
     132
     138
     159
     157
     143
     148
     139
     161
     154
     140
     140
     150
     165
     136
     176
     144
     154
     151
     147
     148
     138
     161
     204
     169
     182
     190
     216
     199
     181
     172
     166
     174
     170
     181
     192
     170
     171
     151
     148
     156
     138
     141
     161
     142
     143
     153
     150
     136
     153
     150
     150
     128
     114
     158
     139
     168
     148
     157
     130
     134
     125
     138
     131
     142
     129
     136
     137
     129
     162
     125
     142
     114
     133
     163
     142
     134
     119
     131
     134
     117
     121
     115
     101
     114
     106
     103
      99
     101
     125
     120
     104
      94
     107
     102
     117
     100
     101
      96
      99
     120
     114
     117
     101
     125
      88
      99
     106
     103
     108
     100
     114
      92
     108
     101
      86
     104
      93
     108
     102
      94
      97
      82
     103
      98
      89
      82
      99
      82
      89
     105
     102
     101
      82
      87
      90
      88
     113
     107
      90
     103
      82
      97
      89
      95
      94
      82
      86
      97
      84
      91
      62
      82
      68
      74
      70
      73
      78
      77
      80
      67
      80
      71
      82
      73
      99
      91
      76
      90
     105
      87
      79
      70
      75
      80
      71
      74
      75
      68
      64
      71
      83
      93
      84
      77
      73
      84
      91
      60
      87
      77
      69
      77
      65
      92
      72
      94
      92
      92
      79
      72
      78
      62
      69
      82
      88
      77
      65
      69
      64
      65
      64
      73
      71
      60
      79
      69
      62
      81
      99
     126
     133
     143
     115
     105
      74
      75
      58
      74
      80
      74
      87
      59
      81
      78
      55
      90
      77
      70
      76
      83
      94
      87
      92
      78
      61
      63
      56
      60
      43
      51
      60
      50
      66
      62
      73
      53
      72
      83
     109
     157
     143
     175
     122
     103
      73
      52
      67
      52
      61
      67
      78
      50
      47
      52
      43
      48
      49
      63
      46
      61
      52
      57
      46
      49
      65
      55
      58
      47
      50
      52
      60
      69
      83
      60
      62
      61
      55
      38
      48
      44
      51
      62
      74
      63
      54
      48
      42
      59
      41
      50
      71
      57
      67
     106
      99
     147
     259
     435
     592
     718
     603
     401
     229
     119
      83
      85
      67
      60
      51
      42
      51
      53
      36
      50
      53
      46
      40
      40
      48
      45
      42
      49
      39
      37
      60
      39
      42
      48
      39
      31
      39
      41
      43
      39
      65
      70
      57
      75
      80
      80
      58
      51
      48
      45
      41
      42
      59
      50
      46
      75
      89
      62
      77
      82
      97
     104
     168
     185
     170
     155
     172
     201
     175
     168
     147
      97
      78
      61
      64
      66
     124
     184
     239
     226
     195
     127
      98
      52
      40
      55
      57
      48
      58
      54
      55
      67
      63
     110
     181
     233
     315
     477
     515
     340
     281
     153
     130
      76
      70
      59
      52
      58
      46
      64
      68
      93
     127
     158
     202
     183
     146
     153
     142
     286
     656
    1429
    2450
    3440
    3605
    2837
    1761
     825
     347
     123
      80
      61
      37
      32
      30
      29
      23
      18
      25
      32
      30
      30
      23
      33
      30
      34
      29
      30
      25
      20
      29
      30
      31
      33
      23
      40
      27
      24
      25
      30
      23
      39
      40
      35
      21
      27
      30
      23
      27
      28
      46
      47
      48
      34
      44
      33
      26
      26
      24
      21
      23
      21
      16
      19
      20
      29
      40
      37
      50
      39
      43
      79
     116
     156
     254
     321
     285
     270
     161
      97
      50
      30
      40
      26
      27
      30
      28
      40
      42
      60
      59
      37
      33
      29
      45
      55
      56
      55
      64
      45
      45
      23
      16
      25
      20
      23
      22
      20
      25
      27
      36
      30
      31
      39
      43
      46
      50
      83
      57
      57
      33
      19
      20
      25
      20
      26
      13
      24
      32
      49
      37
      63
      76
      59
      55
      37
      30
      25
      20
      18
      32
      21
      25
      34
      32
      23
      25
      21
      33
      24
      23
      27
      42
      39
      57
      61
      54
      45
      41
      40
      31
      91
     176
     435
     798
    1328
    1728
    1674
    1303
     830
     399
     165
      90
      47
      28
      32
      28
      27
      23
      18
      27
      26
      26
      18
      28
      24
      21
      25
      16
      38
      21
      23
      14
      14
      13
      23
      15
      20
      17
      14
      14
      17
       7
      14
      27
      31
      37
      62
      80
      76
      53
      42
      34
      19
      18
      12
      13
      13
      20
      17
      21
      20
      30
      25
      31
      19
      14
      18
      12
      18
      20
      15
      12
      11
      22
      13
      15
      20
      15
      17
      19
      18
      26
      15
      17
      15
       7
      10
      22
       7
      17
      12
      13
      13
      22
      22
      44
      61
      97
      97
     120
      86
      71
      36
      28
      19
      29
      27
      31
      32
      29
      19
      20
      21
      16
      19
      11
      14
      13
      17
      20
       6
      13
      15
      24
      26
      52
      62
      75
     109
      75
      74
      67
      85
     122
     134
     133
     127
     120
      85
      75
      45
      49
      53
      33
      27
      23
      15
      16
      14
      10
       9
      10
      16
      10
      10
      17
      20
      12
       6
      11
      14
       9
      21
      19
      18
      10
       9
      13
      15
      18
      13
      14
      11
      12
       7
      10
       9
      14
      11
      10
      22
      19
      13
      18
      19
      19
      13
      16
      19
      19
      12
      11
      12
       9
      12
       7
       7
      11
      13
       5
      17
      11
      12
      10
       8
       8
      13
      13
       8
       5
      12
      16
       9
      10
       7
       9
       9
       7
       8
       7
      12
      14
      10
      20
      14
      11
       6
      12
      11
      10
       8
       8
       7
      13
      12
       9
       8
      15
       8
       8
       9
       7
      10
       6
       4
       4
       8
       9
       9
       7
      14
      11
      13
       9
      16
       9
       5
       7
       6
       7
      10
      10
       6
       8
       1
       3
       7
      12
       9
      12
       7
       5
      13
       6
      13
       4
       7
       7
      13
      14
      14
      13
       5
       8
       7
       3
       7
       9
       6
      13
       5
      10
       9
       3
       7
      14
      15
      11
      14
       8
      12
       6
      13
      10
       6
      11
       9
       8
       5
      12
       9
       8
       6
       7
      12
      10
       5
       8
       7
       7
       8
       3
       8
       6
       7
       9
      11
      14
       4
       7
       7
       8
       4
       9
       8
       8
       7
      10
       8
      11
       5
       6
       8
      10
       8
       7
       8
      14
      14
      14
      10
       9
      13
       6
       7
       6
       8
      13
       8
      10
      15
       8
       8
      13
       8
       4
       7
       8
       5
       6
       6
       7
       6
       6
       5
       7
       5
       5
       5
       9
      14
      11
      10
      11
      23
      17
       7
      10
       8
      13
      11
       8
       5
       8
       5
       6
       6
      11
       5
      11
       1
       7
       9
       8
       4
       9
       8
       5
       5
       8
       7
      13
       7
      19
       8
       5
       6
       9
       9
      14
       7
       3
       8
       6
       7
       6
       3
       5
       7
       4
       3
       5
       3
       2
       6
       6
       8
       5
       1
       9
       4
       5
      10
       8
       4
       6
      10
       4
       9
       3
      10
       3
       6
       6
      14
       8
       7
       8
       6
       2
       7
       7
       5
       6
       4
       6
       5
       5
       3
       5
       2
       2
       3
       9
       5
       4
       9
       4
       7
       6
       9
       6
       4
       4
       9
       7
      11
       4
       8
       4
       2
       2
       7
       5
       4
       7
       6
      10
       8
       8
      10
       6
       4
       3
       3
       3
       2
       3
       4
       5
       6
       4
       9
       6
       2
       4
       9
       6
       8
       8
       4
      16
      13
      12
      11
      16
       6
       4
       7
       8
       6
       3
       7
       7
       2
       7
       5
       8
       5
       4
       5
       3
       6
       7
       7
       6
       0
       3
       3
       3
       8
       3
       2
       4
       4
       5
       7
       2
       5
       5
       6
       2
       5
       2
       4
       4
       6
       4
       5
      10
       5
       4
       6
       2
       4
       6
       6
       3
       6
       3
       8
       3
       4
       6
       2
       7
       7
       3
       3
       3
       3
       4
       2
       3
       5
       4
       1
       9
       5
       3
       1
       2
      11
       5
       6
       6
       5
       6
       6
       4
       2
       3
       6
       6
       7
       7
       7
       3
       1
       5
       3
       9
       5
       7
       7
       6
       1
       4
       9
       5
       1
       6
       3
       5
       3
       4
       5
       4
       7
       3
       4
       5
       9
       3
      10
       8
      10
       1
       6
       3
       7
       7
       8
       3
       7
       1
       4
       4
       5
       1
       3
       5
       5
       5
      11
       8
       1
       7
       6
       5
       6
       7
       3
       1
       2
       3
       3
       6
       7
      11
       8
       8
       4
       4
       6
       6
       6
       4
       3
       3
       1
       4
       3
       4
       5
       4
       4
       4
       6
       3
       6
       4
       3
       8
       3
       4
       4
       7
       8
       4
       4
       8
       6
       5
       4
       4
       7
       3
       5
       7
       6
       7
       4
       4
       3
       6
       4
       3
       9
       3
       7
       3
       4
       3
       1
       3
       2
       2
       2
       1
       2
       5
       4
       3
       3
       6
       2
       2
       3
       1
       4
       1
       4
       4
       2
       2
       4
       4
       4
       4
       2
       7
       3
       3
       4
       1
       6
       4
       7
       6
       6
       5
       3
       5
       0
       4
       6
       2
       2
       5
       6
       3
       3
       2
       7
       3
       1
       4
       5
       4
       5
       4
       1
       2
       3
       5
       3
       5
       1
       5
       3
       2
       5
       9
       3
       3
       6
       6
       5
       2
       3
       3
       4
       2
       4
       1
       3
       1
       4
       6
       3
       2
       2
       4
       8
       4
       3
       3
       5
       4
       9
       3
       3
       2
       7
       4
       2
       1
       6
       3
       5
       4
       0
       3
       4
       0
       3
       4
       7
       1
       3
       7
       6
       6
       5
       4
       3
       2
       5
       4
       3
       1
       3
       3
       6
       8
       6
       4
       6
       1
       7
       6
       4
       2
       3
       0
       5
       3
       1
       7
       2
       5
       1
       5
       1
      10
       5
       3
       0
       4
       2
       3
       2
       5
       5
       7
       4
       0
       3
       5
       5
       3
       1
       5
       5
       5
       5
       5
       3
       4
       1
       2
       4
       6
       4
       4
       2
       4
       3
       6
       2
       4
       3
       7
       4
       2
       4
       3
       2
       3
       3
       2
       2
       2
       5
       2
       1
       5
       2
       2
       4
       3
       2
       1
       7
       4
       0
       6
       2
       4
       5
       4
       3
       2
       7
       2
       4
       5
       2
       3
       0
       1
       4
       3
       1
       5
       5
       4
       1
       1
       3
       6
       7
       2
       1
       4
       4
       3
       7
       4
       3
       5
       3
       2
       3
       4
       4
       0
       3
       2
       1
       4
       2
       6
       4
       2
       4
       3
       1
       0
       4
       4
       5
       4
       3
       5
       2
       5
       5
       2
       3
       4
       0
       4
       1
       5
       4
       4
       3
       3
       2
       2
       2
       2
       2
       1
       3
       3
       2
       2
       2
       3
       3
       3
       4
       3
       4
       5
       5
       4
       7
       2
       2
       3
       6
       3
       2
       2
       6
       1
       3
       2
       0
       2
       2
       4
       2
       4
       3
       4
       5
       2
       2
       3
       3
       5
       1
       4
       1
       2
       2
       2
       3
       4
       2
       0
       3
       5
       2
       3
       3
       5
       2
       4
       2
       5
       1
       2
       4
       4
       7
       4
       4
       5
       5
      11
       6
       4
       3
       5
       4
       3
       5
       1
       4
       2
       3
       4
       1
       4
       4
       3
       5
       2
       0
       3
       4
       3
       1
       4
       4
       2
       5
       6
       5
       2
       6
       5
       2
       2
       3
       2
       1
       1
       3
       3
       5
       5
       7
       5
       1
       1
       4
       0
       1
       0
       5
       2
       6
       2
       1
       1
       2
       0
       5
       3
       0
       4
       3
       3
       4
       3
       3
       1
       0
       3
       4
       3
       1
       4
       3
       3
       4
       0
       2
       4
       2
       3
       2
       3
       1
       2
       4
       5
       3
       2
       6
       3
       5
       4
       2
       5
       0
       0
       5
       3
       6
       2
       2
       3
       1
       4
       1
       4
       3
       2
       2
       1
       2
       5
       7
       4
       2
       0
       2
       2
       7
       3
       2
       4
       1
       8
       1
       0
       2
       1
       1
       2
       4
       2
       2
       2
       4
       1
       4
       2
       2
       5
       5
       2
       2
       3
       2
       4
       2
       3
       3
       2
       1
       2
       3
       1
       0
       2
       3
       3
       5
       5
       2
       2
       3
       4
       2
       2
       4
       0
       5
       5
       3
       7
       0
       3
       2
       2
       2
       1
       2
       3
       2
       3
       5
       2
       3
       0
       3
       2
       1
       4
       2
       3
       2
       3
       2
       1
       7
       7
       7
       2
       5
       3
       3
       7
       4
       2
       1
       1
       4
       5
       1
       3
       2
       2
       0
       1
       4
       4
       5
       2
       5
       1
       3
       4
       2
       0
       0
       2
       1
       4
       1
       2
       3
       3
       4
       4
       1
       5
       3
       2
       0
       0
       2
       1
       2
       3
       2
       2
       3
       3
       2
       1
       4
       3
       3
       2
       6
       4
       2
       4
       2
       2
       1
       3
       4
       3
       3
       5
       4
       4
       6
       5
       2
       4
       3
       3
       5
       4
       1
       3
       6
       3
       5
       1
       6
       1
       5
       3
       4
       7
       3
       4
       1
       2
       5
       3
       3
       1
       5
       2
       4
       3
       6
       3
       5
       6
       2
       1
       2
       0
       1
       2
       2
       2
       3
       4
       4
       2
       3
       4
       5
       3
       4
       2
       4
       1
       5
       2
       1
       1
       3
       3
       2
       1
       3
       1
       4
       5
       1
       1
       2
       2
       5
       2
       5
       3
       2
       2
       3
       4
       2
       2
       1
       4
       2
       3
       3
       2
       1
       3
       3
       1
       1
       2
       4
       1
       0
       2
       3
       6
       4
       0
       2
       2
       0
       1
       0
       4
       5
       2
       5
       4
       2
       6
       3
       2
       1
       8
       6
       2
       3
       1
       3
       5
       1
       3
       1
       1
       1
       2
       4
       4
       2
       1
       2
       1
       2
       0
       3
       2
       1
       2
       2
       2
       1
       2
       2
       1
       1
       1
       1
       2
       1
       1
       3
       5
       4
       0
       2
       2
       4
       1
       3
       3
       2
       1
       0
       2
       2
       3
       5
       1
       2
       2
       3
       1
       2
       0
       2
       0
       2
       0
       1
       3
       1
       3
       0
       3
       1
       2
       4
       0
       1
       1
       3
       4
       4
       3
       4
       3
       0
       2
       2
       1
       3
       3
       2
       1
       1
       0
       1
       1
       4
       2
       1
       0
       1
       1
       0
       2
       1
       1
       1
       2
       0
       2
       2
       4
       1
       4
       1
       0
       1
       2
       3
       2
       1
       1
       1
       1
       4
       1
       1
       5
       0
       6
       3
       3
       1
       1
       1
       0
       6
       4
       4
       2
       5
       2
       2
       2
       1
       1
       3
       1
       1
       0
       5
       2
       3
       2
       0
       1
       5
       3
       4
       2
       0
       3
       1
       2
       1
       6
       2
       2
       0
       3
       0
       2
       1
       4
       3
       4
       3
       3
       0
       2
       1
       3
       1
       1
       1
       2
       1
       0
       6
       3
       1
       2
       1
       3
       2
       0
       2
       1
       0
       2
       2
       0
       2
       3
       3
       1
       4
       1
       0
       3
       1
       1
       2
       3
       1
       0
       0
       1
       0
       1
       2
       1
       4
       1
       0
       1
       4
       0
       4
       3
       0
       3
       3
       2
       2
       2
       2
       2
       0
       1
       0
       2
       2
       1
       2
       2
       3
       1
       3
       3
       1
       4
       2
       1
       1
       0
       0
       3
       0
       0
       2
       0
       2
       0
       3
       3
       2
       2
       2
       2
       5
       1
       1
       7
       1
       3
       2
       1
       1
       2
       0
       3
       0
       2
       1
       1
       0
       0
       1
       4
       2
       2
       2
       4
       0
       2
       1
       0
       1
       1
       3
       1
       1
       4
       1
       1
       3
       2
       0
       2
       2
       1
       7
       2
       3
       3
       2
       3
       1
       3
       1
       3
       2
       1
       1
       3
       3
       3
       3
       4
       4
       1
       1
       1
       2
       5
       0
       2
       2
       2
       1
       2
       0
       0
       2
       1
       2
       3
       2
       3
       1
       0
       3
       1
       0
       4
       0
       0
       2
       6
       3
       0
       0
       2
       2
       2
       1
       4
       2
       2
       1
       1
       1
       0
       1
       1
       3
       4
       3
       1
       2
       2
       2
       0
       1
       4
       2
       0
       1
       0
       4
       3
       2
       1
       2
       4
       4
       3
       0
       0
       1
       3
       2
       3
       3
       1
       4
       3
       1
       3
       0
       1
       2
       3
       0
       1
       2
       0
       3
       7
       0
       1
       5
       0
       2
       2
       1
       0
       1
       2
       0
       2
       1
       4
       1
       3
       2
       1
       2
       1
       1
       1
       2
       3
       1
       1
       4
       0
       3
       1
       2
       2
       2
       4
       2
       1
       2
       2
       1
       1
       0
       2
       1
       3
       3
       0
       5
       1
       2
       3
       2
       4
       0
       1
       1
       2
       1
       4
       0
       4
       0
       2
       2
       2
       1
       0
       3
       0
       3
       4
       0
       2
       2
       3
       3
       2
       2
       2
       1
       3
       4
       1
       0
       3
       2
       1
       1
       2
       1
       1
       0
       2
       1
       2
       1
       2
       1
       1
       1
       0
       3
       0
       3
       1
       1
       2
       2
       3
       2
       3
       1
       2
       0
       1
       2
      13
      15
      20
      28
      26
      31
      21
      13
      16
       5
       0
       0
       0
       1
       0
       1
       1
       0
       2
       0
       1
       2
       1
       2
       1
       0
       1
       1
       0
       1
       0
       2
       1
       1
       1
       1
       1
       0
       1
       0
       1
       0
       1
       2
       3
       2
       2
       0
       2
       2
       1
       0
       1
       1
       3
       2
       1
       1
       1
       1
       0
       1
       0
       2
       2
       0
       2
       2
       0
       1
       0
       2
       1
       3
       0
       2
       1
       1
       0
       2
       2
       1
       1
       1
       1
       2
       0
       1
       1
       1
       1
       1
       1
       0
       0
       2
       1
       3
       5
       2
       3
       2
       1
       0
       0
       2
       3
       0
       0
       0
       1
       0
       0
       0
       0
       0
       1
       1
       1
       1
       0
       2
       0
       2
       1
       0
       0
       1
       0
       2
       1
       0
       0
       5
       1
       0
       3
       0
       1
       1
       2
       2
       2
       0
       1
       2
       1
       1
       0
       0
       0
       0
       1
       0
       3
       0
       0
       1
       1
       2
       2
       0
       0
       0
       1
       0
       1
       1
       3
       0
       1
       2
       0
       1
       1
       0
       2
       1
       0
       1
       2
       0
       0
       0
       4
       0
       2
       2
       0
       0
       1
       1
       2
       2
       1
       0
       0
       3
       0
       2
       2
       3
       2
       0
       1
       3
       1
       1
       2
       0
       1
       0
       1
       2
       2
       1
       0
       0
       0
       2
       1
       1
       3
       1
       1
       1
       1
       2
       1
       0
       0
       0
       3
       2
       0
       1
       2
       2
       1
       0
       0
       0
       0
       1
       2
       3
       0
       0
       1
       1
       0
       1
       1
       4
       1
       0
       2
       2
       1
       3
       0
       3
       0
       2
       2
       2
       0
       0
       0
       1
       1
       0
       2
       2
       0
       2
       1
       0
       4
       1
       1
       2
       0
       0
       2
       2
       1
       1
       0
       1
       0
       1
       1
       0
       1
       0
       2
       2
       3
       1
       0
       1
       0
       2
       2
       0
       4
       0
       2
       2
       0
       2
       2
       2
       1
       2
       1
       0
       0
       3
       1
       0
       0
       1
       1
       0
       0
       1
       0
       2
       1
       1
       1
       2
       1
       0
       1
       2
       0
       1
       2
       1
       1
       0
       2
       0
       0
       0
       1
       2
       3
       1
       1
       2
       1
       3
       1
       1
       0
       5
       5
       2
       0
       4
       2
       2
       3
       3
       1
       1
       1
       3
       5
       2
       1
       3
       6
       1
       1
       3
       2
       0
       0
       3
       0
       1
       0
       0
       1
       1
       0
       1
       1
       3
       1
       1
       0
       0
       1
       2
       2
       1
       2
       0
       0
       0
       1
       0
       4
       2
       0
       2
       0
       1
       0
       1
       1
       1
       0
       2
       1
       3
       0
       0
       1
       0
       0
       1
       1
       0
       0
       1
       3
       1
       2
       1
       0
       0
       1
       2
       0
       2
       2
       0
       3
       1
       1
       0
       2
       0
       2
       1
       0
       0
       1
       2
       2
       1
       1
       0
       1
       1
       0
       0
       1
       1
       3
       3
       3
       2
       3
       1
       0
       0
       2
       0
       0
       2
       1
       3
       2
       1
       2
       1
       1
       4
       0
       2
       0
       2
       1
       0
       1
       0
       1
       0
       1
       1
       1
       1
       2
       1
       1
       2
       1
       2
       0
       0
       1
       2
       0
       3
       1
       2
       0
       0
       2
       1
       0
       1
       0
       0
       1
       1
       0
       1
       0
       0
       0
       0
       1
       0
       0
       0
       1
       0
       1
       0
       2
       2
       1
       1
       1
       0
       0
       1
       1
       0
       0
       1
       0
       2
       3
       4
       0
       2
       1
       1
       0
       1
       1
       0
       0
       0
       1
       1
       1
       2
       2
       0
       1
       1
       0
       2
       0
       1
       0
       0
       0
       1
       0
       0
       0
       1
       2
       1
       0
       2
       0
       1
       1
       0
       0
       0
       0
       0
       2
       2
       0
       3
       1
       1
       1
       2
       3
       1
       1
       1
       2
       1
       0
       2
       1
       0
       0
       1
       1
       0
       1
       1
       0
       1
       0
       0
       0
       0
       0
       0
       1
       0
       0
       0
       3
       0
       1
       1
       0
       1
       0
       1
       0
       2
       0
       3
       0
       2
       0
       1
       1
       0
       0
       1
       1
       0
       1
       0
       1
       1
       0
       1
       2
       0
       0
       1
       0
       1
       0
       4
       1
       3
       0
       0
       1
       2
       1
       0
       0
       0
       1
       0
       2
       1
       0
       1
       1
       0
       0
       0
       0
       1
       0
       0
       0
       2
       1
       2
       1
       2
       1
       0
       0
       1
       0
       1
       1
       2
       2
       0
       0
       2
       0
       1
       0
       0
       1
       0
       1
       2
       0
       1
       1
       0
       0
       3
       0
       2
       0
       0
       0
       1
       0
       2
       1
       1
       0
       0
       1
       1
       3
       1
       3
       1
       1
       1
       1
       1
       0
       1
       0
       3
       3
       1
       2
       1
       0
       2
       0
       0
       0
       0
       1
       0
       2
       1
       1
       2
       1
       0
       0
       0
       1
       3
       2
       3
       1
       0
       0
       0
       1
       0
       4
       1
       0
       1
       1
       1
       1
       2
       0
       4
       0
       2
       2
       1
       3
       1
       1
       1
       2
       0
       1
       2
       1
       1
       0
       0
       1
       1
       1
       0
       0
       1
       1
       1
       1
       0
       0
       1
       1
       1
       2
       1
       0
       1
       2
       2
       1
       1
       1
       3
       2
       5
       2
       5
       7
       3
       3
       0
       2
       2
       2
       2
       1
       1
       0
       4
       0
       1
       1
       1
       0
       0
       0
       1
       0
       1
       0
       1
       3
       1
       2
       0
       0
       0
       1
       1
       0
       1
       2
       1
       1
       0
       3
       0
       2
       1
       2
       0
       1
       2
       0
       2
       1
       0
       3
       0
       1
       2
       1
       0
       0
       0
       3
       1
       0
       0
       2
       1
       1
       0
       1
       0
       3
       2
       1
       1
       1
       0
       0
       1
       0
       0
       1
       0
       0
       2
       0
       1
       0
       1
       1
       0
       0
       0
       0
       0
       0
       1
       0
       0
       2
       0
       0
       1
       1
       0
       3
       1
       0
       1
       1
       4
       0
       0
       1
       1
       1
       2
       0
       2
       1
       0
       0
       0
       2
       0
       0
       0
       1
       1
       1
       0
       1
       1
       1
       0
       1
       2
       0
       0
       3
       2
       0
       1
       0
       1
       1
       1
       0
       2
       0
       0
       2
       0
       0
       1
       0
       0
       1
       0
       1
       0
       3
       0
       0
       1
       1
       1
       0
       0
       1
       1
       0
       0
       0
       1
       0
       1
       1
       1
       1
       0
       0
       3
       1
       0
       0
       0
       0
       2
       0
       2
       4
       0
       0
       0
       0
       0
       0
       2
       1
       0
       1
       3
       0
       0
       1
       2
       3
       0
       1
       3
       1
       0
       2
       2
       0
       0
       2
       0
       0
       2
       2
       0
       0
       0
       0
       2
       0
       0
       0
       1
       2
       1
       0
       0
       0
       2
       0
       0
       1
       1
       0
       1
       1
       1
       1
       2
       0
       2
       1
       0
       0
       2
       1
       2
       1
       0
       0
       1
       1
       2
       0
       0
       0
       0
       3
       2
       2
       0
       3
       0
       2
       0
       1
       1
       1
       0
       0
       0
       1
       1
       0
       0
       1
       1
       0
       0
       0
       2
       0
       1
       2
       0
       2
       1
       2
       0
       0
       1
       0
       0
       2
       0
       0
       0
       0
       1
       1
       1
       1
       3
       0
       1
       1
       1
       1
       1
       0
       0
       0
       3
       1
       2
       1
       1
       0
       1
       1
       0
       1
       3
       0
       0
       0
       1
       1
       1
       3
       0
       1
       1
       1
       0
       1
       1
       0
       0
       0
       1
       0
       2
       1
       0
       0
       1
       2
       1
       1
       1
       0
       1
       0
       0
       1
       1
       2
       1
       0
       0
       0
       0
       1
       0
       1
       2
       1
       1
       1
       0
       0
       2
       1
       0
       2
       0
       1
       0
       2
       0
       1
       0
       0
       0
       1
       0
       1
       0
       2
       0
       0
       0
       3
       0
       2
       1
       0
       1
       1
       0
       0
       1
       3
       0
       0
       0
       1
       2
       1
       2
       1
       0
       0
       0
       0
       0
       1
       1
       0
       2
       1
       1
       2
       0
       1
       1
       1
       1
       2
       0
       2
       1
       2
       1
       1
       0
       0
       1
       2
       1
       0
       0
       3
       0
       1
       2
       2
       0
       1
       0
       0
       0
       2
       0
       0
       1
       0
       1
       0
       0
       0
       1
       2
       1
       0
       1
       1
       0
       1
       1
       1
       1
       1
       2
       1
       1
       0
       1
       0
       2
       0
       0
       1
       0
       1
       1
       2
       0
       1
       1
       2
       2
       2
       0
       0
       0
       1
       3
       0
       0
       1
       0
       2
       0
       3
       1
       0
       1
       0
       0
       2
       0
       1
       0
       0
       2
       0
       0
       1
       0
       0
       0
       0
       1
       0
       1
       1
       1
       0
       0
       0
       0
       0
       0
       0
       0
       0
       1
       1
       0
       0
       2
       1
       0
       0
       0
       0
       1
       0
       1
       1
       0
       1
       0
       2
       0
       2
       1
       2
       0
       2
       0
       0
       0
       2
       0
       0
       2
       0
       1
       0
       0
       0
       0
       0
       0
       0
       0
       0
       1
       2
       1
       0
       0
       0
       2
       1
       1
       0
       0
       2
       0
       0
       0
       1
       0
       1
       0
       1
       0
       2
       0
       1
       2
       0
       0
       0
       1
       1
       0
       1
       2
       0
       1
       0
       1
       0
       2
       1
       1
       0
       2
       1
       4
       0
       2
       1
       1
       1
       0
       1
       0
       1
       2
       0
       2
       0
       1
       0
       0
       1
       0
       0
       1
       4
       1
       2
       3
       0
       1
       0
       0
       0
       1
       2
       1
       0
       1
       0
       1
       0
       0
       2
       1
       0
       0
       1
       0
       0
       0
       1
       1
       0
       2
       0
       1
       0
       0
       2
       1
       3
       1
       0
       0
       0
       2
       1
       0
       0
       1
       0
       0
       0
       1
       2
       2
       1
       0
       0
       0
       1
       0
       0
       1
       2
       2
       0
       0
       1
       0
       0
       0
       2
       0
       1
       2
       1
       0
       1
       0
       0
       2
       0
       1
       0
       0
       2
       0
       0
       3
       1
       1
       0
       0
       2
       1
       0
       0
       0
       1
       0
       0
       0
       0
       0
       0
       0
       0
       1
       1
       1
       1
       0
       0
       1
       3
       1
       0
       1
       0
       1
       0
       1
       0
       1
       1
       0
       1
       0
       0
       0
       2
       1
       0
       1
       0
       0
       1
       0
       1
       1
       1
       0
       0
       0
       2
       0
       1
       0
       1
       1
       0
       0
       2
       0
       1
       0
       0
       0
       0
       0
       0
       0
       1
       2
       0
       1
       2
       0
       1
       0
       1
       0
       2
       0
       0
       0
       0
       0
       1
       0
       0
       0
       0
       0
       0
       2
       2
       0
       1
       0
       0
       2
       2
       0
       0
       0
       0
       1
       1
       0
       0
       0
       1
       0
       0
       1
       0
       0
       2
       0
       3
       0
       0
       0
       0
       2
       2
       0
       3
       1
       1
       0
       1
       1
       0
       1
       1
       0
       0
       1
       4
       0
       0
       0
       0
       0
       2
       0
       1
       0
       0
       1
       1
       1
       1
       1
       0
       1
       0
       1
       1
       0
       1
       0
       1
       1
       0
       0
       2
       0
       0
       1
       3
       0
       2
       0
       0
       0
       1
       0
       0
       4
       1
       0
       2
       3
       2
       4
       1
       1
       2
       1
       1
       1
       1
       0
       1
       1
       0
       0
       0
       2
       1
       0
       0
       0
       0
       1
       0
       0
       3
       0
       0
       0
       1
       1
       0
       0
       1
       0
       3
       2
       0
       0
       0
       1
       3
       0
       2
       3
       0
       1
       0
       0
       1
       1
       1
       0
       0
       0
       1
       1
       0
       2
       0
       0
       1
       2
       0
       1
       0
       1
       0
       0
       0
       3
       0
       0
       0
       0
       2
       1
       1
       0
       1
       0
       1
       0
       1
       0
       1
       0
       1
       0
       1
       1
       1
       1
       1
       1
       1
       2
       1
       1
       1
       1
       0
       1
       1
       1
       0
       0
       0
       1
       1
       2
       0
       0
       0
       0
       1
       0
       0
       0
       2
       0
       1
       1
       0
       0
       0
       0
       0
       3
       0
       2
       0
       0
       0
       0
       2
       0
       1
       0
       1
       1
       0
       1
       0
       0
       0
       1
       0
       2
       0
       0
       1
       0
       2
       1
       0
       1
       1
       0
       1
       1
       0
       0
       0
       0
       1
       0
       0
       0
       0
       1
       1
       0
       0
       0
       2
       0
       1
       1
       2
       0
       0
       0
       0
       0
       1
       1
       1
       0
       0
       1
       0
       1
       0
       0
       0
       0
       0
       0
       0
       1
       1
       1
       1
       2
       1
       0
       1
       0
       1
       0
       0
       2
       0
       0
       0
       1
       0
       1
       0
       0
       0
       0
       0
       1
       1
       1
       0
       1
       1
       1
       1
       0
       0
       0
       0
       3
       0
       0
       1
       0
       0
       0
       0
       1
       1
       0
       1
       0
       0
       2
       2
       1
       0
       0
       0
       1
       0
       0
       0
       1
       3
       0
       1
       1
       1
       0
       2
       0
       1
       1
       1
       0
       1
       2
       1
       1
       2
       3
       0
       2
       0
       2
       0
       1
       0
       2
       0
       2
       0
       0
       0
       1
       1
       1
       0
       1
       0
       1
       1
       0
       1
       1
       0
       0
       1
       1
       1
       1
       0
       2
       0
       1
       0
       1
       2
       1
       0
       1
       0
       1
       1
       0
       0
       1
       0
       1
       1
       2
       4
       0
       0
       1
       1
       0
       1
       2
       0
       0
       0
       0
       1
       0
       1
       0
       1
       0
       0
       0
       2
       1
       1
       0
       2
       1
       1
       0
       0
       1
       1
       1
       1
       1
       1
       0
       1
       0
       1
       0
       1
       1
       0
       0
       0
       1
       0
       1
       1
       0
       0
       1
       1
       0
       1
       1
       0
       0
       0
       0
       1
       0
       0
       1
       0
       0
       1
       0
       1
       1
       1
       0
       0
       0
       1
       1
       0
       0
       1
       0
       0
       1
       2
       0
       2
       2
       0
       0
       0
       0
       0
       0
       0
       0
       0
       0
       0
       1
       2
       1
       0
       0
       0
       1
       0
       0
       1
       0
       0
       0
       0
       1
       1
       0
       0
       0
       2
       0
       0
       1
       1
       0
       2
       2
       0
       2
       0
       0
       1
       1
       2
       0
       1
       0
       0
       1
       0
       0
       0
       0
       0
       0
       0
       1
       0
       0
       0
       0
       0
       2
       1
       1
       0
       0
       0
       0
       1
       0
       0
       0
       1
       2
       0
       2
       0
       1
       1
       1
       0
       1
       1
       0
       0
       3
       1
       0
       0
       1
       0
       0
       1
       0
       0
       1
       0
       0
       0
       0
       0
       2
       2
       0
       0
       0
       1
       0
       1
       2
       1
       0
       0
       0
       1
       2
       0
       0
       0
       1
       0
       3
       0
       0
       0
       1
       0
       0
       0
       0
       0
       0
       0
       1
       0
       0
       0
       0
       1
       0
       0
       1
       0
       2
       0
       0
       1
       0
       0
       0
       1
       1
       0
       0
       0
       1
       0
       1
       1
       1
       2
       0
       0
       1
       2
       0
       1
       1
       0
       0
       0
       0
       1
       1
       0
       0
       0
       1
       0
       0
       2
       0
       1
       1
       0
       2
       0
       2
       1
       2
       1
       0
       1
       1
       1
       1
       1
       0
       1
       0
       1
       1
       1
       0
       0
       0
       2
       0
       0
       0
       1
       1
       1
       0
       0
       0
       1
       0
       0
       1
       0
       1
       0
       0
       1
       1
       1
       1
       1
       0
       1
       0
       0
       0
       2
       0
       0
       0
       0
       1
       3
       2
       1
       2
       0
       1
       1
       0
       1
       0
       1
       0
       2
       0
       3
       0
       0
       0
       1
       0
       1
       0
       0
       2
       0
       1
       0
       1
       1
       0
       2
       0
       1
       0
       3
       2
       0
       1
       2
       0
       0
       0
       1
       2
       1
       5
       0
       1
       0
       2
       0
       0
       1
       0
       0
       0
       0
       1
       1
       1
       0
       0
       0
       0
       0
       0
       0
       0
       1
       1
       1
       1
       2
       0
       1
       1
       2
       1
       0
       0
       1
       0
       0
       0
       1
       0
       1
       1
       0
       1
       2
       2
       2
       2
       0
       1
       0
       0
       0
       2
       0
       1
       1
       0
       0
       1
       0
       0
       0
       0
       1
       0
       0
       3
       0
       0
       2
       1
       1
       1
       0
       1
       0
       1
       1
       0
       0
       1
       0
       0
       0
       1
       0
       1
       2
       0
       1
       0
       0
       1
       0
       0
       0
       0
       0
       2
       1
       0
       0
       2
       1
       0
       0
       0
       1
       2
       1
       1
       0
       1
       0
       0
       0
       1
       0
       2
       1
       0
       0
       1
       1
       1
       2
       0
       2
       0
       0
       0
       0
       1
       0
       0
       1
       0
       0
       0
       0
       0
       0
       0
       1
       0
       1
       0
       1
       0
       0
       0
       2
       0
       0
       0
       0
       0
       0
       0
       1
       0
       0
       0
       0
       0
       1
       0
       0
       0
       0
       0
       0
       1
       0
       0
       1
       1
       1
       3
       0
       0
       1
       1
       0
       0
       1
       0
       0
       0
       0
       1
       0
       0
       0
       0
       1
       0
       1
       0
       0
       1
       0
       0
       0
       0
       0
       0
       0
       1
       0
       0
       0
       0
       0
       4
       1
       0
       1
       0
       0
       0
       0
       1
       2
       0
       0
       0
       0
       0
       0
       0
       0
       1
       1
       0
       1
       0
       2
       1
       0
       0
       0
       2
       0
       1
       0
       0
       0
       1
       0
       0
       0
       2
       1
       0
       1
       0
       0
       1
       1
       0
       1
       0
       1
       0
       0
       0
       0
       1
       0
       0
       1
       1
       0
       1
       0
       0
       0
       2
       0
       0
       1
       0
       0
       0
       0
       0
       0
       0
       0
       1
       2
       0
       2
       0
       0
       1
       0
       0
       0
       1
       0
       1
       0
       1
       0
       0
       0
       0
       0
       1
       1
       0
       0
       2
       1
       0
       1
       0
       1
       0
       0
       1
       1
       1
       1
       0
       2
       0
       0
       0
       0
       0
       0
       1
       0
       0
       3
       0
       0
       0
       0
       0
       0
       1
       0
       0
       0
       0
       0
       0
       0
       0
       0
       0
       0
       1
       0
       1
       0
       0
       0
       0
       0
       0
       0
       0
       0
       1
       0
       0
       0
       0
       0
       0
       0
       0
       0
       0
       0
       1
       0
       0
       0
       2
       0
       0
       1
       1
       2
       0
       0
       2
       0
       0
       0
       0
       0
       0
       0
       1
       0
       0
       0
       0
       0
       0
       1
       1
       1
       0
       0
       1
       0
       0
       0
       0
       0
       1
       1
       1
       0
       0
       0
       0
       0
       0
       1
       0
       0
       1
       0
       0
       0
       2
       2
       2
       0
       0
       0
       0
       0
       0
       0
       0
       0
       0
       1
       0
       0
       0
       0
       0
       0
       1
       1
       0
       0
       1
       0
       1
       0
       0
       0
       0
       0
       1
       0
       0
       0
       0
       2
       0
       0
       0
       0
       0
       1
       0
       2
       0
       0
       0
       0
       0
       1
       0
       0
       1
       0
       0
       0
       1
       1
       0
       1
       1
       0
       1
       0
       0
       0
       0
       0
       0
       0
       1
       0
       0
       0
       0
       0
       0
       0
       1
       0
       0
       0
       0
       0
       0
       0
       0
       0
       1
       0
       0
       0
       0
       0
       0
       1
       0
       0
       0
       0
       1
       1
       0
       0
       1
       0
       0
       0
       1
       0
       0
       0
       0
       0
       0
       0
       1
       0
       0
       1
       0
       0
       0
       1
       0
       0
       0
       0
       0
       0
       2
       0
       0
       0
       0
       0
       0
       1
       1
       0
       0
       0
       0
       1
       1
       0
       0
       1
       0
       1
       0
       0
       0
       0
       0
       0
       0
       1
       1
       0
       1
       0
       0
       0
       0
       0
       0
       0
       0
       0
       1
       0
       0
       0
       0
       0
       0
       0
       0
       0
       0
       0
       0
       0
       0
       0
       0
       1
       0
       1
       2
       0
       0
       0
       0
       0
       0
       0
       0
       1
       0
       1
       0
       0
       0
       1
       0
       0
       0
       0
       0
       0
       0
       0
       1
       0
       0
       1
       0
       0
       0
       0
       0
       2
       0
       1
       0
       1
       0
       0
       0
       0
       2
       1
       0
       0
       0
       0
       1
       0
       0
       0
       0
       0
       0
       0
       0
       0
       1
       0
       0
       0
       4
       2
       4
       5
       4
       5
      15
       6
      11
      10
       8
       7
       3
       7
       2
       0
       0
       0
       0
       0
       0
       0
       0
       0
       0
       0
       0
       0
       1
       0
       0
       1
       0
       0
       0
       0
       0
       0
       0
       0
       0
       0
       0
       1
       1
       1
       0
       0
       0
       0
       0
       0
       0
       0
       2
       1
       1
       0
       0
       1
       0
       0
       1
       0
       0
       0
       0
       0
       0
       0
       0
       0
       0
       0
       1
       0
       0
       0
       0
       0
       0
       0
       0
       0
       0
       1
       0
       0
       0
       1
       0
       0
       1
       0
       0
       0
       0
       0
       1
       0
       0
       0
       0
       0
       0
       1
       0
       1
       1
       0
       0
       0
       0
       1
       0
       1
       0
       0
       1
       1
       0
       0
       1
       2
       1
       1
       0
       0
       0
       0
       0
       0
       0
       0
       1
       0
       0
       0
       0
       0
       0
       0
       0
       0
       1
       0
       0
       0
       0
       1
       1
       0
       0
       0
       0
       0
       0
       0
       0
       0
       1
       0
       0
       0
       1
       0
       0
       0
       0
       0
       0
       0
       0
       1
       0
       0
       1
       0
       0
       0
       0
       0
       0
       1
       0
       0
       0
       0
       0
       0
       0
       0
       0
       0
       1
       0
       0
       0
       1
       0
       0
       0
       0
       0
       0
       0
       0
       0
       1
       1
       0
       0
       0
       0
       0
       1
       1
       1
       0
       0
       0
       1
       1
       0
       0
       0
       0
       0
       0
       0
       2
       0
       1
       0
       0
       0
       0
       1
       0
       0
       0
       1
       0
       0
       0
       0
       0
       0
       0
       0
       0
       0
       0
       1
       0
       0
       0
       1
       0
       0
       0
       0
       1
       0
       0
       0
       0
       0
       1
       1
       1
       0
       0
       0
       0
       0
       0
       0
       0
       1
       0
       1
       0
       0
       1
       0
       0
       1
       0
       1
       0
       0
       0
       1
       1
       1
       1
       0
       0
       0
       0
       1
       0
       0
       1
       0
       1
       0
       0
       0
       0
       0
       0
       1
       1
       0
       0
       2
       1
       0
       0
       0
       0
       0
       1
       0
       0
       0
       0
       0
       0
       0
       0
       0
       0
       0
       0
       0
       0
       0
       0
       0
       0
       0
       0
       1
       0
       0
       1
       0
       1
       0
       0
       0
       0
       0
       0
       0
       0
       0
       0
       1
       0
       0
       0
       0
       0
       0
       0
       0
       0
       0
       0
       0
       0
       0
       0
       0
       0
       0
       0
       0
       0
       0
       0
       0
       0
       0
       1
       0
       1
       0
       1
       0
       0
       0
       0
       0
       0
       0
       0
       0
       0
       0
       0
       0
       0
       0
       0
       0
       0
       0
       0
       0
       0
       0
       0
       0
       0
       1
       0
       0
       0
       0
       0
       0
       0
       0
       0
       0
       0
       0
       0
       0
       0
       0
       0
       0
       0
       1
       0
       0
       0
       0
       0
       0
       0
       1
       0
       0
       0
       0
       1
       0
       0
       1
       0
       0
       0
       0
       1
       0
       0
       1
       0
       0
       0
       0
       0
       0
       0
       0
       0
       0
       1
       0
       1
       0
       0
       2
       1
       0
       0
       0
       0
       0
       0
       0
       0
       0
       0
       0
       0
       0
       0
       0
       0
       0
       2
       0
       0
       0
       0
       1
       0
       0
       0
       0
       0
       0
       1
       0
       1
       0
       0
       0
       0
       0
       0
       0
       0
       0
       0
       0
       0
       0
       0
       0
       0
       0
       0
       0
       0
       0
       0
       0
       0
       0
       0
       0
       1
       1
       0
       0
       0
       0
       1
       0
       0
       0
       0
       0
       0
       0
       0
       0
       0
       0
       0
       0
       1
       0
       0
       0
       0
       0
       0
       0
       0
       0
       0
       1
       0
       0
       0
       0
       1
       0
       0
       0
       0
       0
       0
       0
       0
       0
       1
       3
       0
       0
       1
       0
       0
       0
       0
       0
       0
       0
       0
       0
       0
       0
       0
       0
       0
       0
       0
       0
       0
       0
       0
       0
       0
       0
       0
       0
       0
       0
       0
       0
       0
       0
       0
       0
       0
       0
       0
       0
       0
       0
       0
       0
       0
       0
       0
       0
       0
       0
       0
       0
       0
       1
       0
       0
       0
       0
       0
       0
       0
       0
       0
       0
       0
       0
       0
       0
       1
       1
       0
       0
       0
       0
       0
       0
       0
       1
       0
       0
       0
       0
       0
       0
       0
       0
       0
       0
       1
       0
       0
       0
       0
       0
       0
       0
       0
       0
       0
       1
       0
       0
       0
       0
       0
       0
       1
       0
       0
       0
       0
       0
       0
       0
       2
       0
       0
       0
       0
       0
       0
       0
       0
       0
       0
       0
       0
       0
       0
       0
       0
       0
       0
       0
       0
       0
       0
       0
       0
       0
       0
       0
       0
       0
       0
       1
       0
       0
       0
       0
       0
       0
       0
       1
       0
       0
       0
       0
       0
       0
       1
       1
       0
       0
       0
       0
       0
       1
       0
       0
       0
       0
       0
       0
       0
       0
       0
       0
       1
       0
       0
       0
       0
       0
       0
       0
       0
       2
       0
       0
       1
       0
       0
       0
       0
       0
       0
       0
       0
       0
       0
       0
       0
       0
       1
       0
       1
       0
       0
       0
       0
       0
       0
       0
       0
       2
       0
       1
       0
       0
       0
       0
       0
       0
       0
       0
       0
       1
       0
       0
       0
       0
       0
       0
       0
       0
       0
       0
       0
       0
       0
       0
       0
       0
       1
       0
       0
       0
       0
       0
       0
       0
       0
       0
       0
       0
       1
       0
       0
       0
       1
       0
       0
       0
       0
       2
       0
       0
       0
       0
       0
       0
       0
       0
       0
       0
       0
       0
       1
       0
       1
       0
       0
       0
       2
       0
       1
       0
       0
       0
       0
       0
       0
       0
       1
       0
       0
       1
       0
       0
       0
       0
       1
       0
       0
       2
       0
       0
       0
       0
       0
       0
       0
       0
       0
       0
       0
       0
       0
       0
       0
       0
       0
       0
       1
       0
       0
       1
       1
       0
       0
       0
       0
       0
       0
       0
       0
       0
       0
       0
       0
       0
       0
       0
       0
       1
       0
       0
       0
       0
       0
       0
       0
       0
       0
       0
       0
       0
       1
       0
       0
       0
       0
       0
       0
       0
       0
       0
       0
       0
       0
       0
       0
       0
       0
       0
       0
       0
       0
       0
       0
       0
       0
       0
       0
       0
       0
       0
       0
       0
       0
       1
       0
       0
       0
       0
       0
       0
       1
       0
       0
       0
       0
       0
       0
       2
       0
       0
       0
       0
       0
       0
       0
       0
       0
       0
       0
       0
       0
       0
       0
       0
       0
       0
       1
       0
       0
       1
       0
       0
       0
       0
       0
       0
       0
       0
       0
       0
       0
       0
       0
       0
       0
       0
       0
       0
       0
       0
       0
       0
       1
       1
       1
       1
       0
       0
       0
       0
       0
       0
       0
       1
       0
       0
       0
       0
       0
       0
       0
       0
$ENER_FIT:
0.222200 0.365900
$PRESETS:
Live Time (sec)
536
0
$RT:
900.000000
$DT:
364220
$ISO_DECL_PU:
SMPLNAM: IDB-577
SEPDATE: 01/01/1900 00:00:00
PU238: 0.0472 
DPU238: 0.4237
PU239: 84.5799 
DPU239: 0.0006
PU240: 14.1443 
DPU240: 0.0148
PU241: 0.9953 
DPU241: 0.1808
PU242: 0.2333 
DPU242: 1.5859
AM241: 0.6282 
DAM241: 1.1939
DATE: 01/01/1900 00:00:00
PU240EFF: 14.6552
DPU240EFF: 0.0450
$ADC:
8192
0
8191