$APPLICATION_ID:
IDB v.1.0
$SPEC_REM:
Material type: Pu
Material form: Pellet
Material compound: PuO2
Pu isotopics:
238Pu 0.0413
239Pu 85.0877
240Pu 14.2098
241Pu 0.4258
242Pu 0.2353
241Am 1.1745
Detector: HPGe (Geometry: Planar, Size: Approx 9% RE Detective)
MCA: Integrated MCA
$DATE_MEA:
09/08/2005 18:15:00
$MEAS_TIM:
535 900
$DATA:
0 8191
       0
       0
       0
       0
       0
       0
       0
       0
       0
       0
       0
       0
       0
       0
       0
       0
       0
       0
       0
       0
       1
       0
       0
       0
       1
       0
       0
       0
       3
       0
       1
       2
       5
       8
      11
      23
      50
     109
     212
     424
    5351
   11697
   11935
   11794
   11500
   11433
   11455
   11589
   11420
   11376
   11109
   11176
   10992
   10995
   10929
   10820
   10632
   10793
   10648
   10393
   10374
   10351
   10300
   10292
   10144
   10180
   10109
   10042
    9996
    9853
    9800
    9741
    9631
    9569
    9483
    9429
    9291
    9224
    9194
    8974
    8675
    8944
    8689
    8536
    8400
    8277
    8203
    8104
    7939
    7878
    7936
    7878
    7900
    7706
    7671
    7459
    7358
    7258
    7240
    7156
    7124
    7136
    6883
    6864
    6837
    6866
    6697
    6666
    6509
    6691
    6581
    6353
    6515
    6384
    6331
    6176
    6301
    6204
    6275
    6184
    6064
    6174
    6133
    6043
    6012
    5946
    6037
    6018
    5985
    6024
    6002
    5974
    5826
    5943
    6071
    5944
    5987
    5962
    6140
    5884
    5970
    5996
    5950
    6022
    6046
    6022
    6149
    6156
    6171
    6249
    6344
    6279
    6599
    6545
    6707
    6907
    7037
    7744
    8428
   10496
   16101
   25432
   32927
   29841
   19225
   10453
    6684
    5640
    5334
    5372
    5457
    5333
    5397
    5338
    5571
    5464
    5301
    5459
    5583
    5627
    5886
    6248
    6843
    7183
    6716
    6389
    6489
    6959
    7037
    6554
    5934
    5626
    5558
    5333
    5399
    5358
    5437
    5596
    5536
    5564
    5562
    5583
    5687
    5635
    5751
    5870
    5720
    5733
    5801
    5856
    6171
    6510
    6703
    6557
    6312
    6318
    6357
    6291
    6490
    6367
    6522
    6481
    6489
    6345
    6663
    6681
    6925
    6862
    7002
    7257
    7330
    7349
    7469
    7570
    7769
    7984
    8079
    8249
    8385
    8489
    8765
    8820
    9242
    9093
    9411
    9959
    9823
   10288
   10345
   10582
   10893
   11055
   11381
   11758
   12700
   14453
   18901
   24725
   28959
   26950
   21755
   17748
   17947
   21945
   26815
   30894
   37686
   54289
   82391
  106889
  108123
   84523
   56116
   39068
   36217
   40177
   40558
   34837
   35442
   54013
   85659
  105951
  102599
   86467
   67603
   45375
   25845
   13897
    9272
    8166
    8040
    7916
    7768
    7962
    7819
    7958
    8243
    8588
    9921
   12928
   18260
   24307
   29982
   33202
   31433
   24000
   16712
   14508
   16467
   21029
   27295
   33298
   36078
   33266
   28771
   26730
   27432
   29422
   30734
   32427
   31841
   26716
   19328
   13468
   10294
    8736
    9123
   10626
   12981
   14362
   13136
   10965
    9359
    8517
    8996
    9774
    9624
    8523
    8059
    9539
   14745
   20906
   22465
   17835
   11351
    7402
    6177
    5967
    6113
    7959
   13971
   26171
   40265
   43603
   32332
   17396
    8655
    5653
    4771
    4729
    4797
    4750
    4812
    4764
    4711
    4748
    4704
    4757
    4652
    4818
    4821
    4824
    4785
    4783
    4879
    4973
    4862
    4912
    4864
    4988
    5021
    4953
    4942
    4944
    5038
    5206
    5326
    5362
    5271
    5172
    5471
    6172
    7066
    7769
    7777
    6928
    6349
    6883
    8192
    9565
    9857
    8833
    8260
   10930
   17025
   21900
   20824
   14879
    9331
    6525
    5786
    5391
    5178
    5198
    5467
    5682
    6311
    6534
    6161
    5516
    5208
    5196
    5127
    5237
    5082
    5157
    5118
    5071
    5297
    5348
    5422
    5380
    5520
    5570
    5922
    6778
    8300
    9513
    9619
    8756
    8146
    7330
    6632
    5821
    5676
    5725
    6174
    7858
    9954
   11748
   11056
    8858
    6877
    5956
    5608
    5345
    5429
    5320
    5377
    5455
    5684
    6477
    7026
    7386
    6936
    6451
    6536
    7120
    7182
    6643
    5878
    5499
    5347
    5206
    5309
    5407
    5455
    5347
    5506
    5414
    5355
    5273
    5326
    5269
    5260
    5299
    5457
    5664
    6039
    6451
    6240
    5896
    5512
    5245
    5180
    5238
    5171
    5132
    5207
    5241
    5186
    5115
    5182
    5355
    5227
    5176
    5291
    5164
    5155
    5161
    5300
    5255
    5262
    5416
    5623
    5895
    6314
    6713
    6355
    5803
    5376
    5209
    5144
    5332
    5249
    5274
    5060
    5160
    5126
    4763
    5117
    5284
    5780
    6559
    7204
    7200
    6331
    5500
    5223
    5090
    5098
    5107
    4976
    5103
    5038
    4996
    5088
    4988
    4990
    5166
    5096
    5266
    5869
    7627
   11192
   15672
   17789
   15106
   10554
    7144
    5897
    5464
    5544
    6439
    9808
   22528
   52263
   94869
  119781
  103424
   61140
   26363
    9908
    4762
    3684
    3499
    3563
    3501
    3540
    3574
    3351
    3408
    3502
    3386
    3405
    3340
    3401
    3356
    3314
    3534
    3273
    3293
    3272
    3259
    3271
    3273
    3224
    3297
    3264
    3200
    3152
    3190
    3135
    3547
    3879
    3957
    3745
    3546
    3269
    3049
    3058
    2999
    2992
    2938
    3111
    3248
    3219
    3088
    2940
    2873
    2876
    2782
    2817
    2849
    2682
    2707
    2755
    2692
    2751
    2657
    2728
    2607
    2622
    2737
    2766
    2709
    2716
    2710
    2595
    2783
    2705
    2716
    2615
    2459
    2504
    2507
    2589
    2508
    2694
    2912
    2810
    2807
    2747
    2585
    2494
    2497
    2355
    2427
    2403
    2438
    2543
    2623
    2701
    2833
    3026
    3020
    2774
    2662
    2545
    2524
    2440
    2387
    2416
    2451
    2305
    2340
    2241
    2247
    2378
    2395
    2459
    2343
    2375
    2316
    2286
    2201
    2287
    2283
    2182
    2212
    2242
    2220
    2171
    2178
    2348
    2631
    3228
    3917
    4003
    3564
    2771
    2228
    2012
    1944
    1928
    2015
    1939
    1970
    1923
    1895
    1925
    1909
    1885
    1836
    1844
    1851
    1803
    1850
    1969
    2105
    2274
    2453
    2471
    2319
    2196
    2031
    1912
    2067
    2614
    3887
    5315
    6189
    5329
    3670
    2463
    1983
    1665
    1658
    1685
    1624
    1619
    1684
    1604
    1542
    1607
    1514
    1574
    1612
    1584
    1539
    1545
    1699
    1668
    1574
    1663
    1646
    1622
    1566
    1609
    1542
    1557
    1562
    1554
    1528
    1485
    1500
    1524
    1572
    1496
    1496
    1484
    1533
    1474
    1516
    1476
    1481
    1462
    1437
    1427
    1452
    1458
    1525
    1409
    1410
    1336
    1432
    1434
    1444
    1395
    1419
    1389
    1325
    1376
    1358
    1457
    1470
    1463
    1537
    1478
    1630
    1765
    1586
    1500
    1411
    1330
    1306
    1368
    1289
    1357
    1378
    1642
    2081
    2503
    2534
    2317
    1774
    1537
    1497
    1735
    1936
    1986
    1896
    1655
    1442
    1392
    1359
    1414
    1432
    1483
    1352
    1348
    1330
    1340
    1294
    1396
    1342
    1369
    1300
    1362
    1427
    1409
    1479
    1433
    1368
    1337
    1352
    1339
    1330
    1540
    2170
    3431
    5178
    6125
    5499
    3941
    2449
    1593
    1306
    1275
    1210
    1224
    1276
    1316
    1405
    1562
    1485
    1345
    1304
    1280
    1157
    1276
    1188
    1312
    1446
    1755
    2142
    2468
    2660
    2636
    2836
    3458
    4095
    4123
    3714
    3080
    2690
    2233
    1816
    1340
    1247
    1200
    1151
    1132
    1166
    1174
    1194
    1200
    1139
    1137
    1231
    1251
    1325
    1255
    1352
    1816
    3289
    6710
   12736
   18562
   20924
   17745
   11109
    5849
    3834
    4853
    8045
   11153
   11801
    9961
    6573
    3663
    2091
    1322
    1137
    1096
     980
     982
    1005
    1116
    1360
    1682
    2125
    2460
    2610
    2279
    1814
    1316
    1121
    1393
    2365
    4964
    9568
   13572
   14175
   10408
    5756
    2632
    1300
     877
     786
     856
     787
     805
     797
     795
     795
     815
     827
     849
     867
     751
     813
     770
     768
     792
     737
     751
     768
     811
     793
     749
     765
     749
     790
     763
     722
     711
     778
     792
     817
     786
     788
     859
     777
     835
     798
     867
     941
    1046
    1051
    1009
     869
     869
     817
     837
     787
     830
     786
     891
    1008
    1322
    2019
    2716
    3273
    3606
    4754
    6181
    6910
    5903
    3912
    2308
    1758
    1970
    2326
    2217
    1798
    1431
    1182
    1130
    1238
    2081
    4838
   11836
   23295
   34433
   35999
   27166
   15807
    7970
    4354
    2881
    1793
    1132
     885
     853
    1470
    2740
    4959
    6905
    7299
    5589
    3509
    2207
    2619
    4184
    6052
    6394
    5297
    3292
    1837
    1087
     686
     563
     547
     484
     464
     429
     472
     504
     509
     505
     460
     477
     533
     554
     574
     580
     660
     815
    1343
    2681
    5337
    8598
   11050
   11059
    8397
    4987
    2225
    1101
     569
     478
     446
     449
     419
     421
     411
     490
     509
     555
     630
     589
     590
     556
     512
     453
     477
     404
     388
     399
     433
     432
     425
     451
     427
     409
     434
     443
     390
     438
     463
     463
     499
     447
     484
     476
     517
     462
     495
     523
     527
     550
     587
     712
     722
     764
    1031
    2238
    5991
   13697
   24469
   31349
   29023
   19741
    9748
    3887
    1495
     783
     544
     389
     348
     304
     302
     366
     459
     565
     686
     702
     619
     416
     357
     415
     606
    1160
    1978
    2561
    2695
    2033
    1173
     574
     371
     304
     317
     356
     578
     835
    1101
    1040
     846
     582
     378
     307
     290
     306
     304
     351
     332
     339
     284
     291
     236
     235
     276
     247
     238
     225
     280
     255
     218
     242
     263
     277
     225
     238
     216
     258
     230
     232
     220
     225
     227
     198
     240
     216
     277
     234
     256
     247
     267
     241
     274
     271
     299
     257
     273
     263
     288
     328
     392
     412
     394
     306
     310
     265
     257
     237
     273
     283
     285
     311
     421
     812
    1702
    2912
    3930
    3789
    2822
    1586
     738
     372
     277
     274
     341
     324
     332
     301
     233
     243
     224
     210
     228
     244
     264
     237
     217
     259
     273
     236
     240
     276
     262
     226
     241
     256
     213
     199
     214
     199
     204
     212
     214
     208
     218
     224
     242
     230
     209
     243
     257
     266
     236
     263
     218
     240
     224
     212
     252
     198
     204
     225
     230
     198
     224
     220
     236
     248
     234
     225
     215
     222
     209
     222
     206
     225
     203
     210
     214
     212
     206
     205
     224
     203
     185
     181
     212
     261
     272
     264
     272
     220
     188
     171
     171
     176
     180
     182
     171
     175
     165
     202
     180
     202
     185
     156
     195
     180
     177
     161
     160
     173
     159
     157
     162
     170
     169
     182
     165
     176
     157
     192
     167
     161
     154
     146
     147
     164
     163
     168
     141
     161
     161
     147
     137
     137
     149
     153
     147
     140
     157
     164
     132
     143
     156
     127
     150
     148
     133
     155
     153
     138
     160
     129
     144
     138
     133
     138
     132
     129
     134
     126
     142
     160
     165
     179
     167
     187
     176
     184
     158
     193
     188
     214
     194
     208
     157
     195
     162
     182
     146
     145
     155
     160
     143
     154
     168
     137
     156
     122
     135
     145
     164
     140
     128
     132
     139
     146
     148
     143
     167
     138
     134
     136
     130
     127
     133
     150
     146
     103
     128
     127
     144
     124
     138
     139
     119
     127
     140
     134
     149
     123
     143
     135
     112
     129
     124
     144
     117
     126
     107
     105
     113
     115
      96
     119
     104
     102
     100
     104
     111
     125
     105
      82
     128
     138
     103
     110
     133
     128
     103
     110
     107
     104
     110
     112
     127
     114
     104
     112
      82
      84
      89
     101
      89
      93
      92
      93
      75
      90
      96
      94
     104
     104
      75
     102
      99
      86
     103
      72
      95
      81
      94
     114
      86
     106
      85
     102
      95
      88
     111
      79
      95
      68
      83
      84
      75
      73
      70
     100
      69
      79
      81
      66
      77
      86
      72
      79
      83
      90
      83
      78
      72
      72
      83
      68
      95
      91
      75
      64
      65
      81
      69
      76
      75
      78
      53
      71
      77
      73
      74
      69
      82
      81
      75
      71
      70
      73
      77
      85
      78
      90
     101
      75
      73
      71
      67
      73
      68
      71
      53
      73
      70
      69
      66
      69
      68
      95
      87
      58
      89
      97
      91
      87
     126
     133
     143
     116
      98
      89
      72
      67
      66
      65
      90
      76
      76
      67
      53
      67
      59
      64
      66
      75
      84
      87
      86
      87
      69
      76
      58
      65
      58
      78
      56
      69
      49
      53
      53
      49
      58
      62
      64
      93
     147
     144
     138
     129
      87
      62
      87
      66
      54
      89
      58
      64
      63
      57
      53
      63
      59
      57
      52
      45
      54
      35
      54
      52
      66
      63
      54
      50
      50
      54
      55
      65
      65
      72
      87
      63
      58
      61
      57
      61
      55
      61
      65
      68
      62
      63
      50
      42
      69
      62
      57
      47
      54
      60
      91
     114
     151
     282
     435
     616
     711
     582
     437
     230
     133
      73
      57
      65
      78
      53
      37
      39
      50
      47
      51
      47
      55
      58
      42
      57
      39
      61
      53
      63
      46
      40
      45
      37
      40
      49
      37
      46
      43
      40
      45
      47
      62
      85
      78
      81
      58
      50
      58
      50
      42
      42
      38
      41
      55
      72
      67
      83
      82
      72
      85
     110
     122
     155
     156
     135
     139
     165
     167
     192
     142
     153
     122
      77
      54
      65
      86
     150
     198
     218
     272
     189
     123
      86
      48
      52
      51
      40
      67
      47
      51
      49
      56
      82
     108
     175
     256
     359
     433
     458
     372
     236
     143
      94
      80
      75
      67
      74
      41
      69
      66
      74
      86
     110
     173
     175
     142
     134
     129
     137
     278
     639
    1444
    2444
    3329
    3613
    2891
    1736
     848
     336
     127
      67
      37
      38
      40
      39
      53
      32
      30
      34
      30
      17
      26
      32
      25
      29
      31
      21
      25
      27
      28
      29
      19
      25
      26
      28
      30
      32
      30
      23
      44
      29
      36
      40
      38
      30
      27
      28
      23
      25
      32
      35
      64
      50
      56
      52
      33
      18
      28
      22
      21
      16
      23
      28
      22
      18
      22
      23
      22
      38
      39
      54
      57
     101
     167
     268
     316
     351
     254
     167
     100
      53
      39
      35
      27
      22
      13
      32
      54
      52
      64
      44
      24
      26
      27
      43
      61
      63
      71
      45
      48
      29
      26
      31
      24
      23
      24
      21
      16
      25
      26
      21
      18
      19
      29
      36
      59
      52
      58
      56
      31
      26
      21
      19
      25
      26
      16
      15
      23
      33
      39
      52
      71
      67
      74
      64
      44
      34
      24
      15
      21
      27
      24
      34
      26
      24
      25
      26
      34
      34
      30
      34
      36
      36
      67
      64
      66
      72
      54
      43
      46
      48
      93
     191
     432
     845
    1317
    1644
    1738
    1287
     797
     395
     163
      78
      43
      25
      31
      23
      22
      15
      27
      28
      34
      23
      20
      17
      27
      18
      23
      24
      26
      17
      18
      27
      15
      25
      17
      10
       8
       7
      15
      16
      15
      21
      13
      28
      29
      60
      81
      73
      91
      62
      38
      29
      23
      17
       6
      13
      16
       9
      18
      13
      13
      16
      28
      26
      19
      22
      20
       9
      22
      21
      12
      14
      13
      24
      14
      15
      17
      15
      12
      19
      20
      14
      19
      17
      10
      20
      10
      10
      18
      12
      14
      11
      15
      18
      15
      42
      58
     112
     109
     112
      88
      62
      41
      27
      21
      19
      19
      38
      35
      37
      32
      17
      17
      15
       9
       8
      12
      11
      15
      17
      12
      15
      19
      31
      31
      49
      69
      87
      85
      74
      64
      65
      73
     112
     133
     141
     114
     105
      69
      62
      46
      47
      44
      39
      28
      26
      10
      16
      16
      11
      15
      21
      12
       7
       6
      10
      12
       9
      11
      15
      16
      16
      15
      13
      16
      17
      17
       6
       8
       7
      12
      11
       9
      13
      13
      13
      16
      15
      16
      18
      16
      16
      18
      10
      17
      20
      16
      19
      25
      11
      14
      13
      10
       9
      11
       2
       5
       8
      13
       4
       9
       8
       7
      12
      12
      11
      10
       7
       9
       8
      10
      14
       6
       5
       6
       5
      11
      11
       4
      15
      17
      15
      19
      11
      20
      16
       8
       8
      14
      11
       8
       7
       9
      11
      13
      12
      12
       8
       5
      16
      13
      11
      12
      13
       9
       8
       4
       8
       9
       9
       7
       9
      13
       9
       8
       6
      13
       7
       3
       5
      10
      13
       8
       7
       6
       5
       8
      13
      10
       7
       8
       9
       8
      14
       8
       6
      17
      13
      12
      12
      11
      12
       2
       6
       9
       7
       7
      10
       7
       6
       9
      12
      10
      19
      14
       5
      19
      13
      11
       9
       6
      12
       8
       6
       4
       5
       5
       9
       7
       4
      10
       3
       8
      11
       5
       6
       8
       6
       9
       8
       5
       7
       7
       4
       7
       6
      10
       8
       9
       4
       4
       8
      11
       7
       3
       8
       9
      10
      10
      10
       6
       5
       1
       4
       3
       7
      13
      15
      13
       5
      14
       6
       4
       6
      10
       4
      14
       9
       8
      14
       9
      10
      10
       8
       9
       9
       9
      10
       8
       7
       4
      12
       8
      12
       6
       5
       1
       4
       3
       6
      18
      10
       7
      10
      10
      20
       8
       9
      11
       7
      11
       5
       7
      10
       6
       9
      16
      12
      11
       2
       7
       7
       4
       8
       8
       5
       5
       5
      14
       7
       9
      12
       5
       9
       7
      16
       6
       8
      12
       9
       7
       6
       6
       7
       7
       5
       4
       3
       5
       5
       4
       7
       7
       6
       6
       5
       4
       8
       5
       7
       6
       7
       3
       6
       8
      11
       8
      10
       5
      14
       8
       4
       3
       5
       8
       6
       3
       5
       4
      10
       6
       5
       3
       5
       5
       4
       5
       2
       7
      10
       5
       5
       4
       3
       8
       8
       8
       7
       4
      10
       3
      14
       5
       4
       5
       4
       4
       5
       2
       4
       1
      16
       4
       3
       8
       4
       2
       4
       9
      10
       5
       3
       2
       4
       5
       1
       2
       6
       8
       5
       5
       4
       8
       2
       7
       8
       8
       6
       5
       7
       8
      10
      17
      16
      11
      15
       9
       8
       7
       6
       7
       4
       4
       4
       4
       8
       8
       3
       3
       4
       5
       3
       8
       4
       3
       4
       3
       3
       7
       3
       3
       3
       5
       2
       5
       6
       4
       5
       2
       5
       3
       4
       4
       8
       4
       5
       5
       4
       4
       1
       6
       2
       4
       2
       4
       4
       3
       5
       4
       3
       3
       4
       6
       3
       7
       6
       9
       3
       3
       1
       5
       4
       3
       1
       0
       4
       5
       4
       5
       7
       4
       5
       1
       1
       6
       2
       1
       8
       1
       4
       7
       3
       4
       6
       1
       5
       2
       5
       3
       4
       2
       1
       5
       7
       5
       8
       9
       9
       6
       4
       4
       5
       8
       5
       6
       4
       7
       4
       3
       5
       8
       4
       5
       5
       7
       6
      17
       8
       6
       6
       3
       5
       4
       4
       4
       4
       2
       1
       4
       5
       2
       8
       4
       5
       6
       4
       0
       5
       3
       3
       3
       3
       3
       4
       6
       3
       4
       8
       5
      11
      11
      10
       9
       5
       7
       2
       3
       4
       6
       2
       5
       3
       7
       5
       8
       6
       6
       4
       2
       5
       5
       3
       3
       4
       4
       3
       2
       6
       5
       3
       4
       3
       6
       5
       2
       5
       3
       5
       1
       4
       1
       6
       3
       5
       4
       1
       7
       9
       2
       3
       3
       4
       6
       4
       5
       7
       3
       1
       1
       6
       0
       2
       3
       6
       8
       7
       5
       0
       4
       1
       5
       4
       6
       0
       3
       1
       4
       7
       3
       5
       4
       7
       5
       6
       6
       3
       4
       4
       3
       5
       6
       4
       7
       6
       5
       1
       2
       2
       3
       5
       3
       2
       2
       3
       0
       6
       4
       4
       7
       4
       2
       3
       1
       4
       5
       2
       3
       3
       5
       2
       2
       3
       2
       4
       5
       3
       3
       1
       1
       4
       3
       5
       8
       3
       2
       1
       2
       5
       1
       4
       2
       0
       5
       4
       2
       3
       4
       5
       4
       5
       4
       5
       7
       4
       6
       4
       2
       4
       2
       7
       2
       6
       3
       1
       4
       1
       1
       6
       2
       1
       6
       3
       4
       2
       2
       5
       3
       5
       3
       4
      10
       2
       2
       3
       4
       3
       2
       2
       4
       3
       5
       6
       2
       6
       5
       2
       4
       4
       8
       2
       2
       0
       4
       4
       2
       4
       6
       5
       6
       4
       1
       3
       5
       1
       1
       4
       2
       4
       1
       4
       5
       4
       5
       4
       5
       2
       0
       3
       8
       3
       4
       7
       5
       2
       1
       3
       8
       3
       5
       2
       5
       2
       5
       3
       2
       2
       7
       1
       3
       1
       3
       2
       1
       3
       0
       4
       3
       1
       1
       1
       2
       9
       2
       4
       6
       4
       5
       5
       3
       3
       5
       2
       5
       4
       1
       5
       3
       2
       5
       5
       1
       3
       2
       7
       3
       7
       2
       2
       4
       5
       2
       5
       1
       6
       2
       1
       4
       2
       5
       1
       5
       3
       4
       1
       1
       7
       2
       3
       1
       0
       0
       2
       4
       2
       4
       2
       4
       2
       3
       6
       2
       1
       3
       1
       2
       4
       1
       4
       3
       1
       2
       1
       4
       6
       3
       1
       5
       3
       4
       3
       6
       2
       3
       1
       3
       7
       2
       6
       5
       0
       4
       3
       7
       4
       2
       4
       3
       1
       1
       3
       2
       6
       3
       3
       4
       2
       3
       4
       4
       4
       2
       2
       3
       6
       3
       2
       1
       3
       3
       3
       1
       4
       6
       5
       3
       3
       3
       1
       2
       3
       2
       3
       3
       1
       2
       2
       3
       4
       5
       3
       4
       6
       2
       3
       4
       2
       3
       1
       2
       1
       7
      10
       9
       6
       4
      11
       6
       5
       5
       3
       3
       2
       6
       5
       5
       1
       2
       2
       1
       0
       5
       5
       1
       1
       3
       2
       1
       3
       3
       1
       6
       2
       2
       2
       2
       6
       1
       4
       4
       2
       4
       4
       1
       1
       3
       5
       4
       4
       3
       3
       5
       1
       3
       0
       3
       1
       5
       1
       2
       5
       7
       0
       1
       3
       2
       3
       3
       1
       2
       4
       3
       1
       2
       4
       3
       3
       2
       3
       2
       2
       0
       2
       2
       1
       3
       1
       6
       3
       1
       4
       3
       1
       2
       2
       1
       5
       3
       2
       5
       4
       2
       3
       4
       2
       2
       4
       0
       2
       5
       5
       3
       3
       0
       1
       3
       2
       0
       8
       1
       2
       3
       3
       5
       3
       9
       0
       8
       2
       2
       4
       1
       5
       4
       1
       2
       1
       5
       3
       3
       1
       4
       3
       2
       2
       2
       1
       2
       3
       2
       2
       9
       1
       1
       3
       3
       1
       2
       2
       5
       2
       1
       4
       4
       1
       4
       3
       2
       2
       4
       3
       2
       1
       2
       1
       2
       6
       8
       1
       6
       6
       3
       1
       3
       1
       2
       3
       2
       2
       1
       3
       2
       0
       4
       1
       2
       3
       5
       3
       4
       1
       3
       1
       3
       2
       2
       1
       3
       4
       2
       4
       1
       2
       2
       7
       5
       2
       2
       2
       3
       2
       3
       3
       3
       1
       1
       2
       1
       4
       1
       3
       3
       3
       2
       3
       4
       3
       2
       2
       3
       2
       2
       4
       4
       0
       2
       3
       2
       6
       5
       2
       1
       4
       2
       2
       1
       3
       3
       3
       1
       2
       3
       1
       3
       2
       1
       5
       1
       5
       3
       2
       1
       5
       4
       3
       3
       3
       3
       4
       2
       1
       0
       5
       3
       3
       4
       1
       5
       3
       1
       5
       2
       1
       2
       2
       2
       3
       1
       3
       2
       3
       3
       4
       3
       2
       3
       4
       3
       4
       2
       2
       1
       2
       3
       3
       2
       3
       3
       4
       2
       2
       3
       1
       1
       5
       2
       4
       6
       9
       3
       2
       3
       4
       1
       1
       1
       4
       1
       1
       2
       1
       1
       2
       3
       3
       2
       2
       3
       4
       4
       0
       3
       0
       2
       1
       6
       0
       2
       2
       6
       1
       3
       1
       4
       2
       3
       2
       3
       1
       3
       1
       1
       5
       4
       3
       1
       7
       1
       5
       1
       0
       2
       3
       5
       0
       2
       6
       2
       2
       5
       2
       4
       1
       4
       3
       3
       1
       2
       2
       3
       3
       3
       1
       1
       2
       1
       2
       0
       3
       2
       4
       3
       1
       1
       3
       3
       3
       1
       4
       2
       2
       1
       0
       0
       4
       2
       1
       0
       0
       2
       2
       2
       2
       1
       2
       4
       2
       1
       5
       3
       3
       2
       0
       2
       2
       2
       2
       3
       2
       0
       3
       1
       0
       1
       0
       0
       5
       2
       4
       3
       4
       3
       1
       2
       2
       1
       2
       0
       3
       2
       1
       1
       2
       3
       5
       1
       3
       2
       1
       1
       1
       1
       2
       2
       4
       1
       2
       2
       2
       1
       0
       1
       3
       0
       0
       1
       1
       1
       2
       4
       2
       1
       5
       3
       1
       6
       2
       3
       3
       0
       4
       1
       3
       1
       2
       1
       1
       2
       2
       2
       1
       2
       3
       5
       1
       3
       2
       1
       2
       2
       2
       5
       0
       4
       5
       1
       3
       2
       1
       1
       1
       2
       1
       0
       4
       1
       1
       0
       3
       3
       1
       1
       1
       0
       0
       1
       0
       2
       4
       3
       0
       1
       1
       1
       1
       2
       2
       2
       2
       0
       0
       1
       3
       1
       0
       3
       2
       3
       1
       0
       2
       2
       6
       5
       2
       0
       4
       1
       2
       1
       2
       1
       2
       2
       3
       0
       1
       0
       2
       2
       1
       4
       2
       4
       1
       2
       0
       1
       0
       2
       1
       2
       0
       2
       1
       0
       2
       5
       1
       2
       1
       0
       0
       4
       3
       3
       1
       1
       5
       0
       4
       1
       0
       0
       0
       1
       1
       0
       3
       1
       0
       0
       2
       2
       0
       1
       1
       1
       2
       1
       1
       3
       2
       3
       0
       7
       0
       2
       1
       2
       1
       4
       3
       1
       5
       0
       0
       1
       1
       1
       3
       0
       0
       0
       1
       2
       2
       3
       1
       0
       1
       2
       2
       1
       0
       2
       1
       4
       1
       1
       2
       3
       1
       1
       1
       0
       1
       0
       2
       1
       3
       1
       2
       0
       2
       2
       3
       4
       3
       3
       1
       1
       1
       1
       2
       2
       1
       1
       1
       0
       1
       0
       0
       1
       3
       4
       3
       2
       2
       0
       4
       2
       1
       1
       2
       1
       3
       3
       4
       1
       0
       2
       3
       0
       1
       2
       1
       3
       2
       1
       3
       1
       1
       4
       2
       2
       5
       3
       1
       4
       3
       1
       1
       2
       0
       1
       5
       1
       1
       1
       3
       2
       0
       2
       1
       3
       1
       2
       3
       3
       3
       2
       1
       1
       2
       3
       2
       1
       5
       1
       5
       1
       2
       2
       4
       1
       1
       1
       1
       1
       3
       2
       1
       3
       1
       3
       0
       1
       0
       1
       2
       1
       2
       2
       1
       0
       0
       0
       2
       1
       1
       3
       3
       2
       1
       1
       0
       4
       4
       1
       1
       0
       0
       2
       1
       2
       0
       2
       4
       3
       2
       3
       6
       3
       1
       5
       2
       3
       0
       0
       3
       1
       1
       2
       1
       2
       1
       0
       1
       0
       2
       2
       3
       1
       1
       1
       1
       3
       1
       0
       1
       1
       4
       1
       2
       1
       2
       1
       1
       1
       0
       0
       3
       4
       1
       2
       0
       3
       2
       0
       2
       2
       0
       0
       3
       4
       1
       1
       2
       3
       2
       2
       1
       0
       1
       1
       0
       2
       3
       0
       1
       1
       0
       0
       1
       0
       1
       0
       3
       1
       3
       1
       2
       3
       0
       0
       3
       5
       1
       3
       8
       8
      20
      29
      27
      26
      14
      20
      13
       5
       3
       2
       1
       1
       2
       0
       0
       1
       2
       2
       2
       4
       3
       3
       0
       1
       0
       2
       3
       2
       1
       2
       0
       1
       1
       3
       1
       0
       1
       1
       1
       1
       0
       2
       3
       0
       1
       2
       1
       1
       2
       0
       1
       1
       3
       2
       1
       2
       1
       2
       1
       1
       1
       3
       0
       1
       1
       0
       0
       1
       2
       2
       0
       1
       0
       0
       0
       0
       0
       2
       0
       1
       1
       1
       2
       1
       1
       0
       1
       1
       1
       0
       1
       1
       1
       0
       0
       2
       1
       1
       3
       2
       1
       1
       3
       0
       1
       1
       1
       2
       2
       2
       2
       2
       1
       2
       1
       2
       2
       1
       0
       1
       1
       0
       0
       1
       3
       0
       2
       2
       0
       1
       2
       0
       1
       1
       1
       2
       2
       2
       1
       1
       2
       1
       1
       2
       0
       0
       1
       0
       2
       2
       0
       0
       5
       1
       1
       2
       0
       3
       0
       1
       1
       2
       3
       0
       0
       0
       2
       1
       0
       1
       0
       1
       1
       3
       0
       0
       1
       2
       0
       1
       1
       1
       2
       0
       1
       1
       1
       0
       1
       0
       3
       0
       0
       1
       0
       0
       1
       2
       1
       0
       1
       0
       2
       2
       0
       0
       3
       0
       1
       1
       0
       0
       0
       2
       1
       4
       2
       1
       0
       0
       0
       1
       1
       1
       1
       0
       2
       2
       1
       0
       1
       2
       1
       4
       4
       0
       0
       3
       1
       0
       1
       0
       0
       2
       1
       3
       1
       1
       1
       0
       3
       0
       1
       0
       1
       0
       2
       1
       1
       0
       0
       0
       3
       3
       0
       3
       3
       1
       0
       1
       0
       0
       1
       2
       1
       0
       0
       4
       0
       1
       1
       1
       1
       2
       0
       0
       3
       0
       0
       1
       0
       0
       1
       3
       1
       0
       1
       1
       1
       0
       0
       1
       1
       0
       0
       0
       0
       0
       1
       0
       0
       0
       0
       1
       4
       0
       0
       2
       1
       1
       3
       0
       1
       0
       0
       1
       3
       2
       2
       1
       2
       1
       1
       0
       2
       0
       0
       2
       1
       2
       1
       0
       0
       2
       3
       2
       2
       3
       2
       1
       0
       0
       2
       1
       2
       0
       1
       3
       2
       0
       2
       2
       6
       4
       3
       4
       2
       3
       3
       0
       2
       1
       0
       0
       3
       2
       1
       1
       3
       1
       1
       3
       0
       1
       2
       1
       0
       0
       1
       2
       0
       1
       1
       0
       0
       2
       2
       1
       3
       0
       1
       2
       0
       2
       3
       0
       0
       2
       5
       2
       2
       0
       1
       1
       0
       0
       1
       0
       1
       1
       2
       2
       1
       1
       2
       2
       0
       1
       0
       3
       2
       1
       2
       0
       1
       1
       1
       1
       3
       3
       3
       2
       1
       0
       4
       2
       1
       1
       2
       0
       0
       1
       0
       1
       3
       3
       0
       1
       0
       0
       3
       1
       3
       1
       1
       1
       2
       0
       0
       2
       1
       1
       1
       1
       0
       1
       2
       1
       1
       1
       1
       0
       0
       2
       2
       1
       2
       0
       1
       1
       1
       0
       1
       2
       1
       4
       1
       0
       3
       1
       1
       2
       0
       2
       1
       0
       3
       1
       2
       0
       2
       1
       1
       1
       0
       2
       1
       2
       1
       1
       2
       2
       3
       1
       1
       2
       0
       0
       2
       2
       0
       4
       0
       3
       0
       1
       2
       2
       0
       1
       3
       0
       0
       1
       0
       4
       1
       4
       3
       0
       0
       1
       0
       0
       0
       1
       0
       0
       0
       1
       1
       0
       1
       2
       0
       3
       2
       0
       0
       1
       1
       0
       2
       1
       1
       1
       1
       0
       0
       0
       0
       0
       0
       0
       0
       2
       2
       0
       1
       2
       1
       1
       1
       0
       0
       1
       1
       1
       2
       2
       1
       1
       0
       1
       1
       1
       0
       0
       1
       1
       2
       0
       0
       0
       3
       2
       1
       2
       0
       1
       2
       0
       0
       0
       0
       1
       0
       1
       0
       0
       2
       2
       1
       0
       1
       1
       3
       1
       1
       1
       1
       1
       2
       1
       1
       1
       0
       3
       1
       0
       1
       0
       2
       0
       0
       0
       1
       1
       1
       1
       1
       2
       1
       1
       1
       1
       0
       1
       0
       4
       1
       1
       1
       1
       0
       2
       0
       0
       0
       1
       1
       1
       1
       0
       0
       1
       0
       2
       0
       1
       0
       0
       1
       0
       1
       0
       0
       1
       0
       0
       1
       1
       0
       1
       0
       0
       2
       0
       2
       2
       3
       1
       0
       0
       1
       0
       0
       0
       1
       1
       1
       1
       0
       1
       1
       0
       0
       0
       0
       0
       2
       1
       0
       1
       1
       1
       1
       1
       1
       4
       1
       1
       2
       1
       0
       1
       0
       2
       1
       1
       1
       1
       3
       2
       1
       1
       1
       0
       1
       1
       2
       3
       1
       1
       0
       1
       0
       1
       1
       0
       3
       1
       0
       0
       0
       2
       0
       0
       0
       1
       0
       1
       1
       2
       2
       1
       0
       1
       0
       0
       0
       4
       0
       0
       0
       0
       2
       0
       2
       0
       0
       0
       0
       2
       0
       2
       0
       0
       0
       0
       1
       0
       1
       0
       2
       2
       0
       2
       1
       1
       2
       2
       0
       2
       1
       1
       0
       1
       0
       2
       2
       3
       4
       5
       4
       2
       3
       0
       0
       1
       0
       1
       1
       1
       0
       1
       0
       1
       1
       1
       4
       0
       1
       2
       1
       0
       2
       1
       2
       3
       1
       3
       1
       2
       1
       2
       0
       1
       1
       0
       0
       0
       0
       3
       2
       1
       1
       0
       0
       1
       1
       1
       1
       0
       0
       1
       1
       0
       0
       0
       0
       1
       2
       1
       0
       1
       0
       1
       1
       0
       0
       1
       1
       0
       3
       3
       0
       1
       1
       0
       0
       1
       0
       0
       2
       1
       0
       0
       1
       1
       1
       2
       2
       0
       1
       0
       1
       2
       3
       0
       0
       2
       0
       0
       1
       0
       3
       0
       0
       0
       1
       2
       1
       0
       2
       0
       4
       1
       2
       0
       2
       0
       2
       1
       3
       1
       0
       0
       0
       0
       2
       1
       0
       0
       0
       2
       2
       0
       1
       1
       1
       0
       1
       0
       3
       2
       0
       0
       0
       0
       0
       1
       0
       0
       1
       2
       1
       0
       1
       0
       2
       2
       1
       0
       0
       1
       0
       0
       0
       1
       1
       1
       2
       0
       3
       0
       0
       1
       2
       1
       3
       1
       0
       4
       0
       0
       0
       0
       0
       1
       1
       1
       1
       0
       0
       1
       1
       0
       1
       1
       0
       1
       1
       0
       2
       0
       0
       2
       1
       0
       0
       3
       1
       3
       2
       2
       0
       0
       0
       0
       0
       3
       0
       0
       2
       0
       1
       1
       0
       1
       0
       0
       1
       2
       2
       1
       0
       2
       2
       3
       0
       0
       0
       0
       2
       0
       0
       3
       2
       1
       1
       0
       1
       0
       0
       0
       1
       0
       0
       2
       3
       0
       0
       0
       0
       0
       1
       2
       1
       2
       0
       0
       1
       0
       1
       0
       1
       2
       1
       0
       0
       3
       0
       0
       0
       1
       0
       1
       0
       0
       0
       1
       0
       0
       2
       1
       1
       0
       1
       1
       0
       2
       1
       0
       0
       0
       1
       0
       2
       1
       1
       1
       1
       0
       0
       1
       0
       0
       0
       0
       0
       2
       1
       0
       0
       0
       1
       0
       2
       1
       0
       2
       1
       0
       0
       0
       2
       0
       0
       5
       2
       2
       1
       0
       0
       1
       0
       0
       0
       2
       0
       1
       1
       0
       1
       0
       1
       0
       1
       1
       2
       0
       1
       0
       1
       1
       0
       1
       1
       3
       2
       0
       0
       0
       0
       1
       2
       1
       0
       1
       1
       0
       2
       0
       1
       0
       0
       0
       0
       1
       2
       0
       0
       1
       2
       1
       1
       0
       0
       0
       0
       2
       0
       0
       1
       1
       0
       0
       0
       0
       1
       3
       1
       0
       0
       1
       0
       0
       1
       3
       0
       1
       3
       0
       0
       2
       1
       1
       1
       1
       0
       1
       0
       1
       0
       1
       0
       1
       0
       0
       1
       1
       0
       3
       1
       0
       3
       1
       1
       0
       1
       1
       0
       1
       2
       2
       2
       1
       1
       2
       1
       2
       1
       0
       0
       0
       1
       1
       0
       3
       0
       0
       0
       1
       1
       2
       0
       0
       1
       0
       0
       2
       1
       0
       1
       2
       2
       1
       1
       0
       0
       3
       0
       0
       1
       0
       2
       0
       0
       1
       1
       0
       1
       1
       0
       0
       0
       0
       0
       0
       1
       0
       0
       0
       0
       2
       0
       2
       0
       0
       0
       0
       0
       1
       0
       0
       0
       2
       2
       1
       1
       0
       0
       1
       1
       3
       3
       0
       1
       0
       1
       1
       1
       0
       0
       1
       0
       2
       0
       2
       0
       1
       0
       0
       0
       0
       0
       3
       1
       1
       0
       1
       1
       1
       0
       0
       0
       1
       1
       0
       0
       1
       0
       1
       2
       0
       0
       0
       0
       1
       1
       0
       3
       1
       1
       1
       0
       1
       1
       0
       1
       0
       1
       1
       0
       0
       1
       1
       1
       0
       1
       0
       0
       1
       0
       0
       1
       1
       2
       0
       2
       1
       2
       0
       0
       1
       2
       1
       1
       0
       0
       0
       1
       0
       1
       0
       0
       0
       1
       1
       2
       1
       1
       1
       0
       1
       2
       0
       0
       0
       1
       0
       0
       2
       0
       0
       0
       0
       0
       0
       0
       2
       1
       0
       1
       0
       0
       4
       1
       1
       1
       0
       1
       1
       0
       0
       0
       2
       0
       0
       1
       0
       2
       0
       0
       2
       0
       1
       1
       2
       0
       0
       1
       0
       0
       0
       0
       1
       1
       0
       1
       0
       2
       0
       0
       0
       0
       1
       0
       2
       2
       1
       1
       0
       0
       1
       0
       0
       2
       1
       1
       0
       0
       0
       0
       2
       2
       0
       0
       2
       0
       0
       2
       0
       2
       0
       1
       2
       2
       1
       1
       1
       0
       0
       1
       1
       0
       2
       1
       0
       0
       1
       4
       1
       1
       0
       0
       0
       0
       0
       0
       2
       1
       2
       0
       1
       0
       1
       0
       0
       1
       1
       1
       1
       1
       0
       1
       1
       2
       0
       1
       1
       0
       2
       1
       0
       0
       1
       1
       1
       0
       0
       0
       0
       0
       0
       1
       0
       0
       0
       1
       1
       2
       0
       0
       0
       0
       1
       0
       0
       0
       1
       0
       1
       3
       0
       2
       0
       0
       0
       0
       1
       0
       0
       0
       0
       2
       1
       0
       0
       1
       0
       0
       1
       1
       0
       0
       1
       0
       1
       0
       0
       1
       0
       0
       1
       1
       0
       0
       3
       0
       0
       0
       1
       1
       0
       1
       0
       0
       0
       0
       0
       0
       2
       1
       1
       0
       0
       0
       2
       0
       0
       0
       0
       1
       1
       3
       0
       0
       1
       0
       2
       1
       0
       0
       1
       0
       1
       0
       0
       1
       0
       0
       0
       0
       0
       1
       0
       0
       0
       1
       2
       0
       0
       1
       0
       1
       0
       1
       0
       0
       1
       0
       0
       2
       0
       2
       0
       2
       0
       1
       0
       0
       0
       1
       0
       0
       0
       2
       1
       2
       1
       1
       2
       2
       1
       3
       2
       2
       2
       2
       1
       3
       4
       1
       0
       0
       0
       1
       2
       0
       1
       2
       1
       1
       1
       1
       1
       1
       0
       1
       1
       0
       1
       2
       2
       0
       0
       1
       1
       0
       0
       0
       0
       0
       0
       2
       2
       2
       1
       0
       2
       1
       2
       0
       3
       0
       0
       2
       2
       0
       1
       0
       0
       1
       0
       0
       0
       1
       1
       0
       0
       1
       0
       1
       2
       1
       1
       0
       1
       2
       1
       2
       0
       0
       1
       2
       2
       1
       0
       1
       0
       0
       0
       1
       0
       1
       0
       0
       1
       0
       1
       1
       0
       0
       0
       0
       0
       0
       1
       0
       0
       0
       0
       1
       0
       0
       0
       1
       0
       0
       0
       0
       1
       1
       1
       0
       0
       0
       0
       0
       0
       0
       1
       1
       1
       1
       0
       0
       2
       0
       0
       3
       1
       1
       0
       2
       0
       0
       1
       0
       1
       0
       0
       0
       1
       0
       1
       0
       0
       1
       1
       0
       0
       1
       0
       0
       1
       2
       0
       5
       1
       0
       0
       1
       1
       1
       0
       0
       2
       0
       0
       1
       2
       0
       1
       0
       1
       1
       0
       1
       2
       1
       0
       0
       0
       2
       1
       0
       0
       1
       0
       0
       0
       1
       0
       0
       2
       1
       0
       0
       1
       1
       0
       0
       1
       1
       0
       4
       0
       2
       1
       2
       0
       1
       0
       2
       1
       1
       1
       1
       1
       0
       0
       3
       0
       2
       2
       1
       0
       0
       0
       1
       1
       0
       0
       1
       0
       0
       0
       0
       0
       0
       0
       1
       0
       0
       1
       0
       1
       0
       1
       0
       2
       0
       1
       0
       0
       0
       0
       0
       0
       1
       0
       0
       0
       2
       3
       1
       0
       0
       2
       1
       2
       1
       1
       0
       1
       0
       1
       0
       0
       0
       0
       1
       0
       0
       0
       2
       1
       0
       1
       0
       1
       1
       0
       0
       1
       1
       1
       1
       1
       1
       0
       0
       0
       0
       0
       0
       1
       3
       2
       0
       0
       1
       1
       1
       0
       0
       0
       0
       1
       0
       1
       0
       1
       1
       0
       1
       0
       0
       0
       1
       2
       0
       1
       0
       0
       0
       0
       1
       0
       1
       0
       1
       1
       1
       1
       1
       1
       4
       1
       0
       0
       0
       1
       1
       0
       2
       1
       1
       0
       0
       1
       2
       0
       0
       2
       0
       1
       0
       1
       0
       2
       0
       2
       1
       1
       0
       0
       0
       0
       0
       0
       1
       0
       0
       2
       0
       1
       1
       0
       0
       1
       1
       0
       0
       1
       0
       1
       0
       0
       0
       3
       0
       1
       0
       0
       1
       0
       2
       0
       1
       0
       0
       0
       1
       0
       1
       1
       1
       0
       0
       2
       0
       1
       1
       1
       1
       0
       1
       0
       0
       2
       1
       1
       0
       1
       0
       0
       0
       1
       0
       0
       0
       0
       1
       1
       1
       1
       0
       2
       0
       0
       0
       0
       1
       1
       0
       1
       0
       1
       0
       1
       1
       0
       1
       1
       1
       1
       3
       0
       1
       1
       0
       1
       2
       2
       1
       2
       0
       0
       1
       2
       0
       1
       1
       0
       0
       0
       1
       1
       2
       2
       1
       0
       0
       0
       4
       2
       1
       1
       0
       0
       0
       2
       0
       0
       2
       0
       1
       0
       0
       0
       0
       1
       0
       0
       0
       1
       0
       1
       1
       0
       2
       0
       1
       0
       0
       0
       0
       0
       0
       0
       0
       1
       0
       0
       0
       1
       0
       0
       0
       1
       0
       0
       1
       0
       0
       0
       1
       2
       0
       1
       1
       2
       0
       0
       1
       1
       2
       0
       1
       1
       0
       0
       1
       1
       2
       2
       2
       0
       1
       0
       0
       1
       0
       0
       0
       0
       1
       1
       0
       1
       0
       1
       0
       1
       1
       1
       1
       0
       0
       0
       0
       2
       1
       0
       0
       0
       0
       1
       0
       1
       1
       1
       1
       0
       2
       0
       0
       0
       0
       0
       1
       0
       1
       1
       0
       1
       1
       0
       0
       0
       0
       0
       1
       0
       0
       1
       0
       1
       1
       1
       0
       0
       1
       1
       0
       0
       1
       2
       2
       1
       0
       0
       1
       1
       2
       1
       0
       0
       0
       1
       0
       0
       0
       2
       0
       1
       2
       0
       1
       0
       0
       0
       2
       1
       0
       0
       2
       2
       0
       0
       1
       1
       3
       1
       0
       0
       1
       2
       0
       0
       1
       0
       1
       2
       1
       2
       1
       0
       0
       0
       0
       0
       1
       0
       1
       0
       1
       0
       0
       0
       0
       0
       0
       0
       1
       0
       2
       2
       1
       0
       0
       0
       2
       1
       0
       0
       0
       0
       0
       1
       0
       1
       0
       2
       0
       1
       1
       2
       3
       0
       0
       0
       1
       1
       0
       1
       0
       0
       2
       1
       1
       0
       0
       1
       0
       1
       0
       1
       2
       0
       0
       0
       1
       0
       0
       1
       0
       0
       1
       0
       2
       0
       2
       1
       1
       0
       0
       1
       0
       1
       2
       0
       1
       1
       1
       0
       0
       0
       0
       0
       0
       1
       1
       3
       1
       0
       0
       1
       0
       0
       1
       0
       0
       1
       1
       0
       0
       1
       1
       0
       0
       0
       0
       0
       0
       1
       1
       1
       1
       0
       1
       1
       1
       1
       0
       0
       2
       0
       0
       0
       0
       0
       0
       0
       1
       0
       0
       0
       0
       0
       0
       0
       1
       0
       1
       0
       1
       1
       1
       1
       1
       0
       0
       1
       0
       1
       0
       0
       0
       1
       0
       0
       0
       0
       1
       0
       0
       0
       0
       1
       0
       0
       0
       0
       0
       0
       1
       2
       0
       0
       1
       1
       1
       0
       1
       1
       0
       0
       1
       2
       1
       0
       1
       0
       0
       1
       0
       2
       1
       0
       0
       0
       0
       0
       0
       0
       1
       2
       2
       1
       0
       1
       0
       0
       0
       0
       1
       1
       1
       1
       1
       0
       0
       1
       0
       0
       0
       0
       1
       2
       0
       1
       0
       1
       0
       0
       1
       2
       1
       0
       0
       1
       0
       0
       2
       0
       1
       0
       0
       0
       0
       0
       0
       0
       0
       0
       2
       0
       0
       0
       0
       0
       1
       1
       0
       1
       0
       0
       1
       0
       1
       0
       0
       0
       0
       1
       1
       1
       0
       0
       1
       1
       0
       0
       0
       0
       1
       0
       0
       2
       0
       2
       1
       1
       1
       0
       0
       0
       0
       0
       0
       1
       0
       0
       1
       1
       1
       0
       0
       0
       1
       0
       0
       0
       0
       1
       0
       0
       0
       0
       0
       1
       0
       1
       1
       0
       0
       0
       0
       0
       0
       1
       0
       0
       0
       0
       2
       0
       1
       0
       2
       0
       0
       0
       1
       0
       1
       0
       0
       0
       0
       0
       0
       0
       0
       0
       0
       0
       0
       0
       0
       1
       0
       2
       0
       0
       1
       0
       0
       1
       0
       0
       0
       2
       1
       0
       0
       0
       0
       1
       1
       0
       0
       2
       0
       1
       1
       0
       0
       0
       0
       0
       0
       0
       0
       0
       0
       1
       0
       0
       0
       0
       0
       0
       0
       0
       0
       0
       0
       1
       0
       0
       1
       1
       1
       0
       0
       0
       0
       1
       1
       0
       0
       0
       0
       0
       0
       0
       0
       0
       0
       1
       0
       0
       1
       0
       1
       0
       0
       0
       0
       0
       0
       2
       1
       0
       0
       0
       0
       0
       0
       0
       0
       2
       0
       1
       0
       0
       0
       0
       0
       0
       2
       0
       1
       1
       0
       0
       0
       1
       0
       1
       1
       0
       0
       0
       0
       0
       0
       0
       0
       0
       0
       1
       0
       0
       0
       0
       0
       3
       0
       0
       0
       0
       0
       1
       0
       0
       0
       0
       1
       1
       0
       1
       0
       0
       0
       0
       0
       0
       0
       0
       0
       1
       1
       0
       0
       0
       0
       0
       1
       0
       0
       0
       0
       1
       0
       0
       0
       0
       0
       1
       0
       0
       0
       0
       0
       0
       1
       0
       0
       0
       1
       0
       0
       0
       0
       1
       0
       0
       1
       0
       0
       0
       0
       0
       0
       0
       1
       0
       0
       0
       1
       0
       0
       1
       0
       0
       0
       1
       0
       0
       0
       0
       0
       0
       1
       0
       0
       1
       1
       0
       0
       0
       0
       1
       0
       0
       0
       0
       0
       0
       0
       1
       0
       0
       0
       0
       0
       0
       0
       0
       2
       0
       0
       0
       1
       0
       0
       1
       0
       0
       0
       0
       0
       0
       1
       0
       0
       0
       0
       1
       0
       0
       0
       0
       0
       0
       1
       0
       0
       0
       0
       0
       0
       0
       0
       0
       0
       0
       0
       0
       0
       0
       1
       0
       0
       1
       1
       1
       0
       0
       1
       1
       0
       0
       0
       0
       0
       1
       1
       0
       0
       0
       0
       0
       0
       0
       0
       0
       1
       0
       0
       1
       0
       0
       0
       0
       0
       0
       0
       1
       0
       0
       3
       0
       0
       0
       0
       0
       0
       0
       2
       1
       9
       9
      12
       9
      13
      14
      12
      14
      11
       4
       3
       2
       1
       0
       0
       0
       0
       0
       0
       0
       0
       0
       0
       0
       0
       0
       1
       0
       0
       0
       0
       1
       0
       1
       0
       0
       0
       1
       0
       0
       0
       0
       1
       0
       0
       0
       0
       0
       0
       1
       1
       0
       0
       0
       0
       0
       1
       0
       0
       0
       0
       0
       0
       0
       0
       0
       0
       0
       1
       0
       0
       0
       0
       0
       0
       0
       0
       1
       0
       0
       0
       0
       0
       0
       0
       0
       0
       0
       0
       0
       0
       0
       0
       1
       1
       0
       0
       0
       0
       0
       0
       0
       1
       0
       0
       1
       0
       0
       0
       0
       0
       1
       0
       0
       0
       0
       0
       1
       0
       0
       0
       0
       0
       0
       1
       0
       1
       0
       0
       0
       0
       0
       0
       0
       0
       1
       0
       0
       0
       0
       1
       0
       0
       0
       1
       0
       0
       0
       0
       0
       0
       0
       1
       1
       0
       0
       0
       0
       0
       0
       0
       0
       0
       0
       0
       1
       0
       1
       0
       0
       0
       0
       0
       0
       0
       0
       0
       0
       0
       0
       0
       0
       0
       0
       0
       0
       1
       0
       0
       0
       0
       0
       0
       0
       1
       0
       0
       0
       0
       0
       1
       0
       2
       0
       0
       0
       0
       0
       0
       1
       1
       0
       0
       0
       0
       0
       1
       0
       0
       0
       0
       0
       0
       1
       0
       0
       0
       0
       0
       0
       0
       0
       0
       0
       0
       0
       0
       0
       1
       1
       0
       0
       0
       0
       0
       1
       0
       0
       0
       0
       1
       0
       0
       0
       0
       0
       0
       0
       1
       0
       0
       0
       0
       0
       0
       0
       0
       0
       0
       0
       0
       0
       0
       0
       0
       0
       0
       0
       0
       0
       0
       0
       2
       0
       0
       1
       1
       0
       0
       0
       0
       0
       1
       0
       0
       0
       0
       0
       0
       0
       0
       0
       0
       0
       0
       1
       0
       0
       0
       0
       0
       0
       0
       1
       0
       0
       1
       1
       0
       0
       0
       0
       0
       0
       0
       0
       0
       0
       0
       0
       0
       0
       0
       0
       1
       1
       0
       0
       0
       0
       0
       0
       0
       0
       0
       0
       0
       0
       0
       0
       0
       0
       0
       0
       0
       0
       0
       0
       0
       0
       0
       0
       0
       0
       0
       1
       0
       0
       0
       0
       0
       0
       0
       0
       0
       1
       0
       0
       0
       1
       0
       0
       0
       0
       0
       0
       1
       0
       0
       0
       0
       0
       0
       0
       0
       1
       0
       0
       0
       0
       0
       0
       1
       0
       1
       0
       0
       0
       0
       0
       0
       0
       0
       0
       0
       0
       0
       0
       0
       1
       0
       0
       0
       0
       0
       0
       0
       0
       0
       0
       0
       0
       0
       0
       0
       0
       0
       0
       0
       0
       0
       1
       0
       1
       0
       0
       0
       1
       0
       0
       0
       0
       0
       0
       0
       0
       0
       0
       0
       0
       1
       0
       0
       0
       1
       0
       0
       0
       1
       0
       0
       1
       0
       0
       0
       0
       0
       0
       0
       0
       2
       0
       0
       0
       0
       0
       0
       0
       1
       0
       0
       1
       1
       0
       0
       0
       0
       0
       0
       0
       0
       0
       0
       0
       0
       0
       0
       0
       0
       0
       0
       0
       1
       1
       1
       0
       0
       1
       0
       0
       0
       0
       2
       0
       0
       1
       0
       0
       0
       0
       0
       0
       0
       0
       0
       0
       0
       0
       0
       0
       0
       0
       0
       0
       1
       0
       0
       1
       0
       0
       1
       0
       0
       0
       0
       0
       1
       0
       0
       0
       0
       0
       0
       0
       0
       0
       0
       0
       0
       0
       0
       0
       0
       0
       0
       0
       1
       0
       0
       0
       0
       0
       0
       2
       0
       0
       0
       0
       0
       0
       0
       0
       0
       0
       1
       0
       0
       0
       1
       0
       0
       1
       0
       0
       0
       0
       0
       0
       0
       0
       0
       0
       0
       1
       0
       0
       0
       0
       0
       0
       0
       0
       0
       0
       0
       1
       0
       0
       0
       0
       0
       0
       0
       0
       0
       0
       0
       0
       0
       0
       0
       0
       0
       0
       0
       0
       0
       0
       0
       0
       0
       0
       0
       0
       0
       0
       0
       1
       0
       0
       0
       0
       0
       0
       0
       0
       0
       1
       0
       0
       0
       0
       0
       1
       0
       0
       0
       0
       0
       0
       0
       0
       0
       0
       0
       0
       0
       0
       0
       0
       0
       1
       0
       0
       0
       0
       0
       0
       0
       0
       0
       0
       1
       0
       1
       0
       1
       1
       0
       0
       0
       0
       0
       0
       0
       0
       0
       1
       0
       0
       0
       0
       0
       0
       0
       0
       0
       0
       0
       1
       0
       0
       0
       0
       0
       0
       0
       0
       0
       0
       0
       1
       0
       1
       0
       0
       0
       0
       0
       0
       0
       0
       1
       0
       0
       0
       1
       0
       1
       1
       1
       0
       0
       0
       0
       0
       0
       0
       0
       0
       0
       0
       1
       0
       0
       0
       0
       0
       0
       0
       0
       0
       0
       0
       0
       0
       0
       0
       1
       0
       0
       0
       1
       0
       0
       0
       1
       0
       0
       1
       0
       0
       1
       0
       0
       0
       0
       0
       0
       0
       0
       0
       0
       0
       0
       0
       0
       0
       1
       0
       0
       0
       0
       0
       1
       0
       0
       0
       0
       0
       0
       0
       0
       0
       0
       0
       0
       0
       0
       0
       0
       0
       0
       0
       0
       0
       0
       1
       0
       1
       0
       1
       1
       2
       0
       0
       0
       0
       0
       0
       0
       0
       0
       0
       0
       0
       0
       1
       0
       0
       1
       0
       0
       0
       0
       0
       0
       0
       0
       1
       0
       0
       0
       0
       0
       0
       0
       0
       0
       0
       0
       0
       0
       0
       0
       0
       0
       0
       0
       0
       0
       2
       0
       1
       0
       1
       0
       0
       0
       0
       0
       0
       0
       0
       0
       1
       0
       0
       0
       0
       0
       0
       0
       0
       0
       0
       0
       0
       0
       0
       1
       0
       0
       0
       0
       1
       0
       0
       0
       0
       1
       0
       0
       0
       0
       0
       0
       0
       0
       0
       0
       0
       0
       0
       1
       0
       0
       0
       0
       0
       0
       0
       0
       0
       0
       2
       0
       0
       0
       0
       1
       1
       0
       0
       0
       0
       0
       0
       0
       0
       0
       0
       1
       1
       0
       0
       0
       0
       0
       0
       0
       0
       0
       0
       0
       0
       0
       0
       0
       0
       0
       0
       0
       0
       1
       0
       1
       0
       0
       0
       0
       1
       0
       0
       0
       0
       0
       0
       0
       0
       0
       0
       0
       1
       1
       1
       0
       0
       0
       0
       0
       0
       0
       0
       0
       0
       0
       0
       0
       0
       0
       0
       0
       1
       0
       0
       0
       0
       0
       0
       0
       0
       1
       0
       0
       0
$ENER_FIT:
0.222200 0.365900
$PRESETS:
Live Time (sec)
535
0
$RT:
900.000000
$DT:
364679
$ISO_DECL_PU:
SMPLNAM: IDB-585
SEPDATE: 01/01/1900 00:00:00
PU238: 0.0472 
DPU238: 0.4237
PU239: 84.5799 
DPU239: 0.0006
PU240: 14.1443 
DPU240: 0.0148
PU241: 0.9953 
DPU241: 0.1808
PU242: 0.2333 
DPU242: 1.5859
AM241: 0.6282 
DAM241: 1.1939
DATE: 01/01/1900 00:00:00
PU240EFF: 14.6552
DPU240EFF: 0.0450
$ADC:
8192
0
8191