$APPLICATION_ID:
IDB v.1.0
$SPEC_REM:
Material type: Pu
Material form: Pellet
Material compound: PuO2
Pu isotopics:
238Pu 0.1158
239Pu 76.8312
240Pu 21.452
241Pu 0.8897
242Pu 0.7114
241Am 2.8854
Detector: HPGe (Geometry: Planar, Size: Approx 9% RE Detective)
MCA: Integrated MCA
$DATE_MEA:
09/07/2005 23:40:00
$MEAS_TIM:
412 900
$DATA:
0 8191
       0
       0
       0
       0
       0
       0
       0
       0
       0
       0
       0
       0
       0
       0
       1
       0
       0
       0
       0
       0
       2
       0
       1
       0
       2
       2
       2
       1
       4
       4
       2
       4
      10
      15
      26
      35
      91
     166
     343
     750
    7219
   15187
   16172
   15773
   15636
   15709
   15285
   15043
   15089
   15083
   14815
   14519
   14304
   14468
   14301
   14059
   14097
   13845
   13896
   13648
   13587
   13527
   13670
   13391
   13179
   13088
   12928
   12823
   12825
   12884
   12535
   12485
   12254
   11976
   11877
   11864
   11677
   11528
   11069
   11301
   11012
   10702
   10599
   10582
   10234
   10119
   10120
    9860
    9748
    9533
    9486
    9441
    9169
    9000
    8786
    8799
    8804
    8573
    8504
    8404
    8355
    8178
    8206
    8253
    7950
    7771
    7767
    7710
    7676
    7488
    7814
    7536
    7556
    7342
    7083
    7175
    7272
    7189
    7295
    7115
    7225
    7161
    7109
    7055
    7059
    6988
    7135
    7027
    6858
    6892
    7066
    6975
    6915
    7050
    7090
    6924
    6951
    6999
    6958
    6976
    7090
    7281
    7184
    7341
    7112
    7400
    7412
    7358
    7459
    7584
    8055
    8051
    8101
    8269
    8644
    9301
    9768
   10894
   12238
   16182
   26998
   46414
   61422
   57112
   35806
   17515
    9062
    6765
    6187
    6147
    6005
    6252
    5982
    6153
    6100
    6016
    6098
    6168
    6190
    6377
    6601
    7153
    8171
    8320
    7894
    7481
    7565
    8136
    8343
    7625
    6932
    6360
    6264
    6177
    6103
    6047
    6234
    6307
    6375
    6396
    6323
    6294
    6489
    6706
    6572
    6847
    6753
    6805
    6794
    6992
    7287
    7676
    7918
    7880
    7893
    7550
    7515
    7560
    7826
    7803
    7901
    7896
    7751
    8043
    8222
    8244
    8562
    8445
    8505
    8869
    9224
    9055
    9541
    9717
    9806
   10327
   10436
   10449
   10761
   10951
   11180
   11406
   11811
   11881
   12384
   12673
   13052
   13605
   13861
   13955
   14509
   14660
   15556
   15990
   16800
   18781
   22793
   29533
   34141
   31983
   27435
   23930
   25302
   31333
   39734
   45411
   51023
   70098
  110015
  151984
  163532
  132547
   87927
   59557
   54806
   61891
   63029
   54860
   56880
   89939
  143546
  172506
  156365
  118799
   84033
   53594
   30145
   16330
   10977
    9852
    9757
    9792
    9465
    9078
    8920
    9087
    9371
   10047
   11313
   14008
   18921
   25174
   30724
   33949
   31872
   25219
   18846
   17540
   21798
   28373
   36541
   43674
   45867
   39480
   30579
   26175
   26158
   28484
   31798
   35894
   37390
   32488
   24370
   17164
   12744
   10522
   10252
   11844
   14625
   15704
   14860
   12597
   10584
    9968
   11328
   13244
   13220
   11528
   10175
   12882
   21814
   32595
   36057
   28559
   16824
    9489
    6748
    5974
    6152
    7386
   10981
   19234
   27994
   30680
   23640
   13962
    7918
    5732
    5174
    5156
    5189
    5281
    5089
    5170
    5181
    5280
    5139
    5064
    5039
    5061
    5172
    5041
    5078
    5256
    5136
    5154
    5196
    5278
    5341
    5170
    5260
    5337
    5303
    5369
    5600
    5437
    5592
    5702
    5611
    5642
    5772
    6251
    6909
    7351
    7267
    6841
    6823
    7419
    9714
   12142
   13076
   11512
   10932
   14232
   22965
   30334
   29012
   20022
   12192
    8034
    6626
    5968
    5537
    5548
    5879
    6709
    7812
    8088
    7219
    6279
    5457
    5370
    5258
    5217
    5296
    5295
    5376
    5298
    5436
    5372
    5326
    5527
    5679
    5652
    6152
    7121
    8970
   10190
    9783
    8747
    7717
    6935
    6393
    5945
    5678
    5824
    6681
    8776
   12546
   15081
   13819
   10579
    7721
    6395
    5688
    5563
    5404
    5329
    5437
    5470
    6027
    7150
    8490
    8882
    7904
    6960
    6336
    6384
    6312
    5946
    5578
    5303
    5188
    5262
    5225
    5283
    5292
    5524
    5595
    5412
    5388
    5167
    5176
    5120
    5210
    5201
    5187
    5412
    5623
    5820
    5728
    5493
    5207
    5159
    5193
    5113
    5027
    5291
    5173
    5072
    5202
    5155
    5278
    5246
    5143
    5130
    5045
    5080
    5105
    5052
    5154
    5156
    5176
    5276
    5436
    5458
    5850
    5947
    5997
    5598
    5317
    5242
    5387
    5418
    5664
    5507
    5345
    5056
    5135
    4901
    5051
    5165
    5480
    6112
    6587
    6511
    5849
    5667
    5562
    5541
    5407
    5339
    5196
    5202
    5247
    5196
    5344
    5375
    5461
    5416
    5646
    5692
    6026
    7094
    9371
   12126
   13488
   11826
    9310
    7147
    6317
    6293
    6600
    7896
   13301
   31164
   74640
  134522
  169880
  147345
   86661
   37158
   12626
    5347
    3708
    3416
    3328
    3281
    3222
    3182
    3224
    3331
    3206
    3084
    3238
    3022
    2993
    2974
    3004
    3004
    3041
    2926
    2921
    3013
    2889
    2836
    2887
    2853
    2747
    2890
    2753
    2842
    3023
    3291
    3695
    4118
    3981
    3416
    2886
    2664
    2631
    2564
    2598
    2595
    2639
    2719
    2655
    2644
    2588
    2407
    2375
    2441
    2423
    2467
    2466
    2372
    2381
    2321
    2337
    2302
    2269
    2241
    2207
    2322
    2291
    2337
    2380
    2426
    2356
    2410
    2312
    2272
    2222
    2108
    2156
    2043
    2102
    2140
    2225
    2356
    2516
    2578
    2581
    2390
    2243
    2120
    2100
    2131
    2045
    2131
    2133
    2106
    2207
    2251
    2332
    2366
    2284
    2156
    2162
    2066
    2008
    1979
    1919
    2004
    2023
    2045
    2013
    2021
    2007
    1965
    1974
    2016
    1903
    1965
    1905
    1915
    1946
    1914
    1839
    1919
    1860
    1865
    1853
    1787
    1914
    2089
    2515
    2842
    2977
    2708
    2241
    1878
    1763
    1750
    1656
    1765
    1672
    1664
    1702
    1634
    1624
    1564
    1685
    1646
    1648
    1702
    1677
    1675
    1700
    1714
    1917
    2051
    2067
    2108
    2036
    1881
    1884
    2093
    2781
    4459
    6648
    7723
    6712
    4508
    2665
    1844
    1504
    1477
    1413
    1384
    1427
    1495
    1540
    1517
    1513
    1411
    1436
    1399
    1410
    1358
    1404
    1457
    1510
    1563
    1545
    1571
    1435
    1410
    1405
    1384
    1440
    1391
    1342
    1312
    1346
    1305
    1354
    1308
    1336
    1352
    1343
    1389
    1342
    1271
    1288
    1328
    1280
    1358
    1213
    1205
    1347
    1312
    1310
    1292
    1314
    1254
    1285
    1251
    1212
    1361
    1237
    1283
    1268
    1237
    1254
    1363
    1314
    1410
    1559
    1641
    1723
    1645
    1394
    1304
    1271
    1190
    1200
    1262
    1276
    1220
    1452
    1624
    1862
    1981
    1773
    1549
    1466
    1560
    1875
    2324
    2532
    2286
    1856
    1502
    1326
    1287
    1294
    1338
    1377
    1289
    1327
    1273
    1356
    1295
    1268
    1311
    1364
    1395
    1449
    1526
    1361
    1436
    1415
    1349
    1341
    1309
    1370
    1438
    1773
    2754
    4731
    7294
    9127
    8373
    5806
    3377
    1760
    1212
    1125
    1129
    1136
    1089
    1128
    1197
    1257
    1291
    1219
    1212
    1106
    1171
    1157
    1199
    1137
    1284
    1398
    1570
    1960
    2097
    2467
    3265
    4534
    5688
    5272
    4164
    2916
    2257
    1789
    1459
    1251
    1130
    1135
    1065
    1105
    1054
    1139
    1106
    1094
    1134
    1113
    1223
    1169
    1235
    1279
    1370
    1917
    3662
    7465
   13246
   18530
   19107
   15205
    9174
    4851
    3950
    6330
   11264
   15617
   16437
   12680
    7497
    3673
    1912
    1228
    1058
     952
     953
     955
     965
    1168
    1494
    1808
    1997
    2071
    1918
    1674
    1320
    1064
     929
     986
    1611
    3068
    5323
    7790
    8333
    6301
    3791
    1923
     995
     795
     729
     700
     696
     721
     662
     668
     668
     730
     729
     772
     759
     735
     719
     718
     752
     665
     685
     677
     700
     712
     700
     685
     694
     681
     709
     687
     721
     667
     692
     728
     797
     742
     720
     692
     674
     732
     676
     763
     788
     844
     852
     836
     763
     765
     693
     700
     767
     747
     732
     809
     941
    1041
    1450
    1843
    2362
    3169
    4657
    6970
    8157
    7153
    4901
    2866
    2076
    2359
    2877
    2906
    2269
    1521
    1155
    1018
    1056
    1421
    2942
    6567
   13243
   19440
   20905
   17000
   10919
    7134
    5206
    3866
    2500
    1510
     872
     776
    1056
    1776
    2900
    4163
    4408
    3517
    2251
    1563
    1720
    2548
    3791
    4100
    3498
    2504
    1777
    1203
     779
     527
     509
     445
     471
     477
     471
     498
     477
     503
     496
     483
     509
     535
     594
     613
     648
     766
    1007
    1761
    3225
    5101
    6477
    6489
    5111
    3208
    1584
     827
     530
     464
     434
     409
     436
     449
     440
     493
     611
     644
     657
     680
     606
     542
     498
     473
     466
     434
     421
     450
     407
     404
     399
     450
     445
     454
     427
     433
     442
     457
     440
     503
     459
     460
     471
     464
     480
     475
     517
     506
     501
     551
     584
     666
     663
     720
     879
    1517
    3645
    7920
   13674
   17983
   17051
   11902
    6411
    2870
    1401
     992
     787
     611
     502
     425
     369
     427
     614
     858
     972
    1051
     792
     653
     477
     425
     541
     810
    1273
    1679
    1701
    1445
     921
     563
     387
     361
     370
     528
     736
     987
    1160
    1073
     795
     599
     425
     361
     366
     371
     418
     389
     407
     421
     401
     363
     352
     351
     327
     343
     352
     361
     329
     378
     369
     349
     370
     360
     342
     355
     308
     355
     318
     331
     343
     321
     350
     306
     330
     320
     323
     335
     312
     299
     327
     362
     388
     376
     367
     376
     328
     314
     328
     376
     406
     452
     405
     400
     350
     342
     314
     342
     351
     316
     299
     344
     396
     655
    1145
    1828
    2278
    2317
    1874
    1178
     743
     461
     367
     416
     443
     512
     440
     389
     349
     330
     309
     323
     291
     330
     323
     324
     329
     346
     357
     330
     358
     329
     332
     328
     317
     315
     303
     284
     309
     326
     307
     300
     284
     322
     289
     324
     341
     292
     311
     332
     335
     378
     371
     351
     345
     333
     334
     326
     311
     312
     300
     287
     313
     293
     330
     305
     341
     313
     341
     298
     335
     301
     296
     296
     318
     266
     325
     304
     307
     323
     335
     268
     278
     262
     269
     240
     261
     308
     290
     290
     292
     245
     271
     234
     238
     243
     216
     205
     256
     253
     275
     222
     286
     264
     266
     268
     235
     271
     225
     224
     219
     229
     211
     227
     218
     232
     234
     248
     239
     226
     240
     248
     248
     224
     250
     250
     220
     228
     286
     208
     196
     237
     211
     227
     205
     195
     216
     190
     214
     239
     201
     191
     206
     210
     212
     185
     208
     198
     211
     224
     208
     185
     228
     202
     236
     216
     226
     205
     232
     226
     225
     235
     263
     321
     298
     365
     442
     430
     516
     497
     538
     465
     421
     362
     344
     340
     292
     334
     286
     257
     209
     201
     216
     199
     244
     214
     212
     211
     190
     226
     212
     180
     212
     228
     204
     208
     202
     233
     209
     210
     193
     189
     212
     201
     193
     187
     205
     158
     196
     187
     181
     189
     189
     184
     176
     173
     179
     179
     194
     210
     170
     180
     169
     175
     178
     147
     179
     157
     170
     175
     172
     184
     172
     142
     160
     151
     167
     178
     162
     137
     150
     165
     155
     155
     171
     169
     149
     181
     179
     162
     169
     158
     155
     141
     154
     146
     148
     152
     163
     155
     133
     126
     127
     123
     145
     130
     116
     129
     138
     123
     116
     124
     135
     115
     138
     129
     119
     113
     116
     127
     125
     143
     117
     153
     125
     110
     114
     125
     105
     114
     116
     102
     122
     104
     110
     106
     110
     113
     117
     115
     117
      93
      95
     107
      94
     104
     118
     104
      92
     122
      93
      93
     100
     101
      96
      87
     124
     107
      96
      95
     117
     105
     102
      99
     115
      97
      85
     104
      92
      96
      98
     105
     102
     101
     114
     109
      86
     130
     108
     107
     121
     126
     119
     126
     108
      92
      99
     111
     116
      93
     102
     119
      99
     101
      89
      93
      80
      86
      96
     109
      85
     119
     141
     192
     287
     348
     368
     321
     262
     171
     134
     101
      91
      92
     109
      99
     106
     109
     109
     102
      74
     101
      97
     115
     124
     115
     128
     124
     103
      96
      70
      76
      79
      92
      75
      74
      83
      72
      87
      81
     101
      89
     111
     161
     192
     194
     215
     163
     137
      92
     105
     108
      85
      82
      73
      86
      99
      74
      73
      84
      81
      73
      78
      88
      65
      64
      74
      64
      80
      79
      63
      71
      66
      72
      85
      76
      94
     103
      84
      76
      98
      90
      65
      87
      74
      95
      74
      82
      66
      88
      78
      77
      75
      88
      81
      65
      86
      91
     101
     133
     192
     383
     598
     944
    1051
    1016
     696
     388
     217
     124
      99
     102
      76
      86
      58
      73
      57
      79
      59
      67
      58
      49
      56
      62
      68
      50
      64
      65
      74
      73
      67
      68
      65
      57
      65
      62
      60
      60
      53
      61
      84
      95
      91
      98
      89
      89
      65
      59
      69
      70
      56
      55
      66
      61
      68
      88
      86
      80
      68
      81
     112
     141
     142
     169
     164
     193
     215
     218
     176
     180
     144
     115
      85
      76
      83
     110
     143
     149
     173
     138
      97
      87
      66
      68
      67
      65
      61
      77
      72
      79
      86
      82
     117
     178
     304
     437
     603
     660
     565
     388
     231
     147
      91
      90
     101
      81
      81
      72
      80
      85
      98
     130
     159
     169
     148
     200
     137
     222
     413
     972
    2048
    3713
    5199
    5630
    4595
    2889
    1427
     557
     222
     109
      74
      79
      59
      55
      45
      42
      43
      58
      56
      48
      39
      44
      43
      40
      57
      36
      47
      44
      37
      33
      49
      37
      36
      34
      36
      48
      34
      40
      42
      37
      39
      47
      32
      43
      32
      35
      41
      39
      51
      74
      72
      93
      70
      74
      47
      32
      42
      35
      35
      32
      39
      39
      33
      46
      36
      38
      40
      44
      57
      64
      83
     115
     239
     354
     507
     515
     388
     269
     163
      86
      61
      36
      39
      32
      46
      50
      70
      80
      81
      84
      59
      56
      44
      61
      79
     103
      88
      88
      75
      47
      41
      24
      34
      35
      19
      34
      31
      43
      44
      53
      40
      30
      40
      45
      54
      57
      66
      48
      35
      40
      27
      43
      34
      37
      29
      30
      41
      48
      67
      84
     124
     111
     115
      89
      62
      48
      46
      24
      35
      30
      43
      32
      38
      31
      41
      37
      45
      46
      51
      56
      40
      42
      68
      73
      58
      70
      52
      53
      71
      78
     135
     253
     587
    1225
    2056
    2628
    2599
    2002
    1280
     656
     291
     116
      57
      62
      43
      44
      37
      28
      35
      57
      57
      49
      45
      34
      36
      51
      38
      39
      31
      30
      23
      34
      31
      30
      24
      27
      20
      18
      22
      28
      30
      21
      28
      38
      44
      62
      91
     139
     119
     117
      61
      42
      29
      33
      25
      26
      17
      23
      21
      24
      23
      28
      37
      34
      31
      38
      21
      19
      25
      21
      28
      30
      24
      21
      23
      26
      19
      18
      24
      32
      30
      17
      19
      20
      22
      17
      22
      21
      21
      29
      22
      20
      28
      31
      26
      43
      80
     125
     125
     145
     111
      76
      43
      39
      32
      37
      30
      45
      47
      45
      25
      32
      26
      17
      28
      25
      30
      21
      30
      32
      36
      22
      32
      41
      68
      90
     114
     127
     133
     145
      88
      84
      74
      67
     100
      94
     119
      95
      97
      80
      90
      55
      76
      44
      44
      35
      26
      19
      20
      13
      16
      18
      12
      24
      21
      12
      16
      18
      17
      16
      21
      16
      25
      16
      27
      24
      24
      19
      17
      20
      20
      13
      18
      16
      20
      13
      15
      19
      12
      26
      26
      27
      20
      31
      13
      23
      19
      26
      21
      20
      12
      20
      15
      11
       9
      16
      14
      10
       8
      20
      21
      10
      17
      19
      15
      22
      14
      14
      13
      17
       9
      18
      21
      19
      19
      26
      12
      22
      14
      23
      23
      23
      24
      29
      26
      28
      24
      14
      16
      14
      14
      13
      16
      12
      16
      12
      13
      10
       9
      12
      13
      17
      15
      13
      19
      21
      12
      17
      15
      21
      15
      24
      27
      22
      15
      13
      10
      16
      20
      17
      11
      12
      22
      20
       8
      22
      17
       8
      19
      15
      17
      17
      12
      15
      18
      22
      21
      12
      21
      17
      12
      15
      20
      16
      22
      10
      19
      12
      14
      19
      19
      16
      12
      13
      19
      12
      14
      23
      11
      11
      16
      14
      10
       8
       8
      15
      11
      11
       9
      10
      14
      14
      10
      17
      11
      18
      14
      11
      15
       9
      15
      19
      16
      11
      23
      12
      20
      17
      11
      18
      15
      10
      15
      12
      10
      13
      11
      12
      14
      14
      15
      16
       9
      18
      12
      15
      14
      18
      17
      14
      11
      14
      13
      11
       8
      12
      19
      20
      20
      18
      13
      11
      21
      16
      11
      13
      13
      14
      17
      20
      13
      19
      14
      16
      11
      13
      16
      13
      12
      10
      15
      13
      22
      28
      17
      27
      28
      14
      21
      34
      26
      15
      15
      10
      13
      15
       7
       9
      18
       9
      14
       7
      13
      10
      15
      10
      16
      13
      17
      24
      21
      28
      41
      41
      25
      29
      20
      13
      11
       9
       8
      12
      10
       9
       8
       8
      13
      15
       5
       8
       8
      10
      16
       7
       6
       9
      12
       9
      16
       9
      10
       8
       9
       5
      13
      14
      12
      19
      13
      13
      11
       8
      15
       9
      16
      14
      14
      17
      16
      10
      18
      16
      13
      11
      18
      30
      27
      34
      32
      23
      15
      16
       9
       8
       6
       7
      10
       8
      13
       8
       7
      11
       4
       7
       7
       9
      10
      11
       7
       9
      12
       8
       9
       6
      14
      16
      10
       8
       8
      13
      10
      10
      10
       9
      14
       7
       7
      10
      10
       6
       9
       5
       6
       9
       3
       5
      12
       9
      12
      14
      16
      10
      15
      12
       9
      16
      12
      15
      14
      11
      10
      11
       9
       7
       7
       8
       6
       6
       7
       5
      10
      10
       5
      10
       9
      13
      12
       9
      13
      11
      11
       9
       7
      10
       6
       9
      14
       7
      10
       6
       5
      10
       9
      14
       9
      13
      12
       5
      11
       3
      12
       8
      14
       8
      13
      10
       6
       8
       3
       9
      17
      10
      11
      10
      11
       9
      12
       9
      10
       8
      10
      12
       6
      10
      10
      14
      11
       7
      10
       4
       7
       7
       5
       9
      11
       7
      12
      12
      12
      16
       9
       8
       8
       7
      11
       9
       9
      10
       7
      10
      12
      13
       5
       9
       9
       4
       8
      13
      12
       8
       6
       6
      15
       9
       8
      10
      10
      11
      14
       8
       6
      11
      12
      15
      11
      18
      13
       8
       5
       8
       6
      11
       8
      10
       9
       4
       6
       5
      10
       6
      14
      10
      11
      11
       7
      11
       8
       9
       6
      10
       9
      10
      10
       8
      10
       5
       8
      11
      13
      15
      10
      14
      10
      10
       8
      13
       4
       7
      11
       6
      11
       8
       8
       9
      14
       8
       8
      14
       6
      11
      10
       4
       8
       5
       9
       9
       8
       4
       6
       7
       8
       5
      10
       8
       9
      11
       5
       9
      11
       6
       9
      13
       7
       8
       8
      11
      14
       8
      12
       5
      11
       5
       8
       9
       9
      10
       9
       6
      11
      12
       8
       9
       6
       8
      10
       5
       8
      10
       6
      12
      14
       6
      16
      11
       6
      15
      10
      11
      11
       8
       9
       9
      11
       9
      10
      10
       7
       7
       8
       8
       7
       9
       5
      10
       7
       4
       4
       8
       9
       4
      10
       9
      14
       6
       7
       6
       7
       7
       9
      11
       7
       9
       9
       7
       7
       9
       8
       6
      11
      11
       6
      10
       6
       7
      12
       9
       7
       8
      14
      14
       8
       6
       6
       6
      10
       3
       6
       6
       3
      13
       9
       6
      10
       8
       8
      11
       9
       4
      10
      12
       9
       9
      12
       9
       7
      10
       9
      10
       6
       6
       5
       5
       6
      10
       8
       9
       5
       7
      11
       3
       7
       7
       6
       5
      11
      12
      13
       8
       6
      14
       7
       8
       7
      10
       8
      16
      12
      11
      10
      17
      12
       6
      10
       9
       5
      15
      10
       9
       8
       7
       4
       7
       7
      11
      12
       4
       8
      10
      10
       5
       4
      14
      12
       5
       5
       7
       8
      11
       9
       8
       2
       8
       8
       9
       8
      19
       9
      12
      11
      12
      10
       9
      14
       8
       6
       8
      12
      11
       9
       5
      13
       8
       9
       8
       7
       6
       9
       6
      10
       5
       8
       6
       9
       5
       9
       3
       7
       5
       5
      13
       8
       7
       9
       7
       9
       7
      10
       9
       6
       9
       5
       6
       3
      13
       4
       7
       3
       3
       7
       6
       4
       6
       5
       6
       7
       6
      12
       6
       4
       7
       3
      11
      18
       6
       7
      10
       5
       5
       4
       6
       6
       6
       8
       7
      10
       6
       3
       6
       8
      11
       3
       2
       7
      11
       6
       3
       7
       7
       9
       7
       8
      14
       1
       3
       5
       6
       7
       5
       6
       3
       9
       8
      10
       8
       6
       5
       9
       7
      10
      12
       8
       4
      14
      11
       9
       5
      11
       2
       3
       4
       6
       4
       7
       3
       8
       3
      10
       8
       6
       5
       5
       5
       6
       6
       9
       3
       7
       4
       9
       8
       4
       5
       6
       5
       3
       6
       4
       5
       1
       3
       5
       8
       2
       7
       7
      11
       7
       5
       6
       5
       4
       2
      10
       8
      12
      10
       3
       3
       9
       6
       6
       9
       4
       5
       3
       9
       6
       4
       3
       5
       6
      11
      14
       6
      11
       5
      12
       6
       9
       2
       5
      11
       6
       4
       9
       5
       6
       2
       5
       7
       2
       4
       2
       4
       4
       3
       3
       7
       3
       7
       4
       7
       2
       9
       6
       4
       5
       4
       5
       8
       6
       9
       3
       4
      11
       4
       6
       7
       6
       5
       7
       4
       5
       7
       6
       4
       4
       5
       6
       8
       8
       6
       6
       4
       2
       3
       7
       3
       4
       5
       7
       5
       8
      11
       4
       5
       8
       6
       6
       6
       2
       5
       4
       4
       4
       8
       5
       8
       3
       3
       7
       2
       2
       3
       5
       5
       5
       6
       3
       1
       3
       3
       1
       3
       3
       4
       5
       5
       3
       5
       4
       6
       3
       6
       2
       6
       1
       6
       4
       4
       4
       3
       6
       5
       6
       4
       6
       5
       3
       4
       4
       7
       3
       3
       7
       2
       7
       4
       4
       3
       5
       6
       4
       3
       4
       3
       4
       6
       4
       7
       3
       6
       6
       3
       5
       1
       4
       5
       5
       2
       4
       1
       5
       6
       5
       3
       3
       3
       3
       5
       2
       2
       3
       4
       4
       4
       3
       1
       4
       2
       6
       5
       6
       1
       3
       4
       3
       7
       3
       3
       6
       5
       1
       3
       9
       2
       2
       2
       4
       5
       8
       5
       3
       4
       0
       3
       4
       7
       2
       5
       3
       3
       1
       2
       2
       4
       1
       4
       4
       4
       2
       4
       6
       3
       2
       3
       5
       6
       3
       1
       4
       4
       6
       3
       3
       1
       9
       7
       4
       1
       3
       6
       5
       4
       2
       1
       3
       2
       3
       3
       4
       3
       4
       3
       5
       3
       2
       4
       1
       5
       3
       2
       3
       2
       4
       2
       4
       2
       9
       3
       1
       2
       4
       2
       5
       3
       1
       4
       3
       7
       5
       4
       3
       3
       2
       3
       4
       2
       6
       2
       3
       5
       7
       6
       5
       3
       3
       4
       7
       2
       4
       5
       1
       9
       4
       5
       6
       2
       4
       1
       4
       3
       3
       3
       7
      13
       7
       9
       8
      14
       6
      11
       9
      12
      11
      11
       2
       5
       7
       8
       3
       3
       6
       2
       3
       1
       4
       2
       3
       5
       1
       3
       5
       1
       1
       7
       5
       7
       2
       2
       4
       6
       3
       4
       3
       3
       4
       7
       5
       4
       3
       5
       3
       1
       8
       2
       5
       5
       7
       4
       4
       1
       5
       1
       5
       5
       2
       3
       2
       2
       3
       3
       5
       4
       2
       5
       6
       4
      10
       2
       5
       2
       5
       0
       4
       5
       4
       2
       4
       3
       1
       3
       3
       6
       2
       3
       8
       3
       3
       3
       4
       4
       7
       5
       7
       7
       5
       8
      11
      10
      22
      43
      75
     116
     142
     143
     152
     116
      65
      40
      26
       8
       8
      12
       7
       3
       5
       4
       3
       5
       3
       4
       1
       7
       1
       5
      10
       3
       6
       0
       5
       2
       2
       1
       4
       5
       1
       1
       0
       5
       3
       1
       2
       2
       1
       4
       3
       2
       4
       4
       5
       1
       2
       5
       5
       5
       8
       0
       3
       4
       2
       3
       4
       2
       1
       4
       7
       4
       4
       4
       2
       4
       0
       3
       1
       3
       4
       6
       1
       4
       1
       4
       1
       2
       4
       3
       6
       2
       1
       4
       1
       3
       3
       1
       3
       1
       1
       2
       2
       4
       4
       1
       1
       4
       3
       2
       2
       2
       1
       5
       1
       3
       1
       4
       6
       3
       3
       1
       2
       3
       0
       2
       6
       5
       3
       1
       3
       3
       3
       1
       1
       4
       4
       2
       1
       2
       3
       2
       1
       0
       5
       2
       4
       3
       3
       3
       4
       5
       4
       4
       2
       0
       2
       4
       0
       9
       2
       3
       3
       0
       4
       4
       3
       1
       2
       1
       4
       3
       5
       1
       3
       2
       3
       3
       4
       0
       5
       2
       4
       1
       4
       0
       4
       5
       3
       1
       2
       6
       4
       4
       2
       2
       3
       2
       4
       4
       2
       1
       3
       2
       1
       5
       5
       2
       2
       2
       6
       2
       2
       4
       3
       2
       6
       8
       4
       1
       1
       5
       4
       1
       4
       1
       4
       5
       6
       3
       4
       4
       3
       0
       0
       4
       1
       5
       7
       0
       2
       1
       5
       4
       1
       3
       2
       5
       3
       2
       1
       4
       2
       4
       2
       2
       2
       2
       4
       1
       0
       3
       1
       2
       1
       2
       3
       5
       1
       0
       2
       2
       2
       2
       2
       5
       4
       2
       4
       3
       2
       1
       2
       3
       6
       3
       3
       3
       2
       2
       3
       2
       2
       3
       2
       3
       2
       2
       3
       2
       2
       3
       1
       2
       2
       4
       5
       1
       4
       0
       3
       2
       0
       8
       1
       1
       2
       2
       1
       3
       1
       2
       1
       3
       5
       0
       4
       2
       1
       2
       3
       1
       2
       4
       3
       5
       1
       3
       4
       3
       2
       2
       3
       1
       0
       3
       0
       4
       3
       3
       3
       3
       6
       1
       2
       4
       3
       3
       0
       5
       1
       3
       2
       3
       1
       2
       1
       0
       3
       1
       1
       3
       0
       2
       3
       5
       0
       4
       4
       5
       2
       1
       3
       1
       1
       1
       0
       4
       4
       0
       2
       2
       4
       4
       2
       5
       2
       1
       0
       1
       1
       1
       3
       1
       4
       3
       4
       1
       3
       1
       3
       1
       1
       2
       1
       3
       2
       1
       2
       1
       1
       2
       2
       4
       1
       2
       0
       0
       1
       4
       2
       4
       2
       3
       4
       1
       1
       4
       6
       2
       2
       4
       2
       7
       2
       3
       4
       1
       1
       3
       2
       4
       2
       2
       5
       4
       2
       3
       0
       2
       2
       4
       2
       3
       1
       1
       0
       0
       0
       0
       2
       2
       3
       2
       3
       2
       3
       3
       2
       1
       4
       4
       4
       5
       4
       1
       2
       2
       1
       3
       2
       1
       3
       1
       0
       3
       2
       0
       6
       3
       1
       2
       5
       4
       1
       2
       1
       3
       2
       4
       1
       3
       5
       4
      10
      15
      16
      20
      24
      20
      19
       4
       5
       3
       4
       6
       1
       3
       1
       0
       0
       2
       1
       5
       1
       1
       3
       0
       0
       1
       2
       3
       3
       2
       0
       3
       3
       1
       6
       7
       1
       3
       2
       1
       3
       1
       0
       2
       4
       0
       3
       0
       7
       3
       2
       3
       3
       3
       2
       1
       3
       1
       1
       1
       0
       3
       0
       1
       4
       2
       3
       1
       2
       0
       2
       3
       0
       0
       1
       1
       1
       0
       2
       2
       0
       1
       3
       2
       2
       2
       2
       0
       2
       1
       1
       1
       2
       3
       0
       1
       2
       3
       3
       1
       1
       4
       2
       2
       2
       2
       1
       0
       5
       4
       5
       1
       3
       2
       1
       3
       2
       1
       1
       1
       2
       3
       1
       3
       1
       3
       0
       3
       0
       1
       2
       3
       1
       3
       3
       2
       3
       3
       2
       2
       0
       2
       4
       0
       4
       6
       3
       1
       0
       3
       2
       1
       0
       1
       3
       2
       3
       1
       2
       3
       1
       1
       4
       2
       5
       2
       3
       1
       0
       1
       2
       2
       1
       3
       0
       2
       1
       1
       0
       0
       2
       3
       2
       5
       2
       4
       6
       2
       4
       5
       1
       5
       2
       2
       1
       2
       0
       2
       4
       0
       2
       1
       1
       2
       1
       2
       3
       2
       2
       2
       2
       1
       1
       1
       5
       3
       0
       2
       1
       0
       0
       2
       3
       0
       1
       0
       1
       2
       1
       2
       2
       3
       1
       3
       2
       0
       2
       2
       4
       3
       2
       1
       1
       1
       3
       2
       1
       2
       0
       0
       3
       4
       2
       1
       3
       2
       2
       2
       0
       5
       3
       1
       1
       2
       1
       2
       2
       1
       2
       1
       2
       1
       3
       3
       2
       1
       2
       3
       2
       1
       3
       2
       0
       4
       2
       2
       2
       2
       0
       2
       3
       5
       2
       2
       1
       3
       2
       1
       2
       3
       1
       3
       0
       0
       0
       4
       1
       0
       1
       2
       0
       1
       2
       0
       1
       2
       0
       0
       2
       1
       1
       1
       1
       2
       3
       3
       1
       2
       0
       0
       2
       0
       1
       0
       0
       2
       0
       0
       0
       2
       4
       1
       0
       2
       1
       4
       2
       2
       1
       1
       1
       0
       0
       2
       0
       1
       5
       1
       4
       2
       4
      12
      13
       8
       5
       3
       2
       5
       0
       1
       0
       2
       2
       2
       0
       2
       0
       1
       3
       1
       2
       0
       2
       1
       1
       0
       1
       2
       0
       0
       3
       1
       1
       2
       3
       2
       2
       0
       0
       2
       0
       0
       1
       2
       5
       0
       0
       3
       2
       0
       1
       2
       0
       0
       0
       0
       0
       1
       1
       2
       0
       1
       3
       0
       1
       1
       1
       2
       0
       2
       1
       0
       2
       0
       5
       5
       2
       1
       9
       3
       9
       4
       4
       2
       2
       0
       2
       1
       1
       3
       1
       1
       0
       0
       4
       2
       2
       4
       0
       2
       2
       1
       1
       3
       0
       0
       1
       0
       1
       2
       1
       6
       2
       3
       2
       0
       1
       1
       1
       1
       3
       3
       1
       0
       2
       4
       1
       1
       2
       4
       3
       1
       1
       1
       1
       1
       3
       3
       1
       0
       1
       2
       0
       0
       2
       3
       3
       2
       1
       2
       2
       0
       2
       1
       0
       2
       0
       1
       0
       3
       3
       1
       3
       3
       3
       2
       1
       5
       0
       3
       1
       2
       1
       4
       2
       1
       0
       0
       1
       1
       1
       0
       0
       0
       2
       1
       0
       1
       0
       0
       1
       0
       1
       1
       1
       0
       2
       2
       2
       0
       1
       1
       2
       1
       1
       2
       1
       0
       3
       3
       2
       2
       2
       3
       2
       5
       1
       2
       2
       0
       2
       2
       0
       0
       2
       1
       1
       0
       0
       3
       2
       3
       1
       0
       1
       1
       2
       1
       4
       1
       4
       1
       1
       2
       0
       1
       1
       0
       1
       0
       2
       0
       1
       1
       1
       2
       1
       0
       1
       0
       0
       1
       1
       3
       2
       0
       0
       1
       2
       1
       1
       1
       4
       0
       0
       0
       3
       0
       0
       1
       1
       2
       0
       3
       5
       2
       2
       1
       1
       2
       1
       0
       0
       3
       2
       0
       0
       1
       3
       1
       2
       3
       1
       0
       4
       2
       2
       1
       0
       3
       1
       0
       0
       1
       2
       0
       2
       1
       2
       1
       2
       3
       1
       1
       2
       2
       0
       1
       3
       0
       0
       1
       1
       1
       1
       3
       1
       3
       1
       0
       4
       0
       2
       0
       0
       4
       1
       0
       2
       1
       2
       2
       1
       2
       3
       1
       2
       0
       1
       1
       4
       1
       2
       0
       1
       1
       0
       3
       1
       2
       2
       0
       2
       1
       4
       2
       1
       2
       2
       2
       0
       2
       0
       2
       0
       2
       2
       5
       0
       1
       1
       0
       1
       0
       0
       0
       0
       0
       1
       0
       2
       1
       1
       2
       2
       0
       1
       1
       2
       0
       1
       2
       2
       1
       4
       0
       0
       3
       1
       0
       0
       1
       2
       4
       2
       1
       2
       0
       1
       3
       1
       0
       1
       0
       0
       3
       1
       1
       4
       1
       2
       0
       0
       2
       1
       0
       0
       2
       0
       0
       0
       0
       0
       0
       1
       1
       1
       2
       1
       1
       0
       2
       1
       1
       2
       1
       2
       2
       4
       3
       3
       2
       3
       4
       3
       3
       1
       3
       0
       3
       4
       1
       2
       1
       1
       2
       1
       1
       1
       0
       2
       0
       1
       2
       1
       0
       0
       0
       2
       3
       1
       2
       2
       1
       0
       1
       0
       1
       2
       0
       1
       1
       0
       3
       1
       1
       3
       2
       0
       0
       1
       0
       1
       3
       1
       1
       5
       6
       3
       1
       8
       3
       6
       2
       3
       1
       0
       1
       2
       1
       1
       0
       3
       1
       1
       1
       0
       3
       1
       1
       2
       0
       4
       0
       2
       0
       2
       0
       4
       2
       1
       1
       0
       0
       1
       1
       1
       0
       1
       1
       2
       3
       2
       1
       0
       0
       0
       2
       2
       3
       2
       2
       1
       1
       1
       2
       0
       1
       1
       0
       1
       2
       0
       0
       0
       2
       1
       1
       2
       3
       0
       0
       1
       0
       0
       2
       2
       1
       1
       4
       1
       2
       1
       0
       0
       0
       1
       1
       0
       1
       0
       1
       2
       1
       0
       0
       2
       1
       0
       3
       0
       3
       2
       2
       1
       2
       0
       2
       0
       1
       0
       2
       0
       2
       1
       2
       1
       0
       1
       2
       0
       1
       2
       0
       1
       0
       0
       3
       0
       1
       1
       0
       4
       0
       1
       1
       1
       1
       0
       3
       2
       3
       2
       0
       1
       0
       2
       3
       1
       3
       1
       2
       4
       2
       1
       0
       1
       0
       2
       1
       1
       0
       0
       1
       0
       3
       1
       4
       2
       1
       1
       1
       0
       3
       3
       0
       3
       3
       0
       1
       1
       3
       0
       0
       1
       3
       0
       1
       1
       1
       0
       1
       0
       2
       0
       1
       0
       1
       0
       0
       0
       1
       0
       0
       1
       2
       2
       3
       2
       1
       1
       5
       1
       1
       0
       0
       0
       1
       0
       1
       0
       1
       1
       0
       1
       1
       0
       1
       0
       1
       1
       4
       1
       0
       1
       0
       2
       2
       2
       2
       2
       1
       2
       0
       1
       1
       2
       1
       1
       3
       0
       0
       1
       0
       2
       1
       1
       4
       0
       1
       2
       1
       2
       1
       4
       1
       0
       3
       1
       2
       0
       1
       0
       1
       0
       0
       1
       1
       2
       0
       1
       1
       1
       0
       1
       2
       0
       0
       0
       1
       1
       2
       2
       0
       2
       1
       1
       1
       1
       2
       0
       1
       2
       2
       1
       2
       0
       3
       3
       2
       1
       2
       1
       1
       0
       0
       3
       2
       1
       1
       0
       1
       1
       1
       2
       1
       1
       2
       2
       3
       0
       0
       0
       0
       0
       0
       2
       0
       3
       0
       2
       1
       0
       1
       3
       0
       2
       1
       1
       1
       1
       1
       0
       0
       1
       3
       3
       1
       2
       3
       0
       1
       2
       1
       0
       0
       1
       3
       0
       1
       0
       1
       0
       1
       0
       1
       0
       0
       1
       0
       0
       1
       2
       2
       0
       1
       0
       2
       0
       0
       1
       1
       1
       0
       4
       1
       1
       1
       1
       2
       1
       5
       2
       3
       2
       1
       2
       1
       0
       0
       0
       5
       1
       0
       1
       1
       0
       0
       1
       1
       1
       2
       1
       2
       0
       0
       1
       2
       2
       1
       3
       2
       1
       1
       1
       0
       2
       0
       4
       0
       5
       1
       2
       2
       0
       2
       1
       2
       0
       1
       2
       0
       2
       1
       0
       3
       1
       0
       1
       0
       3
       0
       2
       0
       0
       0
       1
       1
       3
       0
       2
       0
       1
       2
       0
       0
       1
       1
       3
       1
       0
       0
       3
       0
       0
       1
       1
       1
       0
       2
       1
       3
       2
       1
       1
       2
       0
       0
       1
       1
       1
       2
       0
       1
       0
       0
       3
       1
       1
       0
       2
       2
       1
       1
       0
       0
       1
       2
       0
       0
       0
       0
       1
       1
       1
       1
       0
       2
       0
       4
       0
       1
       1
       1
       1
       0
       0
       3
       0
       2
       1
       2
       2
       0
       3
       2
       1
       2
       2
       2
       2
       1
       2
       2
       0
       1
       3
       0
       2
       2
       1
       1
       2
       2
       0
       0
       0
       0
       4
       2
       0
       1
       2
       0
       1
       1
       0
       3
       1
       0
       0
       1
       2
       2
       0
       1
       0
       3
       0
       1
       1
       0
       3
       1
       0
       0
       1
       2
       2
       3
       1
       0
       0
       1
       0
       0
       1
       1
       1
       1
       0
       0
       1
       0
       0
       1
       1
       2
       1
       0
       0
       2
       0
       0
       2
       1
       0
       2
       2
       0
       0
       0
       3
       2
       1
       0
       0
       2
       1
       0
       0
       0
       0
       2
       1
       1
       1
       0
       0
       1
       0
       1
       1
       0
       0
       0
       2
       1
       1
       1
       2
       2
       1
       1
       1
       1
       1
       0
       0
       0
       0
       0
       2
       2
       2
       1
       2
       1
       0
       1
       1
       0
       1
       2
       1
       2
       0
       2
       2
       0
       0
       0
       2
       0
       2
       2
       0
       0
       1
       1
       2
       0
       0
       0
       1
       1
       0
       2
       1
       0
       0
       2
       1
       1
       0
       1
       0
       1
       1
       0
       0
       0
       0
       0
       1
       1
       1
       0
       0
       1
       2
       1
       1
       1
       1
       1
       2
       2
       3
       0
       0
       0
       1
       4
       0
       1
       1
       0
       1
       3
       0
       0
       0
       0
       0
       1
       0
       1
       3
       0
       0
       2
       1
       2
       1
       1
       3
       2
       0
       1
       1
       0
       0
       0
       0
       0
       0
       2
       0
       0
       2
       0
       1
       1
       1
       3
       0
       0
       1
       2
       0
       1
       1
       0
       1
       0
       2
       3
       0
       1
       2
       2
       1
       0
       2
       0
       1
       2
       2
       2
       1
       1
       3
       3
       4
       0
       5
       3
       1
       4
       0
       0
       0
       1
       0
       2
       3
       1
       0
       2
       1
       3
       1
       1
       1
       2
       0
       2
       0
       2
       0
       2
       2
       1
       0
       1
       1
       2
       0
       1
       1
       0
       3
       0
       1
       1
       1
       2
       2
       0
       0
       2
       1
       4
       6
       8
       6
       5
       8
       4
       5
       4
       0
       5
       1
       2
       0
       4
       3
       0
       2
       1
       0
       2
       1
       0
       3
       0
       0
       1
       0
       2
       0
       2
       3
       3
       2
       1
       0
       2
       0
       2
       0
       1
       0
       1
       1
       0
       1
       2
       0
       0
       1
       1
       0
       2
       2
       0
       2
       1
       1
       0
       0
       0
       2
       0
       1
       3
       1
       0
       1
       0
       1
       1
       1
       1
       2
       1
       0
       2
       0
       1
       2
       0
       1
       1
       0
       0
       1
       0
       2
       1
       2
       0
       2
       0
       1
       1
       1
       1
       0
       1
       1
       0
       1
       2
       2
       1
       0
       2
       2
       2
       0
       1
       1
       1
       1
       0
       0
       1
       0
       1
       2
       2
       2
       1
       1
       1
       0
       1
       1
       0
       6
       0
       2
       0
       2
       2
       0
       1
       2
       1
       0
       2
       2
       0
       0
       1
       0
       2
       0
       1
       1
       1
       1
       0
       0
       0
       0
       0
       0
       3
       3
       0
       1
       3
       1
       2
       3
       3
       0
       0
       1
       0
       1
       1
       1
       2
       1
       1
       0
       1
       0
       0
       1
       1
       0
       3
       0
       1
       1
       3
       1
       0
       1
       2
       2
       0
       1
       2
       0
       0
       3
       2
       2
       0
       1
       2
       0
       3
       1
       0
       0
       2
       3
       1
       1
       2
       0
       0
       3
       2
       0
       2
       1
       1
       0
       1
       1
       0
       2
       1
       3
       1
       1
       0
       2
       1
       1
       1
       2
       1
       1
       0
       0
       2
       2
       1
       1
       1
       1
       0
       1
       1
       1
       1
       0
       0
       0
       0
       2
       2
       3
       4
       0
       0
       0
       2
       0
       1
       0
       0
       0
       1
       0
       1
       1
       3
       2
       1
       3
       1
       3
       2
       2
       2
       2
       1
       1
       1
       2
       1
       1
       0
       2
       2
       2
       1
       1
       0
       0
       2
       0
       1
       2
       2
       2
       1
       1
       1
       0
       0
       0
       1
       2
       0
       5
       3
       0
       2
       0
       0
       0
       0
       1
       0
       3
       1
       1
       1
       2
       1
       4
       0
       1
       1
       0
       1
       0
       3
       0
       1
       2
       0
       1
       1
       0
       0
       0
       0
       0
       2
       1
       3
       3
       1
       2
       2
       0
       2
       0
       1
       1
       0
       1
       2
       1
       1
       1
       0
       1
       0
       0
       0
       2
       1
       2
       0
       1
       0
       4
       3
       1
       1
       1
       2
       2
       0
       0
       0
       1
       1
       3
       1
       1
       1
       1
       0
       0
       1
       2
       0
       1
       0
       2
       1
       0
       1
       1
       0
       1
       3
       0
       2
       1
       1
       1
       2
       2
       2
       2
       0
       0
       0
       2
       1
       0
       4
       0
       2
       2
       0
       1
       0
       4
       1
       1
       0
       1
       0
       0
       1
       0
       0
       0
       1
       2
       1
       0
       4
       1
       0
       0
       0
       1
       0
       0
       1
       3
       2
       0
       1
       3
       3
       1
       1
       1
       1
       0
       1
       0
       1
       1
       0
       2
       2
       0
       2
       1
       1
       1
       1
       1
       1
       1
       1
       1
       1
       1
       0
       0
       1
       0
       0
       1
       2
       0
       1
       0
       0
       2
       1
       3
       2
       1
       1
       0
       0
       1
       1
       0
       2
       2
       0
       3
       1
       2
       0
       1
       2
       3
       3
       1
       1
       2
       1
       1
       2
       4
       1
       3
       1
       1
       0
       2
       2
       2
       2
       0
       1
       2
       1
       1
       1
       1
       0
       1
       2
       1
       1
       1
       0
       1
       2
       2
       2
       1
       1
       0
       1
       0
       1
       1
       2
       0
       2
       2
       1
       1
       2
       1
       1
       0
       0
       1
       1
       1
       1
       1
       0
       1
       2
       0
       0
       0
       1
       1
       2
       1
       2
       0
       3
       1
       1
       1
       0
       0
       3
       0
       2
       0
       0
       0
       2
       2
       3
       3
       1
       2
       4
       2
       1
       0
       0
       1
       0
       1
       0
       1
       1
       1
       1
       2
       0
       1
       0
       2
       1
       1
       4
       1
       0
       2
       2
       2
       2
       3
       1
       1
       1
       1
       0
       0
       0
       1
       1
       0
       1
       2
       0
       1
       1
       1
       1
       0
       0
       0
       2
       0
       2
       1
       0
       0
       1
       1
       1
       0
       0
       1
       1
       1
       2
       4
       2
       1
       1
       4
       1
       0
       0
       1
       1
       0
       0
       1
       3
       1
       1
       0
       3
       1
       2
       0
       1
       0
       1
       2
       1
       0
       2
       1
       3
       0
       0
       3
       1
       1
       1
       1
       1
       1
       0
       0
       0
       3
       0
       0
       1
       1
       0
       1
       1
       0
       2
       1
       4
       1
       2
       2
       0
       2
       1
       1
       1
       1
       0
       0
       0
       3
       4
       0
       2
       2
       1
       2
       0
       0
       1
       2
       1
       1
       1
       0
       1
       1
       1
       1
       0
       0
       1
       0
       2
       1
       2
       2
       2
       1
       2
       1
       1
       2
       1
       4
       1
       0
       1
       2
       2
       0
       1
       0
       0
       0
       0
       0
       0
       3
       1
       1
       3
       0
       1
       1
       0
       0
       0
       3
       0
       1
       0
       2
       2
       0
       5
       1
       2
       0
       3
       3
       0
       0
       1
       0
       0
       0
       2
       4
       1
       1
       0
       1
       0
       1
       0
       1
       2
       0
       0
       1
       0
       0
       0
       0
       2
       0
       2
       1
       1
       0
       0
       0
       1
       0
       2
       0
       2
       1
       0
       0
       0
       0
       1
       2
       0
       2
       0
       0
       1
       2
       1
       0
       0
       1
       0
       2
       3
       2
       0
       0
       0
       1
       0
       0
       1
       0
       0
       0
       2
       1
       0
       1
       0
       0
       1
       0
       0
       0
       3
       1
       0
       1
       1
       0
       0
       0
       0
       1
       0
       0
       2
       0
       1
       2
       0
       3
       2
       0
       0
       0
       0
       1
       0
       1
       1
       0
       1
       0
       0
       1
       0
       0
       0
       1
       0
       1
       1
       1
       2
       1
       2
       0
       1
       1
       0
       0
       0
       0
       1
       1
       1
       0
       1
       2
       2
       0
       0
       0
       0
       1
       0
       2
       1
       3
       1
       1
       1
       0
       0
       0
       1
       0
       0
       1
       2
       2
       0
       1
       1
       0
       2
       2
       0
       0
       1
       1
       2
       0
       1
       1
       0
       0
       2
       0
       0
       0
       0
       1
       1
       0
       1
       1
       0
       1
       0
       1
       0
       0
       0
       0
       0
       0
       1
       0
       1
       0
       0
       1
       1
       1
       0
       0
       0
       0
       0
       0
       0
       1
       1
       1
       1
       3
       2
       0
       2
       2
       0
       0
       0
       1
       2
       0
       2
       0
       0
       0
       0
       0
       2
       0
       2
       0
       0
       0
       1
       0
       0
       0
       0
       1
       1
       2
       0
       0
       0
       1
       0
       1
       0
       0
       1
       0
       2
       0
       2
       2
       1
       1
       0
       0
       1
       1
       0
       1
       1
       0
       0
       0
       1
       0
       1
       1
       1
       0
       0
       2
       1
       0
       0
       2
       0
       1
       0
       0
       0
       0
       3
       0
       1
       0
       0
       1
       1
       0
       1
       0
       2
       0
       0
       1
       1
       0
       0
       0
       0
       0
       0
       0
       0
       0
       0
       0
       1
       1
       1
       0
       0
       0
       1
       2
       0
       1
       1
       0
       2
       2
       0
       0
       1
       1
       0
       1
       1
       0
       0
       1
       0
       0
       0
       2
       2
       0
       0
       2
       0
       0
       0
       1
       0
       0
       0
       1
       1
       0
       0
       0
       0
       0
       3
       1
       2
       0
       0
       2
       1
       0
       0
       0
       0
       0
       1
       1
       0
       1
       1
       0
       0
       0
       0
       0
       0
       0
       0
       0
       0
       0
       1
       0
       0
       1
       0
       0
       1
       0
       0
       0
       0
       0
       1
       0
       1
       0
       1
       0
       1
       1
       0
       0
       1
       0
       0
       0
       1
       2
       0
       0
       0
       1
       0
       0
       2
       0
       0
       1
       0
       0
       0
       0
       1
       0
       0
       0
       0
       0
       0
       0
       0
       0
       0
       1
       1
       0
       0
       0
       0
       1
       1
       0
       0
       0
       0
       0
       0
       1
       0
       0
       1
       0
       2
       1
       0
       0
       2
       2
       0
       0
       0
       0
       0
       1
       2
       0
       0
       0
       0
       0
       0
       0
       0
       0
       0
       0
       2
       0
       0
       0
       1
       1
       0
       0
       2
       0
       2
       0
       1
       1
       0
       0
       0
       0
       0
       1
       1
       0
       0
       1
       0
       1
       1
       0
       0
       1
       0
       0
       1
       0
       0
       0
       0
       2
       2
       1
       1
       1
       0
       0
       0
       1
       0
       1
       0
       2
       1
       0
       0
       0
       1
       1
       1
       0
       1
       1
       1
       1
       1
       0
       0
       0
       0
       0
       1
       0
       1
       0
       1
       0
       0
       1
       0
       1
       0
       0
       0
       2
       0
       0
       0
       0
       0
       0
       0
       0
       0
       2
       0
       0
       3
       0
       0
       0
       0
       0
       1
       2
       0
       0
       1
       6
       2
       0
      11
       7
      11
      17
      26
      17
      26
      24
      18
      17
       7
      11
       1
       0
       0
       0
       0
       0
       0
       0
       1
       0
       1
       2
       0
       0
       0
       0
       1
       0
       1
       1
       1
       1
       1
       0
       0
       2
       0
       0
       0
       1
       0
       0
       0
       1
       1
       0
       1
       0
       0
       1
       0
       0
       0
       0
       0
       1
       0
       0
       0
       1
       0
       1
       0
       1
       0
       1
       1
       0
       0
       0
       0
       0
       0
       0
       0
       0
       0
       0
       0
       1
       0
       1
       0
       0
       0
       0
       0
       0
       0
       0
       0
       0
       0
       0
       0
       0
       0
       0
       0
       0
       1
       0
       0
       0
       1
       0
       0
       1
       0
       1
       1
       0
       0
       0
       1
       0
       0
       1
       0
       0
       0
       0
       0
       0
       0
       1
       0
       0
       0
       1
       2
       0
       0
       1
       0
       0
       0
       0
       0
       0
       0
       1
       0
       0
       0
       0
       0
       0
       1
       1
       0
       1
       0
       1
       0
       0
       0
       0
       0
       0
       2
       0
       0
       0
       0
       0
       0
       0
       2
       0
       0
       0
       0
       0
       0
       1
       0
       0
       0
       0
       0
       0
       1
       0
       1
       0
       0
       2
       1
       0
       0
       0
       0
       0
       1
       0
       0
       1
       0
       0
       0
       0
       0
       0
       0
       0
       0
       1
       0
       1
       0
       0
       0
       3
       0
       0
       0
       0
       1
       0
       1
       0
       0
       0
       0
       0
       0
       2
       0
       0
       0
       0
       0
       0
       0
       1
       0
       1
       0
       0
       1
       0
       0
       0
       0
       0
       0
       0
       0
       0
       0
       0
       0
       0
       0
       0
       0
       0
       1
       0
       1
       0
       0
       0
       0
       1
       0
       1
       0
       1
       0
       1
       0
       0
       0
       1
       0
       1
       0
       1
       0
       0
       0
       0
       0
       0
       0
       0
       1
       1
       1
       0
       2
       0
       0
       1
       0
       0
       0
       0
       0
       0
       1
       1
       1
       0
       1
       1
       0
       0
       0
       0
       0
       0
       0
       1
       0
       0
       0
       0
       0
       0
       0
       0
       0
       0
       0
       0
       1
       0
       0
       0
       0
       0
       0
       0
       0
       0
       0
       0
       0
       0
       0
       0
       1
       1
       0
       0
       0
       0
       0
       0
       0
       0
       0
       0
       0
       0
       0
       1
       1
       0
       0
       0
       0
       1
       0
       0
       0
       1
       0
       0
       0
       0
       0
       1
       1
       0
       0
       0
       1
       0
       0
       0
       1
       0
       0
       0
       0
       1
       0
       0
       0
       0
       0
       0
       1
       0
       1
       0
       0
       0
       0
       1
       0
       0
       1
       1
       0
       0
       0
       1
       0
       0
       0
       0
       0
       0
       0
       0
       0
       0
       0
       0
       0
       0
       0
       0
       1
       0
       0
       0
       1
       0
       0
       0
       3
       0
       0
       1
       0
       0
       0
       0
       1
       0
       0
       0
       0
       0
       0
       0
       0
       0
       0
       0
       0
       0
       0
       0
       0
       0
       0
       0
       0
       0
       0
       0
       0
       0
       1
       2
       0
       0
       0
       1
       0
       0
       0
       1
       0
       0
       0
       0
       0
       0
       1
       0
       0
       0
       0
       0
       0
       0
       1
       0
       0
       0
       0
       0
       0
       0
       0
       2
       0
       0
       0
       0
       0
       0
       0
       0
       1
       1
       0
       0
       1
       0
       0
       0
       0
       0
       0
       1
       0
       0
       0
       0
       0
       0
       0
       0
       0
       0
       0
       0
       1
       0
       0
       0
       0
       0
       0
       0
       0
       0
       0
       0
       0
       0
       0
       1
       0
       0
       0
       0
       0
       0
       0
       0
       0
       0
       0
       0
       0
       0
       0
       0
       0
       0
       1
       0
       1
       0
       0
       0
       0
       0
       0
       1
       0
       0
       0
       0
       0
       0
       0
       1
       0
       0
       0
       0
       0
       0
       1
       0
       0
       0
       0
       0
       0
       0
       0
       0
       0
       0
       0
       0
       0
       0
       0
       0
       0
       0
       0
       0
       1
       0
       1
       1
       0
       1
       0
       1
       0
       0
       2
       0
       0
       0
       0
       1
       0
       0
       0
       0
       1
       0
       0
       0
       1
       0
       1
       2
       0
       0
       0
       1
       0
       1
       1
       1
       0
       0
       1
       0
       0
       0
       0
       0
       0
       0
       0
       0
       0
       0
       0
       0
       0
       0
       0
       0
       0
       0
       0
       1
       0
       0
       0
       0
       0
       0
       0
       0
       0
       0
       0
       0
       0
       0
       0
       1
       0
       1
       0
       0
       0
       0
       0
       1
       0
       0
       0
       1
       0
       1
       1
       0
       0
       0
       0
       0
       0
       0
       1
       1
       1
       0
       1
       0
       0
       0
       0
       0
       0
       0
       0
       0
       0
       0
       0
       0
       0
       0
       0
       1
       0
       0
       0
       0
       0
       0
       1
       0
       0
       0
       1
       0
       1
       0
       0
       0
       0
       0
       0
       1
       0
       0
       0
       0
       0
       0
       0
       0
       0
       0
       0
       0
       0
       0
       0
       1
       0
       0
       0
       0
       0
       0
       0
       0
       2
       0
       0
       0
       0
       0
       0
       0
       0
       1
       0
       1
       0
       0
       0
       0
       0
       1
       0
       0
       0
       0
       0
       2
       0
       1
       0
       1
       0
       1
       1
       0
       0
       0
       0
       0
       0
       0
       0
       0
       0
       0
       0
       0
       0
       0
       0
       0
       0
       0
       0
       0
       0
       0
       0
       0
       0
       0
       0
       0
       0
       0
       0
       0
       0
       0
       0
       0
       1
       0
       0
       0
       0
       0
       0
       0
       0
       0
       0
       0
       0
       0
       0
       1
       0
       0
       0
       1
       1
       0
       1
       2
       0
       0
       0
       1
       1
       1
       0
       1
       0
       0
       0
       0
       0
       0
       0
       0
       0
       0
       0
       0
       0
       0
       0
       0
       0
       0
       0
       1
       0
       0
       0
       0
       0
       0
       0
       2
       0
       0
       1
       0
       0
       0
       0
       0
       0
       0
       1
       0
       0
       0
       0
       0
       0
       1
       0
       0
       0
       0
       0
       4
       0
       1
       0
       0
       0
       0
       0
       0
       0
       0
       0
       0
       0
       0
       0
       0
       0
       0
       0
       0
       0
       0
       0
       0
       0
       0
       0
       0
       0
       1
       0
       0
       0
       0
       0
       0
       0
       0
       0
       0
       1
       0
       0
       0
       0
       0
       1
       0
       1
       0
       0
       0
       0
       0
       0
       0
       0
       1
       0
       0
       0
       0
       0
       0
       0
       0
       0
       0
       0
       0
       0
       0
       0
       0
       0
       0
       0
       0
       0
       0
       0
       1
       0
       0
       0
       1
       0
       0
       0
       0
       0
       0
       0
       0
       0
       1
       0
       0
       0
       0
       0
       0
       1
       0
       0
       0
       0
       0
       1
       1
       0
       0
       0
       0
       0
       0
       0
       1
       0
       0
       0
       1
$ENER_FIT:
0.222200 0.365900
$PRESETS:
Live Time (sec)
412
0
$RT:
900.000000
$DT:
488440
$ISO_DECL_PU:
SMPLNAM: IDB-592
SEPDATE: 01/01/1900 00:00:00
PU238: 0.1314 
DPU238: 0.4566
PU239: 75.8899 
DPU239: 0.0022
PU240: 21.2179 
DPU240: 0.0217
PU241: 2.0639 
DPU241: 0.1017
PU242: 0.6969 
DPU242: 0.1148
AM241: 1.7489 
DAM241: 1.0978
DATE: 01/01/1900 00:00:00
PU240EFF: 22.7198
DPU240EFF: 0.0220
$ADC:
8192
0
8191