$APPLICATION_ID:
IDB v.1.0
$SPEC_REM:
Material type: MOX
Material form: Unknown
Material compound: Unknown
U isotopics:
234U 1.0178
235U 93.1109
236U 0.4362
238U 5.4347
Pu isotopics:
238Pu 0.0137
239Pu 93.8528
240Pu 5.8635
241Pu 0.2041
242Pu 0.0659
241Am 0.0951
Detector: HPGe (Geometry: Coaxial, Size: Approx 25% rel eff closed end coax)
MCA: Unknown
$DATE_MEA:
05/16/1995 11:42:00
$MEAS_TIM:
6623 7200
$DATA:
0 8191
       0
       0
       0
       0
       0
       0
       0
       0
       0
       0
       0
       0
       0
       0
       0
       0
       0
       0
       0
       0
       0
       0
       0
       0
       0
       0
       0
       0
       0
       0
       0
       0
       0
       0
       0
       0
       0
       0
       0
       0
       0
       0
       0
       0
       0
       0
       0
       0
       0
       0
       0
       0
       0
       0
       0
       0
       0
       0
       0
       0
       0
       0
       0
       0
       0
       0
       0
       0
       1
       0
       1
       0
       2
       4
       3
       3
       3
       2
       4
       1
       4
       2
       1
       0
       2
       3
       1
       2
       0
       2
       2
      11
      64
     174
     403
     792
    1291
    2166
    3571
    7552
   17719
   21872
   21863
   21910
   21813
   21494
   21530
   21655
   21563
   21247
   21193
   21137
   21238
   21150
   21234
   20998
   20608
   20965
   20695
   20703
   20590
   20565
   20350
   20158
   20496
   20378
   20235
   20558
   20306
   20453
   20166
   20047
   20306
   20234
   20157
   19774
   19813
   19906
   19589
   19899
   19669
   19813
   19681
   19571
   19644
   19384
   19399
   19586
   19218
   19264
   19633
   19192
   19225
   19299
   19066
   19177
   19118
   19145
   18763
   19138
   19006
   18940
   18828
   18805
   18897
   18744
   18647
   18594
   18624
   18796
   18624
   18561
   18594
   18224
   18389
   18517
   18465
   18422
   18510
   18288
   18386
   18194
   18119
   18402
   18314
   18310
   18016
   18203
   18292
   18029
   18285
   18002
   17869
   18072
   17887
   17830
   18160
   17972
   17995
   17741
   17729
   17964
   17891
   17732
   17863
   17792
   17737
   17704
   17691
   17655
   17715
   17577
   17828
   17394
   17501
   17353
   17403
   17530
   17779
   17600
   17492
   17227
   17301
   17446
   17312
   17437
   17194
   17352
   17215
   17314
   17311
   17089
   17024
   17340
   17223
   17181
   16967
   17143
   17149
   17347
   17082
   17022
   16923
   16931
   16875
   17215
   17054
   16998
   16888
   17098
   16875
   16833
   16910
   16845
   16911
   16918
   16889
   16881
   16940
   16787
   16798
   16950
   16620
   16853
   16696
   16578
   16786
   16604
   16700
   16563
   16607
   16529
   16724
   16879
   16619
   16718
   16539
   16600
   16804
   16608
   16498
   16587
   16462
   16672
   16423
   16405
   16296
   16353
   16651
   16585
   16293
   16406
   16313
   16403
   16266
   16433
   16368
   16447
   16448
   16524
   16511
   16338
   16258
   16107
   16249
   16151
   16453
   16269
   16227
   16337
   15899
   16111
   16262
   16296
   16212
   16140
   16311
   16328
   16262
   16101
   16094
   16065
   16129
   16204
   16079
   16005
   16051
   16067
   15946
   15956
   16053
   15925
   16184
   16185
   15957
   16096
   16046
   15798
   15992
   16122
   16082
   16053
   15938
   15769
   15935
   15890
   15972
   15913
   15947
   15891
   15881
   15910
   15926
   15917
   15846
   15790
   15863
   15866
   15942
   15867
   15689
   15946
   15830
   15815
   15836
   15653
   15698
   15536
   15742
   15687
   15717
   15797
   15584
   15807
   15744
   15809
   15684
   15620
   15408
   15562
   15498
   15482
   15624
   15735
   15681
   15761
   15710
   15502
   15727
   15617
   15481
   15580
   15646
   15406
   15600
   15478
   15657
   15605
   15815
   15406
   15441
   15516
   15736
   15499
   15468
   15603
   15415
   15602
   15382
   15608
   15493
   15365
   15513
   15453
   15732
   15341
   15300
   15492
   15280
   15455
   15449
   15276
   15563
   15262
   15629
   15367
   15394
   15404
   15444
   15369
   15480
   15444
   15133
   15252
   15364
   15374
   15264
   15522
   15250
   15483
   15429
   15511
   15415
   15244
   15441
   15369
   15306
   15311
   15185
   15106
   15063
   15398
   15429
   15265
   15248
   15454
   15160
   15489
   14999
   15376
   15418
   15362
   15325
   15230
   14891
   15085
   15313
   15208
   15094
   15073
   15081
   15391
   14952
   15191
   15141
   15094
   15170
   15262
   15081
   15122
   14956
   15009
   15142
   15148
   15246
   15178
   15138
   15174
   15217
   15184
   15234
   15048
   15176
   15189
   15161
   14938
   15043
   15078
   15093
   14998
   15164
   15062
   14845
   15043
   15232
   15015
   14894
   14848
   15023
   15032
   15155
   14936
   14967
   14989
   15024
   14830
   15076
   14905
   14966
   15077
   14776
   14787
   14947
   14953
   14939
   14821
   15048
   14741
   14975
   14810
   14770
   14640
   14980
   14735
   14926
   14714
   14634
   14605
   14845
   14827
   14951
   14658
   14912
   15011
   14576
   14703
   14891
   14743
   14679
   14824
   14604
   14915
   14774
   14727
   14777
   14716
   14794
   14686
   14755
   14736
   14998
   14660
   14869
   14847
   14886
   14774
   14807
   14995
   14819
   14678
   15107
   14570
   14919
   14747
   14837
   14733
   14677
   14718
   14715
   14712
   14832
   14904
   14790
   14793
   15022
   14995
   14831
   14903
   14773
   14494
   14689
   14697
   14774
   14546
   14774
   14922
   14769
   15110
   14958
   15179
   15001
   14976
   14860
   14870
   14679
   14567
   14496
   14680
   14441
   14585
   14495
   14456
   14666
   14147
   14314
   14184
   14415
   14313
   14320
   14208
   14431
   14371
   14202
   14004
   14137
   14199
   14043
   13984
   13864
   14119
   13976
   14119
   13967
   14029
   13771
   13918
   13874
   13959
   13649
   13937
   13776
   13773
   13671
   13862
   13878
   13661
   13750
   13880
   13650
   13546
   13579
   13761
   13819
   13758
   13694
   13611
   13714
   13735
   13760
   13777
   13565
   13672
   13776
   13486
   13538
   13729
   13617
   13450
   13778
   13736
   13660
   13961
   13972
   13894
   14145
   14343
   14021
   14383
   14374
   14237
   14196
   14311
   14155
   14029
   13801
   13812
   13629
   13761
   13798
   13603
   13828
   13848
   13773
   13826
   13840
   13809
   13948
   14303
   13868
   13934
   14005
   13913
   14161
   13900
   14031
   14056
   13806
   13955
   13915
   13969
   13923
   14078
   13912
   14103
   14132
   13977
   13879
   14155
   14099
   14189
   14338
   14162
   14279
   14277
   14224
   13970
   14265
   14248
   14217
   14138
   14495
   14102
   14275
   14141
   14352
   14162
   14347
   14453
   14424
   14230
   14558
   14478
   14496
   14711
   14758
   14669
   14997
   14845
   14747
   14708
   15162
   15217
   15412
   15575
   16318
   16233
   16634
   16847
   16938
   16678
   16456
   15832
   15714
   15306
   15230
   14833
   14932
   14982
   15110
   14995
   15300
   15219
   15196
   15257
   15428
   15707
   15764
   15845
   15984
   15851
   16132
   16455
   17372
   18104
   19524
   20877
   22369
   22578
   22782
   21915
   21098
   20113
   18756
   17674
   16929
   16386
   16187
   16020
   15490
   15500
   15706
   15536
   15351
   15838
   15801
   16084
   16285
   16575
   16569
   16671
   16526
   16754
   16079
   16116
   16012
   15483
   15676
   15984
   16215
   16279
   16508
   16555
   16833
   16985
   17202
   17275
   17301
   17693
   17641
   18032
   17915
   18146
   18326
   18242
   18120
   17797
   17379
   17284
   17059
   16646
   16876
   16522
   16598
   16568
   16905
   16606
   16985
   17070
   16722
   16640
   16747
   16766
   16805
   16614
   16647
   16912
   17015
   16944
   16994
   16998
   17352
   17460
   17343
   17569
   17139
   17643
   17709
   17742
   18079
   17868
   18504
   18664
   18371
   18487
   18754
   19130
   19047
   19135
   19359
   20235
   20685
   21684
   22248
   23101
   23576
   24060
   24369
   25297
   25861
   26776
   26718
   26462
   25502
   24284
   22825
   21620
   20263
   19144
   19057
   18766
   18534
   18492
   18410
   18494
   18535
   18997
   18964
   19362
   19401
   19830
   20521
   21168
   21919
   22802
   23667
   24043
   23913
   23836
   23453
   22868
   22137
   21794
   21374
   21118
   20874
   20568
   20020
   19697
   19160
   19071
   18879
   18898
   18802
   18794
   18420
   18603
   18410
   18461
   18525
   18645
   18650
   18736
   18696
   18472
   18491
   18606
   18538
   18596
   18436
   18645
   18344
   18542
   18532
   18482
   18870
   18629
   19075
   18927
   19005
   18845
   19021
   18949
   19292
   19179
   19673
   19312
   19591
   19560
   19516
   19613
   19378
   19442
   19468
   19537
   19271
   19161
   19397
   19295
   19336
   19314
   19488
   19514
   19528
   19622
   19654
   19325
   19716
   19645
   19607
   19681
   19904
   20035
   19737
   20251
   19846
   19753
   19982
   20079
   20259
   20338
   20409
   20498
   20661
   20596
   20763
   20405
   20230
   20279
   20309
   20362
   20442
   20422
   20236
   20285
   20270
   20595
   20504
   20331
   20532
   20610
   21018
   20959
   20768
   20601
   20676
   21069
   21524
   22214
   23003
   24462
   26375
   29143
   31567
   33307
   34286
   34111
   32713
   30205
   27670
   25734
   23504
   22224
   21556
   20985
   20647
   20382
   20595
   20715
   20522
   20770
   20514
   20773
   20469
   20761
   20853
   20737
   20674
   20902
   20857
   20759
   21102
   21048
   21159
   21185
   21201
   21223
   21478
   21225
   21381
   21281
   21169
   21569
   21183
   21476
   21720
   21545
   21580
   21495
   21596
   22092
   21950
   21929
   22015
   22111
   21831
   21872
   21952
   22329
   22077
   22108
   22170
   21833
   22424
   22172
   22201
   22528
   22390
   22238
   22489
   22440
   22483
   22350
   22480
   22250
   22337
   22954
   22441
   22625
   22630
   22696
   22843
   22686
   22938
   23265
   22980
   22848
   23174
   23099
   23110
   23120
   23074
   23331
   23374
   23572
   23491
   23417
   23590
   23593
   23661
   23823
   23877
   23702
   23648
   23976
   23724
   23957
   23677
   24021
   23756
   24006
   24080
   24573
   24778
   25650
   26706
   28820
   31742
   33927
   37150
   39378
   40315
   40077
   38345
   35804
   32958
   30704
   27919
   26582
   25276
   24901
   24340
   24421
   24009
   24164
   24387
   24334
   24424
   24836
   24820
   24781
   24568
   24600
   24608
   24861
   24882
   24567
   24381
   24705
   24456
   24343
   24547
   24856
   25254
   25654
   26256
   26936
   27607
   28152
   28709
   28847
   28205
   28104
   27337
   26821
   25994
   25659
   25468
   25156
   25053
   25236
   25249
   25283
   25505
   24986
   25445
   25370
   25450
   25680
   25609
   25380
   25966
   25519
   25687
   25819
   25560
   25837
   25721
   26163
   26251
   26172
   26329
   26064
   26385
   26667
   26455
   26336
   26424
   26351
   26359
   26602
   26686
   26491
   26231
   26457
   26577
   26538
   26800
   26651
   26909
   27125
   26506
   26787
   27017
   26802
   27215
   27009
   27000
   27295
   27291
   27330
   27451
   27238
   27204
   27302
   27482
   27684
   27327
   27805
   27698
   27805
   27692
   27723
   27586
   28022
   27907
   28046
   27840
   27759
   28183
   27871
   27818
   28232
   28236
   28243
   28463
   27960
   28431
   28563
   28942
   29385
   29236
   29400
   29691
   29436
   29498
   29410
   29272
   29641
   29131
   29489
   29876
   29626
   30040
   30249
   29652
   29596
   29727
   29712
   29665
   30206
   31226
   32484
   34483
   36558
   39562
   41576
   43278
   43607
   43548
   41072
   38923
   36146
   34141
   32608
   31429
   30875
   30793
   30980
   30267
   30678
   30016
   29556
   29345
   29324
   28921
   29090
   28916
   29228
   29156
   29166
   28988
   28947
   28823
   28774
   29093
   28922
   29267
   29145
   29319
   29057
   29248
   29185
   29404
   29567
   29139
   29278
   29447
   29404
   29252
   29311
   29520
   29435
   29471
   29376
   29735
   29779
   29587
   29597
   29591
   29654
   29985
   29773
   29757
   29975
   29893
   30070
   30152
   30649
   30498
   30875
   31279
   31035
   31291
   30904
   31021
   30398
   30393
   30193
   30459
   29919
   30349
   30066
   30013
   29954
   30055
   30359
   30194
   30016
   30112
   30232
   30195
   30422
   30311
   30312
   30222
   30225
   30210
   29869
   30457
   30266
   30373
   30187
   30337
   30454
   30542
   30498
   30569
   30429
   30431
   30636
   30340
   30531
   30571
   30423
   30399
   30749
   30165
   30490
   30371
   30722
   30348
   30199
   30864
   30637
   30910
   30677
   30623
   30804
   30670
   30822
   30968
   31143
   31669
   31734
   31541
   31513
   31301
   31026
   31261
   30982
   30673
   30929
   30723
   30986
   30614
   30644
   30842
   30495
   30696
   30917
   30837
   30545
   30981
   30832
   30644
   31595
   31547
   31741
   32173
   32514
   32451
   32634
   32479
   32326
   32222
   32022
   31759
   31293
   31067
   31306
   31062
   31040
   31653
   31579
   32442
   34358
   37737
   44283
   57717
   77963
  107886
  149485
  197277
  247624
  290710
  319237
  325774
  306692
  268602
  218802
  166083
  118893
   81307
   55253
   38671
   29139
   24610
   21970
   21048
   20556
   20436
   20393
   20146
   20508
   20556
   20299
   20385
   20255
   20548
   20631
   20747
   20981
   21292
   21509
   21491
   21501
   21271
   21189
   20901
   20845
   20714
   20049
   20149
   19830
   19740
   19866
   19735
   20006
   19861
   19929
   19924
   19689
   20066
   19856
   20009
   19787
   19789
   19920
   19809
   19826
   19586
   19782
   19901
   19724
   19786
   19825
   19885
   19766
   20025
   19567
   19878
   20180
   19817
   20575
   20993
   21604
   22312
   22739
   23436
   24023
   24362
   24443
   24197
   23970
   23433
   23082
   22515
   22108
   21479
   20995
   20482
   20362
   20254
   19521
   19487
   19766
   19266
   19810
   19430
   19556
   19339
   19247
   19457
   19544
   19160
   19505
   19694
   19775
   19733
   19723
   19375
   19274
   19511
   19514
   19717
   19378
   19266
   19500
   19316
   19519
   19371
   19299
   19414
   19383
   19333
   19112
   19305
   19545
   19633
   20060
   20211
   21224
   22116
   23577
   24761
   25787
   26483
   26990
   26513
   26080
   25236
   24631
   24469
   24870
   26382
   27950
   29915
   31616
   32360
   32287
   31266
   29390
   27353
   25967
   24711
   25343
   27079
   30448
   35879
   41515
   47285
   52496
   54764
   54726
   52340
   47450
   40907
   34779
   28923
   24874
   21762
   19572
   18708
   18277
   18715
   19523
   21592
   24815
   29846
   35920
   44071
   52466
   59818
   65356
   67758
   65691
   60430
   52064
   44206
   35530
   28851
   23467
   20061
   17731
   16906
   16333
   16030
   15756
   15795
   15640
   15692
   15600
   15709
   15398
   15510
   15775
   15685
   15611
   15599
   15503
   15741
   15412
   15592
   15564
   15397
   15672
   15476
   15574
   15436
   15559
   15490
   15543
   15454
   15469
   15484
   15665
   15341
   15540
   15502
   15331
   15505
   15514
   15618
   15436
   15472
   15390
   15394
   15401
   15505
   15683
   15492
   15695
   15638
   15579
   15463
   15345
   15696
   15454
   15402
   15600
   15347
   15354
   15527
   15396
   15212
   15350
   15614
   15148
   15389
   15488
   15506
   15414
   15406
   15551
   15488
   15581
   15562
   15402
   15397
   15292
   15139
   15024
   15180
   15257
   15012
   15216
   14944
   14917
   15019
   15084
   15126
   14873
   15022
   15145
   15258
   15272
   15529
   15725
   15830
   16133
   16143
   15954
   16208
   16000
   15795
   15675
   15351
   15258
   15133
   14968
   14968
   15117
   14929
   14645
   14554
   14671
   14889
   14544
   14798
   14549
   14373
   14671
   14690
   14760
   14345
   14757
   14465
   14472
   14677
   14621
   14726
   14932
   15037
   14783
   14958
   14917
   14840
   14850
   14652
   14405
   14379
   14447
   14512
   14133
   14233
   14334
   14099
   14287
   14334
   14200
   14445
   14219
   14410
   14291
   14269
   14211
   14348
   14395
   14457
   14004
   14256
   14275
   14256
   14171
   13917
   14080
   14202
   14159
   13865
   13946
   13936
   14112
   14000
   13995
   13807
   13829
   13802
   13920
   14229
   13957
   14092
   14041
   14011
   13770
   13978
   13893
   13870
   13627
   13842
   13976
   13844
   14002
   14045
   14024
   14061
   14244
   14001
   14123
   14219
   14028
   14235
   14213
   14019
   13898
   13896
   13682
   13936
   13844
   13797
   13719
   13716
   13639
   13948
   13630
   13828
   13796
   13741
   13719
   13880
   13916
   13761
   13814
   14062
   13708
   13621
   13492
   13603
   13825
   13916
   13950
   14132
   14216
   14289
   14351
   14410
   14440
   14641
   14759
   14676
   14473
   14546
   14506
   14111
   14117
   13748
   13717
   13754
   13457
   13400
   13529
   13439
   13626
   13818
   13901
   13928
   14065
   14152
   14066
   13810
   14115
   14002
   14008
   13536
   13756
   13625
   13484
   13791
   13833
   13544
   13748
   13542
   13510
   13766
   13950
   13992
   14002
   14254
   14284
   14132
   13856
   13984
   13750
   13560
   13377
   13281
   13277
   13257
   13000
   13048
   13239
   13192
   13278
   13270
   13290
   13232
   13220
   12987
   13220
   13247
   13227
   13307
   13514
   13455
   13470
   13565
   13704
   13418
   13287
   13402
   13140
   13301
   13086
   13042
   12986
   12928
   13108
   13022
   13110
   13311
   12974
   13228
   13010
   13312
   12910
   13126
   12901
   12858
   12785
   12866
   13016
   12799
   12720
   12995
   12813
   12861
   12872
   12782
   12703
   12769
   12833
   12947
   12667
   12738
   12668
   12720
   12669
   12642
   12775
   12586
   12720
   12571
   12704
   12505
   12546
   12729
   12581
   12539
   12731
   12516
   12496
   12349
   12506
   12366
   12502
   12557
   13027
   13098
   13269
   14020
   14325
   14793
   15289
   15593
   15700
   15716
   15288
   14934
   14030
   13743
   13205
   12730
   12377
   12486
   12217
   11808
   12177
   11935
   12014
   12203
   11864
   11920
   11684
   11886
   11872
   11921
   11942
   11908
   11884
   11868
   12011
   11788
   11869
   11961
   11911
   11944
   11896
   11740
   11734
   11768
   11640
   11688
   11497
   11630
   11618
   11636
   11582
   11739
   11607
   11613
   11775
   11906
   11459
   11734
   11466
   11576
   11585
   11437
   11616
   11500
   11605
   11625
   11512
   11553
   11652
   11584
   11885
   12145
   12215
   12380
   12484
   12695
   12859
   12763
   12437
   12550
   12267
   11919
   11908
   11555
   11365
   11425
   11271
   11416
   11508
   11452
   11418
   11561
   11407
   11218
   11340
   11496
   11582
   11884
   11660
   11985
   12537
   13145
   13649
   13744
   14363
   14602
   14353
   14163
   13847
   12999
   12723
   12416
   11863
   11619
   11215
   11182
   11081
   11340
   11238
   11033
   10887
   11113
   11107
   11182
   10919
   11160
   11025
   11022
   11122
   11015
   11092
   11023
   11076
   11197
   11050
   10987
   11135
   11065
   11024
   10934
   11029
   11125
   11083
   10994
   10994
   10970
   10849
   11045
   11034
   10830
   10960
   10977
   10832
   10962
   10926
   10919
   10816
   10975
   10882
   10946
   10991
   10948
   10953
   11009
   10985
   11014
   11052
   11086
   11118
   11105
   10924
   10981
   10915
   10996
   10941
   10993
   10775
   11016
   10990
   11030
   10833
   11071
   11019
   11049
   11094
   10965
   10921
   11218
   10661
   11027
   10728
   10688
   10704
   10709
   10810
   10776
   10630
   10643
   10602
   10827
   10592
   10614
   10562
   10752
   10644
   10623
   10652
   10750
   10642
   10674
   10651
   10803
   10935
   10770
   10753
   10942
   10802
   10586
   10662
   10665
   10916
   10681
   10744
   10766
   10539
   10473
   10565
   10536
   10685
   10671
   10631
   10545
   10448
   10788
   10508
   10598
   10508
   10628
   10679
   10540
   10672
   10470
   10540
   10402
   10594
   10447
   10615
   10652
   10446
   10365
   10638
   10456
   10472
   10561
   10326
   10468
   10610
   10395
   10512
   10416
   10491
   10372
   10307
   10471
   10447
   10338
   10327
   10496
   10356
   10275
   10367
   10417
   10249
   10327
   10538
   10319
   10284
   10478
   10362
   10441
   10293
   10347
   10408
   10400
   10569
   10352
   10328
   10181
   10266
   10274
   10436
   10288
   10513
   10426
   10271
   10358
   10387
   10384
   10571
   10558
   10405
   10503
   10237
   10519
   10279
   10536
   10383
   10256
   10302
   10198
   10318
   10265
   10093
   10214
   10280
   10121
   10147
   10072
   10161
   10059
   10181
   10033
   10168
   10045
   10173
   10145
    9960
   10106
   10103
   10010
   10037
   10028
   10170
   10049
   10150
   10210
   10347
   10568
   10777
   11284
   11605
   12133
   12603
   12811
   12779
   13144
   12735
   12525
   11997
   11582
   11181
   10831
   10568
   10040
   10275
   10140
   10008
   10021
   10077
   10205
   10216
   10484
   10542
   10761
   11004
   11175
   10991
   10828
   10828
   10738
   10517
   10355
   10278
   10008
   10070
    9881
    9866
    9816
    9969
    9896
    9894
    9833
    9888
    9984
   10107
   10027
   10079
   10108
    9951
   10048
   10123
   10041
   10142
    9783
   10025
    9717
    9612
    9620
    9689
    9844
    9775
    9823
    9760
    9872
    9621
    9721
    9564
    9628
    9724
    9717
    9809
    9693
    9710
    9732
    9590
    9683
    9737
    9663
    9707
    9684
    9672
    9970
    9806
    9790
    9711
   10022
    9874
    9931
    9954
    9846
   10070
    9823
    9743
    9839
    9750
    9713
    9782
    9469
    9664
    9638
    9531
    9647
    9422
    9497
    9689
    9599
    9723
    9517
    9584
    9775
   10250
   10488
   10882
   11542
   12501
   13180
   14509
   15626
   16608
   17026
   17210
   16785
   16222
   15052
   13947
   12791
   11770
   11037
   10411
   10070
    9825
    9627
    9517
    9468
    9464
    9466
    9461
    9273
    9516
    9210
    9289
    9255
    9497
    9408
    9494
    9298
    9439
    9304
    9507
    9683
    9794
    9935
    9872
   10094
   10112
   10164
   10286
   10160
    9984
    9992
    9833
    9784
    9427
    9649
    9322
    9326
    9204
    9369
    9291
    9325
    9385
    9161
    9138
    9215
    9252
    9128
    9447
    9250
    9442
    9270
    9591
    9721
    9554
    9895
   10219
   10406
   10722
   11067
   11646
   11995
   12476
   12775
   12892
   12620
   12101
   11891
   11234
   10904
   10425
   10064
    9992
    9751
    9524
    9797
    9668
    9803
    9976
   10065
   10210
   10495
   10870
   11309
   11723
   12306
   12716
   12527
   12715
   12387
   11862
   11398
   10799
   10346
   10039
    9612
    9451
    9105
    9046
    9098
    8860
    8983
    9003
    9038
    9092
    8640
    8962
    9152
    8848
    8942
    8824
    8970
    8851
    8829
    8865
    8781
    8927
    8943
    8774
    8969
    8929
    8936
    9010
    8842
    8742
    8948
    8971
    8836
    9008
    8976
    8858
    9009
    8918
    8916
    8860
    8971
    8947
    8902
    8706
    8974
    9037
    8999
    9095
    9107
    9080
    9287
    9381
   10001
   10843
   12260
   14009
   17041
   20722
   25010
   30245
   35792
   41339
   45669
   48782
   49746
   48752
   46066
   41462
   35851
   29702
   24252
   19362
   15890
   12837
   10868
    9797
    9127
    8845
    8947
    9461
    9599
   10236
   10809
   11744
   12831
   13774
   15084
   15970
   16614
   16994
   17520
   17122
   16509
   15309
   14259
   12892
   11536
   10568
    9690
    9122
    8564
    8213
    8059
    8182
    7887
    7882
    7903
    7937
    8024
    7996
    8010
    7868
    7819
    7929
    7855
    7947
    8002
    8029
    7894
    8135
    8216
    8311
    8376
    8574
    8922
    9014
    9276
    9949
   10243
   10700
   11405
   11829
   12492
   12751
   12640
   12543
   12115
   11410
   10672
   10045
    9576
    9041
    8715
    8208
    7907
    7849
    7821
    7877
    7960
    8108
    8476
    8961
   10390
   12101
   14653
   18398
   23169
   28493
   34291
   40241
   45266
   48333
   48880
   47989
   44560
   40051
   33751
   28050
   22294
   17582
   14130
   11432
    9887
    8544
    7797
    7366
    7183
    7169
    7048
    7029
    6958
    7005
    6944
    7033
    6957
    6821
    6867
    7006
    7017
    6896
    6856
    6994
    6916
    6988
    6870
    6728
    6944
    6853
    6895
    6899
    6933
    6959
    6836
    6954
    6933
    7044
    7093
    7020
    7052
    6980
    7031
    6907
    7011
    7063
    7133
    6863
    6992
    7023
    6918
    6932
    6956
    6944
    6897
    6879
    6887
    6850
    6680
    6837
    7008
    6828
    6923
    6824
    6523
    6854
    6875
    6775
    6832
    6748
    6844
    6829
    6828
    6853
    6942
    6840
    6743
    6766
    6764
    6837
    6661
    6852
    6891
    6845
    6747
    6802
    6874
    6812
    6687
    6796
    6533
    6873
    6802
    6824
    6789
    6866
    6950
    6741
    6808
    6702
    6544
    6669
    6760
    6530
    6812
    6732
    6526
    6674
    6807
    6660
    6786
    6851
    6651
    6593
    6834
    6818
    6688
    6796
    6753
    6859
    6890
    6883
    6886
    7110
    7115
    7311
    7382
    7715
    7464
    7576
    7488
    7327
    7476
    7163
    7251
    7047
    6939
    6923
    6736
    6749
    6713
    6852
    6676
    6674
    6678
    6662
    6715
    6475
    6435
    6605
    6673
    6489
    6529
    6653
    6722
    6683
    6669
    6649
    6631
    6820
    6988
    7503
    7661
    8362
    9105
    9932
   10773
   12030
   12760
   13262
   13504
   13678
   13859
   13350
   12784
   12426
   12328
   12473
   13039
   13622
   14355
   15124
   15060
   15082
   14453
   13622
   12377
   11012
   10133
    8940
    8180
    7437
    6922
    6951
    6723
    6842
    6772
    7158
    7002
    7177
    7277
    7401
    7313
    7247
    7067
    7042
    6907
    6615
    6612
    6641
    6414
    6552
    6653
    6561
    6615
    6402
    6519
    6599
    6467
    6852
    7102
    7522
    8778
   10832
   14575
   19627
   27656
   38518
   52201
   68042
   85932
  103194
  117991
  129745
  134837
  133679
  125179
  111889
   94840
   76709
   58907
   43366
   30858
   21778
   15067
   10842
    8370
    6864
    5996
    5414
    5270
    5148
    4830
    4888
    4660
    4580
    4519
    4567
    4524
    4486
    4602
    4668
    4806
    5015
    5545
    6231
    7206
    8854
   10848
   13533
   16944
   20661
   23977
   26835
   28879
   29685
   29584
   28022
   25319
   22067
   18301
   14752
   11874
    9604
    7891
    7055
    6995
    7632
    8766
   10749
   13037
   16092
   19042
   21617
   23972
   25690
   25771
   25410
   23187
   20747
   17926
   14808
   12144
    9675
    7651
    6192
    5237
    4685
    4309
    4255
    3912
    3827
    3850
    3798
    3724
    3680
    3724
    3808
    3820
    3681
    3731
    3757
    3761
    3774
    3868
    3677
    3802
    3729
    3739
    3795
    3796
    3773
    3753
    3719
    3795
    3725
    3774
    3895
    3822
    3851
    3863
    3768
    3708
    3784
    3677
    3804
    3586
    3706
    3644
    3627
    3671
    3617
    3673
    3616
    3754
    3611
    3725
    3839
    3753
    3734
    3864
    3952
    4061
    4358
    4993
    6077
    7338
    9292
   11708
   14954
   18967
   23196
   28061
   33006
   37592
   41636
   43674
   45602
   45353
   43150
   39740
   35415
   30654
   25349
   20060
   15473
   11818
    8794
    6717
    5152
    4222
    3635
    3482
    3155
    3150
    3109
    3240
    3113
    3186
    3207
    3117
    3050
    3162
    3015
    3136
    2941
    3197
    3067
    3028
    3043
    3025
    3043
    3076
    3104
    3026
    3171
    3131
    3142
    3133
    3316
    3378
    3369
    3376
    3481
    3449
    3579
    3543
    3700
    3638
    3586
    3533
    3547
    3433
    3539
    3306
    3341
    3340
    3079
    3002
    3061
    3005
    2974
    3032
    2971
    2986
    2970
    3032
    2916
    2928
    2974
    2832
    2996
    2930
    2992
    3022
    2954
    3017
    2935
    2979
    2896
    2897
    2920
    2895
    3001
    3086
    3023
    2951
    2952
    2983
    2974
    2963
    2882
    3049
    2966
    2927
    2967
    3018
    2910
    2897
    2863
    2952
    2952
    2998
    2879
    3020
    2973
    3001
    2918
    2943
    2991
    2982
    2994
    3051
    2923
    2897
    2969
    2983
    2944
    2847
    2822
    2991
    2906
    2875
    2807
    2879
    2881
    2863
    2852
    2855
    2795
    2983
    2950
    2840
    3049
    2897
    3028
    3103
    3137
    3167
    3296
    3209
    3322
    3302
    3313
    3249
    3241
    3169
    3368
    3440
    3913
    4617
    5858
    8317
   11890
   17576
   26089
   37038
   51049
   66642
   84998
  102199
  117402
  129906
  136833
  136336
  129442
  118007
  102819
   84539
   66777
   50075
   36351
   25336
   17061
   11397
    7640
    5180
    3726
    2992
    2436
    2110
    1943
    1820
    1673
    1635
    1498
    1481
    1452
    1303
    1294
    1322
    1312
    1178
    1232
    1262
    1286
    1290
    1291
    1296
    1256
    1365
    1350
    1268
    1338
    1383
    1369
    1354
    1382
    1381
    1303
    1373
    1384
    1295
    1301
    1288
    1240
    1234
    1199
    1193
    1318
    1318
    1376
    1452
    1696
    1954
    2508
    3139
    4162
    5137
    6629
    8086
    9227
   10475
   11580
   12357
   12030
   11545
   10725
    9396
    7816
    6490
    5138
    3940
    3028
    2256
    1825
    1535
    1237
    1182
    1135
    1068
    1048
    1086
    1068
    1106
    1179
    1245
    1232
    1355
    1520
    1681
    2020
    2263
    2532
    2842
    3036
    3233
    3231
    3136
    3145
    2964
    2563
    2433
    2085
    1798
    1649
    1507
    1367
    1302
    1201
    1195
    1101
    1079
    1132
    1124
    1179
    1225
    1197
    1272
    1238
    1285
    1354
    1356
    1410
    1393
    1405
    1361
    1346
    1305
    1308
    1224
    1195
    1124
    1132
    1011
    1059
    1044
    1026
     974
    1004
     972
    1006
    1027
     952
     981
     998
     990
     989
     952
     945
     955
     991
     949
     973
     994
     981
     997
    1025
    1003
     995
    1010
     970
    1034
     980
    1016
     962
     977
    1001
     976
     977
     948
    1011
     937
     943
     980
    1015
     991
     999
     989
     951
     886
     975
    1022
     992
     928
     987
     895
     947
     964
     962
     980
    1015
    1004
     966
    1011
     980
     955
     953
     984
     959
     977
     982
     991
     965
     953
     996
    1037
    1008
     956
     922
    1020
    1026
     939
    1022
     985
     992
     974
     986
     959
     949
     911
     962
     965
     945
     966
    1003
     979
     981
     950
     976
     952
     962
    1021
    1000
     972
     976
     956
     989
    1007
    1031
    1030
    1135
    1158
    1198
    1318
    1500
    1582
    1638
    1685
    1835
    1865
    1783
    1688
    1636
    1522
    1406
    1319
    1224
    1216
    1123
    1106
    1092
     972
     994
     977
     938
     916
     994
     967
     937
     967
     918
     928
     924
     989
     905
     979
    1000
     896
    1010
    1006
    1042
    1224
    1406
    1807
    2357
    3247
    4386
    5928
    7855
    9962
   12343
   14536
   16901
   18323
   19046
   19498
   18803
   17431
   15090
   12990
   10410
    8020
    5942
    4460
    3097
    2302
    1539
    1296
    1013
     879
     823
     796
     809
     729
     788
     782
     765
     762
     829
     784
     791
     767
     765
     769
     760
     734
     695
     759
     708
     673
     753
     715
     749
     700
     736
     747
     758
     740
     792
     867
     873
     886
     853
     814
     854
     844
     811
     849
     824
     784
     786
     739
     770
     718
     723
     704
     646
     691
     711
     724
     777
     736
     717
     765
     780
     748
     763
     787
     809
     861
     847
     904
     891
     932
     960
     891
     868
     864
     830
     770
     769
     700
     743
     684
     642
     724
     662
     704
     662
     756
     702
     720
     698
     680
     684
     689
     709
     697
     688
     697
     694
     662
     709
     713
     655
     681
     660
     687
     672
     652
     728
     642
     666
     647
     657
     667
     661
     692
     630
     651
     657
     658
     690
     657
     696
     666
     678
     614
     713
     644
     686
     671
     659
     654
     652
     679
     649
     679
     664
     665
     650
     620
     656
     593
     661
     622
     674
     644
     596
     661
     608
     662
     638
     579
     687
     613
     639
     636
     660
     634
     625
     632
     636
     678
     649
     628
     631
     662
     597
     639
     630
     687
     625
     645
     663
     656
     666
     622
     666
     681
     638
     680
     644
     679
     663
     627
     684
     599
     666
     594
     608
     657
     578
     583
     613
     612
     602
     607
     656
     651
     641
     588
     618
     628
     603
     599
     604
     617
     576
     630
     601
     638
     644
     624
     678
     562
     644
     609
     601
     592
     655
     565
     682
     599
     647
     675
     652
     741
     796
     791
     872
     976
    1011
    1063
    1054
     992
    1086
    1040
    1002
     955
     908
     844
     749
     762
     666
     666
     644
     603
     605
     556
     571
     644
     566
     602
     611
     597
     575
     634
     621
     534
     565
     589
     563
     609
     566
     554
     605
     592
     592
     558
     584
     616
     621
     582
     614
     634
     631
     597
     613
     625
     630
     629
     639
     615
     639
     654
     630
     564
     637
     571
     595
     565
     559
     569
     594
     592
     568
     579
     610
     552
     582
     538
     582
     605
     540
     567
     562
     554
     534
     563
     574
     581
     611
     525
     558
     534
     547
     548
     580
     579
     601
     591
     618
     623
     637
     631
     686
     650
     680
     700
     652
     638
     646
     621
     606
     599
     586
     563
     595
     541
     600
     559
     550
     582
     529
     502
     513
     595
     540
     584
     543
     562
     586
     576
     588
     555
     602
     575
     603
     600
     614
     595
     571
     584
     575
     573
     582
     575
     582
     557
     577
     559
     564
     513
     552
     529
     580
     559
     532
     589
     562
     560
     539
     508
     583
     562
     488
     572
     550
     556
     556
     559
     540
     578
     555
     558
     550
     585
     542
     568
     496
     581
     581
     501
     512
     582
     531
     529
     569
     517
     563
     538
     511
     541
     567
     520
     556
     525
     533
     531
     533
     570
     489
     519
     570
     541
     551
     559
     530
     539
     543
     557
     510
     581
     588
     586
     556
     556
     561
     559
     616
     543
     579
     621
     570
     577
     626
     646
     671
     620
     725
     626
     722
     772
     779
     836
     819
     925
     956
    1088
    1202
    1299
    1342
    1528
    1671
    1746
    1779
    1883
    1950
    1901
    1972
    1895
    1881
    1737
    1621
    1536
    1462
    1322
    1212
    1155
    1109
    1122
     972
     948
     844
     843
     717
     777
     710
     710
     681
     638
     606
     604
     656
     591
     593
     533
     544
     553
     557
     501
     530
     528
     592
     498
     531
     526
     521
     519
     545
     511
     505
     504
     560
     480
     543
     539
     510
     469
     564
     548
     537
     491
     524
     544
     531
     513
     509
     515
     504
     496
     507
     490
     550
     507
     521
     509
     524
     490
     477
     514
     527
     507
     496
     476
     508
     524
     518
     491
     498
     494
     416
     515
     496
     482
     517
     532
     499
     527
     530
     470
     518
     501
     505
     502
     481
     449
     486
     547
     501
     467
     462
     449
     460
     496
     497
     519
     495
     485
     488
     445
     499
     503
     489
     492
     522
     471
     517
     506
     505
     489
     497
     466
     509
     535
     516
     488
     499
     516
     496
     509
     500
     492
     506
     480
     487
     480
     478
     482
     503
     500
     490
     473
     445
     459
     499
     485
     532
     530
     491
     496
     526
     499
     515
     471
     476
     506
     538
     453
     497
     516
     462
     468
     466
     476
     502
     487
     462
     489
     464
     460
     481
     484
     479
     488
     462
     478
     442
     446
     436
     515
     465
     493
     435
     480
     433
     461
     482
     487
     464
     482
     468
     501
     506
     453
     486
     465
     473
     480
     462
     497
     487
     469
     492
     504
     472
     483
     469
     474
     470
     475
     513
     490
     477
     471
     486
     477
     495
     463
     441
     491
     478
     517
     501
     472
     475
     499
     451
     487
     455
     491
     504
     472
     489
     449
     472
     399
     445
     457
     494
     450
     444
     459
     434
     456
     487
     444
     451
     412
     417
     406
     423
     428
     491
     440
     446
     414
     458
     429
     437
     434
     437
     444
     468
     409
     431
     446
     456
     444
     439
     397
     446
     409
     462
     428
     452
     498
     417
     427
     423
     468
     410
     428
     437
     454
     449
     411
     399
     399
     411
     442
     431
     415
     455
     449
     412
     429
     445
     462
     434
     423
     423
     468
     421
     451
     495
     448
     456
     452
     469
     454
     501
     498
     491
     469
     489
     438
     523
     511
     486
     500
     458
     435
     464
     476
     441
     466
     448
     440
     431
     449
     442
     412
     434
     416
     416
     424
     471
     428
     400
     425
     443
     445
     448
     425
     440
     426
     423
     440
     409
     458
     397
     425
     412
     445
     424
     434
     490
     433
     431
     421
     437
     427
     390
     435
     394
     415
     449
     476
     495
     498
     539
     587
     658
     666
     714
     799
     849
     825
     839
     819
     803
     801
     759
     702
     654
     582
     541
     511
     485
     493
     425
     435
     461
     463
     429
     429
     464
     426
     404
     448
     410
     418
     431
     423
     395
     426
     383
     400
     438
     375
     421
     447
     402
     420
     415
     389
     381
     421
     424
     448
     407
     385
     411
     463
     421
     412
     418
     450
     395
     401
     436
     394
     411
     399
     433
     403
     415
     417
     391
     422
     410
     381
     392
     415
     409
     413
     421
     400
     392
     426
     412
     393
     397
     399
     409
     430
     385
     404
     448
     421
     440
     388
     413
     436
     424
     426
     429
     435
     438
     431
     408
     450
     377
     406
     417
     377
     375
     389
     409
     403
     414
     399
     399
     395
     369
     386
     376
     393
     424
     427
     395
     398
     404
     417
     390
     401
     382
     394
     397
     428
     391
     398
     429
     414
     401
     417
     369
     415
     357
     403
     392
     392
     442
     401
     421
     367
     420
     430
     415
     425
     418
     390
     404
     444
     386
     373
     396
     401
     432
     404
     365
     402
     383
     381
     412
     408
     400
     397
     379
     428
     358
     412
     389
     432
     396
     397
     388
     394
     402
     392
     391
     418
     418
     390
     389
     416
     401
     371
     386
     360
     397
     425
     466
     464
     559
     653
     692
     909
    1031
    1345
    1471
    1812
    1966
    2174
    2341
    2484
    2648
    2509
    2444
    2244
    2074
    1912
    1623
    1256
    1102
     907
     719
     603
     562
     413
     414
     402
     341
     364
     364
     364
     386
     366
     361
     380
     386
     354
     386
     372
     413
     363
     390
     369
     352
     343
     345
     351
     338
     354
     353
     360
     372
     367
     394
     328
     353
     350
     345
     402
     393
     389
     330
     357
     369
     339
     363
     405
     370
     361
     327
     356
     352
     359
     358
     346
     357
     334
     341
     352
     351
     347
     352
     323
     352
     319
     333
     338
     344
     335
     315
     357
     342
     344
     362
     332
     336
     330
     327
     335
     330
     338
     313
     358
     385
     341
     328
     359
     372
     360
     384
     356
     364
     330
     374
     397
     381
     360
     437
     384
     409
     431
     465
     447
     491
     487
     540
     526
     624
     545
     570
     569
     569
     494
     535
     509
     489
     467
     526
     464
     442
     430
     389
     388
     385
     379
     368
     382
     371
     360
     344
     347
     349
     332
     352
     329
     344
     318
     347
     323
     354
     333
     341
     351
     328
     336
     332
     327
     325
     311
     334
     346
     325
     311
     307
     333
     360
     347
     317
     335
     348
     348
     323
     289
     293
     305
     318
     336
     344
     312
     331
     350
     334
     318
     329
     315
     300
     348
     332
     343
     335
     374
     324
     322
     345
     335
     331
     360
     333
     391
     349
     343
     351
     397
     361
     416
     406
     442
     378
     428
     433
     457
     442
     424
     401
     423
     396
     365
     356
     340
     356
     349
     324
     340
     303
     322
     314
     355
     331
     342
     347
     334
     348
     343
     378
     379
     406
     378
     443
     438
     444
     399
     398
     406
     407
     406
     355
     350
     308
     321
     328
     315
     291
     317
     370
     326
     323
     322
     320
     296
     276
     317
     320
     330
     317
     357
     395
     417
     406
     429
     471
     513
     556
     514
     552
     565
     595
     643
     666
     678
     677
     781
     766
     831
     879
     921
     949
     953
     905
     953
     851
     865
     771
     745
     642
     572
     525
     492
     474
     443
     342
     330
     344
     304
     320
     294
     313
     310
     274
     283
     279
     298
     270
     281
     303
     282
     297
     263
     302
     297
     292
     288
     289
     308
     306
     331
     317
     347
     371
     307
     337
     327
     363
     342
     347
     326
     330
     352
     341
     299
     335
     326
     320
     286
     291
     269
     305
     266
     272
     319
     278
     295
     290
     290
     287
     267
     311
     260
     284
     274
     294
     298
     281
     281
     295
     266
     272
     260
     266
     289
     279
     281
     272
     305
     293
     258
     259
     294
     285
     281
     286
     274
     303
     289
     252
     299
     295
     269
     298
     300
     331
     332
     341
     360
     380
     441
     412
     490
     508
     526
     583
     565
     546
     540
     541
     464
     521
     456
     413
     408
     381
     345
     312
     300
     287
     308
     307
     298
     277
     245
     301
     305
     316
     312
     304
     293
     279
     294
     309
     304
     331
     379
     409
     461
     493
     468
     523
     522
     547
     555
     545
     554
     523
     531
     518
     528
     552
     541
     635
     599
     660
     835
     866
     999
    1093
    1190
    1103
    1203
    1139
    1120
    1060
     930
     872
     799
     753
     660
     587
     538
     537
     484
     533
     554
     568
     583
     543
     577
     585
     597
     568
     547
     530
     508
     436
     409
     341
     345
     329
     314
     286
     342
     371
     406
     419
     481
     593
     758
     861
    1022
    1239
    1375
    1536
    1680
    1825
    1906
    1883
    1819
    1746
    1615
    1524
    1214
    1153
     985
     797
     715
     571
     468
     399
     362
     312
     302
     283
     236
     274
     282
     264
     292
     296
     299
     343
     327
     328
     330
     284
     346
     319
     344
     323
     329
     328
     338
     385
     398
     403
     483
     546
     635
     704
     768
     807
     929
     985
    1012
    1062
    1131
    1084
    1061
     997
     987
     922
     866
     750
     729
     692
     604
     518
     522
     456
     447
     447
     454
     490
     434
     446
     472
     469
     475
     450
     452
     458
     386
     400
     381
     349
     323
     300
     301
     237
     268
     241
     249
     250
     250
     230
     280
     271
     355
     380
     418
     524
     582
     659
     778
     861
    1028
    1097
    1221
    1231
    1289
    1290
    1217
    1210
    1060
     989
     854
     766
     661
     564
     481
     408
     357
     422
     326
     354
     406
     494
     608
     713
     914
    1171
    1362
    1608
    1839
    2004
    2289
    2362
    2512
    2627
    2505
    2360
    2318
    1960
    1750
    1566
    1250
    1027
     879
     709
     604
     553
     460
     466
     446
     401
     392
     370
     387
     359
     359
     299
     268
     266
     252
     244
     246
     207
     201
     207
     185
     213
     205
     190
     213
     189
     199
     202
     228
     185
     218
     219
     228
     198
     189
     217
     200
     221
     205
     185
     207
     183
     196
     201
     182
     195
     185
     173
     166
     205
     196
     203
     162
     195
     195
     171
     174
     212
     176
     188
     167
     171
     158
     196
     190
     196
     196
     176
     169
     212
     210
     200
     204
     203
     208
     198
     209
     247
     221
     238
     245
     262
     258
     244
     234
     244
     237
     205
     252
     196
     197
     189
     205
     197
     206
     177
     175
     195
     177
     182
     192
     201
     174
     188
     185
     161
     184
     206
     205
     179
     204
     206
     173
     188
     170
     193
     212
     179
     187
     171
     194
     157
     192
     174
     194
     181
     187
     184
     212
     220
     204
     171
     195
     170
     176
     213
     199
     170
     210
     201
     165
     173
     153
     178
     180
     166
     194
     186
     161
     151
     170
     197
     157
     174
     188
     176
     192
     159
     170
     172
     145
     194
     147
     178
     199
     181
     182
     183
     189
     236
     237
     231
     277
     256
     259
     263
     242
     286
     284
     264
     283
     252
     241
     303
     237
     263
     276
     274
     279
     233
     299
     334
     364
     365
     381
     382
     398
     411
     423
     401
     377
     347
     321
     318
     309
     328
     323
     293
     268
     268
     268
     242
     246
     269
     239
     233
     218
     247
     247
     215
     219
     246
     189
     234
     192
     205
     196
     214
     193
     206
     192
     207
     215
     208
     228
     229
     219
     220
     220
     201
     200
     222
     204
     237
     216
     185
     203
     188
     203
     199
     178
     198
     187
     183
     209
     207
     202
     201
     199
     196
     225
     236
     192
     213
     199
     222
     213
     199
     205
     188
     226
     200
     207
     191
     187
     205
     198
     214
     196
     175
     187
     181
     190
     206
     200
     158
     203
     182
     185
     198
     185
     216
     225
     232
     224
     233
     238
     240
     235
     230
     240
     214
     217
     226
     224
     237
     219
     250
     292
     308
     341
     388
     377
     465
     457
     535
     527
     607
     614
     640
     578
     596
     553
     523
     420
     421
     401
     305
     315
     243
     225
     229
     189
     182
     159
     172
     185
     170
     185
     166
     183
     175
     192
     171
     192
     174
     172
     161
     159
     186
     187
     173
     164
     157
     163
     167
     182
     186
     175
     198
     202
     209
     222
     201
     210
     223
     219
     175
     181
     196
     193
     176
     172
     179
     166
     169
     172
     172
     136
     144
     166
     166
     144
     150
     182
     129
     153
     175
     157
     156
     188
     182
     148
     173
     191
     186
     153
     160
     153
     163
     174
     167
     179
     144
     160
     169
     170
     143
     182
     184
     172
     159
     151
     167
     178
     171
     169
     169
     186
     231
     229
     262
     262
     264
     298
     347
     401
     417
     434
     426
     447
     482
     457
     443
     426
     386
     371
     320
     299
     278
     246
     191
     232
     173
     179
     213
     167
     184
     164
     198
     199
     250
     293
     344
     409
     417
     517
     645
     732
     859
     966
    1034
    1187
    1267
    1313
    1372
    1241
    1261
    1244
    1214
    1086
     983
     860
     709
     575
     484
     429
     386
     305
     271
     281
     221
     222
     222
     210
     197
     195
     202
     184
     193
     207
     187
     187
     183
     186
     188
     223
     251
     261
     273
     310
     365
     433
     490
     524
     536
     604
     630
     595
     630
     573
     580
     554
     491
     431
     395
     353
     276
     262
     218
     204
     175
     181
     160
     159
     158
     169
     156
     154
     166
     131
     164
     149
     141
     137
     136
     121
     134
     144
     139
     119
     133
     141
     132
     143
     134
     143
     117
     142
     126
     128
     129
     151
     145
     143
     149
     136
     135
     118
     127
     124
     120
     113
     145
     139
     130
     129
     158
     144
     118
     129
     133
     132
     130
     145
     145
     139
     146
     146
     153
     168
     177
     160
     164
     155
     167
     208
     175
     162
     158
     173
     176
     180
     175
     161
     193
     138
     146
     180
     164
     145
     136
     143
     134
     143
     113
     130
     141
     132
     133
     126
     133
     141
     153
     149
     118
     132
     124
     132
     156
     121
     135
     150
     150
     171
     175
     155
     175
     161
     204
     206
     208
     208
     202
     197
     195
     209
     168
     177
     190
     162
     153
     151
     143
     160
     146
     137
     130
     149
     142
     170
     155
     137
     115
     139
     125
     133
     130
     143
     140
     121
     153
     145
     155
     144
     139
     155
     151
     165
     131
     138
     150
     135
     124
     136
     162
     116
     139
     129
     140
     145
     136
     130
     150
     128
     141
     152
     131
     161
     150
     128
     133
     140
     114
     136
     116
     107
     140
     132
     117
     102
     159
     121
     143
     128
     137
     136
     125
     114
     119
     130
     132
     131
     118
     118
     150
     124
     133
     121
     137
     134
     119
     148
     139
     152
     141
     175
     187
     198
     238
     239
     330
     314
     345
     420
     482
     500
     541
     531
     538
     554
     557
     548
     484
     450
     454
     370
     359
     300
     278
     250
     201
     185
     146
     163
     143
     145
     143
     123
     129
     144
     117
     118
     134
     125
     133
     120
     132
     115
     100
     131
     119
     120
     112
     122
     122
     137
     104
     103
     110
     114
     109
     114
     113
     117
     138
     138
     120
     134
     143
     148
     148
     166
     144
     158
     162
     150
     167
     159
     173
     162
     161
     157
     156
     152
     175
     170
     155
     177
     177
     209
     232
     272
     261
     311
     341
     367
     391
     396
     378
     493
     408
     458
     409
     399
     366
     376
     365
     321
     308
     319
     360
     362
     462
     495
     675
     655
     803
     950
    1007
    1189
    1224
    1299
    1377
    1379
    1301
    1244
    1121
    1038
     924
     849
     733
     615
     477
     402
     348
     293
     255
     234
     191
     165
     145
     148
     162
     123
     140
     159
     133
     150
     158
     127
     156
     125
     131
     133
     125
     121
     118
      98
     113
     106
     111
      99
      94
     104
     102
     100
     110
     127
     105
     117
     119
     117
     109
      98
     113
     110
     104
     103
     107
     106
      99
     105
      97
      99
     102
      95
     111
     111
     121
      94
      92
     105
     108
     101
      98
     121
      97
     110
     111
     113
      92
     105
     122
      99
      95
     103
     124
     115
     124
     111
     110
     112
     115
     103
     121
     112
      99
      92
     105
      86
     119
     105
      94
      84
     122
     117
     109
     114
     112
     100
      99
     118
     111
      95
     109
     113
     119
     104
     116
      99
     111
     102
     126
     121
     125
     148
     142
     152
     173
     193
     184
     198
     210
     210
     205
     212
     201
     208
     215
     182
     177
     173
     182
     170
     151
     148
     139
     139
     122
     111
     139
     130
     122
     114
     124
     132
     103
     127
     118
     101
     104
     111
     113
     124
     113
     108
      92
     107
     110
     104
      88
     108
     103
      74
      89
     108
     108
      86
      88
      93
     110
      92
     101
     106
      92
      97
      83
     116
     115
     107
      87
     100
      95
      93
     110
     100
     115
     107
     103
     112
      98
     115
     103
      93
     123
     117
     109
     114
      93
     106
      89
     103
      97
      91
      99
     102
     108
      98
     104
      85
      93
     106
     101
      90
      73
      80
     119
     100
      94
      94
      95
      97
     102
      79
      88
      96
      96
      96
     110
     113
      83
      77
      98
      88
     110
     105
      94
      96
     107
     112
     103
      88
      77
      99
     104
     124
      93
     109
      98
     103
     109
     108
      87
     108
     110
      96
      98
     112
     106
     110
      96
      96
     100
     108
      99
      97
     110
      97
     123
     100
     100
      99
     106
     109
      92
      98
     109
      89
     104
     116
     104
     106
     105
     121
     130
     117
     109
     119
     131
     111
     120
      98
     115
      98
      95
     106
     115
     118
     105
     115
     109
      85
     111
     119
     116
     115
     101
     112
      98
     110
     100
      97
      96
     117
      96
      91
      98
      93
      89
     103
      95
     105
      93
     108
      84
      69
      87
     106
     103
      97
      87
      93
      83
     100
      85
     101
     100
      86
     100
     100
      91
      98
     105
      81
     124
      97
     100
      97
     104
      86
      90
      96
      94
      95
     102
     101
     107
     117
      78
      99
     106
      99
     120
      99
      98
     117
     103
      86
      95
     102
     105
     105
      92
     120
      80
     104
      95
     107
      80
      89
      86
      79
      85
      77
      77
      99
      81
      83
     117
      77
     109
     102
      75
      94
      90
     101
      84
      99
      79
     101
      82
      88
      96
     100
      94
      84
      95
     100
      98
     106
     118
      95
      77
      90
      94
     101
     109
      96
      87
      89
      95
     104
      73
      95
      84
      93
      81
      88
     104
      84
      85
      93
      95
      89
      85
     119
      89
      84
      89
     104
      98
     102
      91
      97
     118
     101
      79
      96
      84
     102
     110
     113
      89
     105
      87
      91
     107
      89
      92
      87
      86
      87
     103
      80
      85
     105
     106
      89
     101
     105
      98
      88
      92
     113
     105
      84
      94
      93
      96
      89
     101
      85
      97
      75
     106
     102
     104
      84
     110
     106
     101
     112
     109
     107
     113
     109
      94
      88
     109
      81
      95
      99
     108
     114
      90
      84
      62
      88
      91
     101
      82
      85
      92
      88
      92
      82
      74
      97
     101
      90
      90
      90
      76
     101
      95
      82
     110
     110
     105
     116
     100
     118
     121
      99
      97
      98
     107
      99
      98
      95
      90
      90
      89
      94
      78
      97
      77
      86
      99
      96
      90
      83
      75
      89
      85
     103
      97
     106
      95
      99
     104
      85
      98
      84
      99
      91
      89
      91
     106
      95
      83
      85
      93
      94
      97
     108
      93
     103
      93
      96
      94
     107
     100
      86
      96
     101
     114
     113
     102
     106
     107
     107
     109
      98
     110
     104
     101
      96
     106
      99
     111
      88
     109
     107
     130
     139
     148
     164
     167
     166
     188
     187
     202
     187
     192
     179
     213
     210
     183
     167
     149
     141
     155
     112
     122
     112
     107
     102
      91
      85
      83
      87
      72
      77
      96
      93
      84
      84
      89
      74
      94
      93
      79
      87
      85
      80
     100
      97
      88
      95
     110
      86
      97
      84
      84
      93
      88
      78
      99
      92
      90
      88
      99
      57
      85
      90
      82
      83
      77
      88
      94
      70
      84
      84
      73
      78
      74
      89
      82
      71
      72
      83
      93
      92
      82
      69
      78
      72
      82
      79
      85
      78
      67
     113
      89
      75
      93
      87
      81
      86
      75
      93
      89
      97
      82
      85
      97
     102
      96
      91
     110
     136
     170
     183
     188
     221
     237
     256
     317
     316
     376
     333
     343
     365
     405
     367
     348
     334
     339
     304
     252
     238
     198
     198
     161
     143
     114
     121
      98
      99
      81
      85
      96
      87
      85
      90
      73
      88
      77
      94
      95
      93
      79
      78
      72
      72
      79
      97
      79
      85
      74
      90
      73
      81
      78
      80
      69
      77
      87
      86
      89
      81
      63
      74
      79
      89
      63
      98
      74
      84
      80
      86
      98
      72
      72
      86
      69
      85
      76
      73
      86
      85
      81
      75
     104
      97
      96
     104
     127
     112
     118
     115
     138
     123
     125
     117
     122
     107
     105
     112
      92
     117
      98
     105
     111
      75
      73
      86
      86
      82
      99
      70
      88
      79
      80
      81
      68
      66
      71
      70
      98
      90
      84
      94
      74
      86
      80
      81
      89
      81
      82
      91
      97
      85
      83
      89
      62
      80
      85
      71
      85
      85
      67
      69
      82
      72
      75
      82
      76
      86
      62
      72
      65
      64
      78
      79
      77
      71
      60
      78
      72
      83
      76
      76
      83
      73
      83
      83
      86
      84
      73
      77
      62
     107
      85
      77
      84
      85
      73
      69
      79
      69
      80
      87
      64
      77
      70
      70
      72
      88
      75
      91
     100
     101
     102
     118
     103
      89
     101
     103
     105
      99
     112
      85
     102
      82
      92
      95
      83
      82
      86
      95
      84
      78
      84
      79
      67
      86
      91
      97
      70
      72
      82
      72
      80
      66
      83
      85
      78
      75
      81
      71
      70
      95
      77
      73
      74
      63
      79
      87
      75
      65
      88
      70
      59
      68
      78
      69
      60
      84
      73
      78
      65
      81
      84
      75
      70
      77
      80
      72
      79
      80
      76
      78
      80
      80
      85
      89
     103
     108
     104
      89
     106
      95
     110
     102
      88
      81
      95
      94
      82
      86
      95
      95
      83
      80
      87
      94
      83
      81
      75
      77
      72
      87
      79
      67
      67
      80
      85
      74
      72
      63
      96
      66
      61
      76
      61
      79
      80
      69
      71
      87
      68
      76
      79
      81
      83
      74
      95
      75
      87
      87
      86
      72
      63
      72
      75
      79
      70
      90
      78
      69
      59
      69
      66
      59
      46
      71
      81
      72
      68
      59
      59
      68
      70
      70
      48
      88
      67
      57
      75
      81
      73
      59
      66
      78
      79
      69
      73
      77
      66
      72
      69
      70
      68
      77
      67
      73
      86
      83
      74
      81
      63
      65
      78
      82
      72
      84
      71
      74
      75
      65
      74
      59
      70
      79
      65
      66
      67
      68
      83
      95
      77
      94
      76
      70
      63
      74
      77
      55
      76
      60
      93
      76
      90
      62
      75
      82
      67
      84
      98
      89
      99
     103
     119
     122
     124
     103
     115
     115
     109
     112
      99
      99
     114
     106
     100
      90
      80
     101
      87
      81
      97
      80
      65
      76
      70
      92
      79
      71
      80
      63
      92
      77
      81
      77
      79
      65
      70
      76
      74
      85
      69
      65
      67
      71
      73
      89
      58
      82
      57
      64
      68
      76
      68
      77
      59
      72
      76
      79
      64
      66
      60
      58
      76
      69
      62
      72
      75
      63
      72
      70
      74
      72
      80
      82
      78
      74
      80
      70
      80
      96
      72
      70
      74
      73
      75
      67
      92
      71
      62
      78
      63
      64
      77
      61
      73
      66
      74
      72
      76
      74
      75
      62
      74
      63
      74
      78
      65
      82
      71
      69
      78
      84
      73
      63
      86
      75
      80
      87
      81
      80
      72
      70
      72
      83
      90
      72
      91
      87
      78
      98
     101
      78
      72
      82
      72
      88
     104
      80
      79
      64
      89
      78
      57
      90
      88
      67
      78
      70
      84
      94
      74
      86
      58
      62
      63
      73
      76
      61
      55
      58
      71
      63
      64
      64
      77
      71
      57
      59
      64
      64
      55
      60
      60
      61
      67
      64
      65
      84
      65
      68
      69
      86
      74
      68
      73
      67
      82
      61
      79
      78
      66
      86
      73
      61
      75
      67
      78
      69
      74
      61
      65
      67
      67
      61
      77
      52
      65
      62
      57
      66
      60
      75
      74
      70
      54
      66
      79
      71
      50
      75
      69
      64
      50
      74
      61
      70
      75
      56
      67
      69
      67
      76
      58
      68
      75
      97
      63
      88
      78
      78
      65
      71
      70
      81
      69
      83
      70
      63
      84
      65
      63
      73
      66
      63
      66
      83
      78
      74
      55
      76
      89
      53
      61
      67
      63
      57
      61
      67
      55
      89
      73
      65
      74
      64
      72
      62
      68
      51
      64
      76
      66
      89
      74
      75
      81
      86
      70
      72
      69
      83
      74
      73
      77
      66
      66
      70
      75
      67
      68
      67
      73
      77
      78
      87
      70
      76
      57
      66
      65
      76
      82
      80
      65
      82
      71
      61
      63
      61
      58
      69
      58
      75
      68
      84
      77
      71
      63
      75
      71
      58
      60
      92
      76
      83
      85
      89
      60
      59
      58
      82
      60
      68
      74
      84
      79
      69
      78
      60
      87
      79
      69
      64
      65
      71
      68
      69
      87
      78
      67
      70
      79
      73
      80
      71
      64
      77
      66
      62
      89
      56
      75
      61
      63
      84
      57
      51
      77
      68
      83
      61
      85
      62
      60
      84
      59
      70
      84
      65
      47
      61
      62
      80
      72
      54
      55
      73
      61
      71
      60
      66
      62
      67
      67
      71
      55
      88
      71
      72
      63
      59
      65
      68
      57
      69
      69
      59
      52
      63
      63
      56
      74
      55
      73
      56
      64
      48
      62
      65
      66
      67
      62
      74
      82
      67
      76
      83
      70
      63
      62
      88
      93
      82
      74
      67
      73
      72
      87
      57
      54
      66
      49
      69
      73
      67
      76
      57
      72
      58
      82
      66
      84
      75
      73
      98
      76
     104
      93
      91
      92
      64
      87
     106
      86
      76
      72
      95
      92
      81
      76
      69
      83
      68
      79
      71
      74
      58
      80
      53
      58
      70
      56
      58
      65
      68
      61
      59
      69
      69
      65
      73
      53
      58
      68
      72
      72
      74
      82
      65
      61
      71
      72
      72
      62
      73
      64
      71
      71
      78
      60
      54
      80
      64
      68
      70
      50
      62
      55
      54
      61
      49
      68
      63
      62
      73
      56
      70
      68
      68
      52
      76
      66
      77
      62
      64
      70
      69
      55
      70
      73
      52
      64
      66
      73
      63
      76
      46
      58
      68
      65
      72
      71
      52
      79
      60
      63
      71
      76
      72
      59
      60
      63
      66
      71
      56
      68
      58
      66
      71
      91
      51
      61
      88
      63
      65
      52
     100
      66
      73
      55
      58
      59
      66
      65
      53
      65
      51
      51
      65
      69
      60
      62
      53
      60
      72
      62
      57
      61
      75
      60
      71
      66
      62
      63
      66
      66
      54
      59
      73
      48
      64
      66
      68
      62
      54
      66
      55
      66
      59
      60
      57
      68
      61
      63
      61
      62
      64
      61
      68
      52
      68
      56
      71
      63
      50
      66
      64
      64
      67
      56
      65
      64
      67
      63
      68
      68
      66
      51
      75
      67
      76
      47
      76
      68
      70
      68
      53
      60
      70
      74
      65
      63
      55
      54
      65
      57
      68
      63
      57
      55
      52
      66
      64
      78
      69
      56
      51
      55
      42
      58
      78
      71
      65
      57
      60
      76
      61
      58
      61
      57
      80
      63
      53
      68
      54
      70
      77
      65
      84
      77
      75
      85
      96
      92
     101
     136
     135
     165
     159
     197
     240
     218
     270
     269
     265
     266
     265
     265
     310
     253
     247
     246
     240
     206
     219
     179
     134
     163
     123
     110
     105
      95
      74
      84
      64
      73
      67
      58
      68
      62
      71
      78
      64
      50
      52
      65
      58
      68
      71
      48
      61
      66
      54
      67
      66
      57
      53
      55
      60
      43
      57
      53
      47
      65
      72
      74
      54
      60
      54
      57
      47
      62
      62
      58
      54
      54
      57
      58
      56
      61
      69
      60
      73
      80
      52
      68
      70
      53
      77
      58
      64
      64
      58
      65
      61
      61
      74
      59
      56
      53
      31
      58
      48
      64
      63
      63
      53
      67
      61
      44
      52
      69
      69
      61
      66
      67
      57
      49
      56
      72
      69
      66
      71
      69
      57
      62
      65
      78
      50
      69
      50
      58
      58
      61
      78
      71
      47
      60
      54
      65
      55
      58
      61
      66
      64
      56
      63
      64
      58
      63
      66
      49
      54
      64
      69
      65
      64
      61
      64
      58
      51
      55
      62
      49
      75
      53
      62
      50
      67
      53
      49
      57
      49
      69
      56
      57
      56
      46
      60
      62
      69
      52
      53
      49
      65
      53
      66
      52
      52
      67
      80
      59
      65
      58
      46
      52
      62
      64
      70
      63
$ENER_FIT:
0.000000 0.125000
$PRESETS:
Live Time (sec)
6623
0
$RT:
7200.000000
$DT:
577000
$ISO_DECL_U:
SMPLNAM: IDB-6
SEPDATE: 01/01/1900 00:00:00
U234: 1.0178 
DU234: 0.0983
U235: 93.1109 
DU235: 0.0055
U236: 0.4362 
DU236: 0.0688
U238: 5.4347 
DU238: 0.0478
$ISO_DECL_PU:
SMPLNAM: IDB-6
SEPDATE: 01/01/1900 00:00:00
PU238: 0.0144 
DPU238: 3.4722
PU239: 93.778 
DPU239: 0.0055
PU240: 5.8618 
DPU240: 0.0887
PU241: 0.2798 
DPU241: 0.1787
PU242: 0.0658 
DPU242: 2.4316
AM241: 0.0198 
DAM241: 1.0101
DATE: 01/01/1900 00:00:00
PU240EFF: 6.0086
DPU240EFF: 0.5076
$ADC:
8192
0
8191