$APPLICATION_ID:
IDB v.1.0
$SPEC_REM:
Material type: Pu
Material form: Pellet
Material compound: PuO2
Pu isotopics:
238Pu 1.1346
239Pu 64.5153
240Pu 26.6028
241Pu 2.8778
242Pu 4.8695
241Am 7.4359
Detector: HPGe (Geometry: Planar, Size: Approx 9% RE Detective)
MCA: Integrated MCA
$DATE_MEA:
09/07/2005 19:36:00
$MEAS_TIM:
422 900
$DATA:
0 8191
       0
       0
       0
       0
       0
       0
       0
       0
       0
       0
       0
       0
       0
       0
       0
       0
       0
       0
       0
       0
       0
       0
       1
       0
       1
       1
       2
       2
       6
       2
       3
       2
       8
      14
      24
      45
      71
     144
     297
     738
    8027
   17812
   18507
   18199
   18252
   17985
   17486
   17486
   17292
   17219
   17145
   16942
   16814
   16224
   16341
   16138
   16176
   15961
   15747
   15528
   15366
   15438
   15560
   15117
   15112
   14764
   14617
   14603
   14480
   14130
   14260
   13952
   13961
   13437
   13425
   13233
   13130
   12974
   12641
   12344
   12096
   11888
   11669
   11597
   11287
   11082
   10869
   10821
   10542
   10506
   10208
   10161
   10002
    9821
    9818
    9599
    9493
    9226
    9133
    9000
    8800
    8849
    8495
    8534
    8477
    8461
    8437
    8018
    8141
    8049
    7924
    7964
    7958
    7958
    7770
    7700
    7765
    7693
    7751
    7655
    7701
    7653
    7575
    7541
    7656
    7628
    7794
    7777
    7787
    7690
    7771
    7811
    7742
    7869
    7965
    8074
    7869
    8117
    8143
    8137
    8242
    8344
    8476
    8551
    8861
    8450
    8946
    9234
    9322
    9637
    9822
   10114
   10591
   11305
   12005
   12785
   14333
   16749
   19747
   26779
   46313
   78643
  103519
   92254
   55426
   24591
   10886
    6986
    6498
    6297
    6413
    6334
    6252
    6369
    6399
    6371
    6530
    6609
    6595
    6936
    7455
    9108
   10721
   11477
   10729
    9138
    8904
    9788
    9992
    9120
    7671
    6846
    6510
    6328
    6252
    6254
    6431
    6476
    6604
    6690
    6664
    6978
    7164
    7013
    7388
    7565
    7329
    7554
    7562
    7785
    8244
    8506
    9001
    9030
    8596
    8410
    8518
    8680
    8667
    8696
    9024
    8888
    8959
    9097
    9224
    9366
    9636
    9943
    9894
   10164
   10374
   10601
   10892
   11264
   11323
   11867
   12148
   12057
   12540
   12714
   12929
   13297
   13440
   13978
   14182
   14528
   15026
   15141
   15590
   15836
   16355
   16979
   17231
   17756
   18892
   21143
   25741
   32024
   36097
   34261
   29877
   26899
   29453
   38245
   48230
   54222
   58925
   77004
  117350
  164466
  179977
  156036
  117444
   87695
   78083
   81102
   77870
   65505
   64898
   98563
  154378
  182937
  159599
  113441
   72377
   41837
   23016
   13674
   10826
   10745
   11473
   11148
   10197
    9560
    8968
    8920
    9017
    9563
   10794
   13690
   18032
   23718
   28519
   31969
   29869
   23692
   18188
   18670
   24220
   32153
   41130
   48787
   49296
   40225
   28997
   22537
   21544
   24102
   28232
   34615
   37591
   33494
   25354
   17790
   13157
   10562
   10264
   11964
   14203
   14946
   13741
   11555
    9626
    9271
   10861
   12495
   12426
   10545
    9214
   12012
   20734
   31011
   34004
   26035
   15147
    8277
    5501
    4993
    4964
    5306
    6631
    9115
   11981
   12523
   10054
    7151
    5341
    4677
    4654
    4455
    4622
    4494
    4504
    4479
    4592
    4665
    4598
    4611
    4644
    4547
    4671
    4673
    4708
    4716
    4703
    4744
    4674
    4587
    4744
    4790
    4753
    4714
    4719
    4753
    4947
    4901
    4942
    4902
    4724
    4935
    5028
    5131
    5640
    5572
    5528
    5628
    5646
    6596
    8421
   10745
   11630
   10686
   10617
   15767
   25920
   34048
   32551
   22022
   12338
    7819
    6234
    5445
    5063
    5365
    7047
   10377
   14317
   14935
   12028
    8019
    5656
    4742
    4501
    4465
    4587
    4515
    4566
    4506
    4622
    4483
    4571
    4668
    4690
    4862
    5258
    5889
    6823
    7506
    6889
    6197
    5475
    5262
    5051
    4884
    4807
    4923
    6142
    8522
   12778
   15248
   13994
   10114
    7039
    5401
    4758
    4482
    4239
    4374
    4411
    4464
    4909
    5989
    7135
    7560
    6763
    5584
    4834
    4602
    4596
    4542
    4427
    4256
    4232
    4089
    4250
    4354
    4423
    4565
    4376
    4583
    4372
    4316
    4237
    4188
    4227
    4151
    4166
    4135
    4373
    4266
    4262
    4230
    4193
    4153
    4162
    4050
    4052
    4220
    4095
    4214
    4073
    4206
    4093
    4176
    4132
    4213
    4136
    4111
    3953
    3993
    4205
    4108
    4071
    4121
    4287
    4246
    4261
    4223
    4271
    4228
    4322
    4126
    4294
    4376
    4451
    4528
    4310
    4137
    4032
    4068
    4107
    4131
    4146
    4410
    4655
    4680
    4474
    4384
    4272
    4374
    4454
    4430
    4478
    4421
    4511
    4468
    4608
    4632
    4734
    4900
    4693
    4949
    5016
    5396
    6179
    7068
    7614
    7126
    6330
    5743
    5638
    5918
    6455
    8120
   14251
   35068
   83511
  151744
  189576
  161743
   94338
   38864
   12571
    4766
    2938
    2674
    2468
    2442
    2469
    2471
    2430
    2295
    2300
    2351
    2310
    2189
    2208
    2158
    2228
    2056
    2182
    2136
    2124
    2018
    2096
    1980
    2035
    1987
    1937
    1890
    1892
    2059
    2159
    2507
    2945
    3013
    2983
    2447
    2034
    1864
    1836
    1718
    1676
    1803
    1740
    1651
    1808
    1693
    1691
    1705
    1638
    1653
    1588
    1627
    1621
    1617
    1553
    1551
    1512
    1541
    1566
    1464
    1542
    1518
    1569
    1609
    1629
    1622
    1591
    1571
    1675
    1673
    1505
    1414
    1415
    1403
    1468
    1483
    1599
    1974
    2758
    3552
    3906
    3436
    2520
    1816
    1508
    1540
    1597
    1529
    1466
    1435
    1450
    1421
    1396
    1432
    1390
    1293
    1351
    1342
    1388
    1244
    1250
    1298
    1320
    1377
    1350
    1352
    1324
    1361
    1369
    1286
    1302
    1281
    1300
    1271
    1284
    1258
    1350
    1251
    1225
    1216
    1231
    1254
    1238
    1280
    1358
    1510
    1558
    1416
    1268
    1151
    1239
    1171
    1165
    1123
    1234
    1155
    1142
    1113
    1162
    1190
    1205
    1185
    1173
    1183
    1102
    1121
    1232
    1274
    1270
    1364
    1482
    1466
    1487
    1342
    1417
    1650
    2583
    4355
    7067
    8001
    6897
    4190
    2370
    1433
    1057
    1005
     966
     958
    1000
    1034
    1036
    1016
     972
     962
     966
    1012
     953
     972
     999
     980
    1077
    1134
    1136
    1057
     962
    1087
    1077
    1056
     986
    1001
     931
     935
     934
     927
     826
     928
     937
     879
     909
     933
     854
     927
     892
     917
     877
     854
     887
     935
     883
     838
     884
     869
     913
     869
     922
     910
     939
     907
     870
     887
     904
     863
     875
    1012
     969
    1034
    1075
    1311
    1295
    1193
    1034
     902
     901
     809
     835
     863
     883
     872
     903
     977
    1120
    1075
     996
     979
     948
    1075
    1415
    1873
    2095
    1790
    1447
    1077
     915
     959
     901
     881
     916
     968
     991
     995
     974
     990
     999
     996
    1094
    1089
    1179
    1125
    1070
    1077
    1013
    1012
    1101
     971
    1111
    1136
    1392
    2169
    3596
    5784
    6995
    6345
    4276
    2282
    1298
     886
     790
     750
     725
     712
     792
     802
     818
     813
     822
     790
     822
     755
     778
     831
     847
     880
     884
    1021
    1080
    1267
    1630
    2588
    4011
    4862
    4514
    3064
    1922
    1320
    1078
     905
     865
     855
     816
     809
     819
     812
     764
     834
     810
     836
     877
     854
     946
     895
     963
    1142
    1696
    3472
    7172
   12255
   15768
   14695
   10256
    5542
    2974
    3045
    5724
   10141
   14188
   14124
   10118
    5517
    2392
    1242
     911
     764
     717
     660
     618
     675
     841
    1056
    1237
    1229
    1119
     948
     790
     686
     595
     525
     587
     784
    1164
    1927
    2688
    2727
    2082
    1333
     744
     553
     489
     441
     427
     431
     459
     458
     449
     423
     491
     537
     519
     505
     465
     475
     434
     451
     448
     431
     468
     441
     462
     459
     483
     482
     456
     487
     528
     485
     481
     460
     497
     484
     447
     517
     464
     499
     444
     499
     491
     524
     480
     526
     485
     491
     489
     493
     513
     536
     498
     484
     559
     505
     640
     764
     952
    1337
    2100
    3602
    5627
    6494
    5648
    3777
    2264
    1713
    2147
    2434
    2424
    1866
    1258
     848
     591
     632
     679
    1226
    2358
    4344
    6299
    6838
    5705
    4742
    4291
    4099
    3114
    1984
    1094
     638
     446
     569
     786
    1114
    1461
    1469
    1194
     858
     634
     740
    1005
    1320
    1591
    1560
    1388
    1183
     829
     593
     407
     330
     327
     365
     346
     343
     337
     343
     338
     346
     374
     349
     340
     417
     471
     483
     514
     577
     726
    1261
    1746
    2160
    2128
    1704
    1111
     665
     401
     359
     322
     347
     363
     355
     333
     331
     404
     477
     431
     506
     480
     417
     383
     338
     330
     328
     368
     310
     324
     337
     322
     331
     320
     339
     324
     351
     334
     311
     321
     338
     370
     358
     396
     332
     350
     368
     363
     323
     361
     374
     352
     396
     395
     395
     420
     476
     717
    1330
    2657
    4399
    5463
    5396
    3609
    2046
    1152
     790
     735
     633
     500
     408
     367
     370
     411
     546
     784
     894
     905
     715
     497
     401
     354
     371
     463
     563
     726
     711
     572
     468
     382
     311
     336
     342
     414
     617
     815
     908
     842
     615
     497
     367
     292
     332
     287
     325
     380
     344
     324
     313
     297
     333
     303
     312
     331
     307
     308
     328
     292
     347
     312
     340
     328
     292
     318
     279
     299
     304
     269
     334
     328
     288
     261
     244
     240
     284
     272
     261
     281
     279
     320
     302
     394
     327
     298
     323
     258
     280
     336
     304
     329
     296
     272
     263
     286
     285
     277
     289
     255
     291
     285
     312
     357
     566
     762
     941
     918
     761
     570
     408
     353
     349
     397
     452
     456
     420
     398
     333
     313
     282
     301
     273
     283
     267
     274
     299
     331
     284
     330
     359
     289
     274
     281
     267
     276
     266
     266
     259
     272
     271
     275
     252
     259
     286
     279
     264
     265
     238
     288
     288
     333
     336
     308
     269
     282
     275
     284
     270
     282
     286
     300
     270
     260
     290
     259
     276
     281
     289
     268
     273
     292
     250
     267
     256
     257
     296
     253
     253
     217
     255
     256
     254
     254
     231
     227
     234
     234
     232
     221
     216
     239
     230
     231
     255
     229
     241
     209
     231
     199
     247
     229
     223
     249
     223
     207
     194
     218
     213
     215
     219
     184
     203
     207
     184
     198
     193
     214
     221
     196
     219
     204
     208
     185
     189
     218
     203
     180
     213
     193
     180
     181
     181
     202
     207
     189
     189
     189
     200
     189
     182
     206
     193
     181
     192
     194
     164
     192
     195
     171
     178
     181
     174
     192
     186
     191
     203
     191
     178
     191
     192
     219
     204
     203
     233
     273
     388
     484
     572
     502
     470
     330
     288
     236
     249
     232
     236
     226
     241
     236
     162
     183
     191
     171
     184
     188
     173
     188
     181
     171
     178
     195
     178
     164
     179
     172
     175
     170
     189
     194
     181
     160
     174
     165
     194
     174
     168
     150
     170
     160
     178
     181
     172
     183
     186
     191
     166
     159
     166
     169
     180
     168
     174
     142
     161
     145
     156
     165
     155
     154
     169
     152
     162
     117
     130
     143
     128
     132
     130
     131
     150
     136
     127
     158
     151
     149
     139
     143
     173
     132
     135
     142
     136
     131
     130
     154
     150
     119
     166
     135
     129
     124
     132
     138
     125
     127
     112
     124
     119
     112
     117
     113
     116
     105
     110
     110
     118
     119
     118
     103
     121
     128
     120
     122
     110
     116
     113
     110
      91
      97
     112
     107
      99
     106
      93
      83
      83
      99
     102
      84
      96
      91
      97
     110
      96
      99
      96
     104
      90
     106
     113
     108
      98
     110
      96
      86
     100
      95
      83
      96
     102
      85
     101
      99
      82
     105
      92
      89
      94
      86
      84
      99
      98
     108
      94
     101
     106
     108
      91
     100
     113
     111
     114
     107
     100
      80
      87
     107
     110
     100
      95
      97
      95
      78
      94
      96
      95
      92
      93
     103
      91
     109
     168
     307
     531
     937
    1089
     961
     714
     407
     175
     114
      91
      82
      84
     104
     107
      96
      74
      82
      80
      96
     107
      97
     101
     121
     116
      99
      94
      89
      67
      99
      82
      82
      68
      74
      62
      64
      56
      89
      93
      75
      99
      94
     175
     162
     150
     132
      95
      65
      75
      76
      81
      67
      82
      85
      63
      63
      78
      76
      82
      74
      66
      73
      73
      67
      70
      58
      62
      63
      59
      64
      49
      62
      62
      74
      81
      87
      79
      86
      76
      70
      71
      73
      69
      68
      62
      62
      61
      69
      68
      77
      58
      85
      72
      73
      69
      66
      85
     116
     170
     343
     595
     831
     894
     799
     534
     328
     151
      85
      66
      81
      67
      67
      44
      61
      51
      66
      54
      56
      64
      49
      57
      58
      50
      67
      70
      59
      48
      51
      56
      54
      58
      58
      61
      60
      54
      48
      56
      48
      68
      73
      83
      69
      74
      61
      44
      59
      49
      61
      57
      48
      61
      60
      72
      60
      56
      58
      55
      62
      53
      75
      84
      98
     149
     180
     191
     138
     133
     121
      96
      72
      70
      60
      61
      70
      80
      80
      93
      80
      64
      68
      50
      52
      54
      72
      70
      58
      57
      56
      65
      78
      99
     159
     285
     411
     568
     590
     504
     337
     169
     109
      89
      77
      65
      87
      75
      64
      64
      69
      91
      99
     124
     104
     111
     139
     146
     212
     416
    1003
    2036
    3640
    4658
    4964
    4070
    2394
    1175
     420
     180
      76
      66
      45
      74
      40
      50
      52
      41
      46
      42
      43
      43
      54
      45
      47
      55
      41
      30
      29
      36
      30
      35
      30
      41
      34
      44
      22
      28
      39
      39
      37
      36
      36
      38
      39
      41
      29
      35
      39
      41
      48
      71
      65
      86
      48
      34
      46
      28
      37
      40
      34
      25
      41
      44
      28
      30
      44
      33
      32
      25
      54
      68
     106
     202
     298
     435
     453
     356
     221
     131
      72
      45
      33
      25
      29
      40
      50
      79
      71
      73
      70
      55
      44
      44
      60
      85
      81
      77
      82
      51
      44
      33
      21
      33
      29
      30
      24
      26
      22
      29
      26
      27
      29
      40
      30
      27
      34
      38
      31
      31
      24
      31
      19
      31
      24
      25
      37
      30
      47
      51
      73
     107
     118
     113
      81
      57
      37
      42
      33
      26
      38
      32
      32
      33
      31
      32
      39
      30
      35
      32
      31
      41
      37
      45
      58
      53
      50
      56
      56
      65
      90
     142
     274
     622
    1214
    1874
    2309
    2356
    1722
    1050
     548
     234
     113
      59
      54
      21
      33
      59
      64
     126
     172
     194
     182
     106
      83
      63
      42
      36
      37
      35
      28
      25
      23
      29
      25
      20
      26
      35
      24
      27
      24
      18
      20
      32
      39
      47
      63
      92
     129
      95
      89
      53
      29
      18
      19
      14
      14
      18
      21
      29
      28
      40
      56
      62
      56
      45
      24
      29
      25
      25
      16
      16
      15
      16
      17
      13
      28
      16
      18
      20
      13
      24
      17
      12
      20
      13
      14
      20
      11
      24
      15
      27
      14
      19
      20
      34
      43
      66
     111
     127
     114
      89
      60
      30
      22
      35
      21
      33
      51
      43
      44
      37
      34
      26
      27
      21
      32
      25
      46
      44
      43
      41
      49
      52
      58
      98
     162
     239
     286
     247
     164
     108
      84
      46
      45
      39
      53
      56
      76
      66
      75
      88
      74
      68
      53
      46
      29
      21
      17
      18
      17
      16
      24
      14
      19
      15
      14
      16
      21
       9
      18
      11
      13
      21
      24
      15
      18
      20
      15
      16
      14
      15
      17
      16
      23
      19
      17
      22
      30
      42
      47
      67
      50
      52
      33
      18
      29
      17
      16
      14
      11
      15
      12
      17
      11
       8
      16
       5
       9
      17
      10
      13
      12
      11
       6
      12
      10
      19
      11
      15
      10
       9
       5
       9
      10
       6
      11
       9
      10
      10
      15
      11
      16
      12
      24
      24
      26
      26
      17
      21
      14
      10
      15
      16
      15
      16
      16
      11
      18
      14
       9
       9
      16
      10
      13
       9
      15
      21
      12
      15
      20
      25
      27
      18
      18
      12
      14
      10
       8
       5
       8
      18
      16
      10
      15
      12
      15
       9
      14
      15
      14
      16
      13
      13
      16
      17
      17
      15
       9
      16
      10
       9
      11
      15
      13
      17
      11
      16
      21
      13
      19
      16
      11
      11
      12
      10
       8
      17
      14
      12
      10
      10
       9
      15
       8
      13
       8
      12
      14
       6
      14
       9
       8
       6
       9
       8
       7
      16
      14
      10
      10
       7
      14
       6
      10
       5
      11
      13
      12
      10
       9
       5
       5
       3
      12
       9
      14
      10
      12
       9
       7
       6
       6
       5
      11
      18
      18
       9
      11
      15
      11
      12
       8
       9
       7
       7
       8
      13
      17
      16
      22
      23
      23
      18
      20
      11
      12
      10
       6
       9
      11
      11
      17
      13
      13
       6
       9
       8
      16
      18
      27
      28
      39
      72
      87
     108
      93
      81
      49
      42
      28
      26
      15
      12
       8
      14
      15
      13
      17
       9
      14
       9
       8
      12
      15
       8
      11
      13
      15
      11
      18
      17
      27
      30
      39
      18
       9
      13
       8
       4
      13
      11
       2
       6
       9
      10
       6
       8
       6
       5
      11
       7
       4
       5
       1
       5
       8
       8
       9
       3
       5
       4
      11
      11
      12
      13
      17
      14
      14
      12
      11
      11
      10
      11
       6
       7
       8
       3
       9
       6
       8
       8
      10
       7
      11
      12
       9
      14
       7
       9
       9
       9
       8
      10
      17
      15
      22
      18
       6
      12
       4
       6
      10
       7
       4
       8
       5
       7
       7
       6
       9
       3
       6
       6
       9
       6
       2
      13
      11
       7
      11
       5
      10
       7
       9
       2
       6
       4
       3
       9
       9
      12
       4
       6
       2
       8
      12
      11
       6
      12
       8
      13
       7
      24
      15
      13
      11
      10
      17
       5
      15
       6
       7
       6
       7
       4
       6
      12
       9
       5
       6
       6
      11
       3
       7
       7
       5
       7
      13
      11
       6
       4
      11
      10
       6
       5
       6
       8
       4
      11
       5
       6
       6
      11
       7
      15
      13
       9
       9
       6
      13
       8
      12
      11
      11
       5
       4
       8
       7
       9
       7
       3
       2
       6
       7
      16
       8
       9
       5
       8
       6
       4
       9
       8
       9
       9
       5
       6
       6
       5
       5
       5
       4
      11
       8
      10
      10
       7
       2
       5
       6
       6
       9
       6
       7
       9
       7
       7
       8
       8
       5
       6
       5
       4
       5
       3
       3
       5
       3
      11
       8
       5
       7
       7
       9
       6
       9
       6
      10
       6
       5
       5
       8
       4
      13
       9
       6
      13
       8
       3
       2
       6
       8
       8
      11
       1
       7
       6
       6
       8
       9
      10
       9
       7
       6
       7
      11
       3
       8
       6
      12
       8
       9
       8
       5
       2
       4
       6
      12
      13
       8
       9
       7
       7
       5
       4
       7
       3
       4
       6
       9
       6
       4
      10
       6
       7
       6
       6
       4
       9
       9
       3
       7
      10
       9
       6
       2
       8
       3
       4
       5
       5
       5
       4
       6
       4
       5
       9
       6
       9
       8
       1
       6
       5
       9
       8
       4
       6
       5
       9
       5
       4
       5
       9
       3
       9
       5
       6
      11
       6
      10
       6
       3
       9
       2
       7
       4
       3
       4
       6
       6
       6
       4
       5
       6
       8
       3
       9
       5
       6
      10
       5
       8
       6
       3
       5
      10
      13
      11
       4
       8
       5
       7
      10
      10
       3
       5
       3
      10
       4
       3
       4
       5
       4
       7
       4
       5
       6
       7
       7
       5
       4
       8
       7
       8
       4
       7
       4
       4
       2
       2
       7
       5
       5
       4
       5
       4
       5
       4
       3
       6
       6
       6
       5
       4
       4
       8
       2
       4
       1
       7
       9
      10
       0
       3
       7
      10
       7
       3
       3
       7
       3
       6
       3
       3
       6
       4
       2
       4
       4
       6
       6
       4
       8
       5
       0
       4
       4
       5
       4
       7
       5
       4
       4
       8
       2
       7
       5
       6
       4
       6
       3
       3
       7
       4
       7
      11
       7
       6
       3
       5
       2
       6
       2
       6
       6
       7
       8
       8
       8
       5
       9
       5
      10
      10
       4
       5
       3
       6
       4
       4
       6
       4
       2
       8
       2
       4
       5
      10
       9
       5
       8
       2
       3
       6
       1
       5
       6
       5
       8
       9
       2
       5
       4
       9
       2
       6
       4
       3
       5
       6
       3
       4
       8
       9
       4
       7
       5
       3
       2
       5
       7
       3
       4
       2
       5
       8
       3
       7
       7
       6
       3
       2
       5
       7
       1
       3
       6
       4
       6
       3
       8
       5
       6
      11
       6
       1
       6
       7
       1
       4
       8
       7
       5
       5
       2
       4
       4
       5
       4
       6
       6
       4
       6
       5
      10
       4
       6
      10
      16
      17
      17
       8
       8
      11
       6
       3
       6
       4
       2
       3
       6
       3
       6
       5
       8
       5
       6
       6
       5
       3
       6
       6
       4
       7
       1
       6
       1
       1
       6
       5
       4
       3
       7
       7
       4
       2
       9
       5
       9
       8
       5
       9
      14
       4
       8
       9
       7
       5
       6
       4
       5
       2
       7
       4
       6
       3
       5
       4
       4
       4
       6
       4
       5
       6
       6
      11
       2
       3
       2
       3
       4
       9
       6
       2
       5
       5
       3
       6
       5
       8
       2
       8
       1
       6
       0
       5
       8
       7
       2
       6
       9
       9
       4
       8
      10
       4
       3
       2
       7
       4
       5
       5
       5
       7
       8
       8
       3
       4
       6
       4
      10
       4
       5
       6
       8
      15
       5
       6
       2
       3
       6
       4
       6
       4
       3
       3
       3
       4
       3
       9
       3
       5
       5
       6
       7
       3
       1
       3
       3
       5
       4
       2
       1
       5
       3
       4
       4
       2
       7
       5
       4
       3
       7
       7
       4
       4
       8
       4
       4
       4
       4
       5
       4
       5
       4
       6
       3
       4
       9
       4
       4
       5
       1
       4
       5
       5
       2
       5
       1
       3
       4
       5
       7
       6
       2
       5
       1
       6
       3
       4
       4
       2
       2
       2
       1
       4
       2
       6
       4
       6
       5
       5
       4
       3
       3
       4
       5
       8
       1
       1
       3
       4
       4
       7
       4
       3
       3
       0
       2
       6
       5
       7
       7
       5
       3
       4
       4
       4
       4
       7
       4
       7
       7
       1
       4
       3
       6
       5
       4
       4
       3
       3
       1
       3
       0
       6
       3
       4
       5
      11
       5
       8
       3
       3
       3
       6
       2
       5
       5
       3
       5
       4
       4
       5
       2
       2
       2
       2
       4
       4
       5
       3
       6
       3
       5
       6
       2
       3
       4
       5
       7
       2
       2
       6
       4
       3
       3
       1
       4
       7
       4
       4
       6
       5
       5
       2
       3
       8
       2
       5
       8
       2
       3
       4
       8
       4
       5
       4
       2
       2
       1
       2
       1
       3
       7
       4
       3
       8
       2
       2
       3
       6
       5
       6
       4
       3
       3
       4
       5
       4
       6
       2
       1
       4
       7
       3
       7
       5
       7
       3
       1
       5
       2
       2
       5
       2
       4
       5
       7
       4
       3
       5
       5
       6
       3
       2
       7
       4
       4
       3
       2
       6
       3
       3
       4
       8
       8
       6
       5
       1
       6
       0
       4
       3
       8
       3
       4
       2
       3
       5
       0
       5
       4
       4
       4
       8
       5
       2
       6
       2
       1
       6
       5
       8
       3
       2
       6
       6
       4
       2
       1
       3
       4
       4
       4
       5
       5
       2
       4
       4
       5
       0
       4
       6
       3
       6
       2
       6
       2
       6
       6
       2
       5
       7
       5
       6
       5
       8
       7
       6
       5
       9
       3
       6
       8
       5
       6
       6
       4
       2
       1
       3
       3
       4
       3
       5
       5
       5
       6
       4
       4
       6
       9
       5
       2
       7
       5
       6
       2
       3
       5
       5
       2
       3
       5
       3
       6
       1
       5
       1
       1
       7
       8
       4
       4
       2
       6
       8
       6
       4
       3
       5
       4
       1
       4
       1
       3
       4
       3
       3
       4
       2
       5
       6
       9
       5
       4
       5
       6
       5
       7
       3
       6
       6
       3
       4
       4
       5
       2
       2
       2
       5
       1
       3
       2
       3
       2
       1
       2
       3
       5
       3
       3
       6
       3
       3
       2
       6
      10
       5
       5
       9
      13
       7
       9
      11
      13
      13
       9
       7
       3
       4
       1
       4
       4
       2
       8
       7
       6
       4
      10
       5
       4
       1
       3
       2
       4
       9
       8
       1
       1
       2
       2
       3
       1
       4
       3
       2
       3
       5
       2
       5
       2
       5
       6
       9
       2
       1
       4
       4
       6
       7
       2
       4
       2
       4
       1
       4
       2
       3
       1
       5
       6
      10
       0
       8
       2
       6
       2
       2
       3
       6
       3
       2
       2
       3
       2
       6
       3
       1
       4
       1
       5
       5
       4
       4
       2
       1
       1
       4
       6
       2
       5
       2
       2
       3
       5
       7
       3
       2
       2
       3
       3
       3
       4
       3
       4
       5
       2
       3
       4
       6
       5
       3
       4
       6
       5
       3
       0
       3
       2
       5
       4
       7
       6
       4
       4
       2
       7
       5
       2
       5
       2
       0
       7
       1
       4
       3
       5
       5
       4
       4
       2
       2
       7
       2
       3
       1
       0
       3
       4
       3
       6
       3
       5
       1
       7
       3
       6
       5
       4
       5
      11
       1
       3
       5
       5
       5
       0
       7
       0
       3
       1
       3
       4
       5
       4
       6
       3
       3
       5
       3
       5
       3
       3
       3
       3
       4
       3
       4
       4
       1
       3
       2
       3
       7
       3
       2
       5
       3
       7
       6
       4
       5
       6
       4
       2
       3
       3
       2
       6
       2
       4
       1
       0
       4
       3
       3
       1
       5
       4
       2
       6
       4
       5
       6
       4
       7
       4
       2
       4
       5
       2
       3
       5
       1
       1
       5
       5
       5
       6
       4
       4
       4
       2
       3
       2
       2
       6
       4
       2
       1
       3
       2
       2
       4
       2
       3
       7
       6
       3
       6
       3
       5
       2
       3
       5
       2
       3
       6
       6
       9
       3
       2
       4
       6
       2
       6
       2
       5
       3
       1
       3
       0
       2
       4
       6
       3
       1
       4
       7
       3
       5
       4
       4
       4
       4
       0
       3
       7
       4
       5
       2
       4
       6
       3
       8
       2
       4
       4
       2
       4
       6
       4
       5
       5
       1
       5
       4
       3
       3
       3
       3
       2
       5
       8
       3
       5
       3
       8
       4
       3
       6
       3
       1
       2
       7
       4
       1
       1
       1
       2
       4
       4
       6
       5
       5
       2
       2
       8
       3
       4
       4
       5
       3
       3
       7
       1
       5
       5
       6
       4
       2
       4
       3
       4
       5
       6
       6
       2
       4
       4
       2
       3
       5
       3
       4
       4
       4
       2
       4
       2
       4
       1
       4
       3
       3
       1
       3
       3
       2
       2
       5
       2
       3
       7
       3
       3
       3
       3
       3
       4
       4
       0
       0
       2
       3
       2
       1
       4
       3
       2
       3
       2
       4
       3
       4
       5
       0
       3
       5
       3
       2
       1
       2
       8
       1
       4
       2
       7
       4
       3
       2
       4
       2
       3
       1
       4
       3
       2
       2
       5
       5
       2
       1
       4
       2
       6
       2
       2
       2
       4
       7
       4
       4
       4
       1
       3
       2
       8
       2
       1
       4
       5
       4
       3
       0
       6
       4
       6
       3
       2
       1
       2
       4
       2
       3
       5
       4
       5
       7
       4
       5
       2
       3
       6
       3
       2
       1
       2
       7
       3
       4
       6
       1
       8
       7
       4
       4
       5
       7
       3
       0
       5
       2
       0
       1
       4
       7
       9
       9
      15
      22
      32
      34
      28
      20
       6
       8
       1
       2
       1
       4
       7
       2
       3
       4
       7
       3
       3
       0
       1
       3
       5
       2
       1
       5
       0
       2
       2
       6
       6
       5
       2
       2
       2
       2
       3
       2
       3
       1
       4
       3
       2
       7
       5
       1
       6
       6
       6
       2
       5
       3
       3
       3
       1
       3
       1
       4
       3
       3
       3
       5
       3
       4
       2
       5
       5
       3
       0
       1
       1
       3
       4
       3
       3
       0
       4
       4
       6
       5
       6
       8
       7
       5
       4
       2
       1
       3
       4
       3
       2
       4
       0
       6
       1
       1
       2
       1
       3
       5
       2
       4
       5
       6
       1
       3
       2
       2
       0
       3
       1
       2
       4
       3
       3
       4
       2
       3
       5
       5
       2
       5
       6
       3
       1
       5
       1
       3
       2
       5
       1
       1
       2
       3
       6
       5
       2
       2
       2
       4
       2
       2
       7
       5
      10
       6
       5
       4
       5
       2
       1
       0
       6
       6
       5
       3
       2
       6
       5
       4
       3
       2
       0
       3
       2
       0
       2
       3
       2
       3
       3
       1
       6
       3
       4
       1
       2
       4
       0
       2
       2
       3
       4
       2
       1
       1
       4
       6
       1
       4
       2
       0
       4
       3
       1
       2
       2
       2
       1
       3
       3
       0
       5
       3
       3
       8
       7
       7
       2
       2
       5
       1
       3
       5
       4
       2
       3
       5
       2
       2
       1
       1
       5
       2
       2
       3
       6
       4
       3
       1
       3
       5
       3
       1
       2
       5
       3
       1
       5
       5
       2
       1
       4
       1
       5
       9
       1
       2
       0
       2
       6
       7
       2
       1
       0
       5
       2
       3
       3
       2
       2
       4
       3
       5
       1
       2
       6
       3
       5
       5
       0
       1
       2
       2
       5
       2
       2
       1
       5
       3
       5
       2
       2
       5
       6
       0
       5
       3
       5
       5
       1
       3
       7
       3
       1
       1
       4
       1
       2
       3
       4
       5
       5
       2
       1
       1
       1
       2
       5
       3
       2
       0
       7
       3
       7
       3
       3
       1
       4
       4
       4
       3
       7
       4
       3
       2
       3
       4
       1
       3
       2
       2
       2
       5
       3
       2
       3
       5
       4
       4
       3
       4
       1
       2
       3
       3
       5
       7
       2
       3
       2
       3
       4
       7
       3
       6
       4
       9
       5
      22
      29
      51
      65
      52
      40
      32
      18
      17
       7
       7
       8
       8
       6
       4
       3
       2
       1
       5
       2
       7
       2
       5
       3
       2
       3
       4
       2
       3
       2
       4
       3
       3
       3
       4
       4
       5
       2
       6
       3
       3
       3
       2
       5
       3
       5
       2
       2
       4
       1
       3
       6
       5
       7
       6
       0
       2
       1
       5
       3
       4
       4
       3
       7
       1
       3
       4
       4
       3
       6
       5
       6
       3
       5
       4
       5
       5
       9
      19
      11
      20
      14
      11
      13
       7
       5
       5
       1
       4
       3
       5
       4
       3
       2
       6
       0
       4
       1
       1
       3
       5
       4
       3
       4
       2
       3
       2
       4
       5
       2
       6
       2
       3
       2
       4
       4
       4
       9
       5
       4
       3
       3
       4
       4
       5
       4
       2
       1
       4
       3
       2
       4
       5
       5
       3
       2
       3
       4
       4
       0
       4
       3
       1
       1
       8
       1
       6
       0
       2
       4
       4
       1
       2
       5
       3
       4
       6
       8
       4
       6
       2
       3
       0
       2
       2
       3
       3
       6
       4
       4
       1
       2
       1
       3
       4
       6
       1
       0
       1
       2
       3
       6
       2
       3
       6
       6
       1
       5
       3
       2
       8
       5
       3
       2
       3
       3
       4
       4
       2
       1
       4
       3
       3
       6
       2
       3
       5
       2
       6
       2
       3
       3
       3
       4
       5
       4
       1
       4
       2
       2
       4
       3
       2
       4
       2
       2
       0
       5
       3
       1
       1
       0
       4
       1
       3
       4
       4
       2
       4
       4
       4
       1
       5
       5
       0
       1
       2
       5
       0
       5
       4
       3
       2
       5
       5
       6
       5
       2
       9
       1
       1
       7
       3
       1
       2
       0
       5
       5
       0
       4
       5
       1
       4
       4
       2
       2
       5
       7
       6
       4
       7
       4
       4
       8
       2
       3
       3
       4
       1
       3
       2
       4
       1
       1
       4
       2
       4
       6
       4
       4
       7
       5
       5
       2
       3
       3
       2
       4
       2
       6
       6
       3
       5
       1
       1
       2
       5
       4
       4
       3
       4
       3
       4
       3
       0
       5
       5
       4
       4
       5
       4
       4
       2
      10
       3
       3
       5
       4
       2
       4
       4
       2
       5
       1
       1
       5
       2
       3
       3
       8
       5
       2
       1
       4
       0
       4
       2
       2
       9
       1
       6
       2
       4
       1
       3
       5
       4
       3
       1
       3
       1
       1
       6
       3
       4
       4
       4
       4
       1
       2
       4
       4
       2
       2
       3
       2
      12
       3
       5
       6
       7
       2
       2
       7
       3
       4
       4
       7
       3
       5
       2
       4
       5
       2
       3
       5
       7
       2
       2
       3
       3
       6
       2
       5
       3
       6
       3
       5
       6
       3
       7
       1
       3
       3
       4
       2
       6
       3
       4
       3
       3
       6
       4
       4
       2
       3
       4
       1
       1
       2
       6
       4
       2
       3
       5
       5
       5
       7
       4
       2
       2
       1
       4
       4
       3
       3
       4
       4
       7
       2
       6
       2
       5
       4
       5
       1
       1
       4
       4
       4
       4
       7
       5
       5
       3
       2
       6
       5
       4
       3
       1
       8
       3
       5
       5
       5
       4
       6
       6
       5
       0
       5
       1
       4
       3
       3
       7
       4
       3
       4
       2
       4
       3
       3
       5
       5
       4
       1
       2
       1
       3
       5
       2
       4
       4
       3
       5
       0
       4
       4
       2
       4
       3
       4
       1
       0
       3
       3
       4
       5
       3
       2
       5
       8
       1
       4
       2
       0
       2
       1
       2
       3
       0
       5
       3
       4
       5
       0
       2
       4
       4
       2
       5
       2
       4
       5
       3
       3
       4
       3
       2
       4
       5
       2
       4
       3
       3
       2
       4
       3
       2
       0
       4
       2
       4
       2
       2
       0
       4
       1
       2
       1
       3
       3
       8
       5
       2
       2
       8
       3
       2
       2
       5
       3
       6
       2
       3
       7
       3
       3
       2
       4
       5
       3
       4
       5
       6
       4
       1
       3
       4
       2
       5
       3
       3
       3
       3
       2
       3
       5
       2
       3
       0
       2
       1
       2
       5
       5
       4
       2
       2
       4
       6
       5
       1
       4
       1
       1
       3
       2
       2
       3
       7
       5
       2
       4
       2
       6
       1
       4
       4
       4
       3
       1
       2
       5
       4
       2
       4
       5
       3
       7
       8
       1
       4
       2
       1
       2
       5
       2
       3
       2
       3
       5
       3
       4
       5
       2
       3
       4
       5
       2
       2
       0
       2
       3
       2
       3
       1
       7
       5
       4
       6
       6
       4
       3
       2
       4
       7
       6
       1
       2
       2
       0
       1
       3
       6
       5
       3
       5
       5
       3
       2
       3
       0
       2
       5
       5
       2
       6
       6
       1
       5
       1
       2
       4
       3
       6
       3
       5
       0
       3
       5
       2
       6
       7
       3
       2
       8
       4
       2
       6
       3
       7
       2
       2
       4
       1
       5
       3
       7
       1
       6
       3
       8
       2
       5
       3
       2
       4
       2
       1
       7
       4
       3
       4
       0
       8
       5
       4
       3
       4
       2
       4
       5
       6
       3
       4
       6
       4
       2
       9
       5
       2
       5
       1
       2
       2
       3
       5
       4
       4
       0
       7
       6
       5
       1
       4
       0
       5
       3
       3
       7
       3
       3
       6
       0
       5
       1
       3
       2
       2
       5
       6
       5
       6
       5
       3
       5
       3
       3
       3
       1
       2
       4
       1
       2
       5
       2
       3
       8
       6
       7
       3
       0
       4
       5
       8
       3
       1
       4
       3
       1
       1
       2
       2
       3
       4
       1
       1
       1
       4
       4
       3
       5
       2
       4
       5
       4
       1
       2
       7
       4
       5
       4
       5
       6
       4
       2
       5
       3
       7
       7
       5
       1
       5
       2
       2
       2
       3
       4
       1
       7
       1
       4
       3
       1
       5
       6
       6
       5
       0
       7
       3
       2
       4
       4
       2
       3
       5
       3
       5
       2
       3
       3
       3
       3
       5
       3
       3
       3
       2
       3
       1
       4
       3
       5
      10
       5
       1
       4
       5
       6
       8
       2
       6
       5
       5
       5
       1
       4
       6
       3
       2
       3
       2
       1
       4
       2
       4
       2
       4
       5
       8
       4
       8
       2
       2
       3
       5
       2
       0
       4
       1
       1
       3
       3
       4
       2
       1
       4
       4
       6
       2
       7
       1
       3
       3
       3
       6
       5
       3
       2
       4
       4
       4
       7
       3
       4
       4
       5
       1
       2
       1
       4
       5
       4
       9
       4
       3
       3
       2
       3
       4
       3
       3
       8
       5
       3
       5
       2
       4
       2
       4
       5
       4
       4
       5
       8
       3
       8
       3
       3
       4
       3
       3
       5
       5
       4
       3
       1
       4
       6
       3
       4
       3
       4
       4
       3
       7
       4
       2
       2
       4
       3
       5
       3
       4
       0
       2
       5
       3
       3
       0
       2
       4
       2
       5
       5
       3
       4
       4
       2
       1
       2
       1
       4
       3
       7
       1
       5
       3
       5
      10
       0
       4
       2
       3
       1
       6
       3
       5
       4
       1
       1
       1
       3
       3
       2
       1
       1
       3
       4
       2
       3
       1
       7
       2
       2
       6
       6
       2
       3
       2
       6
       4
       6
       5
       3
       3
       4
       4
       4
       3
       0
       6
       3
       4
       4
       5
       1
       1
       4
       0
       2
       5
       4
       5
       8
       5
       1
       1
       4
       4
       3
       5
       1
       3
       5
       2
       6
       4
       6
       1
       2
       2
       2
       1
       2
       2
       0
       2
       4
       3
       5
       4
       3
       3
       7
       4
       1
       2
       1
       6
       1
       5
       3
       4
       0
       5
       6
       2
       0
       6
       1
       1
       2
       4
       4
       6
       4
       5
       7
       6
       3
       2
       0
       5
       4
       2
       0
       4
       8
       2
       5
       1
       1
       4
       4
       2
       1
       2
       2
       2
       4
       6
       3
       3
       1
       1
       2
       5
       6
       2
       4
       2
       1
       4
       6
       2
       6
       4
       6
       3
       5
       6
       5
       8
       0
       2
       1
       3
       5
       2
       5
       8
       3
       3
       5
       4
       2
       1
       3
       3
       4
       7
       8
       2
       4
       9
       1
       1
       4
       5
       6
       3
       1
       3
       1
       6
       4
       4
       4
       3
       6
       2
       2
       2
       4
       5
       2
       4
       3
       5
       7
       4
       5
       3
       1
       3
       5
       6
       2
       6
       4
       1
       1
       5
       3
       9
       3
       3
       3
       6
       9
       0
       3
       1
       4
       4
       6
       3
       6
       5
       0
       2
       1
       3
       5
       3
       6
       1
       3
       2
       8
       3
       3
       2
       5
       1
       2
       3
       5
       4
       4
       3
       1
       3
       5
       7
       0
       0
       3
       6
       4
       5
       5
       2
       1
       2
       6
       3
       5
       3
       1
       5
       5
       1
       6
       4
       2
       4
       4
       3
       2
       4
       3
       1
       1
       3
       6
       2
       4
       2
       3
       4
       2
       5
       5
       2
       2
       5
       3
       3
       6
       4
       0
       4
       5
       4
       5
       3
       7
       7
       0
       5
       2
       5
       1
       5
       3
       5
       8
       3
       3
       4
       2
       3
       7
       3
       5
       7
       6
       9
      14
      16
      23
      17
      23
      22
      32
      15
      16
      17
       9
      10
       8
      10
       8
       9
       3
       3
       5
       3
       3
       7
       5
       4
       4
       2
       4
       2
       1
       3
       5
       6
       6
       4
       0
       3
       4
       4
       6
       5
       5
       1
       4
       3
       2
       3
       4
       4
       5
       1
       5
       1
       4
       6
       2
       4
       5
       3
       2
       9
       3
       2
       2
       3
       2
       5
       4
       1
       4
       7
       3
       2
       6
       3
       6
       5
       2
       3
       5
       5
       3
       3
       1
       2
       6
       3
       6
       6
       2
       5
       6
       2
       3
       2
       1
       5
       3
       3
       4
       3
       1
       4
       8
       7
       1
       4
       6
       7
       2
       5
       7
       1
       1
       2
       2
       2
       1
       4
       6
       2
       2
       2
       5
       3
       4
       6
       2
       2
       6
       5
       2
       3
       2
       7
       4
       5
       6
       5
       6
       5
       2
       3
       4
       1
       1
       5
       1
       3
       5
       5
       4
       3
       5
       3
       2
       4
       4
       5
       9
       6
       5
       3
       5
       2
       4
       6
       4
       8
       0
       1
       5
       5
       2
       6
       2
       2
       5
       5
       3
       0
       4
       7
       1
       6
       2
       4
       6
       6
       5
       4
       4
       2
       4
       6
       4
       4
       2
       5
       1
       3
       6
       2
       3
       3
       2
       5
       4
       9
       8
       4
       6
       3
       8
       5
       5
       1
       2
       1
       5
       3
       4
       4
       3
       7
       2
       5
       6
       5
       7
       2
       1
       3
       3
       4
       3
       0
       8
       6
       2
       3
       5
       5
       2
       6
       6
       2
       1
       6
       6
       4
       7
       1
       3
       9
       4
       2
       3
       3
       4
       3
       3
       6
       2
       1
       3
       4
       3
       3
       2
       5
       2
       4
      10
       3
       4
       6
       8
       4
       3
       3
       3
       3
       3
       6
       7
       5
       5
       3
       1
       1
       5
       6
       4
       1
       1
       8
       3
       7
       4
       2
       6
       1
       2
       3
       3
       7
       4
       2
       3
       9
       4
       3
       3
       6
       3
       4
       2
       7
       0
       4
       5
       1
       4
       4
       3
       3
       3
       4
       3
       3
       3
       3
       7
       6
       3
       5
       4
       5
       7
       8
       3
      10
       3
       6
       3
       3
       7
       4
       6
       4
       5
       6
       0
       3
       4
       8
       8
       5
       4
       3
       3
       5
       7
       4
       3
       3
       3
       4
       4
       9
       4
       9
       1
       9
       5
       7
       0
       5
       3
       4
       8
       4
       7
       4
       3
       4
       4
       6
       6
       4
       2
       7
       5
       8
       6
       5
       6
       3
       9
       6
       1
       6
       5
       5
       8
       2
       7
       3
       7
       2
       2
       3
       2
       6
       4
       3
       6
       3
       2
       5
       5
       7
       2
       6
       3
       4
       5
       6
       1
       6
       3
       4
       5
       4
       4
       7
       6
       2
       4
       1
       4
       4
       2
       9
       1
       7
       1
      10
       6
       6
       6
       6
       8
       6
       5
       3
       5
       2
       7
       6
       8
       3
       3
       1
       1
       4
       4
       3
       7
       6
       0
       3
       3
       6
       3
       4
       6
       1
       2
       4
       6
       6
       7
      11
       4
       0
       6
       3
       8
       6
       8
       5
       6
      10
       5
       8
       1
       5
       5
       6
       6
       7
       6
       1
       7
      10
       2
       2
       3
       7
       6
      10
       2
       5
       9
       7
       7
       6
       5
       5
       4
       3
       5
       7
       7
       3
       2
       3
       6
       7
      10
       5
       4
       3
       7
       8
      10
      12
       4
       5
       6
       3
       8
       7
       6
       3
       8
       8
       3
       5
       6
       4
       6
       8
       7
       7
       4
       4
       3
       9
       7
       7
       4
      10
       8
       4
       4
       7
       5
      10
       6
       7
       5
       7
       4
       7
       7
       8
       8
       5
       7
       7
      10
       5
       3
       8
       7
       3
       6
       3
       7
       5
       6
       6
       6
       8
       3
       3
       2
       3
       3
       4
       5
       4
       6
       4
       9
       5
       4
       3
       5
       4
       4
       7
       8
       2
       7
       4
       4
      11
       5
       3
       8
       4
       7
       7
       8
       4
       3
       9
       4
       7
       9
       6
       4
       7
       2
       5
       8
       5
       9
       4
       4
       7
       5
       8
       5
       9
       9
       6
       5
       7
       7
       4
       7
       9
       5
       9
       4
       6
       1
      10
       6
       6
       2
       6
       7
       6
       2
       3
       2
      12
       7
       6
       6
       7
       7
       7
       7
       9
       7
       3
       3
       6
       5
       6
       8
       6
       6
       3
       9
       8
       6
       7
       8
       7
       5
       8
       6
       9
       7
       7
      10
       5
       5
       2
      10
       6
       6
       9
       5
       5
       7
       2
       7
       4
       9
       6
       8
       8
       7
       8
      13
       5
       6
       2
       7
       5
       4
       4
       7
       6
       5
       7
       6
       6
       9
       8
       2
      11
       7
      14
       6
       8
       4
       5
       6
       6
       4
       8
       5
       6
       5
       8
      10
       4
       3
       6
       7
       6
       3
       3
       6
      13
       3
       5
       9
       6
       5
       5
       8
       4
       7
       6
       4
       2
       4
       7
       8
       4
       4
       6
       7
       5
       7
       3
       4
       5
       1
       1
       2
       3
       2
       2
       5
       4
       4
       3
       3
       4
       6
       2
       7
       3
       5
       4
       1
       4
       5
       5
       4
       4
       2
       6
       3
       4
       0
       3
       4
      11
       3
       3
       4
       4
       2
       1
       6
       2
       7
       5
       6
       4
       1
       2
       2
       3
       4
       8
       2
       5
       1
       2
       1
       4
       3
       2
       6
       4
       3
       4
       3
       3
       1
       2
       1
       4
       3
       2
       3
       2
       5
       5
       6
       7
       5
       3
       1
       1
       2
       3
       5
       4
       4
       3
       5
       6
       4
       4
       2
       4
       5
       4
       1
       1
       3
       5
       2
       1
       3
       3
       5
       2
       3
       5
       4
       3
       4
       5
       2
       4
       3
       5
       1
       0
       5
       5
       5
       3
       3
       4
       4
       7
       3
       3
       2
       2
       3
       4
       3
       2
       6
       4
       4
       3
       3
       1
       5
       2
       5
       5
       1
       2
       4
       2
       2
       3
       3
       3
       4
       5
       0
       3
       5
       5
       7
       4
       3
       0
       3
       3
       1
       3
       0
       2
       1
       4
       6
       5
       4
       1
       3
       2
       3
       2
       7
       6
       2
       2
       1
       7
       4
       2
       1
       6
       2
       1
       6
       0
       0
       4
       2
       2
       3
       1
       3
       3
       5
       6
       2
       1
       6
       2
       2
       5
       3
       2
       1
       2
       1
       1
       3
       2
       3
       2
       0
       4
       2
       1
       1
       3
       3
       3
       3
       4
       0
       2
       3
       5
       4
       7
       0
       3
       2
       1
       4
       2
       2
       4
       6
       0
       4
       0
       5
       4
       4
       2
       5
       2
       1
       0
       1
       0
       0
       2
       5
       0
       2
       1
       1
       2
       2
       2
       3
       3
       2
       4
       2
       2
       1
       1
       2
       1
       4
       2
       0
       3
       2
       2
       1
       2
       3
       0
       2
       1
       1
       1
       1
       1
       2
       1
       2
       1
       0
       2
       3
       3
       3
       2
       1
       1
       1
       0
       1
       2
       1
       2
       0
       3
       2
       2
       0
       2
       2
       3
       2
       0
       1
       0
       2
       2
       0
       1
       1
       3
       4
       0
       2
       0
       3
       1
       2
       5
       2
       2
       0
       0
       3
       0
       0
       0
       0
       1
       0
       0
       2
       0
       1
       3
       1
       2
       1
       1
       2
       0
       0
       1
       2
       2
       1
       0
       1
       0
       1
       3
       3
       3
       0
       0
       0
       0
       0
       1
       2
       0
       3
       3
       1
       1
       0
       2
       2
       1
       1
       0
       5
       0
       0
       1
       1
       3
       1
       0
       0
       1
       1
       0
       0
       0
       1
       1
       0
       0
       1
       0
       3
       1
       0
       1
       1
       2
       0
       1
       1
       1
       0
       1
       1
       0
       1
       0
       0
       2
       0
       0
       1
       2
       0
       1
       2
       0
       1
       2
       2
       1
       3
       2
       0
       2
       1
       1
       1
       3
       0
       0
       0
       0
       1
       0
       0
       2
       0
       0
       0
       0
       1
       2
       0
       0
       0
       0
       3
       1
       1
       0
       1
       0
       0
       1
       0
       0
       2
       1
       1
       2
       4
       1
       1
       0
       3
       0
       1
       0
       0
       1
       0
       0
       0
       2
       1
       0
       3
       1
       1
       0
       0
       0
       1
       1
       0
       0
       1
       1
       2
       1
       2
       1
       0
       0
       1
       0
       2
       1
       1
       0
       2
       3
       1
       0
       3
       0
       0
       2
       1
       0
       2
       1
       1
       1
       0
       0
       1
       0
       0
       1
       1
       0
       2
       1
       1
       1
       1
       0
       0
       2
       2
       0
       1
       0
       2
       0
       1
       0
       1
       2
       0
       3
       1
       2
       2
       3
       2
       1
       2
       1
       1
       2
       1
       1
       1
       1
       0
       0
       3
       3
       0
       1
       1
       2
       1
       3
       1
       2
       0
       1
       2
       0
       0
       4
       4
       2
       2
       0
       4
       1
       3
       3
       7
       4
       4
       5
       6
       8
       8
      25
      33
      51
      71
     102
     129
     163
     180
     153
     129
     116
      76
      56
      35
      31
       7
       3
       1
       0
       0
       1
       1
       3
       1
       0
       5
       2
       0
       1
       0
       0
       0
       1
       0
       0
       0
       0
       0
       0
       1
       1
       1
       1
       1
       1
       0
       0
       0
       0
       1
       0
       0
       0
       1
       0
       1
       0
       0
       0
       0
       1
       1
       0
       1
       0
       0
       0
       0
       0
       0
       0
       1
       1
       1
       0
       0
       0
       0
       1
       0
       0
       1
       1
       1
       0
       0
       1
       1
       0
       0
       1
       0
       0
       0
       0
       0
       0
       0
       2
       0
       1
       0
       0
       0
       1
       2
       0
       1
       0
       1
       1
       1
       1
       2
       0
       1
       0
       0
       0
       0
       0
       0
       0
       1
       0
       0
       2
       0
       1
       1
       1
       0
       0
       0
       0
       1
       1
       1
       1
       0
       0
       0
       0
       0
       0
       0
       1
       0
       1
       1
       0
       0
       0
       0
       1
       0
       0
       1
       0
       0
       0
       0
       0
       2
       1
       0
       1
       0
       1
       2
       0
       1
       0
       0
       0
       0
       0
       0
       0
       1
       0
       0
       0
       1
       0
       0
       0
       0
       0
       0
       0
       1
       0
       1
       0
       0
       0
       0
       1
       0
       0
       1
       0
       1
       0
       0
       0
       1
       2
       0
       0
       1
       0
       1
       0
       0
       1
       0
       0
       0
       2
       1
       0
       0
       0
       0
       1
       0
       0
       0
       1
       1
       0
       1
       1
       1
       0
       0
       0
       1
       1
       1
       1
       1
       0
       0
       1
       1
       0
       0
       0
       0
       0
       0
       0
       0
       1
       1
       1
       0
       0
       0
       0
       0
       0
       1
       1
       0
       2
       1
       1
       0
       0
       0
       1
       3
       0
       1
       2
       1
       1
       1
       1
       2
       1
       1
       1
       0
       0
       1
       0
       0
       0
       1
       2
       1
       1
       0
       0
       0
       0
       2
       0
       0
       1
       0
       1
       0
       0
       0
       0
       0
       0
       1
       0
       0
       0
       0
       0
       0
       0
       0
       1
       2
       0
       1
       1
       0
       1
       0
       0
       0
       0
       0
       0
       1
       0
       0
       1
       1
       0
       0
       1
       2
       1
       0
       1
       0
       1
       0
       0
       1
       0
       0
       1
       1
       0
       0
       1
       0
       0
       0
       2
       1
       0
       0
       0
       1
       0
       0
       1
       0
       0
       0
       0
       1
       0
       0
       2
       0
       0
       0
       0
       0
       0
       0
       0
       0
       1
       1
       0
       0
       0
       0
       0
       0
       0
       1
       0
       0
       0
       0
       1
       0
       0
       1
       0
       1
       0
       0
       1
       1
       0
       0
       0
       0
       0
       0
       0
       0
       0
       0
       0
       0
       0
       0
       0
       0
       0
       1
       0
       0
       0
       0
       0
       0
       1
       1
       0
       0
       0
       1
       0
       0
       1
       0
       1
       0
       0
       0
       1
       0
       0
       1
       0
       2
       0
       0
       0
       0
       0
       0
       2
       0
       0
       0
       0
       0
       1
       0
       0
       1
       3
       0
       0
       1
       0
       0
       1
       0
       0
       0
       0
       0
       1
       0
       0
       1
       1
       0
       1
       1
       0
       0
       1
       0
       1
       0
       0
       0
       1
       0
       0
       0
       0
       0
       1
       0
       0
       0
       0
       1
       0
       0
       0
       0
       0
       0
       0
       0
       0
       1
       1
       1
       0
       0
       0
       0
       0
       0
       1
       0
       0
       0
       0
       0
       0
       0
       0
       1
       0
       0
       1
       0
       0
       0
       0
       0
       1
       0
       0
       1
       0
       0
       0
       0
       0
       0
       1
       1
       0
       1
       1
       0
       1
       0
       0
       1
       0
       0
       0
       0
       0
       1
       0
       0
       0
       0
       0
       0
       2
       0
       0
       0
       0
       0
       2
       0
       0
       0
       2
       0
       0
       1
       0
       0
       0
       0
       1
       0
       1
       0
       0
       0
       0
       0
       0
       1
       0
       0
       0
       1
       1
       1
       0
       0
       0
       1
       0
       0
       0
       0
       0
       0
       0
       0
       0
       0
       1
       0
       0
       1
       1
       0
       0
       0
       0
       2
       0
       0
       1
       0
       0
       0
       0
       0
       0
       0
       0
       0
       0
       1
       1
       0
       0
       0
       1
       0
       0
       0
       0
       0
       0
       0
       0
       0
       1
       0
       0
       0
       0
       0
       0
       0
       1
       1
       0
       0
       0
       1
       1
       0
       0
       0
       0
       0
       0
       0
       0
       0
       1
       0
       0
       1
       0
       0
       0
       0
       0
       1
       0
       0
       0
       0
       0
       0
       0
       0
       1
       0
       0
       0
       1
       0
       1
       0
       0
       0
       0
       0
       0
       0
       0
       1
       0
       0
       0
       0
       0
       0
       0
       0
       0
       0
       0
       0
       1
       0
       1
       0
       0
       0
       0
       0
       0
       0
       0
       0
       0
       0
       0
       0
       0
       1
       0
       0
       0
       0
       0
       0
       0
       0
       0
       0
       0
       0
       0
       0
       0
       0
       0
       1
       0
       0
       0
       0
       0
       0
       0
       0
       0
       0
       2
       0
       0
       0
       0
       0
       0
       1
       1
       0
       1
       0
       0
       0
       0
       0
       0
       0
       0
       0
       1
       0
       1
       0
       0
       0
       2
       0
       0
       0
       0
       0
       0
       0
       0
       0
       0
       0
       0
       0
       0
       0
       0
       0
       0
       0
       0
       0
       0
       0
       0
       1
       0
       0
       1
       0
       0
       0
       0
       0
       0
       0
       0
       0
       1
       0
       0
       2
       0
       0
       0
       0
       0
       0
       1
       0
       0
       1
       0
       0
       0
       0
       0
       0
       0
       0
       0
       0
       0
       1
       0
       0
       0
       0
       0
       1
       0
       0
       0
       0
       0
       0
       0
       0
       0
       0
       1
       0
       0
       0
       0
       0
       0
       0
       0
       1
       0
       0
       0
       1
       0
       0
       0
       0
       0
       0
       0
       0
       0
       0
       1
       0
       0
       1
       0
       0
       1
       0
       2
       0
       0
       0
       0
       0
       0
       0
       0
       0
       1
       0
       0
       0
       1
       0
       2
       1
       0
       1
       0
       0
       0
       1
       1
       0
       0
       0
       0
       0
       1
       0
       0
       0
       0
       0
       0
       0
       0
       0
       0
       0
       0
       0
       0
       0
       0
       1
       0
       1
       0
       0
       0
       1
       0
       0
       0
       0
       0
       0
       0
       1
       0
       0
       0
       1
       0
       1
       0
       0
       1
       0
       0
       0
       0
       0
       0
       0
       0
       0
       0
       0
       0
       1
       0
       0
       0
       0
       0
       0
       0
       0
       0
       0
       0
       0
       0
       0
       0
       0
       0
       0
       0
       0
       0
       0
       1
       0
       1
       1
       0
       0
       0
       0
       1
       1
       0
       0
       1
       0
       0
       0
       0
       0
       1
       0
       0
       0
       1
       0
       0
       1
       1
       0
       0
       0
       0
       0
$ENER_FIT:
0.222200 0.365900
$PRESETS:
Live Time (sec)
422
0
$RT:
900.000000
$DT:
478060
$ISO_DECL_PU:
SMPLNAM: IDB-601
SEPDATE: 01/01/1900 00:00:00
PU238: 1.2556 
DPU238: 0.6133
PU239: 62.1193 
DPU239: 0.0121
PU240: 25.6496 
DPU240: 0.0265
PU241: 6.506 
DPU241: 0.0907
PU242: 4.4696 
DPU242: 0.0828
AM241: 3.5363 
DAM241: 1.5016
DATE: 01/01/1900 00:00:00
PU240EFF: 36.3226
DPU240EFF: 0.0592
$ADC:
8192
0
8191