$APPLICATION_ID:
IDB v.1.0
$SPEC_REM:
Material type: U
Material form: powder
Material compound: U3O8
U isotopics:
234U 0.0359
235U 4.4623
236U 0.0068
238U 95.495
Detector: HPGe (Geometry: Planar, Size: Planar HPGe)
MCA: Unknown
$DATE_MEA:
02/28/2002 20:09:00
$MEAS_TIM:
1599 1800
$DATA:
0 4095
       0
       0
       0
       0
       0
       0
       0
       0
       0
       0
       0
       0
       0
       0
       0
       0
       0
       0
       0
       0
       0
       0
       0
       0
    2385
    2736
    2678
    2780
    2803
    2713
    2890
    2724
    2861
    2775
    2723
    2804
    2789
    2749
    2859
    2904
    2766
    2789
    2775
    2725
    2738
    2692
    2590
    2683
    2769
    2713
    2687
    2748
    2738
    2683
    2760
    2676
    2734
    2687
    2729
    2768
    2602
    2740
    2679
    2666
    2721
    2597
    2597
    2677
    2787
    2664
    2683
    2701
    2728
    2687
    2613
    2594
    2618
    2671
    2644
    2685
    2642
    2632
    2690
    2658
    2642
    2708
    2616
    2617
    2674
    2684
    2620
    2600
    2596
    2636
    2589
    2572
    2660
    2629
    2568
    2598
    2616
    2498
    2593
    2539
    2555
    2673
    2543
    2593
    2575
    2629
    2552
    2569
    2544
    2533
    2523
    2506
    2548
    2538
    2601
    2543
    2518
    2460
    2565
    2523
    2521
    2627
    2532
    2504
    2511
    2664
    2491
    2581
    2541
    2538
    2525
    2372
    2550
    2591
    2564
    2545
    2507
    2503
    2582
    2440
    2558
    2464
    2577
    2563
    2555
    2582
    2653
    2568
    2572
    2646
    2619
    2688
    2657
    2661
    2590
    2689
    2727
    2646
    2645
    2536
    2626
    2645
    2700
    2623
    2563
    2617
    2602
    2652
    2683
    2606
    2758
    2708
    2724
    2703
    2636
    2693
    2585
    2663
    2527
    2660
    2625
    2730
    2620
    2689
    2789
    2733
    2857
    2877
    2692
    2643
    2532
    2762
    2644
    2671
    2644
    2665
    2555
    2615
    2538
    2691
    2556
    2662
    2668
    2594
    2684
    2686
    2658
    2582
    2675
    2599
    2704
    2767
    2757
    2646
    2757
    2706
    2668
    2631
    2614
    2749
    2730
    2624
    2513
    2584
    2498
    2656
    2567
    2744
    2657
    2542
    2698
    2651
    2722
    2567
    2691
    2597
    2628
    2582
    2607
    2665
    2695
    2720
    2581
    2589
    2630
    2611
    2738
    2676
    2703
    2690
    2749
    2654
    2640
    2703
    2737
    2731
    2684
    2700
    2656
    2707
    2637
    2702
    2679
    2717
    2699
    2759
    2700
    2667
    2801
    2638
    2673
    2504
    2690
    2687
    2661
    2596
    2634
    2610
    2654
    2601
    2599
    2640
    2663
    2717
    2708
    2630
    2683
    2679
    2634
    2669
    2666
    2669
    2538
    2631
    2620
    2708
    2666
    2647
    2835
    2716
    2790
    2899
    2955
    3003
    3172
    3001
    2884
    2746
    2720
    2730
    2660
    2687
    2868
    3037
    3694
    4296
    4761
    5275
    5543
    5155
    4419
    3520
    2954
    2636
    2573
    2572
    2565
    2527
    2541
    2632
    2619
    2618
    2591
    2599
    2565
    2766
    2980
    3132
    3154
    2960
    2764
    2713
    2769
    2720
    2656
    2568
    2650
    2490
    2419
    2438
    2485
    2519
    2458
    2372
    2486
    2465
    2661
    2747
    3040
    3189
    3094
    2711
    2661
    2376
    2403
    2454
    2548
    2441
    2465
    2343
    2341
    2324
    2277
    2340
    2236
    2224
    2196
    2257
    2265
    2241
    2242
    2245
    2208
    2294
    2238
    2147
    2233
    2212
    2215
    2201
    2185
    2245
    2211
    2177
    2225
    2231
    2227
    2201
    2138
    2208
    2193
    2198
    2169
    2143
    2187
    2305
    2157
    2151
    2171
    2222
    2162
    2150
    2089
    2155
    2153
    2092
    2150
    2111
    2138
    2088
    2169
    2086
    2093
    2027
    2112
    2129
    2064
    2127
    2118
    2016
    2129
    2143
    2091
    2066
    2018
    2141
    2083
    2099
    2083
    2105
    2091
    2062
    1997
    2088
    2038
    2027
    2052
    1993
    1970
    2036
    1972
    2014
    1978
    1938
    2044
    1957
    2022
    2030
    1976
    1955
    1933
    2006
    2071
    1953
    1949
    2020
    1962
    1920
    1890
    2003
    1944
    1921
    1884
    1959
    1964
    1923
    1903
    1919
    1944
    1867
    1887
    1943
    1868
    1900
    1952
    1886
    2004
    1908
    1883
    1960
    1890
    1937
    1953
    1927
    1901
    1919
    1827
    1930
    1895
    1858
    1930
    1915
    1849
    1924
    2021
    1905
    1820
    1966
    1967
    1933
    1857
    1965
    1896
    1940
    1878
    1871
    1907
    1778
    1849
    1988
    1925
    1890
    1979
    1850
    1969
    1861
    1907
    1927
    1918
    1939
    1894
    1926
    1861
    1917
    1922
    1858
    1864
    1843
    1817
    1990
    1888
    1982
    1816
    1861
    1842
    1871
    1873
    1865
    1842
    1911
    1895
    2013
    1882
    1968
    1906
    1915
    1943
    1908
    2025
    1852
    1901
    1986
    1906
    1966
    1951
    1969
    1872
    1932
    1903
    1979
    1907
    1837
    1897
    1903
    1970
    1957
    1914
    1946
    1883
    1862
    1892
    1941
    1999
    1910
    1872
    1949
    1899
    1949
    1946
    1850
    1951
    1850
    2003
    1968
    1896
    1973
    1926
    1986
    1927
    1961
    1957
    1896
    1969
    1951
    1925
    1958
    1945
    1926
    1969
    1878
    1962
    2006
    1927
    1962
    1954
    1986
    1952
    2000
    1961
    1987
    2031
    2015
    2012
    1937
    1993
    1991
    1978
    2065
    1997
    2047
    1922
    1878
    2016
    1984
    2061
    1998
    2003
    2043
    1998
    2056
    2011
    2122
    1995
    2019
    1978
    2001
    1989
    2023
    2047
    2075
    1976
    2022
    2157
    2142
    2282
    2183
    2159
    2239
    2113
    2122
    2086
    2069
    2119
    2105
    2203
    2087
    2036
    2044
    2157
    2070
    2111
    2073
    2038
    2045
    2140
    2021
    2101
    2084
    2091
    2191
    2140
    2028
    2130
    2123
    2155
    2182
    2065
    2126
    2105
    2176
    2229
    2113
    2188
    2243
    2225
    2225
    2207
    2171
    2234
    2199
    2311
    2587
    3039
    3944
    4778
    5449
    5215
    4597
    3615
    3032
    2542
    2260
    2281
    2194
    2279
    2243
    2194
    2133
    2219
    2257
    2142
    2179
    2248
    2226
    2234
    2184
    2176
    2274
    2161
    2233
    2150
    2239
    2253
    2225
    2270
    2188
    2152
    2173
    2242
    2333
    2327
    2230
    2263
    2239
    2221
    2271
    2290
    2315
    2306
    2301
    2316
    2265
    2304
    2254
    2362
    2325
    2292
    2348
    2289
    2337
    2397
    2356
    2296
    2354
    2409
    2344
    2350
    2376
    2437
    2454
    2497
    2518
    2494
    2615
    2803
    2911
    3057
    3035
    2972
    2814
    2596
    2512
    2519
    2526
    2419
    2516
    2625
    2560
    2564
    2487
    2485
    2434
    2400
    2487
    2501
    2426
    2375
    2525
    2524
    2591
    2522
    2519
    2615
    2592
    2530
    2479
    2477
    2630
    2597
    2526
    2506
    2692
    2606
    2572
    2597
    2621
    2592
    2698
    2613
    2619
    2631
    2668
    2687
    2724
    2651
    2639
    2698
    2723
    2710
    2769
    2731
    2955
    2926
    3233
    4112
    5743
    8834
   13905
   19741
   24113
   24842
   21564
   15993
   10329
    6167
    3930
    3022
    2704
    2552
    2670
    2663
    2651
    2575
    2743
    2591
    2668
    2648
    2646
    2639
    2649
    2755
    2672
    2633
    2695
    2626
    2648
    2679
    2689
    2612
    2640
    2792
    2708
    2747
    2654
    2687
    2724
    2804
    2706
    2779
    2761
    2794
    2762
    2751
    2810
    2789
    2791
    2841
    2816
    2832
    2834
    2809
    2849
    2946
    2841
    2867
    2944
    3022
    2877
    2917
    2922
    2919
    2958
    3009
    2956
    3052
    2969
    3048
    3057
    3085
    3090
    2976
    3033
    3091
    3086
    3105
    3067
    3172
    3150
    3175
    3208
    3262
    3204
    3210
    3162
    3268
    3285
    3199
    3367
    3353
    3199
    3193
    3288
    3438
    3371
    3284
    3330
    3504
    3369
    3428
    3496
    3434
    3516
    3422
    3475
    3514
    3649
    3561
    3612
    3612
    3561
    3528
    3556
    3563
    3588
    3593
    3651
    3611
    3765
    3746
    3678
    3696
    3894
    3783
    4130
    4209
    4456
    4467
    4507
    4362
    4263
    4056
    3825
    3769
    3859
    3730
    3852
    3786
    3754
    3980
    3933
    3923
    3883
    3983
    3930
    4011
    4066
    3833
    4025
    4079
    3981
    4121
    4103
    4154
    4239
    4225
    4219
    4218
    4241
    4234
    4128
    3945
    3991
    4045
    3936
    3966
    3888
    3931
    3953
    3941
    3976
    3967
    3958
    3952
    3934
    3945
    3957
    3921
    3947
    3972
    4049
    3965
    4089
    4065
    4159
    4050
    4038
    4008
    4057
    3967
    3945
    3946
    4070
    4062
    4048
    4080
    4065
    4241
    3927
    3988
    3962
    3840
    4039
    4066
    3950
    4051
    4004
    3985
    4029
    3963
    4004
    3952
    3983
    4066
    4062
    4074
    4071
    3974
    4088
    3915
    4080
    4157
    3934
    4051
    4017
    4048
    4120
    4043
    4110
    4103
    4149
    3950
    4076
    4148
    4297
    4412
    4914
    5343
    6174
    6765
    7127
    6922
    6229
    5558
    4898
    4580
    4287
    4293
    4672
    5016
    5148
    5378
    5410
    5204
    4984
    4687
    4458
    4247
    4275
    4248
    4270
    4250
    4280
    4407
    4586
    4681
    4798
    4987
    5069
    4895
    4822
    4705
    4715
    4966
    5741
    7760
   11318
   15822
   21726
   26046
   27568
   25792
   20998
   15497
   10663
    7464
    5591
    4870
    4504
    4320
    4368
    4166
    4317
    4196
    4183
    4082
    4132
    4139
    4085
    4141
    4183
    4260
    4209
    4182
    4186
    4155
    4185
    4201
    4087
    4144
    4180
    4240
    4207
    4261
    4167
    4347
    4387
    4335
    4392
    4298
    4414
    4304
    4377
    4379
    4451
    4390
    4367
    4331
    4378
    4364
    4361
    4425
    4483
    4476
    4510
    4742
    4747
    4797
    4794
    4706
    4702
    4613
    4720
    4612
    4625
    4635
    4633
    4846
    5048
    5276
    5825
    6945
    8415
   10834
   13964
   16489
   17981
   17896
   16308
   13474
   10639
    8489
    6642
    5729
    5261
    4821
    4811
    4783
    4781
    4743
    4633
    4746
    4644
    4759
    4624
    4838
    4690
    4778
    4848
    4932
    5378
    5846
    6910
    9186
   13255
   19803
   27743
   35629
   41632
   44416
   44409
   43678
   43428
   43887
   43436
   40530
   35338
   29310
   24669
   21984
   22032
   22869
   22716
   20815
   17877
   14533
   11797
    9627
    8364
    8268
    8513
    9558
   12451
   17132
   25472
   36897
   52729
   68553
   81016
   86444
   82451
   71206
   55155
   39028
   26010
   17229
   11777
    8497
    7146
    6366
    6133
    6199
    6670
    7022
    7463
    7800
    7620
    7160
    6707
    6132
    5646
    5128
    4968
    4839
    4599
    4561
    4616
    4681
    4644
    4688
    4818
    4835
    4951
    5065
    5175
    5387
    5791
    6282
    6578
    7595
    8758
   11276
   15267
   22241
   34619
   52432
   76929
  105615
  130604
  145341
  145980
  131111
  106145
   77303
   52109
   33214
   20736
   13590
   10020
    7669
    6758
    6049
    5594
    5046
    4630
    4356
    4131
    3902
    3875
    3732
    3563
    3649
    3532
    3489
    3427
    3421
    3313
    3354
    3343
    3342
    3357
    3207
    3089
    3174
    3187
    3099
    3253
    3230
    3213
    3074
    3191
    3099
    3234
    3060
    3137
    3402
    3533
    3976
    4434
    4935
    5197
    5247
    4963
    4597
    4210
    3725
    3454
    3101
    3085
    3105
    2984
    3056
    3095
    3139
    3087
    3052
    3043
    3170
    3126
    3120
    3178
    3115
    3303
    3246
    3128
    3115
    3230
    3242
    3397
    3556
    3932
    4391
    4856
    5226
    5575
    5651
    5489
    5121
    4940
    4927
    4905
    5459
    6212
    7171
    7540
    7970
    7824
    7174
    6439
    5418
    4655
    4129
    3815
    3653
    3425
    3508
    3432
    3428
    3400
    3305
    3289
    3321
    3276
    3309
    3206
    3212
    3354
    3355
    3437
    3681
    3707
    3766
    3761
    3727
    3630
    3636
    3694
    3718
    3880
    4130
    4475
    4948
    5377
    5695
    5942
    6189
    6190
    6429
    6910
    7975
    9168
   10535
   11672
   12034
   11477
   10224
    8566
    7049
    6012
    5406
    5185
    5229
    6165
    7483
    9370
   12723
   16135
   20107
   23365
   25121
   24860
   22820
   20128
   16952
   15235
   15557
   18638
   24010
   30611
   38162
   43574
   45834
   43535
   37892
   30414
   22813
   16734
   11813
    9166
    7437
    6422
    5929
    5304
    4934
    4731
    4568
    4835
    5302
    6104
    6988
    7743
    7908
    7556
    6794
    5964
    5012
    4172
    3753
    3586
    3558
    3600
    3644
    3701
    3926
    4054
    4477
    5257
    6350
    7902
   10176
   12450
   15123
   16867
   18368
   18240
   17291
   15640
   12993
   10521
    8591
    7110
    6311
    6038
    6255
    6598
    6572
    6506
    5970
    5143
    4203
    3405
    2688
    2355
    1992
    1795
    1689
    1725
    1637
    1683
    1726
    1689
    1663
    1702
    1697
    1706
    1774
    1640
    1618
    1703
    1665
    1636
    1659
    1640
    1623
    1647
    1549
    1531
    1668
    1651
    1543
    1625
    1566
    1630
    1549
    1659
    1656
    1600
    1586
    1668
    1588
    1670
    1616
    1602
    1667
    1577
    1558
    1559
    1636
    1582
    1592
    1578
    1591
    1695
    1600
    1553
    1579
    1652
    1630
    1589
    1609
    1633
    1675
    1690
    1801
    1915
    2122
    2418
    2492
    2866
    2913
    2879
    2671
    2376
    2100
    1834
    1799
    1571
    1628
    1582
    1625
    1601
    1551
    1502
    1629
    1562
    1588
    1529
    1553
    1508
    1624
    1548
    1534
    1540
    1560
    1561
    1566
    1519
    1523
    1549
    1480
    1547
    1509
    1540
    1557
    1503
    1509
    1536
    1629
    1568
    1530
    1470
    1577
    1491
    1572
    1557
    1567
    1521
    1587
    1525
    1541
    1554
    1577
    1622
    1659
    1702
    1589
    1615
    1595
    1510
    1495
    1591
    1509
    1481
    1531
    1526
    1480
    1483
    1510
    1562
    1456
    1495
    1491
    1601
    1551
    1525
    1524
    1515
    1520
    1453
    1538
    1519
    1532
    1502
    1528
    1451
    1468
    1531
    1469
    1469
    1484
    1538
    1493
    1522
    1495
    1477
    1432
    1469
    1538
    1496
    1484
    1457
    1488
    1428
    1484
    1492
    1484
    1535
    1486
    1418
    1465
    1492
    1456
    1420
    1427
    1473
    1471
    1438
    1532
    1420
    1431
    1480
    1510
    1513
    1530
    1434
    1442
    1438
    1435
    1445
    1496
    1441
    1509
    1446
    1411
    1563
    1555
    1673
    1630
    1635
    1653
    1637
    1556
    1565
    1443
    1505
    1432
    1469
    1436
    1490
    1407
    1481
    1467
    1563
    1484
    1440
    1447
    1448
    1365
    1456
    1491
    1508
    1480
    1463
    1399
    1464
    1463
    1513
    1474
    1495
    1453
    1557
    1566
    1547
    1513
    1513
    1565
    1495
    1516
    1462
    1434
    1449
    1476
    1428
    1478
    1434
    1435
    1417
    1425
    1464
    1406
    1436
    1489
    1483
    1550
    1568
    1574
    1634
    1522
    1530
    1549
    1496
    1449
    1464
    1484
    1462
    1451
    1403
    1400
    1423
    1427
    1452
    1423
    1441
    1466
    1439
    1461
    1486
    1433
    1441
    1405
    1409
    1361
    1453
    1394
    1518
    1414
    1429
    1426
    1390
    1384
    1502
    1392
    1400
    1424
    1406
    1421
    1459
    1470
    1465
    1380
    1419
    1452
    1356
    1447
    1421
    1394
    1525
    1476
    1436
    1371
    1483
    1407
    1424
    1451
    1426
    1472
    1513
    1430
    1431
    1530
    1597
    1708
    1771
    1874
    1834
    1876
    1774
    1608
    1574
    1551
    1524
    1359
    1455
    1392
    1416
    1362
    1408
    1373
    1340
    1389
    1374
    1399
    1423
    1388
    1410
    1465
    1412
    1377
    1435
    1408
    1408
    1530
    1426
    1485
    1690
    2025
    2574
    3746
    5499
    8426
   11941
   16366
   20059
   22866
   23564
   22198
   19159
   15280
   10910
    7536
    4768
    3112
    2128
    1638
    1461
    1432
    1338
    1358
    1329
    1412
    1327
    1317
    1359
    1390
    1383
    1381
    1272
    1305
    1355
    1330
    1386
    1264
    1337
    1268
    1351
    1377
    1328
    1328
    1335
    1290
    1327
    1278
    1268
    1323
    1285
    1302
    1302
    1326
    1334
    1288
    1347
    1310
    1274
    1311
    1294
    1316
    1378
    1295
    1248
    1272
    1292
    1319
    1324
    1294
    1345
    1227
    1281
    1302
    1254
    1273
    1296
    1288
    1344
    1328
    1374
    1322
    1319
    1306
    1349
    1348
    1370
    1352
    1300
    1297
    1309
    1336
    1335
    1286
    1293
    1358
    1329
    1379
    1358
    1381
    1376
    1291
    1294
    1447
    1419
    1450
    1421
    1416
    1419
    1371
    1370
    1302
    1352
    1351
    1371
    1245
    1270
    1312
    1289
    1280
    1316
    1295
    1358
    1379
    1291
    1359
    1368
    1443
    1470
    1373
    1331
    1376
    1305
    1364
    1328
    1376
    1397
    1351
    1282
    1337
    1326
    1298
    1316
    1309
    1291
    1284
    1349
    1337
    1244
    1293
    1305
    1307
    1300
    1256
    1307
    1308
    1261
    1286
    1338
    1334
    1336
    1277
    1299
    1350
    1398
    1283
    1244
    1290
    1270
    1359
    1315
    1254
    1265
    1313
    1274
    1287
    1350
    1265
    1398
    1253
    1293
    1403
    1302
    1327
    1313
    1307
    1270
    1308
    1233
    1311
    1316
    1281
    1312
    1259
    1364
    1247
    1231
    1299
    1298
    1250
    1286
    1335
    1290
    1273
    1355
    1281
    1274
    1327
    1347
    1332
    1306
    1313
    1345
    1286
    1295
    1360
    1257
    1245
    1299
    1247
    1345
    1274
    1290
    1345
    1352
    1313
    1264
    1327
    1249
    1322
    1283
    1291
    1321
    1270
    1288
    1281
    1281
    1263
    1264
    1282
    1265
    1265
    1212
    1272
    1279
    1257
    1307
    1301
    1317
    1237
    1220
    1300
    1339
    1302
    1375
    1276
    1275
    1322
    1333
    1357
    1487
    1523
    1726
    2107
    2768
    3591
    5155
    6943
    9115
   10563
   11931
   12626
   12030
   10824
    8819
    6932
    5077
    3514
    2611
    1851
    1582
    1402
    1261
    1291
    1268
    1258
    1246
    1227
    1263
    1205
    1243
    1241
    1266
    1230
    1219
    1238
    1300
    1226
    1256
    1227
    1210
    1251
    1245
    1245
    1212
    1286
    1222
    1175
    1230
    1221
    1205
    1222
    1217
    1236
    1208
    1256
    1232
    1245
    1299
    1316
    1195
    1204
    1205
    1175
    1273
    1248
    1267
    1179
    1280
    1186
    1222
    1199
    1218
    1173
    1208
    1274
    1221
    1223
    1193
    1201
    1193
    1225
    1240
    1236
    1142
    1192
    1169
    1211
    1273
    1178
    1297
    1197
    1267
    1275
    1236
    1247
    1246
    1225
    1198
    1247
    1238
    1218
    1214
    1213
    1232
    1217
    1222
    1175
    1166
    1189
    1316
    1229
    1298
    1224
    1222
    1211
    1300
    1253
    1235
    1161
    1263
    1201
    1216
    1247
    1214
    1214
    1216
    1222
    1168
    1205
    1287
    1219
    1270
    1227
    1205
    1188
    1220
    1213
    1301
    1195
    1209
    1204
    1222
    1242
    1227
    1260
    1304
    1245
    1219
    1264
    1276
    1218
    1296
    1212
    1203
    1285
    1347
    1276
    1245
    1245
    1338
    1236
    1247
    1285
    1272
    1290
    1259
    1264
    1232
    1277
    1274
    1275
    1285
    1281
    1325
    1350
    1427
    1385
    1423
    1309
    1349
    1310
    1275
    1320
    1254
    1239
    1310
    1236
    1215
    1273
    1230
    1251
    1223
    1199
    1184
    1181
    1273
    1230
    1210
    1202
    1203
    1262
    1204
    1206
    1271
    1212
    1217
    1199
    1206
    1221
    1176
    1212
    1237
    1192
    1209
    1216
    1213
    1199
    1244
    1250
    1146
    1204
    1142
    1254
    1185
    1154
    1280
    1263
    1278
    1173
    1199
    1217
    1217
    1238
    1246
    1231
    1202
    1229
    1259
    1243
    1234
    1182
    1205
    1196
    1218
    1179
    1191
    1271
    1268
    1231
    1198
    1188
    1129
    1190
    1179
    1217
    1189
    1284
    1247
    1367
    1381
    1469
    1606
    1733
    1913
    1955
    2079
    1991
    2004
    1861
    1783
    1700
    1572
    1530
    1514
    1387
    1411
    1400
    1380
    1296
    1306
    1272
    1240
    1284
    1288
    1216
    1249
    1193
    1257
    1253
    1256
    1213
    1354
    1288
    1448
    1475
    1656
    2149
    2937
    4613
    7599
   12858
   21618
   34026
   51736
   72905
   94920
  115220
  129629
  135556
  131788
  117358
   96977
   73806
   52091
   34248
   20756
   11872
    6613
    3492
    2051
    1390
    1029
     922
     872
     881
     858
     898
     854
     802
     895
     867
     823
     914
     966
     837
     861
     908
     879
     887
     905
     875
     873
     909
     874
     904
     842
     896
     831
     869
     884
     900
     859
     945
     882
     831
     856
     852
     850
     867
     859
     864
     845
     829
     839
     831
     852
     870
     844
     796
     813
     849
     866
     858
     809
     861
     885
     883
     864
     904
     870
     850
     896
     845
     875
     833
     896
     836
     827
     886
     933
     915
     808
     851
     831
     801
     827
     856
     842
     868
     855
     836
     822
     867
     842
     875
     922
     914
     836
     903
     857
     848
     834
     851
     813
     813
     832
     830
     829
     814
     831
     892
     837
     802
     960
    1078
    1253
    1432
    1592
    1885
    2107
    2160
    2261
    2255
    2095
    1920
    1673
    1500
    1173
    1022
     947
     893
     848
     815
     819
     779
     819
     813
     794
     816
     811
     829
     893
     824
     840
     805
     812
     864
     838
     882
     832
     841
     791
     729
     797
     789
     839
     730
     799
     772
     828
     799
     804
     795
     771
     773
     803
     767
     836
     777
     821
     903
     875
     862
     918
     862
     927
     900
     908
     886
     836
     794
     836
     792
     793
     799
     727
     844
     800
     819
     755
     761
     740
     836
     821
     822
     749
     797
     790
     815
     734
     782
     792
     809
     829
     783
     877
     796
     905
    1062
    1164
    1319
    1589
    1961
    2366
    2701
    3145
    3319
    3212
    3134
    2870
    2355
    2042
    1575
    1346
    1119
     950
     889
     876
     853
     852
     798
     832
     818
     796
     795
     794
     761
     790
     766
     803
     781
     753
     825
     810
     864
     828
     819
     865
     949
    1169
    1436
    2011
    2648
    3813
    5404
    7123
    8906
   10850
   12094
   12752
   12797
   11572
   10044
    8186
    6108
    4441
    3277
    2093
    1479
    1153
     935
     818
     810
     800
     757
     684
     741
     712
     737
     733
     776
     765
     787
     732
     731
     691
     777
     713
     738
     758
     702
     743
     715
     662
     728
     698
     704
     701
     751
     735
     704
     689
     696
     742
     693
     740
     752
     689
     771
     736
     703
     725
     726
     720
     799
     746
     715
     756
     762
     748
     748
     757
     742
     708
     708
     716
     684
     693
     684
     727
     687
     645
     650
     700
     727
     733
     681
     660
     699
     652
     691
     729
     694
     717
     694
     725
     718
     718
     726
     679
     709
     686
     704
     693
     689
     690
     697
     680
     693
     698
     715
     697
     690
     692
     663
     657
     674
     716
     676
     703
     626
     680
     692
     677
     672
     696
     733
     707
     656
     707
     705
     684
     687
     659
     688
     701
     759
     670
     736
     734
     734
     776
     744
     755
     750
     717
     720
     700
     681
     685
     685
     656
     669
     627
     691
     671
     666
     676
     657
     723
     668
     644
     649
     665
     686
     653
     688
     623
     713
     649
     656
     670
     748
     681
     729
     741
     765
     724
     709
     765
     705
     713
     705
     748
     693
     697
     625
     661
     646
     678
     655
     689
     662
     665
     634
     627
     640
     687
     647
     696
     640
     636
     658
     688
     639
     671
     645
     637
     674
     607
     598
     699
     677
     651
     677
     676
     668
     739
     716
     817
     761
     873
     869
     877
     929
     926
     912
     832
     776
     777
     735
     695
     612
     644
     651
     676
     645
     655
     644
     621
     641
     667
     594
     627
     660
     630
     659
     647
     643
     666
     671
     613
     621
     643
     622
     650
     585
     608
     625
     622
     615
     635
     603
     648
     667
     643
     624
     604
     630
     646
     618
     612
     666
     666
     645
     610
     625
     661
     674
     662
     636
     621
     636
     658
     595
     655
     650
     664
     635
     682
     687
     708
     676
     645
     698
     656
     705
     663
     691
     720
     668
     650
     685
     702
     712
     662
     670
     648
     651
     647
     606
     598
     618
     648
     644
     600
     581
     642
     599
     596
     611
     654
     598
     621
     607
     622
     606
     634
     568
     603
     615
     616
     641
     583
     601
     577
     564
     584
     628
     630
     595
     614
     629
     624
     629
     582
     607
     579
     597
     576
     597
     581
     613
     606
     637
     632
     582
     585
     643
     555
     608
     556
     620
     599
     572
     569
     591
     676
     617
     616
     613
     607
     598
     559
     584
     563
     559
     598
     594
     602
     641
     630
     596
     628
     673
     695
     637
     655
     659
     690
     609
     640
     651
     578
     561
     583
     607
     621
     581
     586
     614
     555
     596
     561
     595
     593
     566
     607
     596
     574
     558
     600
     609
     621
     611
     652
     605
     606
     576
     623
     607
     582
     562
     608
     616
     554
     577
     572
     607
     624
     553
     567
     589
     557
     598
     602
     574
     564
     592
     565
     571
     595
     530
     585
     568
     643
     580
     594
     610
     667
     654
     671
     650
     664
     668
     658
     643
     625
     605
     641
     586
     556
     594
     584
     558
     558
     584
     576
     560
     557
     572
     580
     576
     620
     574
     612
     593
     608
     637
     621
     680
     659
     745
     726
     730
     696
     730
     682
     656
     629
     611
     572
     618
     583
     568
     501
     541
     536
     539
     546
     569
     568
     595
     546
     553
     549
     557
     544
     537
     539
     518
     532
     527
     576
     563
     551
     551
     595
     584
     545
     516
     522
     570
     521
     551
     552
     514
     481
     535
     556
     596
     610
     499
     569
     532
     504
     527
     560
     551
     567
     513
     542
     534
     486
     582
     581
     568
     541
     508
     567
     513
     570
     513
     515
     565
     594
     573
     602
     652
     663
     619
     669
     689
     648
     645
     674
     604
     643
     564
     585
     554
     535
     543
     587
     505
     567
     530
     559
     559
     538
     520
     504
     537
     528
     573
     565
     548
     548
     584
     591
     556
     591
     557
     587
     593
     535
     567
     510
     541
     531
     552
     529
     522
     561
     559
     534
     501
     537
     484
     514
     565
     506
     525
     524
     526
     525
     537
     535
     528
     549
     533
     506
     528
     531
     489
     497
     544
     505
     505
     555
     499
     515
     495
     536
     513
     565
     480
     497
     553
     510
     506
     563
     517
     518
     505
     501
     479
     521
     489
     524
     519
     501
     518
     508
     546
     548
     498
     470
     540
     531
     518
     497
     462
     535
     484
     481
     562
     510
     474
     534
     503
     504
     549
     507
     519
     515
     476
     472
     534
     458
     505
     476
     517
     496
     498
     510
     489
     493
     549
     531
     500
     500
     495
     515
     499
     489
     495
     501
     488
     508
     497
     483
     501
     523
     516
     557
     559
     639
     633
     724
     846
     886
     941
    1048
    1005
    1055
    1066
    1006
     920
     833
     803
     735
     631
     589
     550
     524
     544
     507
     502
     486
     511
     534
     505
     494
     484
     493
     454
     509
     493
     482
     505
     507
     491
     527
     533
     468
     493
     467
     485
     496
     441
     463
     478
     451
     498
     489
     505
     506
     485
     503
     486
     519
     469
     472
     467
     489
     479
     463
     455
     491
     489
     472
     475
     454
     436
     491
     457
     502
     473
     520
     519
     451
     460
     505
     504
     463
     479
     484
     471
     479
     472
     475
     455
     476
     481
     457
     476
     495
     458
     488
     495
     507
     466
     449
     490
     457
     464
     514
     476
     510
     492
     473
     433
     484
     468
     441
     472
     531
     455
     486
     469
     481
     490
     481
     487
     490
     509
     481
     458
     472
     480
     529
     441
     465
     465
     428
     540
     459
     483
     497
     467
     458
     477
     478
     473
     453
     464
     461
     455
     494
     447
     470
     446
     472
     459
     483
     472
     461
     499
     470
     457
     440
     503
     491
     430
     513
     470
     468
     437
     447
     445
     505
     474
     531
     462
     481
     513
     462
     490
     494
     466
     452
     464
     495
     461
     489
     448
     486
     464
     476
     472
     425
     483
     492
     469
     462
     491
     456
     447
     454
     470
     469
     477
     509
     483
     449
     494
     528
     453
     474
     496
     445
     486
     490
     473
     487
     444
     428
     473
     451
     421
     448
     470
     467
     495
     491
     434
     479
     470
     468
     467
     433
     495
     446
     427
     446
     451
     477
     466
     495
     509
     503
     498
     509
     465
     500
     522
     525
     517
     487
     504
     496
     524
     496
     463
     444
     461
     448
     473
     463
     434
     463
     424
     517
     458
     475
     457
     486
     460
     467
     467
     475
     475
     456
     429
     424
     441
     499
     499
     455
     460
     481
     483
     477
     481
     476
     485
     493
     455
     506
     496
     509
     513
     481
     471
     491
     524
     447
     483
     466
     445
     454
     467
     457
     471
     433
     469
     486
     444
     475
     467
     460
     499
     457
     471
     429
     462
     417
     401
     439
     433
     446
     428
     420
     494
     396
     438
     427
     456
     457
     430
     436
     421
     420
     426
     446
     432
     480
     445
     420
     443
     440
     447
     434
     472
     458
     443
     482
     449
     433
     447
     426
     456
     459
     458
     462
     505
     475
     436
     472
     466
     483
     503
     491
     470
     450
     437
     441
     427
     462
     409
     411
     379
     400
     418
     413
     407
     395
     450
     422
     405
     398
     400
     391
     425
     416
     399
     451
     430
     440
     426
     406
     436
     390
     411
     436
     430
     399
     471
     428
     391
     407
     435
     386
     420
     412
     356
     436
     431
     394
     418
     360
     439
     437
     413
     381
     396
     424
     449
     408
     415
     403
     419
     418
     401
     373
     408
     411
     403
     431
     399
     441
     410
     439
     436
     412
     394
     413
     431
     419
     403
     404
     393
     389
     394
     417
     406
     394
     407
     425
     400
     441
     416
     456
     414
     468
     438
     463
     452
     482
     459
     433
     464
     442
     473
     438
     443
     423
     420
     419
     408
     377
     457
     411
     382
     414
     424
     411
     445
     413
     397
     376
     440
     410
     388
     444
     404
     454
     421
     424
     437
     455
     375
     444
     421
     392
     394
     409
     420
     404
     405
     426
     407
     357
     446
     386
     413
     395
     354
     434
     418
     385
     397
     415
     428
     406
     393
     417
     422
     443
     404
     398
     420
     390
     416
     408
     420
     448
     380
     388
     430
     391
     414
     388
     419
     388
     425
     435
     404
     416
     402
     381
     413
     405
     414
     427
     402
     397
     383
     390
     385
     364
     404
     393
     378
     429
     402
     388
     389
     355
     401
     383
     409
     380
     401
     388
     409
     398
     356
     382
     415
     394
     433
     412
     401
     398
     378
     442
     382
     414
     392
     434
     385
     392
     409
     389
     359
     377
     393
     400
     347
     417
     366
     388
     348
     389
     370
     380
     412
     361
     332
     357
     392
     378
     369
     425
     383
     380
     382
     368
     409
     388
     356
     384
     394
     397
     394
     376
     349
     358
     246
       0
       0
       0
       0
       0
       0
       0
       0
       0
       0
       0
       0
       0
       0
       0
       0
       0
       0
       0
       0
       0
       0
       0
       0
       0
       0
       0
       0
       0
       0
       0
       0
       0
       0
       0
       0
       0
       0
       0
       0
       0
       0
       0
       0
       0
       0
       0
$ENER_FIT:
0.000000 0.075000
$PRESETS:
Live Time (sec)
1599
0
$RT:
1800.000000
$DT:
201000
$ISO_DECL_U:
SMPLNAM: IDB-64
SEPDATE: 01/01/1900 00:00:00
U234: 0.0359 
DU234: 18.9415
U235: 4.4623 
DU235: 0.0717
U236: 0.0068 
DU236: 2.9412
U238: 95.495 
DU238: 0.0034
$ADC:
4096
0
4095