$APPLICATION_ID:
IDB v.1.0
$SPEC_REM:
Material type: Pu
Material form: Unknown
Material compound: PuO2
Pu isotopics:
238Pu 0.1166
239Pu 79.5056
240Pu 18.9898
241Pu 0.7239
242Pu 0.6641
241Am Unknown
Detector: HPGe (Geometry: Semi-planar, Size: 70 mm dia by 29.5 mm thick semi planar)
MCA: DSPEC
$DATE_MEA:
06/27/2000 11:48:00
$MEAS_TIM:
2369 3600
$DATA:
0 8191
       0
       0
       0
       0
       0
       0
       0
       0
       0
       0
       0
       0
       0
       0
       0
       0
       0
       0
       0
       0
       0
       0
       0
       0
       0
       0
       0
       0
       0
       0
       0
       0
       0
       0
       0
       0
       0
       0
       0
       0
       0
       0
       0
       0
       0
       0
       0
       0
       0
       0
   30180
   41134
   40097
   40440
   40083
   39270
   38738
   38906
   38020
   37758
   37615
   37225
   36727
   36177
   36448
   35831
   35856
   35448
   35200
   35087
   34562
   34105
   34279
   33705
   33661
   33321
   33033
   32934
   32722
   32640
   32267
   32228
   31747
   31789
   31606
   31575
   31290
   31098
   31477
   31073
   31275
   30967
   30853
   30818
   30533
   30581
   30488
   30221
   30177
   30059
   30034
   30044
   29455
   29560
   29446
   29041
   29077
   29378
   29138
   28990
   28869
   28445
   28891
   28506
   28310
   28131
   28073
   27754
   28151
   27983
   27752
   27576
   27696
   27663
   27485
   27300
   27428
   27228
   27166
   26745
   27047
   27046
   26783
   26752
   26966
   26519
   26413
   26435
   26352
   26057
   26009
   26061
   25898
   25756
   25792
   25877
   25602
   25796
   25960
   25436
   25408
   25758
   25228
   25212
   25513
   25299
   24956
   25301
   25076
   24910
   24755
   25035
   24966
   24776
   24842
   24964
   24682
   24637
   24675
   24474
   25015
   24526
   24279
   24697
   24442
   24338
   24313
   24148
   23874
   24123
   24073
   24032
   23882
   24276
   23863
   23928
   23839
   23645
   24229
   24006
   23735
   23716
   23722
   23780
   23893
   23721
   23495
   23588
   23666
   23659
   23453
   23250
   23313
   23481
   23443
   22992
   23193
   23202
   23428
   22893
   22889
   23268
   22990
   22893
   22808
   23221
   22884
   22756
   22570
   22825
   22805
   22567
   22695
   22738
   22710
   22558
   22517
   22280
   22322
   22202
   22076
   22112
   21971
   22099
   22081
   21982
   22106
   21977
   21656
   21877
   21705
   21669
   21629
   21314
   21370
   21270
   21382
   21371
   21524
   20890
   21158
   20971
   20778
   21036
   20727
   21122
   20805
   20578
   20560
   20528
   20535
   20271
   20536
   20495
   20252
   20288
   19879
   19946
   19996
   20069
   20028
   19847
   19979
   19977
   19740
   19635
   19623
   19668
   19569
   19610
   19369
   19438
   19250
   19265
   19311
   19060
   19438
   19078
   19133
   19093
   19072
   19109
   18912
   18883
   19011
   19112
   18708
   18882
   18690
   18668
   18593
   18618
   18607
   18747
   18641
   18573
   18527
   18584
   18365
   18417
   18574
   18478
   18418
   18344
   18126
   18175
   18167
   18217
   18145
   18315
   18064
   18109
   17784
   18074
   18027
   17924
   17898
   17983
   18093
   17846
   17971
   17849
   17736
   17785
   17813
   17643
   17632
   17750
   17311
   17616
   17685
   17756
   17613
   17679
   17660
   17496
   17434
   17445
   17366
   17517
   17242
   17429
   17304
   17367
   17447
   17065
   17068
   17275
   17144
   17091
   17355
   17098
   16788
   17098
   17229
   16867
   16924
   17028
   16830
   17051
   16892
   16742
   16886
   17001
   16837
   17024
   16607
   16831
   17009
   16832
   16992
   16430
   16487
   16679
   16680
   16521
   16720
   16577
   16400
   16449
   16560
   16593
   16742
   16423
   16562
   16432
   16393
   16475
   16593
   16352
   16366
   16338
   16418
   16501
   16445
   16445
   16484
   16206
   16238
   16391
   16356
   16061
   16134
   16104
   16187
   16192
   16160
   16140
   16266
   16103
   16142
   16089
   16221
   16278
   16005
   16158
   15823
   15872
   15923
   16346
   16037
   16020
   16084
   16119
   16217
   16172
   15852
   16001
   16209
   15929
   15671
   15916
   16033
   15629
   15771
   15841
   16043
   15848
   15840
   15804
   15549
   15770
   15420
   15596
   15797
   15553
   15523
   15468
   15619
   15458
   15587
   15613
   15494
   15561
   15523
   15415
   15504
   15360
   15432
   15526
   15678
   15927
   16429
   16820
   17534
   18075
   17820
   17408
   16884
   15949
   15809
   15441
   15309
   15157
   15006
   15042
   15105
   14999
   15172
   15170
   15026
   15100
   15155
   14784
   15241
   14858
   14969
   15299
   14893
   15037
   14838
   14963
   15025
   14884
   14953
   15028
   14893
   14721
   14839
   14793
   14711
   14651
   14796
   14482
   14809
   14636
   14615
   14817
   14753
   14745
   14899
   14454
   14905
   14850
   14798
   14498
   14518
   14794
   14753
   14579
   14775
   14723
   14578
   14509
   14684
   14753
   14540
   14791
   14516
   14474
   14597
   14599
   14378
   14630
   14536
   14536
   14532
   14495
   14487
   14574
   14533
   14530
   14488
   14738
   14786
   14469
   14499
   14568
   14318
   14392
   14305
   14544
   14612
   14584
   14396
   14712
   14400
   14585
   14426
   14640
   14487
   14462
   14436
   14679
   14548
   14457
   14350
   14403
   14597
   14509
   14645
   14565
   14540
   14551
   14580
   14438
   14618
   14592
   14508
   14395
   14512
   14619
   14621
   14583
   14700
   14704
   14859
   14861
   14605
   14795
   14848
   14972
   14790
   14772
   14504
   14792
   14786
   14657
   14477
   14854
   14791
   14613
   14895
   14934
   14830
   14969
   14860
   15131
   14694
   14838
   14947
   14950
   14818
   15061
   14711
   15011
   15011
   14948
   14935
   15179
   14898
   14905
   15004
   14996
   14970
   15099
   15126
   15306
   15092
   14986
   15172
   15143
   15102
   15238
   15212
   15265
   15169
   15267
   15376
   15402
   15461
   15148
   15294
   15550
   15445
   15638
   15581
   15502
   15647
   15629
   15852
   15485
   15656
   15659
   15582
   16259
   15805
   16058
   15854
   15809
   15596
   16128
   16129
   16341
   16106
   16288
   16220
   16499
   16528
   16625
   16309
   16511
   16832
   16663
   16706
   16590
   16523
   17012
   16756
   16651
   16910
   16834
   17158
   17063
   17062
   17227
   17323
   17030
   17501
   17451
   17449
   17555
   17480
   17702
   17553
   17691
   17757
   17949
   17814
   18029
   17915
   17906
   18042
   18127
   18203
   18289
   18382
   18230
   18340
   18422
   18578
   18838
   18652
   18845
   19033
   18934
   18922
   19081
   19034
   19204
   19467
   19281
   19234
   19477
   19748
   19532
   19455
   19807
   19652
   20144
   20176
   20059
   20424
   20145
   20527
   20803
   20725
   20606
   21133
   21738
   22634
   24096
   26400
   29204
   33495
   36808
   39047
   39614
   37662
   34444
   30691
   27315
   25114
   23748
   23051
   22569
   22800
   22890
   23694
   24401
   25505
   27950
   31233
   35517
   39858
   42784
   43461
   42712
   40105
   37265
   35104
   35827
   39120
   46967
   57926
   72786
   90058
  107273
  123760
  137830
  146792
  145540
  135567
  117374
   98493
   81836
   68733
   59849
   52628
   46760
   41302
   37780
   36860
   39328
   45356
   55037
   64605
   72231
   74579
   71033
   62918
   52237
   42114
   34722
   30413
   28830
   30609
   36829
   48715
   68624
   96189
  127860
  156055
  171371
  168549
  153624
  133974
  117778
  108118
  103440
  102390
   99355
   95024
   86978
   76246
   63293
   50105
   38407
   29529
   23595
   20332
   19088
   18182
   17816
   17847
   17845
   17772
   18098
   18180
   18698
   18970
   18451
   18596
   18254
   18433
   18217
   18070
   17862
   17960
   17928
   17831
   17987
   18017
   18134
   18211
   18193
   18310
   18016
   18673
   18536
   18790
   18677
   18884
   19268
   19548
   19952
   20988
   22473
   24561
   27727
   31709
   35701
   39323
   41798
   42885
   44298
   46519
   50573
   55673
   59409
   60620
   57927
   51494
   44031
   36664
   30566
   26432
   24081
   23201
   22621
   23413
   25050
   27694
   31546
   35785
   39043
   41989
   43443
   44178
   46924
   52035
   59772
   68544
   75791
   78494
   76431
   69969
   61138
   52549
   46342
   42020
   40534
   39932
   39835
   39714
   39869
   41137
   43525
   46916
   49252
   49947
   49133
   47598
   46889
   49602
   55487
   61989
   67350
   70222
   67894
   62598
   54742
   46751
   39733
   33865
   30633
   28275
   26892
   25736
   24420
   22808
   21249
   20606
   19839
   19396
   19441
   20047
   20183
   21407
   23088
   25269
   27835
   30900
   33188
   34500
   34337
   32871
   30532
   27963
   25809
   24781
   23853
   22866
   21672
   20960
   20265
   19142
   18716
   18916
   19599
   21062
   23048
   24751
   26222
   26210
   25584
   23757
   21895
   19743
   18788
   18014
   17707
   17753
   17913
   18848
   19804
   22876
   27384
   33774
   42475
   51659
   59337
   61601
   59528
   52041
   42622
   33264
   26592
   21442
   18827
   17567
   17124
   16815
   16622
   16572
   16850
   16551
   16750
   16592
   16783
   17096
   16835
   16853
   17013
   17163
   17472
   18775
   20744
   24501
   31933
   42452
   56005
   71077
   83056
   88048
   84752
   73226
   58490
   43842
   32475
   24526
   20344
   17926
   16783
   16409
   16329
   15976
   16211
   16567
   16239
   16077
   16257
   16264
   16417
   16282
   16373
   16344
   16327
   16442
   16326
   16228
   16251
   16508
   16416
   16419
   16405
   16606
   16368
   16394
   16410
   16555
   16464
   16625
   16524
   16436
   16583
   16484
   16588
   16821
   16406
   16663
   16636
   16590
   16707
   16893
   16915
   16894
   16934
   16697
   16643
   16953
   16790
   17028
   16755
   17002
   17077
   16983
   16652
   16703
   17114
   17091
   17027
   17117
   17151
   17303
   17168
   17119
   17119
   17037
   17391
   17234
   17611
   17451
   17394
   17502
   17656
   17376
   17427
   17520
   17674
   17388
   17534
   17522
   17457
   17723
   17495
   17584
   17690
   17580
   17965
   17900
   18208
   18396
   18359
   18386
   18327
   18261
   17992
   17949
   17885
   18005
   18217
   17965
   18333
   18120
   18532
   18785
   18705
   19670
   20228
   20996
   22534
   23515
   24170
   24488
   23789
   22587
   21319
   20433
   19450
   19015
   18818
   18858
   19177
   19525
   20741
   21909
   23322
   25449
   28059
   29976
   31828
   32709
   31611
   29527
   26820
   24541
   22343
   20897
   20355
   21080
   22546
   26114
   32352
   42100
   54629
   68414
   80922
   87138
   86914
   78025
   63833
   50449
   38025
   29523
   24080
   21309
   20432
   20307
   20282
   20778
   20874
   20517
   19779
   19553
   19186
   18995
   18647
   18826
   18366
   18509
   18821
   19010
   19095
   18918
   19527
   20290
   21543
   23071
   25455
   26967
   28472
   28468
   27713
   25862
   23731
   22065
   20744
   19612
   19361
   18946
   18604
   18796
   18945
   18985
   18633
   18995
   19086
   18800
   19253
   19005
   19229
   19024
   19169
   19107
   19003
   19154
   19274
   19327
   19044
   19166
   18849
   19334
   19348
   19475
   19284
   19296
   19572
   19484
   19699
   19661
   19198
   19515
   19633
   19848
   19586
   19805
   19431
   19920
   20035
   19804
   19998
   19953
   20345
   21076
   21415
   22844
   24507
   26734
   29626
   31922
   33692
   34342
   33267
   31431
   28921
   26575
   24902
   24228
   23657
   24140
   24132
   24134
   23711
   23220
   22041
   21512
   20809
   20463
   20241
   19947
   19666
   19837
   20013
   19966
   20131
   20223
   20242
   20624
   21235
   22668
   25413
   28690
   33911
   39383
   44964
   48141
   48643
   46341
   41330
   35531
   30163
   25759
   23148
   22008
   21520
   21097
   21256
   20901
   21006
   20837
   20338
   20371
   20255
   20140
   20154
   20085
   19812
   19995
   20060
   19912
   20155
   19979
   20109
   20210
   20194
   20063
   20206
   20302
   20452
   21044
   21824
   23040
   24493
   26202
   27578
   28534
   28261
   27473
   26069
   24528
   22614
   21593
   21153
   20930
   21290
   21342
   22189
   23125
   24208
   24649
   24873
   24802
   24085
   22870
   22113
   21098
   20552
   20552
   20291
   20203
   20218
   19908
   20215
   19956
   20049
   19957
   20353
   20190
   20487
   20425
   20020
   20276
   20140
   20406
   20317
   20738
   20570
   20702
   20609
   21184
   21115
   21211
   20766
   20628
   20341
   20083
   20271
   19968
   20095
   20402
   19923
   20111
   20115
   20150
   20227
   20154
   20438
   19953
   20294
   20169
   19900
   20128
   20446
   20653
   20034
   20476
   20785
   20647
   20972
   21824
   22325
   22950
   23502
   23350
   22996
   22494
   21832
   21219
   20891
   20724
   20494
   20488
   20354
   20315
   20309
   20434
   20436
   20252
   20261
   20152
   20291
   20153
   20415
   20102
   20200
   20237
   20066
   20255
   20109
   20270
   20129
   20128
   20394
   19902
   20460
   20431
   20042
   20296
   20015
   20098
   20060
   20196
   20120
   20159
   20295
   20140
   20372
   20157
   20052
   20112
   20119
   20191
   20169
   20040
   20219
   20290
   20250
   20278
   20284
   20141
   20233
   19970
   19927
   20273
   19928
   20281
   20014
   20026
   20250
   20271
   20383
   20500
   20523
   20305
   20393
   20374
   20754
   21001
   21099
   21360
   22073
   22777
   23772
   24116
   24454
   24064
   23222
   22262
   21830
   20899
   20476
   20092
   19839
   19933
   20064
   19688
   19814
   19923
   19749
   20111
   20156
   20548
   20777
   20981
   21498
   21152
   21037
   20443
   20575
   20204
   19898
   19850
   19688
   19543
   19607
   19411
   19485
   19505
   19556
   19537
   19781
   19377
   19509
   19501
   19540
   19693
   19728
   19957
   20429
   21144
   21917
   22863
   24437
   25112
   25789
   25896
   25432
   23911
   22791
   21615
   20743
   20124
   19879
   19576
   19314
   19212
   19519
   19320
   19359
   19407
   19416
   19319
   19386
   19315
   19367
   19272
   19516
   19108
   19388
   19392
   19054
   19320
   19113
   19287
   19168
   19140
   18850
   19035
   19045
   19300
   19008
   19109
   19144
   18964
   19087
   19106
   19228
   19077
   19265
   18793
   19103
   19163
   19348
   19213
   19073
   19267
   19130
   19399
   19518
   20349
   21726
   24053
   27608
   33112
   39710
   47133
   52984
   56462
   55857
   52545
   45725
   38541
   31868
   26505
   22658
   20770
   19543
   18870
   18462
   18566
   18582
   18413
   18715
   18878
   18771
   19097
   18867
   19063
   19144
   19343
   20059
   20425
   22288
   25807
   33802
   49452
   77095
  125088
  197270
  295378
  410122
  523335
  608205
  643886
  614666
  531764
  418110
  299299
  196755
  120016
   70637
   42305
   26993
   20245
   16859
   15752
   14986
   14629
   14449
   14524
   14274
   14191
   13952
   14063
   14168
   13829
   13928
   13762
   13827
   13795
   13596
   13657
   13606
   13754
   13347
   13552
   13478
   13778
   13601
   13389
   13693
   13368
   13266
   13366
   13314
   13402
   13108
   13106
   13208
   13053
   13146
   13143
   12975
   12972
   13179
   12992
   12981
   13235
   12967
   12954
   12939
   13052
   12951
   13040
   12915
   12957
   12773
   12877
   13013
   12663
   12673
   12802
   12781
   12550
   12663
   12754
   12804
   12579
   12696
   12588
   12727
   12718
   12608
   12604
   12637
   12448
   12449
   12250
   12674
   12324
   12342
   12300
   12145
   12277
   12304
   12170
   12298
   12268
   12288
   12457
   12255
   12134
   12410
   12342
   12698
   13149
   13479
   14043
   14943
   15539
   16074
   16204
   15846
   15586
   14788
   14158
   13310
   12652
   12596
   12026
   11857
   11889
   11653
   11556
   11741
   11695
   11834
   11760
   11462
   11488
   11665
   11426
   11445
   11616
   11467
   11513
   11816
   11758
   11841
   11875
   12330
   12469
   12489
   12341
   12350
   12109
   11795
   11587
   11525
   11324
   10993
   11203
   11095
   11078
   10936
   11209
   10907
   11009
   10841
   10962
   10946
   11107
   11054
   11133
   10917
   10981
   10941
   10905
   11115
   10896
   10682
   10787
   10741
   10867
   10855
   10761
   10910
   10405
   10668
   10727
   10885
   10806
   10581
   10546
   10608
   10513
   10531
   10549
   10403
   10322
   10558
   10586
   10633
   10510
   10435
   10586
   10558
   10667
   10547
   11028
   10788
   10859
   10773
   10899
   10527
   10789
   10544
   10518
   10488
   10553
   10585
   10721
   10730
   10660
   10917
   10956
   10674
   10683
   10325
   10198
   10267
   10351
   10176
    9939
   10241
   10145
    9948
   10087
   10056
   10142
   10090
   10041
   10043
   10088
   10105
   10075
   10461
   10542
   10888
   11315
   11657
   12486
   13190
   14662
   15911
   17593
   19521
   20939
   21409
   20515
   19090
   17051
   15249
   13536
   11928
   10939
   10134
   10076
    9825
    9773
    9846
    9797
   10022
   10036
   10494
   10434
   10671
   10789
   10641
   10509
   10317
   10424
   10292
   10062
   10084
   10175
   10218
   10277
   10022
   10184
   10221
   10322
   10502
   10805
   11156
   11416
   11551
   11432
   11094
   10869
   10262
   10010
    9698
    9701
    9676
    9652
    9723
    9641
    9551
    9670
    9607
    9551
    9524
    9431
    9435
    9130
    9399
    9406
    9292
    9325
    9524
    9546
    9561
    9481
    9495
    9582
    9360
    9178
    9365
    9177
    9085
    9100
    9201
    9248
    9235
    9311
    9366
    9611
    9535
    9576
    9672
    9738
    9544
    9579
    9264
    9257
    9161
    9168
    9196
    8922
    8971
    8940
    9065
    9086
    8861
    8798
    9001
    8793
    8998
    8882
    8831
    9097
    8942
    8976
    8931
    8971
    8825
    8806
    8837
    8909
    8972
    8899
    8842
    8727
    8862
    8664
    8661
    8767
    8639
    8568
    8583
    8650
    8767
    8867
    8868
    9339
    9974
   10566
   11853
   12952
   14332
   15024
   15514
   15248
   14277
   13066
   11868
   10559
    9849
    9199
    8741
    8436
    8416
    8119
    8348
    8140
    8065
    8106
    8170
    8075
    7883
    7933
    8074
    8091
    8145
    8122
    8143
    8142
    8154
    8053
    7928
    7872
    7993
    8066
    7974
    7786
    7753
    7820
    7721
    8054
    7901
    7859
    7807
    7909
    7712
    7823
    7914
    7932
    7776
    7723
    7681
    7815
    7871
    7724
    7619
    7513
    7634
    7622
    7593
    7548
    7772
    7650
    7788
    7884
    7984
    7965
    8339
    8883
    9436
    9693
    9963
    9892
    9889
    9423
    9170
    9110
    8731
    8780
    8466
    8579
    8332
    8220
    7872
    7897
    7699
    7723
    7510
    7518
    7617
    7712
    8308
    8871
   10065
   12142
   15374
   19113
   24011
   28588
   33023
   34582
   34782
   31767
   27201
   22817
   17981
   14054
   11066
    9204
    8271
    7613
    7271
    7221
    7119
    7058
    7031
    6981
    7011
    7038
    7163
    7008
    7158
    6857
    6945
    6918
    7067
    6861
    7217
    7064
    6925
    7148
    7420
    7238
    7155
    7141
    7204
    7217
    6923
    7075
    6823
    6846
    6874
    6952
    6838
    6792
    6805
    6832
    6804
    6622
    6698
    6610
    6824
    6920
    6739
    6830
    6828
    6719
    6709
    6686
    6857
    6911
    6752
    6985
    7226
    7360
    7339
    7471
    7320
    7163
    7225
    7069
    7107
    6655
    6847
    6850
    6830
    7277
    7340
    7385
    7329
    7258
    7060
    6954
    6876
    6957
    6639
    6780
    6548
    6759
    6557
    6587
    6574
    6481
    6584
    6484
    6503
    6436
    6548
    6431
    6477
    6522
    6445
    6440
    6514
    6571
    6779
    6572
    6510
    6560
    6598
    6676
    6604
    6385
    6498
    6408
    6367
    6527
    6417
    6527
    6425
    6332
    6430
    6404
    6297
    6405
    6426
    6293
    6372
    6244
    6280
    6252
    6290
    6230
    6229
    6160
    6293
    6387
    6216
    6383
    6368
    6351
    6484
    6317
    6324
    6236
    6379
    6167
    6388
    6311
    6156
    6048
    6156
    6265
    6218
    6250
    6244
    6042
    6179
    6241
    6065
    6050
    6137
    6292
    6214
    6192
    6191
    6198
    6024
    6058
    6063
    5982
    6072
    6009
    6006
    6144
    5989
    5955
    5985
    5957
    6165
    6078
    6004
    6127
    5894
    6086
    6053
    6204
    6097
    6286
    6329
    6303
    6196
    6340
    6345
    6214
    6234
    6357
    6463
    6611
    7010
    7170
    7399
    7564
    7433
    7288
    7114
    6710
    6494
    6321
    6154
    6033
    5813
    5822
    5947
    5892
    5804
    5885
    5933
    5864
    5920
    5776
    5881
    5825
    5830
    5955
    5882
    5802
    5862
    5801
    5899
    5919
    6045
    6261
    6615
    7175
    7785
    8511
    9079
   10043
   10164
   10374
    9985
    9431
    8827
    7729
    7094
    6658
    6281
    5961
    5943
    5967
    6163
    5887
    6356
    6789
    7581
    8541
    9627
   10707
   11846
   12721
   12888
   12672
   11570
   10475
    9240
    8144
    7236
    6555
    6029
    5899
    5876
    5580
    5518
    5478
    5471
    5668
    5684
    5873
    5890
    5842
    5930
    6025
    6273
    5951
    5870
    5901
    5833
    5850
    5838
    5709
    5737
    5707
    5575
    5646
    5668
    5654
    5584
    5608
    5597
    5723
    5474
    5609
    5569
    5659
    5493
    5520
    5542
    5604
    5576
    5697
    5605
    5666
    5676
    5753
    5608
    5568
    5640
    5881
    5791
    5890
    6030
    5993
    6065
    5951
    6029
    5755
    5862
    5649
    5633
    5646
    5552
    5411
    5552
    5372
    5452
    5503
    5369
    5480
    5528
    5555
    5466
    5516
    5831
    5827
    6648
    7317
    8964
   11486
   15220
   19957
   26143
   32888
   38756
   42833
   44934
   43484
   39215
   33312
   26454
   20077
   15109
   11340
    8848
    7177
    6366
    5754
    5611
    5450
    5202
    5295
    5183
    5051
    5008
    5228
    5113
    5231
    5106
    5128
    5270
    5227
    5200
    5231
    5231
    5422
    5436
    5659
    5627
    5787
    6022
    6265
    6384
    6249
    6120
    5907
    5648
    5632
    5457
    5226
    5050
    5043
    4938
    5024
    5025
    5032
    4954
    4918
    5018
    5092
    5009
    4974
    5092
    5246
    5311
    5292
    5438
    5487
    5696
    5699
    6006
    6321
    6520
    7182
    8050
    8824
    9466
    9859
    9824
    9712
    9255
    8607
    8328
    8081
    8388
    9523
   11182
   13849
   16208
   18632
   20684
   21183
   20738
   19363
   17154
   14806
   12714
   11270
   10378
   10330
   10251
   10236
   10009
    9378
    8925
    7995
    7222
    6479
    5724
    5426
    5231
    5122
    4889
    4795
    4828
    4777
    4673
    4718
    4736
    4615
    4827
    4731
    4738
    4776
    4691
    4808
    4734
    4659
    4584
    4604
    4699
    4607
    4790
    4703
    4695
    4641
    4739
    4589
    4634
    4741
    4648
    4596
    4616
    4716
    4773
    4715
    4721
    4827
    4741
    4886
    4650
    4687
    4666
    4799
    4730
    4814
    4895
    5131
    5208
    5793
    6547
    8193
   10803
   15390
   21606
   30733
   42004
   55140
   68782
   81443
   90027
   95066
   95631
   90574
   81087
   68801
   55794
   42534
   31314
   22328
   15339
   10851
    8221
    6963
    6646
    7397
    9367
   12281
   17484
   24219
   32602
   42151
   51291
   59141
   63314
   64044
   60056
   54211
   46367
   38172
   30202
   23612
   18296
   13990
   10698
    8425
    6826
    5855
    5130
    5042
    4803
    4800
    4783
    4804
    4784
    4669
    4430
    4389
    4279
    4127
    4202
    3973
    3963
    4012
    4090
    4016
    4151
    4399
    4640
    5335
    5803
    6617
    7221
    7708
    8101
    8703
    8716
    8970
    8920
    9250
    9525
    9867
   10006
   10165
    9636
    8915
    7901
    6996
    6134
    5187
    4608
    4261
    4022
    3771
    3829
    3730
    3818
    3845
    3961
    4371
    4576
    5335
    6891
    9000
   12746
   17958
   24875
   32524
   40966
   47820
   52873
   54510
   52302
   47416
   39020
   30592
   22786
   15662
   11120
    7782
    5852
    4711
    4075
    3731
    3647
    3559
    3471
    3555
    3538
    3378
    3414
    3408
    3484
    3496
    3444
    3418
    3435
    3387
    3447
    3456
    3514
    3289
    3465
    3402
    3468
    3382
    3388
    3508
    3425
    3481
    3406
    3462
    3622
    3552
    3727
    3717
    3696
    3830
    3715
    3669
    3732
    3656
    3494
    3500
    3586
    3485
    3496
    3509
    3393
    3376
    3440
    3410
    3338
    3394
    3469
    3366
    3289
    3377
    3318
    3349
    3373
    3373
    3399
    3404
    3411
    3427
    3458
    3371
    3401
    3306
    3222
    3260
    3408
    3262
    3210
    3178
    3194
    3338
    3365
    3209
    3366
    3352
    3357
    3343
    3341
    3310
    3261
    3242
    3215
    3289
    3229
    3344
    3189
    3324
    3339
    3348
    3238
    3334
    3379
    3310
    3369
    3217
    3386
    3265
    3184
    3203
    3272
    3269
    3321
    3315
    3209
    3203
    3218
    3185
    3215
    3272
    3138
    3250
    3244
    3441
    3459
    3605
    3884
    3929
    3939
    4123
    4338
    4067
    4024
    3903
    3702
    3680
    3539
    3427
    3238
    3340
    3231
    3248
    3239
    3220
    3238
    3129
    3163
    3193
    3193
    3199
    3136
    3195
    3128
    3102
    3075
    3187
    3138
    3131
    3145
    3160
    3292
    3383
    3603
    3881
    4370
    5168
    6051
    7221
    8458
    9706
   10559
   11310
   11223
   10671
   10371
   10227
   10843
   12162
   14934
   18704
   23172
   27430
   31752
   34073
   34428
   32535
   28994
   23944
   19196
   14299
   10531
    7811
    5931
    4872
    4597
    4762
    5300
    6157
    7561
    8913
   10157
   11282
   11961
   11790
   11306
    9928
    8717
    7293
    6090
    4869
    4158
    3815
    3516
    3315
    3291
    3269
    3308
    3286
    3397
    3268
    3344
    3513
    3768
    4283
    5452
    7464
   11247
   16715
   25878
   38691
   55604
   75996
   97752
  117923
  133535
  140613
  138879
  127581
  109195
   87990
   66800
   47974
   34669
   25407
   20382
   18387
   17903
   17606
   17316
   15857
   14845
   12424
   10194
    8015
    6133
    4835
    3931
    3284
    2973
    2792
    2762
    2673
    2675
    2802
    2929
    3030
    3565
    4179
    5474
    7038
    9630
   12848
   16566
   20808
   25002
   27559
   28898
   28486
   26232
   22808
   18216
   14304
   10755
    7670
    5736
    4404
    3987
    3812
    4278
    5402
    7194
    9553
   12471
   15933
   19361
   22405
   24660
   25344
   24380
   22370
   19130
   16226
   13063
   10609
    8669
    7245
    6209
    5303
    4599
    4097
    3436
    3035
    2670
    2527
    2334
    2334
    2280
    2220
    2203
    2186
    2138
    2162
    2121
    2138
    2199
    2202
    2159
    2080
    2137
    2112
    2083
    2219
    2118
    2152
    2131
    2154
    2125
    2130
    2101
    2143
    2167
    2221
    2158
    2105
    2100
    2074
    2152
    2084
    2058
    2135
    2066
    2200
    2161
    2203
    2276
    2374
    2398
    2562
    2662
    2750
    2773
    2659
    2674
    2639
    2775
    2892
    3404
    4238
    5617
    7456
   10196
   13827
   17776
   22468
   27790
   32458
   36768
   39923
   41646
   41451
   39380
   36181
   31106
   25730
   20077
   14906
   10768
    7415
    5244
    3806
    2953
    2384
    2223
    2096
    2155
    2090
    2046
    2088
    2111
    2081
    2069
    1999
    1979
    2013
    1874
    1924
    1926
    1920
    1931
    1933
    1941
    1896
    1926
    1880
    1944
    2089
    2127
    2314
    2485
    2659
    2793
    3036
    3115
    3173
    3054
    2974
    2950
    2907
    2658
    2717
    2596
    2526
    2390
    2349
    2317
    2243
    2117
    2098
    1958
    1994
    1786
    1966
    1893
    1870
    1834
    1813
    1864
    1890
    1914
    1829
    1816
    1793
    1857
    1885
    1782
    1799
    1894
    1831
    1776
    1756
    1764
    1847
    1786
    1785
    1773
    1818
    1805
    1756
    1832
    1841
    1767
    1774
    1825
    1780
    1818
    1752
    1728
    1783
    1736
    1777
    1825
    1830
    1723
    1990
    1914
    1931
    1916
    1885
    1882
    1929
    1915
    1813
    1921
    1839
    1801
    1756
    1770
    1770
    1728
    1779
    1777
    1768
    1804
    1797
    1813
    1746
    1747
    1764
    1754
    1750
    1776
    1774
    1753
    1807
    1811
    1833
    1909
    1858
    1999
    2091
    2185
    2193
    2151
    2223
    2222
    2165
    2160
    2145
    2174
    2189
    2246
    2573
    3129
    4198
    5881
    9070
   13722
   21206
   31817
   45577
   62864
   81665
   99587
  113966
  122935
  123959
  116102
  103233
   85290
   66161
   48537
   33919
   22579
   14696
   10059
    6948
    5296
    4468
    4066
    3882
    3854
    3653
    3462
    3397
    3080
    2773
    2450
    2061
    1842
    1773
    1644
    1519
    1594
    1493
    1486
    1513
    1473
    1491
    1588
    1596
    1594
    1822
    2088
    2233
    2679
    2991
    3538
    3790
    4013
    4050
    3956
    3729
    3308
    3006
    2530
    2169
    1891
    1663
    1574
    1459
    1443
    1359
    1387
    1483
    1541
    1638
    1885
    2323
    2836
    3717
    4951
    6117
    7738
    8987
   10243
   10899
   10965
   10451
    9527
    7805
    6515
    5141
    3891
    2987
    2200
    1872
    1582
    1505
    1389
    1344
    1393
    1305
    1342
    1340
    1349
    1353
    1358
    1517
    1582
    1879
    2108
    2540
    3057
    3689
    4310
    4747
    5204
    5134
    5216
    4897
    4307
    3786
    3174
    2704
    2309
    1865
    1662
    1539
    1456
    1388
    1386
    1317
    1257
    1265
    1296
    1254
    1287
    1371
    1391
    1394
    1503
    1515
    1543
    1582
    1660
    1648
    1666
    1610
    1529
    1496
    1446
    1438
    1399
    1320
    1290
    1328
    1224
    1311
    1242
    1216
    1237
    1267
    1256
    1210
    1236
    1226
    1189
    1147
    1235
    1164
    1223
    1287
    1253
    1217
    1263
    1194
    1218
    1171
    1185
    1265
    1277
    1212
    1242
    1231
    1256
    1242
    1270
    1202
    1305
    1212
    1286
    1215
    1215
    1281
    1220
    1189
    1248
    1189
    1178
    1223
    1200
    1182
    1169
    1208
    1211
    1211
    1166
    1138
    1179
    1176
    1164
    1166
    1177
    1143
    1197
    1172
    1143
    1168
    1123
    1159
    1172
    1133
    1110
    1101
    1179
    1142
    1205
    1247
    1196
    1243
    1206
    1175
    1188
    1164
    1184
    1154
    1160
    1173
    1189
    1241
    1239
    1314
    1301
    1314
    1341
    1386
    1446
    1492
    1399
    1462
    1371
    1353
    1268
    1215
    1181
    1224
    1135
    1168
    1190
    1134
    1189
    1205
    1254
    1306
    1349
    1390
    1493
    1572
    1749
    1682
    1886
    1872
    1823
    1719
    1755
    1554
    1486
    1433
    1360
    1331
    1251
    1292
    1196
    1094
    1198
    1102
    1188
    1171
    1178
    1148
    1108
    1202
    1079
    1131
    1172
    1142
    1145
    1187
    1181
    1110
    1133
    1210
    1269
    1247
    1365
    1412
    1645
    2034
    2649
    3476
    4720
    6451
    8311
   10740
   12766
   14647
   15660
   16023
   15223
   13972
   11988
    9837
    7740
    5855
    4291
    3095
    2351
    1896
    1593
    1487
    1259
    1254
    1267
    1284
    1236
    1293
    1433
    1550
    1616
    1683
    1818
    1951
    1993
    1943
    1809
    1756
    1638
    1479
    1408
    1345
    1228
    1166
    1113
    1133
    1176
    1126
    1079
    1044
    1048
    1088
    1074
    1123
    1183
    1227
    1296
    1254
    1150
    1252
    1180
    1112
    1090
    1150
    1110
    1083
    1153
    1182
    1161
    1230
    1239
    1293
    1394
    1349
    1377
    1368
    1460
    1278
    1281
    1235
    1206
    1234
    1170
    1194
    1290
    1283
    1205
    1264
    1268
    1259
    1211
    1177
    1141
    1138
    1101
    1052
    1122
    1139
    1077
    1020
    1150
    1038
    1068
    1121
    1032
    1087
    1047
    1070
    1071
    1040
    1115
    1058
    1094
    1073
    1052
    1062
    1055
    1102
    1113
    1037
    1124
    1067
    1071
    1044
    1019
    1044
    1054
    1051
    1057
    1098
    1079
    1019
    1089
    1128
    1087
    1198
    1150
    1158
    1194
    1195
    1237
    1308
    1274
    1243
    1217
    1242
    1221
    1169
    1073
    1109
    1115
    1121
    1110
    1067
    1094
    1100
    1076
    1130
    1065
    1028
    1072
    1018
    1045
    1044
    1033
    1025
    1052
    1054
    1097
    1052
    1068
    1094
    1102
    1046
    1051
    1058
    1047
    1042
    1124
    1079
    1078
    1046
     996
    1095
    1125
    1137
    1096
    1072
    1107
    1100
    1043
    1081
    1055
    1029
    1096
    1063
    1016
    1086
    1076
    1025
    1017
    1042
    1061
    1037
    1124
     993
    1005
     998
    1002
     995
     965
     983
    1032
     957
     998
     963
    1026
     984
     994
     940
     909
    1014
    1032
    1030
    1003
     999
     952
     948
     968
     931
     977
     988
     997
     893
     955
     875
     984
     925
     950
     944
     910
     995
     973
    1016
    1014
    1134
    1144
    1170
    1187
    1294
    1253
    1196
    1147
    1113
    1145
    1006
     984
     968
     878
     963
     877
     928
     894
     905
     890
     841
     809
     922
     854
     854
     882
     883
     846
     856
     848
     834
     868
     957
     836
     919
     916
     949
     916
     929
     965
     934
     920
     971
     951
     953
     947
     892
     946
     942
     955
     914
    1041
     961
     893
     970
     915
     864
     877
     872
     869
     910
     832
     838
     811
     800
     825
     826
     811
     830
     817
     820
     903
     794
     837
     815
     837
     895
     812
     823
     839
     812
     843
     845
     832
     851
     866
     857
     870
     873
     844
     873
     869
     881
     887
     873
     870
     896
     873
     846
     855
     930
     853
     891
     856
     787
     831
     842
     809
     781
     851
     774
     793
     806
     875
     790
     762
     787
     842
     815
     835
     800
     843
     763
     824
     833
     790
     798
     798
     910
     800
     845
     854
     871
     800
     819
     810
     787
     816
     799
     763
     743
     752
     821
     776
     773
     743
     769
     721
     778
     768
     782
     811
     821
     808
     767
     761
     818
     762
     791
     803
     812
     765
     827
     749
     750
     766
     750
     755
     793
     799
     737
     721
     789
     794
     752
     754
     795
     782
     765
     772
     771
     789
     766
     789
     758
     790
     773
     741
     773
     808
     744
     748
     763
     730
     809
     771
     754
     737
     768
     755
     774
     755
     754
     781
     782
     748
     807
     762
     748
     761
     752
     721
     754
     787
     749
     778
     739
     810
     806
     845
     791
     817
     860
     871
     839
     926
     929
    1026
    1025
    1122
    1290
    1441
    1609
    1993
    2114
    2369
    2506
    2646
    2765
    2698
    2553
    2360
    2114
    1997
    1619
    1457
    1378
    1199
    1156
    1034
    1070
    1055
    1051
     980
    1035
     977
    1020
     894
     934
     872
     931
     933
     941
     935
     990
     970
     953
    1010
     982
     884
     860
     883
     798
     833
     754
     767
     800
     808
     705
     785
     731
     813
     743
     795
     775
     743
     740
     727
     723
     808
     704
     770
     765
     692
     738
     778
     731
     720
     744
     735
     719
     701
     750
     700
     742
     712
     723
     789
     807
     749
     750
     754
     766
     765
     728
     736
     715
     786
     715
     751
     722
     697
     700
     704
     714
     738
     809
     818
     808
     796
     814
     783
     797
     717
     758
     782
     759
     704
     693
     683
     709
     728
     744
     702
     751
     720
     749
     723
     713
     691
     715
     759
     744
     734
     675
     737
     688
     682
     719
     719
     727
     699
     664
     637
     682
     719
     717
     717
     713
     707
     643
     759
     760
     693
     710
     629
     658
     723
     732
     740
     726
     744
     731
     745
     769
     735
     714
     763
     692
     754
     693
     788
     734
     755
     702
     713
     722
     755
     712
     680
     707
     694
     624
     684
     673
     658
     616
     641
     652
     629
     632
     681
     664
     652
     644
     645
     673
     603
     681
     636
     646
     630
     610
     595
     596
     622
     615
     589
     642
     635
     583
     641
     622
     642
     651
     644
     630
     659
     638
     578
     676
     620
     626
     604
     605
     600
     619
     595
     628
     575
     620
     630
     628
     580
     614
     585
     620
     606
     624
     600
     677
     636
     628
     632
     645
     686
     621
     578
     599
     642
     630
     659
     669
     683
     687
     693
     682
     664
     699
     633
     663
     645
     606
     618
     615
     557
     552
     621
     582
     587
     539
     559
     593
     595
     589
     582
     619
     659
     621
     621
     615
     614
     599
     602
     564
     546
     580
     550
     582
     524
     510
     571
     543
     574
     507
     543
     538
     547
     557
     508
     546
     534
     511
     527
     527
     541
     537
     492
     512
     523
     537
     485
     539
     521
     526
     510
     526
     549
     531
     540
     525
     515
     528
     526
     542
     518
     510
     537
     578
     547
     544
     566
     538
     588
     589
     530
     569
     526
     554
     529
     487
     519
     531
     518
     516
     492
     485
     527
     508
     525
     484
     553
     553
     527
     544
     537
     515
     537
     484
     557
     511
     458
     489
     464
     505
     481
     517
     486
     488
     479
     486
     486
     498
     508
     440
     482
     494
     498
     470
     492
     520
     469
     462
     437
     494
     462
     434
     468
     429
     475
     461
     470
     455
     478
     506
     443
     482
     502
     473
     462
     519
     433
     485
     434
     429
     480
     434
     478
     448
     459
     443
     507
     441
     447
     454
     456
     461
     439
     450
     416
     454
     476
     448
     472
     484
     488
     529
     450
     459
     477
     462
     489
     460
     485
     513
     502
     459
     474
     441
     485
     459
     469
     513
     467
     464
     479
     474
     447
     460
     467
     440
     436
     420
     442
     444
     432
     469
     470
     450
     433
     483
     478
     417
     430
     456
     444
     428
     433
     440
     409
     421
     436
     435
     467
     471
     471
     445
     418
     482
     446
     436
     447
     453
     411
     407
     479
     434
     476
     452
     426
     419
     424
     451
     467
     454
     436
     419
     443
     466
     390
     434
     421
     446
     427
     447
     418
     430
     416
     418
     433
     391
     446
     435
     430
     413
     451
     459
     448
     478
     484
     473
     551
     517
     468
     494
     517
     531
     511
     446
     497
     506
     417
     454
     422
     446
     425
     429
     476
     494
     430
     470
     485
     412
     454
     434
     446
     441
     466
     439
     456
     388
     424
     443
     467
     413
     446
     428
     433
     444
     450
     432
     400
     423
     448
     465
     423
     414
     403
     441
     403
     408
     392
     403
     394
     410
     454
     410
     406
     424
     434
     422
     483
     472
     469
     548
     634
     708
     908
    1158
    1506
    1938
    2648
    3309
    4166
    4889
    5508
    6030
    6351
    6059
    5999
    5585
    4577
    3771
    3108
    2262
    1680
    1164
     871
     721
     551
     490
     441
     405
     418
     394
     369
     419
     449
     415
     480
     444
     446
     443
     509
     499
     486
     500
     436
     464
     424
     400
     354
     424
     407
     363
     408
     390
     422
     370
     389
     386
     383
     406
     402
     396
     412
     413
     403
     440
     477
     513
     528
     555
     540
     564
     535
     587
     536
     502
     493
     455
     403
     392
     380
     381
     390
     386
     333
     311
     317
     360
     315
     329
     345
     320
     323
     331
     323
     346
     371
     337
     375
     364
     316
     329
     299
     366
     323
     358
     361
     355
     342
     329
     326
     333
     374
     341
     349
     366
     374
     348
     373
     423
     457
     445
     544
     569
     684
     759
     790
     905
     901
     879
     872
     806
     732
     701
     656
     592
     518
     464
     442
     392
     435
     352
     343
     359
     344
     335
     355
     383
     379
     370
     327
     398
     361
     390
     402
     371
     338
     376
     353
     372
     348
     338
     313
     341
     339
     326
     322
     302
     362
     298
     331
     315
     331
     366
     317
     334
     329
     322
     341
     296
     294
     302
     328
     294
     295
     281
     321
     329
     306
     306
     296
     314
     324
     285
     307
     290
     310
     324
     325
     319
     292
     298
     300
     351
     358
     299
     325
     298
     293
     312
     329
     326
     330
     282
     338
     342
     275
     331
     299
     361
     354
     374
     362
     344
     354
     356
     360
     375
     315
     326
     349
     313
     313
     317
     284
     313
     292
     283
     354
     308
     294
     347
     322
     263
     309
     302
     296
     332
     345
     316
     357
     324
     385
     376
     345
     322
     347
     325
     307
     296
     338
     302
     308
     296
     319
     300
     298
     306
     258
     283
     324
     304
     290
     315
     288
     301
     260
     321
     325
     327
     320
     321
     392
     391
     408
     408
     448
     499
     561
     606
     715
     884
    1040
    1378
    1689
    2257
    2615
    3273
    3765
    4059
    4347
    4346
    4239
    3822
    3434
    2908
    2440
    1799
    1422
    1087
     808
     657
     492
     471
     413
     383
     373
     373
     369
     401
     401
     411
     388
     397
     378
     383
     347
     316
     328
     309
     290
     296
     281
     270
     244
     251
     280
     288
     304
     262
     267
     279
     281
     278
     247
     281
     305
     259
     254
     281
     234
     264
     282
     256
     252
     282
     259
     253
     255
     252
     263
     284
     252
     287
     335
     289
     289
     290
     306
     301
     265
     304
     284
     269
     287
     246
     245
     278
     260
     241
     227
     272
     242
     238
     236
     264
     264
     259
     282
     270
     265
     267
     255
     251
     270
     256
     258
     250
     279
     244
     246
     243
     256
     271
     271
     272
     313
     336
     366
     388
     400
     423
     444
     433
     483
     435
     431
     426
     391
     348
     326
     296
     296
     272
     269
     242
     270
     271
     262
     249
     282
     257
     222
     273
     229
     265
     240
     266
     268
     277
     260
     262
     284
     284
     286
     343
     339
     398
     360
     387
     404
     377
     367
     374
     327
     335
     308
     366
     302
     335
     337
     376
     386
     438
     497
     514
     650
     699
     655
     708
     716
     720
     731
     692
     722
     681
     681
     743
     776
     821
     825
     817
     905
     967
     943
     951
     973
     980
     946
     873
     853
     763
     721
     621
     574
     496
     348
     337
     307
     296
     257
     292
     269
     273
     266
     323
     319
     378
     404
     517
     570
     652
     817
     886
     996
    1086
     961
    1028
    1024
     910
     792
     696
     618
     514
     413
     351
     336
     269
     262
     254
     241
     257
     246
     250
     259
     247
     238
     222
     261
     272
     246
     263
     257
     250
     274
     281
     252
     275
     262
     251
     277
     273
     246
     275
     284
     269
     313
     381
     419
     473
     490
     616
     759
     933
    1017
    1240
    1549
    1768
    2009
    2342
    2394
    2694
    2725
    2608
    2538
    2270
    1979
    1667
    1418
    1118
     814
     724
     577
     466
     404
     384
     414
     379
     377
     368
     348
     334
     317
     271
     271
     271
     243
     234
     243
     250
     241
     230
     255
     250
     254
     224
     234
     264
     275
     250
     303
     348
     376
     436
     483
     575
     588
     727
     736
     781
     772
     747
     750
     676
     645
     532
     501
     465
     378
     366
     363
     391
     440
     490
     690
     946
    1361
    2005
    2872
    3860
    5592
    7671
   10188
   12672
   15601
   18473
   20488
   22181
   22863
   22344
   21052
   18640
   15824
   12852
   10037
    7561
    5370
    3691
    2519
    1585
    1145
     690
     560
     435
     395
     367
     344
     347
     334
     304
     290
     283
     245
     253
     240
     243
     279
     242
     232
     227
     247
     206
     247
     219
     192
     199
     224
     198
     225
     203
     225
     226
     234
     212
     219
     232
     202
     215
     188
     201
     209
     178
     197
     197
     201
     209
     202
     193
     192
     212
     191
     220
     184
     183
     199
     195
     195
     176
     155
     193
     184
     183
     158
     168
     184
     173
     180
     171
     157
     167
     157
     166
     167
     170
     169
     201
     190
     178
     164
     171
     203
     176
     192
     188
     173
     180
     170
     185
     159
     173
     185
     199
     186
     190
     228
     189
     246
     191
     202
     191
     177
     189
     189
     172
     172
     174
     157
     157
     176
     156
     171
     187
     181
     161
     164
     162
     173
     167
     145
     160
     180
     222
     229
     243
     280
     292
     271
     320
     321
     334
     338
     358
     349
     285
     293
     242
     207
     204
     173
     177
     177
     160
     160
     171
     157
     126
     137
     160
     163
     137
     153
     156
     145
     129
     142
     141
     152
     129
     160
     134
     168
     123
     144
     142
     143
     140
     158
     146
     143
     156
     163
     191
     177
     160
     188
     184
     216
     201
     202
     218
     193
     212
     214
     252
     235
     286
     311
     362
     473
     506
     620
     764
     920
    1118
    1350
    1584
    1797
    1967
    2105
    2029
    1911
    1740
    1602
    1460
    1142
     961
     782
     588
     403
     316
     249
     208
     222
     177
     175
     168
     165
     161
     171
     185
     168
     153
     147
     131
     166
     149
     182
     154
     185
     193
     226
     260
     261
     293
     329
     295
     337
     356
     368
     323
     265
     298
     232
     210
     216
     194
     179
     153
     148
     153
     183
     187
     199
     235
     257
     277
     338
     351
     405
     445
     431
     432
     428
     381
     343
     319
     285
     279
     271
     196
     204
     171
     168
     181
     134
     121
     122
     110
     134
     148
     140
     130
     134
     132
     159
     146
     125
     128
     143
     149
     143
     163
     140
     132
     156
     142
     157
     189
     145
     157
     147
     148
     162
     136
     152
     137
     146
     173
     146
     155
     175
     207
     218
     227
     281
     285
     286
     314
     330
     357
     339
     279
     295
     233
     220
     214
     207
     157
     145
     151
     141
     128
     135
     152
     131
     118
     128
     132
     143
     148
     118
     137
     155
     137
     152
     142
     165
     145
     160
     152
     165
     159
     167
     167
     181
     201
     235
     266
     314
     362
     388
     431
     466
     437
     471
     462
     482
     440
     373
     344
     268
     279
     267
     209
     172
     157
     147
     143
     133
     130
     152
     142
     147
     135
     141
     139
     124
     136
     137
     143
     124
     142
     131
     131
     157
     143
     118
     106
     119
     124
     127
     151
     136
     142
     127
     134
     129
     111
     115
     121
     105
     130
     137
     146
     135
     138
     103
     119
     145
     150
     143
     155
     146
     177
     196
     225
     223
     248
     274
     238
     271
     250
     235
     216
     211
     194
     200
     193
     196
     161
     131
     154
     142
     155
     155
     173
     200
     210
     244
     286
     368
     437
     626
     984
    1396
    1871
    2605
    3511
    4380
    5703
    6985
    8173
    9219
   10064
   10482
   10767
   10349
    9670
    8538
    7312
    6068
    4779
    3678
    2784
    2086
    1485
    1038
     761
     543
     434
     380
     290
     266
     291
     238
     213
     198
     208
     195
     161
     163
     162
     166
     145
     168
     167
     210
     265
     299
     356
     441
     515
     635
     791
     929
     955
    1067
    1170
    1150
    1095
    1046
     924
     792
     617
     537
     404
     312
     289
     223
     202
     174
     167
     177
     175
     168
     194
     166
     186
     161
     151
     161
     141
     145
     133
     117
     123
     128
     141
     113
     101
     121
     117
     123
     125
     120
     117
     112
     109
     101
      79
     106
     105
     114
     100
      96
     114
     117
      99
      99
     108
     103
     101
      94
     100
      93
      90
     100
     108
      90
     108
     105
      95
     122
     110
     122
     135
     134
     160
     198
     179
     274
     297
     349
     349
     474
     453
     488
     499
     510
     464
     435
     423
     335
     307
     278
     238
     212
     136
     128
     143
     122
      94
     104
      74
      82
      87
     100
      98
     105
     110
      89
     106
     102
      99
     101
      87
     114
      97
      91
      74
      92
     100
     117
     125
     129
     116
     140
     153
     166
     186
     161
     197
     198
     175
     203
     164
     165
     151
     135
     138
     131
     111
     125
      80
      92
     107
     107
      96
     104
     100
      91
      97
     103
      95
     104
     102
     110
     102
     107
     106
     110
      99
     109
      94
      84
      83
      95
     113
      72
      85
      74
     107
      86
      89
      90
      93
     106
     104
      87
     101
     111
     101
      86
     107
      92
      90
     110
     115
     127
     112
     104
      90
     107
     101
      92
      88
      87
     104
      85
      76
     108
      83
      92
      77
      90
      73
      66
      78
      85
      91
      92
      53
      76
      74
      78
      79
      86
      87
      68
      81
      78
     100
      91
      86
     108
     134
     151
     183
     215
     258
     315
     330
     424
     499
     543
     631
     634
     639
     558
     600
     558
     511
     411
     385
     297
     238
     210
     163
     131
     111
     116
     108
     107
     100
     105
     105
     125
     125
     143
     158
     136
     151
     146
     160
     179
     148
     165
     160
     140
     129
     134
     130
     108
      98
      87
      95
      80
     101
      93
      76
      99
      72
      88
      85
      97
      82
      80
     109
     101
     108
     128
     125
     135
     159
     176
     181
     177
     167
     160
     157
     161
     144
     132
     132
     102
     105
      89
      97
     117
     114
     171
     164
     208
     249
     307
     374
     387
     510
     560
     612
     650
     694
     661
     668
     667
     590
     553
     495
     415
     367
     320
     252
     245
     240
     280
     333
     290
     355
     426
     470
     549
     580
     611
     631
     622
     594
     558
     500
     500
     486
     417
     436
     393
     356
     350
     362
     332
     347
     275
     258
     249
     228
     246
     250
     253
     221
     246
     232
     192
     210
     181
     178
     132
     127
     119
     102
      93
      71
      77
      80
      75
      75
      72
      97
      76
      59
      66
      59
      84
      72
      74
      77
      71
      64
      69
      65
      50
      63
      75
      77
      85
      73
      62
      64
      77
      72
      66
      71
      64
      63
      79
      71
      82
      74
      80
      83
      83
      74
      65
      73
      63
      53
      87
      66
      71
      74
      85
      71
      99
      97
      74
     100
      82
      80
      87
      79
      86
      90
      71
      79
      71
      71
      72
      70
      72
      72
      70
      69
      61
      70
      63
      63
      51
      73
      61
      75
      65
      71
      66
      65
      76
      77
      91
      96
      91
     106
     129
     144
     127
     192
     197
     227
     235
     220
     243
     216
     233
     225
     202
     192
     200
     149
     155
     119
     143
     113
     100
      94
      94
      97
      75
      83
      94
      98
      94
     101
     122
     109
      95
     104
      93
      97
     126
      90
      85
      98
      92
      80
      69
      87
      77
      62
      65
      72
      68
      57
      72
      73
      60
      54
      55
      65
      85
      65
      52
      65
      72
      70
      59
      62
      69
      67
      58
      84
      84
      50
      59
      75
      64
      59
      63
      64
      58
      60
      59
      51
      59
      61
      57
      70
      62
      60
      47
      64
      74
      70
      63
      61
      76
      48
      58
      60
      63
      56
      58
      73
      56
      52
      73
      67
      49
      55
      71
      58
      58
      66
      53
      51
      54
      60
      55
      50
      56
      49
      50
      79
      51
      56
      56
      54
      55
      63
      55
      65
      69
      70
      81
      75
      90
      92
     101
     105
     109
     122
     104
      99
     116
      93
      93
     103
      76
      84
      59
      65
      54
      56
      57
      56
      76
      54
      73
      52
      51
      69
      62
      63
      58
      84
      66
      58
      84
      53
      64
      71
      72
      48
      67
      57
      75
      59
      79
      71
      65
      46
      72
      56
      86
      55
      58
      75
      59
      61
      70
      59
      69
      78
      66
      72
      74
      74
      66
      66
      62
      61
      69
      70
      63
      57
      65
      60
      74
      69
      57
      56
      54
      68
      72
      65
      71
      70
      90
      75
      73
      88
      74
      84
      85
      74
      81
      57
      71
      63
      50
      46
      69
      63
      54
      59
      51
      48
      57
      49
      67
      44
      50
      61
      43
      57
      56
      49
      66
      43
      55
      33
      42
      46
      46
      59
      63
      55
      51
      47
      52
      59
      46
      40
      46
      50
      63
      49
      53
      61
      54
      43
      66
      55
      63
      61
      54
      75
      67
      75
      60
      71
      68
      75
      62
      78
      67
      62
      68
      70
      60
      54
      54
      54
      78
      76
      64
      52
      64
      51
      77
      46
      56
      65
      59
      58
      71
      63
      67
      65
      61
      66
      52
      60
      61
      63
      70
      73
      47
      62
      44
      44
      45
      72
      53
      63
      56
      61
      64
      57
      60
      73
      83
      52
      63
      81
      77
      54
      68
      62
      72
      67
      68
      76
      87
      67
      64
      75
      74
      71
      82
      57
      79
      72
      48
      65
      54
      68
      63
      64
      57
      58
      53
      58
      54
      54
      54
      47
      55
      56
      50
      56
      54
      53
      44
      61
      56
      60
      71
      52
      54
      56
      72
      54
      57
      57
      57
      54
      44
      48
      51
      66
      59
      42
      45
      36
      51
      55
      46
      52
      57
      66
      39
      54
      71
      52
      48
      50
      61
      45
      66
      68
      55
      49
      64
      60
      50
      40
      51
      70
      58
      48
      61
      65
      51
      47
      64
      63
      53
      68
      47
      40
      46
      43
      55
      55
      50
      61
      53
      59
      48
      48
      42
      59
      47
      70
      61
      34
      62
      50
      56
      54
      52
      39
      72
      39
      56
      50
      57
      57
      45
      47
      42
      54
      41
      51
      42
      41
      46
      48
      51
      42
      59
      49
      61
      62
      61
      66
      50
      56
      51
      52
      45
      51
      50
      52
      56
      43
      58
      49
      48
      60
      51
      72
      59
      91
      71
      56
      84
      96
      93
      93
     102
      99
      90
      90
      86
      82
      76
      61
      73
      67
      61
      47
      65
      54
      41
      38
      39
      38
      65
      46
      40
      49
      32
      42
      56
      46
      53
      44
      49
      60
      64
      49
      65
      72
      57
      63
      80
      94
      94
      95
      85
      82
      81
      79
      76
      60
      64
      63
      52
      53
      49
      55
      61
      43
      53
      56
      45
      54
      48
      62
      55
      66
      62
      52
      45
      53
      53
      64
      49
      54
      52
      45
      47
      71
      49
      57
      38
      54
      45
      41
      53
      51
      49
      47
      64
      45
      51
      59
      38
      49
      51
      45
      59
      58
      53
      71
      75
      94
     108
     134
     160
     223
     240
     290
     394
     395
     469
     529
     587
     606
     601
     560
     570
     538
     409
     353
     293
     246
     156
     171
     121
     107
     105
      90
     101
      87
      78
      83
      86
      89
      83
      52
      60
      71
      64
      67
      54
      49
      50
      58
      52
      51
      56
      33
      45
      43
      44
      73
      55
      49
      52
      54
      60
      51
      50
      53
      56
      44
      44
      60
      45
      56
      51
      48
      46
      52
      49
      33
      58
      58
      36
      55
      52
      54
      44
      62
      67
      74
      73
     100
     117
     117
     131
     166
     214
     229
     258
     252
     313
     353
     348
     327
     348
     315
     290
     244
     208
     179
     162
     128
     122
      89
      80
      57
      64
      65
      41
      69
      56
      52
      55
      44
      55
      47
      43
      62
      57
      57
      66
      40
      60
      48
      48
      60
      50
      53
      34
      48
      47
      58
      37
      50
      30
      38
      32
      49
      33
      53
      37
      35
      38
      47
      37
      43
      39
      44
      45
      33
      41
      30
      32
      38
      42
      42
      48
      41
      37
      36
      48
      49
      36
      36
      39
      29
      40
      29
      39
      51
      50
      38
      46
      54
      40
      34
      39
      35
      44
      46
      33
      42
      51
      51
      48
      49
      42
      53
      41
      47
      50
      63
      58
      61
      60
      76
      62
      65
      64
      67
      53
      45
      47
      68
      61
      54
      50
      56
      24
      45
      45
      41
      45
      39
      45
      45
      26
      36
      37
      43
      48
      48
      40
      54
      58
      58
      54
      68
      50
      46
      64
      45
      50
      61
      51
      42
      53
      46
      36
      43
      30
      43
      29
      34
      32
      50
      35
      26
      29
      53
      36
      38
      36
      37
      39
      32
      31
      34
      52
      43
      43
      38
      62
      45
      40
      43
      50
      48
      64
      83
      61
      69
      79
      86
      91
     109
      82
      86
      69
      68
      56
      63
      54
      53
      57
      43
      34
      46
      49
      42
      57
      45
      28
      40
      27
      37
      28
      27
      43
      35
      42
      41
      26
      43
      34
      35
      43
      43
      45
      45
      42
      44
      41
      38
      51
      52
      35
      35
      42
      34
      52
      46
      39
      37
      45
      38
      37
      38
      30
      40
      25
      32
      38
      42
      36
      32
      39
      39
      48
      48
      41
      37
      24
      51
      40
      40
      42
      58
      46
      43
      42
      58
      44
      39
      44
      47
      33
      40
      26
      36
      38
      29
      39
      34
      37
      43
      34
      31
      35
      36
      40
      35
      38
      40
      34
      35
      25
      21
      37
      44
      39
      29
      31
      37
      39
      30
      36
      27
      25
      31
      34
      37
      31
      34
      36
      35
      51
      43
      29
      41
      43
      46
      41
      32
      45
      30
      45
      45
      51
      51
      42
      44
      58
      59
      51
      53
      60
      55
      58
      58
      83
      51
      58
      57
      50
      60
      58
      44
      43
      58
      47
      43
      53
      47
      64
      45
      34
      41
      35
      39
      35
      42
      37
      30
      40
      35
      36
      38
      32
      44
      37
      27
      34
      45
      39
      39
      40
      36
      38
      34
      34
      28
      42
      25
      34
      40
      45
      41
      21
      32
      36
      39
      36
      38
      42
      41
      33
      38
      33
      40
      39
      36
      33
      41
      43
      30
      31
      45
      35
      46
      30
      32
      39
      31
      38
      27
      36
      46
      42
      31
      35
      41
      35
      40
      32
      34
      40
      35
      32
      36
      36
      36
      38
      29
      38
      26
      29
      30
      37
      28
      28
      33
      46
      41
      32
      27
      29
      36
      38
      38
      38
      34
      35
      44
      38
      28
      40
      45
      43
      42
      42
      56
      48
      49
      38
      41
      48
      39
      41
      46
      47
      41
      52
      44
      37
      45
      38
      40
      42
      46
      48
      49
      55
      59
      37
      41
      43
      49
      50
      43
      39
      42
      35
      40
      32
      44
      30
      45
      29
      39
      29
      39
      41
      30
      30
      26
      25
      33
      27
      32
      37
      25
      35
      39
      35
      34
      40
      36
      30
      40
      37
      35
      31
      32
      34
      32
      25
      37
      36
      34
      27
      34
      31
      23
      34
      36
      31
      35
      32
      30
      33
      36
      38
      39
      26
      33
      24
      21
      34
      32
      27
      34
      30
      26
      30
      29
      32
      29
      36
      34
      32
      39
      36
      45
      38
      34
      43
      39
      30
      34
      27
      30
      34
      31
      36
      30
      33
      36
      26
      54
      46
      36
      38
      34
      42
      46
      34
      34
      29
      31
      34
      29
      28
      34
      18
      35
      30
      29
      22
      23
      28
      30
      35
      32
      32
      30
      25
      40
      36
      42
      27
      38
      44
      49
      40
      29
      29
      40
      23
      32
      49
      29
      32
      33
      32
      28
      34
      23
      37
      47
      33
      35
      37
      38
      36
      34
      38
      36
      31
      33
      30
      38
      33
      31
      38
      36
      41
      28
      34
      39
      30
      37
      32
      39
      40
      43
      45
      51
      48
      36
      50
      45
      40
      60
      56
      61
      51
      33
      45
      49
      45
      33
      44
      44
      44
      35
      31
      34
      37
      26
      29
      31
      37
      41
      42
      37
      52
      37
      55
      40
      49
      57
      47
      53
      48
      66
      56
      56
      53
      42
      45
      48
      32
      45
      37
      40
      37
      39
      33
      38
      36
      39
      27
      31
      34
      31
      29
      20
      30
      38
      32
      30
      30
      35
      25
      37
      48
      27
      43
      31
      25
      30
      27
      29
      22
      40
      28
      27
      32
      19
      24
      31
      40
      32
      33
      26
      34
      35
      27
      35
      29
      36
      25
      20
      25
      27
      35
      27
      33
      39
      38
      39
      32
      37
      26
      31
      23
      35
      42
      20
      37
      33
      28
      31
      27
      36
      32
      31
      28
      26
      27
      22
      20
      32
      27
      39
      36
      20
      37
      26
      31
      34
      45
      43
      37
      43
      29
      33
      44
      42
      47
      41
      44
      38
      36
      41
      30
      42
      34
      46
      22
      33
      27
      35
      23
      26
      29
      24
      35
      26
      35
      25
      25
      23
      28
      34
      28
      39
      27
      37
      38
      33
      39
      36
      32
      41
      47
      35
      25
      47
      27
      35
      43
      33
      44
      42
      35
      27
      36
      39
      32
      32
      32
      33
      29
      31
      28
      39
      22
      26
      31
      26
      29
      27
      25
      27
      30
      27
      32
      31
      28
      25
      35
      21
      29
      41
      26
      26
      24
      22
      31
      19
      26
      37
      31
      26
      31
      25
      35
      29
      34
      28
      19
      32
      30
      30
      22
      24
      27
      19
      24
      23
      30
      31
      39
      35
      29
      36
      36
      43
      37
      34
      49
      40
      31
      36
      29
      32
      38
      29
      27
      26
      34
      41
      20
      34
      23
      30
      22
      30
      22
      28
      26
      23
      28
      25
      33
      28
      33
      34
      28
      15
      20
      32
      30
      32
      24
      26
      22
      29
      22
      20
      34
      24
      19
      34
      25
      23
      40
      26
      28
      25
      43
      37
      37
      34
      31
      28
      34
      28
      39
      29
      31
      25
      32
      46
      30
      29
      23
      28
      33
      43
      33
      29
      22
      29
      24
      41
      27
      38
      28
      30
      26
      31
      37
      27
      28
      26
      37
      44
      38
      42
      38
      37
      25
      30
      30
      34
      39
      42
      32
      34
      29
      31
      30
      15
      31
      31
      30
      29
      23
      30
      28
      21
      30
      29
      36
      21
      33
      32
      38
      35
      33
      30
      33
      31
      19
      30
      20
      34
      29
      33
      34
      32
      25
      24
      26
      34
      24
      31
      27
      29
      28
      34
      45
      42
      42
      35
      42
      35
      38
      34
      26
      31
      32
      29
      31
      28
      26
      32
      23
      33
      30
      31
      35
      21
      30
      24
      26
      23
      27
      33
      23
      28
      19
      38
      25
      25
      26
      23
      31
      31
      17
      31
      28
      29
      28
      31
      32
      33
      28
      21
      30
      22
      25
      35
      28
      42
      19
      23
      29
      23
      23
      25
      35
      33
      30
      28
      20
      31
      35
      21
      36
      23
      33
      27
      25
      30
      26
      25
      34
      29
      23
      36
      20
      25
      33
      29
      21
      26
      26
      18
      25
      26
      31
      27
      29
      22
      33
      28
      33
      30
      21
      18
      20
      29
      28
      22
      19
      26
      22
      24
      27
      20
      31
      28
      18
      33
      28
      22
      22
      23
      24
      27
      25
      31
      16
      27
      26
      25
      26
      28
      37
      25
      18
      29
      24
      20
      25
      29
      31
      28
      24
      29
      33
      24
      12
      29
      27
      18
      23
      27
      32
      26
      30
      20
      26
      20
      22
      22
      19
      17
      20
      32
      29
      29
      21
      26
      29
      30
      17
      23
      28
      21
      25
      26
      20
      21
      27
      27
      38
      35
      27
      25
      22
      27
      31
      30
     137
$ENER_FIT:
0.000000 0.125000
$PRESETS:
Live Time (sec)
2369
0
$RT:
3600.000000
$DT:
1231000
$ADC:
8192
0
8191