$APPLICATION_ID:
IDB v.1.0
$SPEC_REM:
Material type: U
Material form: powder
Material compound: U3O8
U isotopics:
234U 0.0359
235U 4.4623
236U 0.0068
238U 95.495
Detector: HPGe (Geometry: Planar, Size: Planar HPGe)
MCA: Unknown
$DATE_MEA:
02/28/2002 22:09:00
$MEAS_TIM:
1599 1800
$DATA:
0 4095
       0
       0
       0
       0
       0
       0
       0
       0
       0
       0
       0
       0
       0
       0
       0
       0
       0
       0
       0
       0
       0
       0
       0
       0
    2363
    2722
    2789
    2843
    2699
    2716
    2758
    2850
    2706
    2675
    2828
    2739
    2712
    2718
    2872
    2699
    2738
    2809
    2767
    2782
    2659
    2722
    2746
    2751
    2781
    2728
    2669
    2726
    2689
    2693
    2652
    2669
    2711
    2677
    2683
    2730
    2729
    2767
    2740
    2746
    2724
    2629
    2713
    2691
    2678
    2711
    2628
    2633
    2660
    2729
    2649
    2734
    2647
    2715
    2712
    2617
    2588
    2639
    2706
    2711
    2685
    2690
    2637
    2614
    2596
    2639
    2654
    2640
    2625
    2647
    2660
    2627
    2666
    2468
    2486
    2580
    2612
    2685
    2617
    2472
    2576
    2657
    2547
    2596
    2586
    2564
    2586
    2511
    2551
    2468
    2472
    2557
    2595
    2503
    2568
    2523
    2593
    2609
    2587
    2593
    2605
    2505
    2556
    2541
    2489
    2431
    2550
    2521
    2575
    2466
    2570
    2493
    2618
    2469
    2561
    2531
    2477
    2455
    2551
    2574
    2663
    2538
    2575
    2571
    2669
    2601
    2633
    2678
    2648
    2653
    2601
    2617
    2735
    2581
    2728
    2621
    2546
    2639
    2657
    2624
    2688
    2705
    2640
    2705
    2688
    2620
    2723
    2721
    2626
    2705
    2702
    2719
    2668
    2719
    2622
    2704
    2636
    2628
    2666
    2497
    2615
    2591
    2708
    2671
    2745
    2729
    2917
    2830
    2798
    2703
    2638
    2568
    2578
    2609
    2596
    2584
    2558
    2641
    2595
    2683
    2662
    2611
    2721
    2649
    2686
    2552
    2708
    2691
    2698
    2668
    2754
    2731
    2700
    2799
    2686
    2621
    2660
    2599
    2690
    2731
    2773
    2629
    2605
    2642
    2664
    2660
    2601
    2698
    2663
    2596
    2588
    2664
    2576
    2633
    2620
    2659
    2674
    2661
    2620
    2657
    2611
    2624
    2608
    2613
    2733
    2662
    2599
    2658
    2777
    2725
    2744
    2625
    2791
    2700
    2625
    2647
    2686
    2805
    2638
    2680
    2585
    2657
    2677
    2672
    2654
    2697
    2693
    2719
    2753
    2584
    2656
    2627
    2644
    2646
    2667
    2667
    2646
    2559
    2607
    2631
    2597
    2642
    2673
    2627
    2728
    2697
    2572
    2621
    2657
    2603
    2724
    2709
    2574
    2668
    2661
    2650
    2633
    2653
    2670
    2722
    2765
    2868
    2939
    3085
    3153
    3068
    2966
    2897
    2750
    2783
    2689
    2736
    2857
    3163
    3518
    4245
    4756
    5405
    5604
    5281
    4363
    3626
    2918
    2687
    2613
    2540
    2613
    2648
    2637
    2634
    2611
    2571
    2529
    2631
    2650
    2712
    2983
    3066
    3006
    3067
    2842
    2723
    2749
    2844
    2866
    2715
    2504
    2475
    2566
    2416
    2490
    2532
    2447
    2370
    2443
    2451
    2532
    2929
    3075
    3191
    3055
    2793
    2616
    2550
    2334
    2520
    2397
    2496
    2363
    2410
    2189
    2285
    2293
    2205
    2244
    2218
    2273
    2268
    2263
    2215
    2259
    2251
    2241
    2320
    2149
    2228
    2255
    2214
    2236
    2208
    2188
    2203
    2312
    2170
    2095
    2086
    2195
    2084
    2136
    2187
    2117
    2219
    2158
    2160
    2061
    2189
    2199
    2114
    2123
    2065
    2176
    2184
    2107
    2100
    2131
    2148
    2132
    2109
    2152
    2086
    2141
    2126
    2084
    2073
    2153
    2100
    2128
    2127
    2056
    2145
    2066
    2074
    2166
    2117
    2063
    2026
    2075
    2096
    2079
    1963
    2080
    1984
    2108
    2073
    1990
    1953
    2005
    1988
    2054
    2152
    2083
    1969
    1979
    2086
    2016
    1960
    1958
    1969
    1992
    2005
    1974
    1982
    1976
    2000
    1991
    1999
    1910
    1965
    1889
    1906
    1956
    1902
    1922
    1963
    1985
    1907
    1956
    1872
    2015
    1917
    1948
    1948
    1985
    1942
    1918
    1863
    1941
    2007
    1929
    1993
    1931
    1867
    1868
    1874
    1956
    1967
    1989
    1888
    1898
    1884
    1952
    1919
    1880
    1956
    1911
    1954
    1910
    1930
    1876
    1857
    1964
    1883
    1935
    1898
    1931
    1864
    1873
    1903
    1858
    1953
    1939
    1889
    1936
    1907
    1879
    1946
    1916
    1892
    1893
    1856
    1849
    1926
    1876
    1921
    1943
    1983
    1927
    1812
    1864
    1905
    1919
    1916
    1876
    1899
    1952
    1896
    1958
    1949
    1839
    1866
    1935
    1902
    1988
    1819
    1991
    1936
    1939
    1971
    1971
    1965
    1996
    1980
    1916
    1940
    1902
    1971
    1912
    1946
    1978
    1971
    1961
    1979
    1920
    1968
    1961
    1884
    2023
    1923
    1863
    1943
    1929
    1889
    1913
    1911
    1837
    1929
    1949
    1965
    1971
    1968
    2056
    1950
    2005
    1924
    1907
    1963
    1931
    1918
    1981
    2024
    1970
    1924
    1920
    2002
    1947
    1954
    1991
    1972
    1984
    1952
    1873
    1967
    1965
    2015
    2004
    2086
    1860
    1965
    1954
    2032
    2039
    1984
    1936
    1960
    1934
    2033
    1971
    2005
    2029
    2048
    1970
    2009
    1984
    1994
    2077
    2041
    1973
    1980
    2051
    1983
    1967
    2061
    2004
    2011
    1969
    2142
    2014
    2001
    2095
    2056
    2031
    2124
    2167
    2178
    2220
    2255
    2318
    2131
    2163
    2113
    2057
    2097
    1964
    2073
    2038
    2045
    1983
    2002
    2075
    2079
    2100
    2080
    2077
    2047
    2118
    2166
    2101
    2090
    2101
    2128
    2129
    2125
    2156
    2113
    2070
    2034
    2111
    2217
    2044
    2104
    2202
    2153
    2187
    2130
    2160
    2181
    2123
    2180
    2253
    2232
    2307
    2602
    3179
    4047
    4816
    5357
    5219
    4565
    3800
    3076
    2548
    2314
    2198
    2157
    2188
    2118
    2185
    2209
    2076
    2212
    2252
    2154
    2255
    2205
    2226
    2223
    2203
    2242
    2246
    2239
    2229
    2204
    2187
    2258
    2224
    2242
    2315
    2301
    2233
    2293
    2291
    2211
    2274
    2272
    2302
    2272
    2343
    2381
    2322
    2321
    2337
    2321
    2348
    2332
    2354
    2316
    2312
    2310
    2403
    2422
    2401
    2427
    2377
    2376
    2360
    2256
    2370
    2426
    2482
    2292
    2435
    2505
    2527
    2668
    2740
    2894
    2983
    3055
    3025
    2834
    2631
    2594
    2439
    2452
    2479
    2526
    2486
    2420
    2465
    2495
    2615
    2365
    2536
    2472
    2477
    2526
    2415
    2564
    2449
    2548
    2577
    2566
    2623
    2629
    2567
    2532
    2491
    2570
    2659
    2683
    2600
    2514
    2643
    2669
    2599
    2699
    2612
    2655
    2646
    2686
    2694
    2626
    2710
    2666
    2680
    2632
    2635
    2757
    2703
    2668
    2686
    2805
    3096
    3356
    4120
    5710
    9058
   14019
   19978
   24351
   24960
   21420
   15655
   10059
    6197
    3998
    3041
    2837
    2745
    2550
    2639
    2635
    2630
    2542
    2625
    2599
    2611
    2689
    2622
    2600
    2658
    2648
    2662
    2629
    2703
    2660
    2652
    2634
    2674
    2683
    2827
    2648
    2714
    2706
    2759
    2679
    2775
    2727
    2714
    2710
    2670
    2825
    2846
    2768
    2793
    2760
    2823
    2889
    2806
    2764
    2747
    2893
    2774
    2880
    2783
    2948
    2943
    2869
    2994
    2915
    2869
    2931
    3018
    2869
    2968
    2950
    2866
    2982
    3041
    3055
    3044
    3022
    3175
    3052
    3198
    3112
    3155
    3201
    3163
    3180
    3150
    3172
    3192
    3271
    3203
    3211
    3227
    3256
    3255
    3222
    3328
    3323
    3364
    3263
    3357
    3309
    3428
    3460
    3412
    3432
    3518
    3538
    3535
    3426
    3472
    3611
    3498
    3458
    3500
    3628
    3526
    3542
    3627
    3818
    3604
    3688
    3571
    3655
    3690
    3785
    3715
    3891
    3834
    4079
    4257
    4456
    4584
    4530
    4370
    4196
    3951
    3967
    3862
    3814
    3787
    3825
    3894
    3959
    3904
    3947
    4034
    3931
    4070
    3894
    3998
    3910
    4028
    3932
    4160
    4196
    4166
    4102
    4121
    4282
    4323
    4291
    4132
    4237
    4006
    4016
    3993
    3995
    3794
    4042
    3972
    3909
    3744
    4069
    3908
    3876
    4005
    3892
    3899
    4076
    3992
    3849
    3978
    3945
    3956
    3901
    4005
    4064
    4065
    4046
    4056
    3939
    4022
    4160
    3992
    4077
    4014
    4010
    3973
    4019
    3978
    4018
    4082
    3911
    4173
    4101
    4081
    4070
    3985
    4075
    4085
    3994
    4015
    3897
    3859
    4093
    4132
    3952
    4111
    4137
    3873
    4117
    4062
    4089
    4156
    4101
    4075
    4013
    4101
    4112
    4041
    4022
    4227
    4076
    3999
    4086
    4026
    4056
    4236
    4148
    4415
    4991
    5362
    6313
    6743
    7009
    6818
    6293
    5527
    4931
    4468
    4375
    4545
    4578
    4909
    5099
    5514
    5413
    5351
    5071
    4687
    4370
    4303
    4181
    4203
    4159
    4280
    4277
    4375
    4402
    4707
    4845
    4938
    4984
    5076
    4858
    4770
    4699
    5071
    5979
    7992
   11635
   16235
   21788
   26238
   27747
   25445
   20562
   15042
   10511
    7237
    5474
    4858
    4543
    4441
    4356
    4231
    4198
    4220
    4134
    4123
    4084
    4050
    4138
    4130
    4059
    4168
    4213
    4194
    4208
    4147
    4148
    4124
    4138
    4246
    4161
    4260
    4126
    4312
    4327
    4310
    4324
    4429
    4372
    4405
    4311
    4476
    4302
    4389
    4462
    4270
    4468
    4448
    4448
    4150
    4307
    4338
    4450
    4426
    4635
    4745
    4676
    4844
    4742
    4647
    4582
    4580
    4774
    4637
    4673
    4698
    4666
    4879
    5010
    5180
    5811
    7114
    8742
   11041
   13961
   16534
   18146
   17911
   16294
   13671
   10455
    8358
    6650
    5839
    5049
    4853
    4743
    4685
    4706
    4700
    4718
    4689
    4769
    4787
    4785
    4772
    4775
    4815
    4911
    5001
    5314
    5765
    6995
    9624
   13462
   20128
   27659
   35652
   41478
   44526
   44327
   43160
   43585
   44310
   43702
   40398
   35183
   29049
   24534
   22140
   22099
   22623
   22739
   20887
   17948
   14635
   11613
    9752
    8591
    8127
    8471
    9843
   12554
   17390
   25793
   37473
   52427
   68802
   81319
   86917
   82577
   70017
   54495
   38556
   25730
   16742
   11623
    8594
    7054
    6418
    6243
    6242
    6560
    7106
    7587
    7670
    7494
    7360
    6618
    6214
    5507
    5275
    5001
    4707
    4604
    4615
    4658
    4654
    4603
    4638
    4934
    4777
    4874
    4973
    5217
    5432
    5781
    6357
    6848
    7523
    8831
   11228
   15516
   22964
   34964
   53847
   78389
  106145
  131505
  145773
  146268
  130470
  104753
   76170
   51024
   32553
   20165
   13317
    9665
    7766
    6754
    5952
    5628
    5037
    4886
    4338
    3944
    3943
    3843
    3753
    3544
    3637
    3484
    3445
    3452
    3271
    3345
    3365
    3253
    3298
    3195
    3122
    3242
    3193
    3238
    3216
    3171
    3321
    3185
    3099
    3199
    3232
    3181
    3231
    3177
    3356
    3569
    4040
    4333
    4951
    5120
    5173
    5142
    4485
    4028
    3714
    3320
    3153
    3141
    3070
    3069
    3017
    3093
    3008
    3003
    3074
    3029
    3088
    3126
    3194
    3195
    3241
    3072
    3126
    3177
    3126
    3172
    3270
    3438
    3640
    4011
    4391
    4913
    5407
    5622
    5807
    5572
    5097
    4981
    4743
    4993
    5473
    6181
    7104
    7964
    8296
    7884
    7193
    6273
    5427
    4537
    4078
    3668
    3493
    3538
    3532
    3436
    3359
    3301
    3448
    3300
    3273
    3246
    3200
    3209
    3323
    3427
    3356
    3414
    3669
    3611
    3723
    3667
    3705
    3703
    3593
    3594
    3739
    3769
    4314
    4444
    4924
    5404
    5779
    5930
    6242
    6210
    6508
    7161
    7913
    9153
   10658
   11627
   12037
   11405
   10180
    8541
    7089
    5893
    5404
    5139
    5299
    6026
    7153
    9536
   12570
   16236
   20419
   23421
   25105
   25008
   22767
   19594
   16865
   15476
   15682
   18614
   24155
   30957
   38404
   43945
   45604
   43367
   37758
   29853
   22701
   16076
   11705
    9135
    7388
    6334
    5657
    5325
    5023
    4675
    4550
    4961
    5350
    6126
    7267
    7775
    7895
    7568
    6939
    6034
    4991
    4265
    3758
    3665
    3494
    3547
    3587
    3651
    3887
    4184
    4477
    5183
    6429
    8221
   10281
   12732
   14904
   16863
   18150
   18214
   17531
   15422
   12645
   10545
    8500
    7077
    6272
    6061
    6459
    6470
    6604
    6518
    6055
    4992
    4123
    3266
    2796
    2176
    1986
    1811
    1765
    1669
    1730
    1716
    1588
    1638
    1640
    1661
    1722
    1685
    1661
    1645
    1647
    1630
    1603
    1699
    1622
    1699
    1619
    1609
    1602
    1629
    1632
    1605
    1590
    1650
    1584
    1566
    1591
    1594
    1625
    1670
    1538
    1563
    1603
    1622
    1699
    1581
    1584
    1609
    1643
    1605
    1637
    1619
    1579
    1562
    1584
    1597
    1597
    1638
    1563
    1625
    1630
    1629
    1637
    1670
    1674
    1684
    1729
    1940
    2122
    2325
    2650
    2847
    2845
    2803
    2761
    2407
    2120
    1899
    1758
    1617
    1648
    1577
    1577
    1556
    1541
    1614
    1582
    1568
    1545
    1581
    1547
    1535
    1510
    1559
    1609
    1603
    1620
    1493
    1532
    1517
    1550
    1514
    1540
    1522
    1569
    1528
    1590
    1508
    1554
    1563
    1587
    1580
    1523
    1517
    1575
    1552
    1558
    1583
    1524
    1577
    1593
    1565
    1584
    1609
    1645
    1621
    1604
    1615
    1682
    1592
    1515
    1532
    1560
    1524
    1529
    1543
    1508
    1507
    1556
    1528
    1510
    1474
    1504
    1522
    1493
    1523
    1471
    1454
    1508
    1431
    1515
    1503
    1455
    1494
    1501
    1531
    1593
    1477
    1596
    1610
    1539
    1547
    1485
    1450
    1508
    1475
    1549
    1512
    1504
    1548
    1461
    1490
    1462
    1550
    1511
    1540
    1527
    1494
    1504
    1560
    1457
    1552
    1443
    1474
    1459
    1443
    1491
    1502
    1482
    1468
    1476
    1485
    1487
    1475
    1566
    1507
    1533
    1440
    1476
    1423
    1528
    1429
    1448
    1403
    1499
    1542
    1471
    1524
    1547
    1532
    1631
    1638
    1625
    1725
    1496
    1550
    1462
    1456
    1495
    1511
    1444
    1484
    1442
    1478
    1486
    1507
    1453
    1466
    1498
    1509
    1430
    1466
    1442
    1458
    1485
    1506
    1420
    1497
    1395
    1429
    1490
    1529
    1497
    1515
    1487
    1524
    1479
    1465
    1560
    1568
    1550
    1519
    1543
    1464
    1454
    1430
    1441
    1446
    1448
    1461
    1430
    1469
    1483
    1472
    1494
    1567
    1514
    1611
    1531
    1533
    1547
    1543
    1489
    1514
    1510
    1529
    1483
    1389
    1384
    1404
    1450
    1491
    1407
    1454
    1398
    1477
    1468
    1471
    1416
    1438
    1433
    1461
    1411
    1429
    1408
    1391
    1412
    1388
    1393
    1441
    1445
    1448
    1455
    1358
    1407
    1484
    1452
    1388
    1393
    1436
    1390
    1419
    1388
    1456
    1451
    1401
    1371
    1381
    1411
    1444
    1404
    1452
    1423
    1470
    1447
    1433
    1443
    1395
    1453
    1422
    1437
    1479
    1571
    1607
    1770
    1733
    1875
    1841
    1831
    1780
    1611
    1517
    1503
    1443
    1414
    1365
    1367
    1426
    1405
    1353
    1369
    1387
    1385
    1373
    1346
    1454
    1411
    1424
    1414
    1351
    1454
    1365
    1427
    1483
    1433
    1529
    1506
    1732
    1992
    2614
    3663
    5879
    8493
   12380
   16355
   20254
   23089
   23550
   22252
   19036
   15031
   10609
    7224
    4698
    3048
    2085
    1710
    1496
    1362
    1340
    1326
    1309
    1349
    1323
    1364
    1319
    1304
    1353
    1320
    1337
    1349
    1361
    1378
    1316
    1387
    1452
    1391
    1375
    1318
    1358
    1400
    1320
    1327
    1354
    1338
    1327
    1371
    1378
    1352
    1330
    1351
    1299
    1315
    1389
    1316
    1325
    1359
    1343
    1359
    1287
    1285
    1294
    1224
    1307
    1320
    1324
    1298
    1315
    1303
    1338
    1297
    1332
    1327
    1312
    1411
    1300
    1245
    1226
    1314
    1244
    1333
    1267
    1301
    1341
    1225
    1339
    1352
    1279
    1339
    1264
    1330
    1294
    1332
    1357
    1310
    1363
    1313
    1344
    1417
    1336
    1403
    1432
    1421
    1498
    1477
    1447
    1432
    1286
    1362
    1355
    1316
    1277
    1340
    1332
    1259
    1316
    1332
    1365
    1299
    1340
    1297
    1333
    1302
    1362
    1393
    1314
    1391
    1407
    1320
    1391
    1380
    1260
    1326
    1291
    1328
    1310
    1367
    1348
    1221
    1342
    1319
    1277
    1359
    1284
    1339
    1264
    1296
    1320
    1351
    1282
    1368
    1304
    1340
    1298
    1302
    1329
    1287
    1245
    1334
    1331
    1297
    1278
    1293
    1369
    1316
    1287
    1331
    1290
    1302
    1318
    1286
    1348
    1317
    1286
    1298
    1314
    1325
    1262
    1303
    1372
    1375
    1314
    1328
    1297
    1239
    1258
    1281
    1314
    1294
    1295
    1206
    1293
    1272
    1321
    1229
    1315
    1287
    1239
    1335
    1276
    1283
    1272
    1272
    1275
    1246
    1266
    1294
    1319
    1391
    1356
    1287
    1272
    1327
    1333
    1305
    1274
    1301
    1313
    1255
    1288
    1294
    1270
    1214
    1275
    1335
    1324
    1266
    1307
    1286
    1262
    1300
    1281
    1216
    1263
    1330
    1271
    1276
    1299
    1261
    1253
    1304
    1296
    1277
    1334
    1270
    1252
    1264
    1287
    1286
    1265
    1266
    1260
    1258
    1294
    1217
    1265
    1377
    1390
    1503
    1728
    2132
    2811
    3695
    5160
    6995
    9051
   10741
   12086
   12565
   11813
   10575
    8777
    6890
    4997
    3428
    2634
    1891
    1484
    1298
    1340
    1235
    1330
    1285
    1238
    1292
    1287
    1229
    1291
    1220
    1323
    1234
    1229
    1235
    1223
    1211
    1270
    1312
    1247
    1194
    1218
    1212
    1283
    1299
    1254
    1313
    1256
    1209
    1250
    1275
    1239
    1252
    1252
    1177
    1190
    1244
    1155
    1253
    1217
    1294
    1232
    1255
    1210
    1183
    1193
    1223
    1229
    1257
    1234
    1260
    1241
    1210
    1223
    1261
    1278
    1264
    1220
    1215
    1253
    1206
    1264
    1251
    1232
    1270
    1220
    1231
    1257
    1236
    1191
    1234
    1283
    1246
    1191
    1293
    1309
    1200
    1209
    1295
    1327
    1198
    1267
    1242
    1214
    1267
    1214
    1182
    1201
    1233
    1245
    1252
    1182
    1260
    1250
    1228
    1279
    1165
    1227
    1229
    1220
    1228
    1226
    1252
    1229
    1216
    1246
    1205
    1190
    1205
    1176
    1250
    1246
    1197
    1291
    1273
    1256
    1239
    1294
    1280
    1269
    1250
    1262
    1250
    1234
    1250
    1222
    1245
    1236
    1225
    1214
    1181
    1211
    1257
    1233
    1267
    1301
    1175
    1292
    1272
    1242
    1258
    1249
    1277
    1261
    1241
    1205
    1186
    1248
    1219
    1291
    1219
    1296
    1341
    1364
    1276
    1428
    1436
    1368
    1390
    1359
    1296
    1246
    1241
    1260
    1204
    1193
    1243
    1250
    1202
    1274
    1233
    1204
    1161
    1194
    1270
    1209
    1204
    1262
    1233
    1281
    1334
    1166
    1281
    1232
    1287
    1239
    1277
    1323
    1183
    1251
    1242
    1202
    1227
    1171
    1238
    1190
    1304
    1199
    1202
    1210
    1151
    1298
    1304
    1270
    1287
    1300
    1208
    1257
    1272
    1192
    1180
    1224
    1261
    1203
    1221
    1244
    1269
    1245
    1255
    1195
    1233
    1219
    1228
    1215
    1250
    1279
    1241
    1302
    1211
    1209
    1151
    1204
    1228
    1188
    1241
    1215
    1141
    1273
    1223
    1362
    1498
    1661
    1668
    1844
    2034
    2017
    2085
    1975
    1876
    1772
    1699
    1630
    1564
    1454
    1404
    1446
    1394
    1308
    1315
    1380
    1298
    1273
    1265
    1248
    1230
    1240
    1220
    1139
    1207
    1205
    1239
    1313
    1318
    1415
    1540
    1763
    2174
    3003
    4728
    7802
   13579
   22310
   35464
   52984
   74617
   96257
  116581
  131458
  136577
  130778
  116492
   95135
   72237
   50888
   33161
   20081
   11495
    6126
    3358
    1923
    1328
    1058
     955
     933
     926
     927
     884
     872
     914
     844
     820
     878
     778
     882
     891
     912
     869
     912
     896
     893
     905
     874
     843
     918
     829
     861
     900
     901
     839
     879
     936
     888
     838
     828
     835
     910
     818
     861
     881
     847
     829
     882
     823
     817
     818
     845
     867
     881
     839
     868
     847
     844
     811
     838
     860
     899
     803
     873
     831
     905
     849
     859
     820
     899
     889
     857
     812
     864
     874
     833
     884
     812
     871
     837
     904
     863
     813
     791
     829
     871
     845
     916
     802
     844
     889
     877
     851
     924
     841
     827
     861
     866
     826
     868
     831
     857
     770
     856
     818
     849
     873
     805
     919
     953
    1051
    1243
    1397
    1669
    1921
    2113
    2254
    2267
    2293
    2077
    1905
    1641
    1381
    1214
    1022
     981
     853
     891
     740
     790
     868
     823
     838
     823
     789
     838
     868
     866
     843
     862
     805
     832
     861
     832
     821
     910
     834
     815
     810
     783
     807
     845
     807
     819
     786
     786
     828
     788
     810
     854
     846
     797
     777
     832
     823
     819
     856
     872
     880
     879
     857
     881
     928
     930
     858
     797
     838
     802
     816
     792
     802
     743
     776
     777
     800
     771
     758
     782
     791
     762
     787
     761
     844
     826
     797
     810
     801
     817
     801
     817
     807
     776
     855
     895
    1028
    1125
    1313
    1659
    2001
    2311
    2632
    3195
    3310
    3249
    3053
    2723
    2490
    1981
    1660
    1334
    1127
     936
     862
     902
     806
     852
     799
     789
     796
     841
     798
     806
     798
     836
     741
     787
     795
     791
     768
     767
     797
     814
     856
     886
     934
    1184
    1443
    1967
    2673
    3901
    5467
    7444
    9203
   10875
   12223
   12876
   12533
   11536
    9891
    7890
    6008
    4396
    3125
    2155
    1518
    1142
     924
     739
     739
     732
     783
     717
     713
     703
     687
     749
     739
     736
     703
     735
     708
     720
     779
     751
     734
     745
     740
     741
     731
     682
     786
     757
     746
     727
     753
     768
     736
     730
     672
     725
     735
     725
     744
     752
     728
     734
     768
     770
     719
     734
     740
     763
     755
     742
     737
     737
     707
     752
     689
     718
     697
     724
     698
     692
     734
     709
     682
     723
     696
     688
     671
     755
     710
     688
     744
     680
     641
     680
     661
     667
     715
     750
     680
     721
     723
     689
     710
     690
     674
     705
     685
     664
     685
     703
     657
     689
     687
     683
     681
     675
     656
     687
     662
     669
     721
     725
     668
     634
     679
     677
     679
     698
     686
     683
     673
     642
     653
     639
     633
     688
     627
     725
     718
     690
     767
     724
     755
     708
     732
     722
     710
     686
     674
     689
     717
     715
     727
     691
     678
     719
     690
     648
     640
     625
     658
     673
     653
     649
     674
     690
     679
     633
     666
     620
     674
     697
     659
     726
     715
     720
     671
     721
     745
     759
     758
     734
     719
     729
     708
     630
     676
     655
     655
     676
     654
     627
     640
     643
     682
     639
     660
     623
     663
     658
     652
     623
     635
     618
     673
     657
     680
     673
     621
     659
     673
     625
     673
     627
     653
     669
     649
     689
     669
     691
     734
     783
     907
     837
     895
     931
     956
     899
     822
     858
     747
     755
     684
     729
     615
     622
     640
     636
     605
     652
     643
     664
     661
     662
     609
     608
     658
     581
     646
     647
     606
     662
     676
     607
     587
     605
     634
     617
     629
     587
     652
     640
     621
     631
     650
     594
     641
     619
     648
     627
     610
     609
     637
     584
     590
     697
     598
     681
     665
     609
     661
     628
     572
     604
     572
     606
     630
     634
     634
     662
     674
     634
     728
     698
     662
     637
     680
     735
     653
     666
     635
     654
     655
     674
     668
     608
     640
     721
     662
     665
     628
     645
     652
     631
     588
     652
     610
     620
     610
     605
     598
     600
     605
     630
     623
     605
     594
     622
     644
     649
     630
     639
     601
     619
     650
     631
     560
     589
     610
     616
     587
     615
     573
     597
     583
     605
     576
     593
     602
     572
     604
     596
     622
     580
     585
     609
     556
     610
     620
     608
     618
     591
     589
     637
     616
     608
     605
     641
     558
     598
     584
     569
     603
     590
     589
     559
     564
     614
     581
     572
     619
     642
     624
     619
     620
     643
     636
     652
     672
     644
     666
     641
     606
     604
     598
     579
     599
     633
     542
     579
     611
     572
     571
     626
     618
     603
     588
     646
     563
     596
     604
     642
     578
     530
     627
     569
     606
     574
     616
     617
     634
     594
     556
     565
     560
     651
     583
     590
     603
     585
     566
     582
     533
     600
     540
     633
     579
     590
     616
     555
     587
     615
     588
     560
     600
     586
     544
     578
     607
     573
     620
     638
     648
     637
     664
     656
     640
     637
     655
     640
     599
     599
     580
     592
     613
     585
     581
     570
     577
     562
     614
     592
     562
     607
     569
     566
     549
     607
     621
     605
     643
     639
     669
     698
     715
     719
     729
     706
     704
     620
     631
     614
     609
     593
     613
     555
     597
     610
     586
     542
     543
     563
     603
     560
     589
     531
     568
     540
     607
     605
     565
     532
     601
     570
     519
     567
     565
     509
     558
     523
     549
     569
     519
     557
     528
     560
     537
     556
     534
     545
     536
     562
     560
     508
     554
     582
     564
     505
     564
     526
     540
     565
     536
     556
     555
     527
     537
     568
     497
     567
     537
     562
     542
     559
     514
     576
     572
     554
     573
     572
     623
     615
     634
     679
     668
     680
     680
     685
     633
     565
     606
     579
     590
     572
     509
     542
     551
     561
     516
     548
     574
     526
     530
     549
     519
     549
     504
     513
     550
     521
     586
     569
     560
     533
     555
     547
     560
     571
     568
     554
     572
     559
     535
     540
     583
     545
     538
     545
     570
     503
     499
     529
     556
     567
     523
     515
     556
     515
     583
     557
     545
     491
     526
     552
     533
     522
     531
     525
     553
     506
     526
     483
     551
     547
     554
     533
     523
     495
     509
     551
     467
     554
     505
     509
     502
     534
     562
     489
     496
     521
     506
     540
     506
     514
     490
     496
     538
     490
     532
     466
     478
     531
     486
     531
     537
     549
     508
     518
     526
     473
     524
     551
     507
     561
     536
     518
     515
     512
     504
     528
     480
     512
     541
     495
     502
     525
     515
     491
     486
     489
     492
     493
     492
     517
     573
     505
     570
     518
     534
     517
     475
     492
     467
     524
     488
     503
     518
     558
     602
     628
     657
     692
     748
     821
     923
    1039
    1019
    1111
    1072
    1024
     914
     825
     815
     697
     607
     592
     555
     529
     559
     512
     465
     519
     460
     457
     494
     526
     514
     477
     482
     512
     502
     458
     491
     519
     514
     477
     536
     508
     487
     530
     479
     528
     480
     480
     516
     518
     443
     453
     518
     499
     514
     498
     476
     523
     479
     538
     486
     505
     470
     520
     498
     467
     545
     473
     477
     508
     470
     486
     469
     457
     516
     481
     498
     522
     504
     518
     498
     482
     471
     480
     475
     483
     466
     500
     473
     470
     493
     478
     495
     486
     467
     483
     470
     501
     479
     450
     486
     491
     482
     493
     451
     477
     461
     463
     483
     452
     479
     472
     480
     520
     482
     456
     529
     467
     464
     465
     488
     464
     449
     508
     463
     471
     473
     482
     505
     493
     507
     465
     469
     479
     472
     531
     475
     467
     463
     460
     436
     484
     479
     425
     462
     456
     485
     488
     480
     458
     477
     462
     454
     472
     445
     480
     476
     461
     464
     453
     479
     468
     500
     457
     454
     458
     490
     456
     454
     497
     501
     469
     496
     486
     446
     477
     507
     450
     464
     427
     466
     451
     432
     457
     516
     453
     473
     471
     500
     447
     467
     439
     509
     490
     445
     481
     458
     507
     438
     486
     497
     507
     476
     473
     456
     496
     439
     458
     467
     458
     462
     484
     477
     477
     482
     463
     411
     438
     428
     445
     474
     459
     489
     438
     448
     451
     473
     441
     454
     452
     477
     483
     466
     453
     475
     502
     485
     494
     483
     529
     502
     489
     515
     486
     495
     507
     483
     479
     480
     506
     429
     437
     493
     495
     465
     472
     431
     448
     457
     404
     446
     417
     441
     455
     443
     470
     429
     465
     440
     433
     462
     461
     463
     452
     490
     428
     455
     478
     492
     444
     482
     496
     448
     496
     485
     491
     481
     499
     548
     538
     506
     492
     453
     459
     449
     485
     487
     453
     415
     450
     475
     496
     446
     483
     458
     516
     467
     467
     509
     432
     449
     469
     429
     458
     486
     463
     433
     450
     426
     465
     434
     437
     448
     473
     433
     485
     405
     414
     410
     424
     457
     425
     433
     424
     419
     439
     432
     475
     453
     421
     413
     411
     442
     473
     450
     467
     420
     470
     454
     478
     492
     443
     486
     458
     522
     510
     482
     455
     514
     449
     491
     471
     484
     465
     437
     423
     410
     448
     407
     418
     424
     420
     453
     399
     448
     432
     440
     413
     403
     422
     430
     443
     413
     386
     409
     411
     410
     386
     400
     412
     398
     430
     410
     459
     414
     398
     419
     360
     452
     366
     420
     407
     384
     402
     454
     387
     408
     364
     410
     422
     440
     417
     394
     428
     400
     396
     426
     397
     385
     441
     414
     423
     390
     404
     431
     430
     412
     421
     426
     397
     424
     416
     428
     432
     428
     412
     418
     428
     440
     419
     399
     413
     389
     430
     439
     402
     425
     416
     418
     428
     474
     452
     421
     445
     441
     432
     487
     433
     486
     475
     418
     457
     462
     417
     397
     438
     424
     412
     439
     397
     384
     369
     408
     387
     400
     408
     410
     417
     419
     436
     455
     412
     452
     442
     460
     423
     418
     417
     434
     452
     415
     439
     399
     416
     411
     447
     379
     445
     416
     405
     401
     388
     406
     424
     410
     403
     373
     396
     421
     412
     431
     415
     390
     404
     414
     388
     418
     430
     402
     444
     395
     380
     388
     404
     449
     397
     420
     419
     427
     416
     392
     390
     379
     435
     422
     404
     378
     399
     379
     390
     383
     421
     372
     379
     385
     419
     379
     431
     399
     392
     383
     397
     380
     416
     394
     354
     381
     373
     392
     403
     397
     390
     411
     411
     390
     391
     351
     388
     409
     441
     412
     430
     431
     432
     393
     410
     380
     395
     395
     390
     408
     380
     368
     392
     361
     402
     398
     384
     384
     382
     384
     382
     367
     388
     389
     350
     393
     395
     353
     346
     381
     379
     386
     353
     394
     429
     392
     367
     350
     365
     356
     377
     351
     370
     400
     382
     258
       0
       0
       0
       0
       0
       0
       0
       0
       0
       0
       0
       0
       0
       0
       0
       0
       0
       0
       0
       0
       0
       0
       0
       0
       0
       0
       0
       0
       0
       0
       0
       0
       0
       0
       0
       0
       0
       0
       0
       0
       0
       0
       0
       0
       0
       0
       0
$ENER_FIT:
0.000000 0.075000
$PRESETS:
Live Time (sec)
1599
0
$RT:
1800.000000
$DT:
201000
$ISO_DECL_U:
SMPLNAM: IDB-73
SEPDATE: 01/01/1900 00:00:00
U234: 0.0359 
DU234: 18.9415
U235: 4.4623 
DU235: 0.0717
U236: 0.0068 
DU236: 2.9412
U238: 95.495 
DU238: 0.0034
$ADC:
4096
0
4095