$APPLICATION_ID:
IDB v.1.0
$SPEC_REM:
Material type: Pu
Material form: Pellet
Material compound: PuO2
Pu isotopics:
238Pu 1.158
239Pu 64.586
240Pu 26.525
241Pu 3.139
242Pu 4.591
241Am 7.079
Detector: CdTe (Geometry: Unknown, Size: Unknown)
MCA: Radiant 2000
$DATE_MEA:
09/23/2003 18:10:00
$MEAS_TIM:
600 625
$DATA:
0 8191
       0
       0
       0
       0
       0
       0
       0
       0
       0
       0
       0
       0
       0
       0
       0
       0
       0
       0
       0
       0
       0
       0
       0
       0
       0
       0
       0
       0
       0
       0
       0
       0
       0
       0
       0
       0
       0
       0
       0
       0
       0
       0
       0
       0
       0
       0
       0
      17
     475
    2162
    3739
    3853
    3152
    2378
    1819
    1356
     972
     740
     539
     427
     308
     295
     229
     204
     172
     159
     168
     165
     146
     147
     144
     161
     142
     159
     127
     131
     155
     124
     113
     153
     137
     158
     124
     125
     130
     117
     137
     124
     135
     111
     119
     139
     120
     128
     118
     108
     106
     104
     123
      96
     104
     104
     100
     106
     100
     103
      97
      87
      88
     102
      97
      88
      74
      68
      89
     104
      81
      85
      80
      84
      97
      86
     100
      80
      98
      83
      87
      75
      75
      74
      71
      84
      94
      75
      93
      81
      88
      66
      99
      83
      89
      82
      77
      70
      89
      72
     109
      84
      92
      80
      81
      74
      94
      85
      80
      83
      91
      82
      95
      74
      82
      72
      80
      84
      88
      95
      76
      93
      84
      84
      95
      76
      70
      64
      76
      85
      70
      87
      76
      75
      62
      65
      69
      60
      72
      65
      85
      68
      53
      76
      79
      82
      67
      67
      63
      64
      77
      60
      70
      58
      69
      79
      91
      66
      74
      68
      77
      84
      93
      73
      75
      93
      72
      85
      78
      74
      83
      82
      89
      79
      80
      76
      70
      76
      69
      85
      89
      87
      64
      72
      81
      79
      98
      76
      81
      91
     110
      81
      83
      80
      60
      86
      89
      78
      79
      70
      65
      91
      89
      73
      95
      69
      86
      88
      93
      71
      91
      81
      60
      81
      79
      84
      92
      72
      92
      92
      81
      82
      83
      94
      86
     102
      84
      92
      89
      78
      87
      96
      82
      80
      97
     112
      85
      85
     106
     101
      83
     115
     105
     101
     112
      93
     117
     134
     105
     122
     124
     140
     145
     179
     179
     224
     247
     294
     312
     318
     341
     368
     403
     365
     438
     387
     409
     363
     343
     324
     306
     257
     260
     211
     217
     196
     169
     131
     136
     147
     112
     125
     119
      98
     115
     106
     115
     134
     106
     101
     114
     144
     130
     109
     138
     149
     127
     163
     159
     204
     186
     197
     179
     206
     190
     186
     185
     171
     158
     156
     165
     166
     143
     150
     145
     107
     112
      94
      99
     105
     106
      90
      95
      96
      90
      79
      78
      74
      79
      75
      65
      76
      64
      80
      74
      64
      63
      67
      76
      78
      60
      75
      73
      65
      71
      51
      68
      56
      67
      67
      62
      64
      54
      58
      60
      65
      62
      58
      48
      62
      65
      55
      58
      57
      68
      66
      62
      52
      48
      52
      63
      71
      62
      68
      70
      59
      70
      48
      62
      62
      62
      79
      67
      62
      67
      59
      65
      55
      59
      64
      60
      54
      62
      71
      61
      63
      52
      51
      56
      62
      48
      65
      60
      59
      53
      67
      58
      60
      58
      72
      57
      48
      51
      35
      49
      59
      63
      66
      53
      48
      56
      55
      64
      60
      35
      59
      72
      66
      50
      49
      59
      68
      58
      56
      65
      59
      49
      84
      63
      70
      69
      61
      57
      54
      56
      47
      52
      48
      57
      65
      65
      49
      74
      62
      64
      55
      49
      44
      57
      45
      62
      67
      61
      50
      47
      48
      62
      46
      54
      57
      54
      60
      57
      46
      58
      57
      58
      49
      55
      54
      56
      52
      45
      56
      52
      54
      47
      55
      62
      64
      65
      39
      67
      63
      51
      57
      72
      59
      61
      50
      50
      56
      66
      65
      60
      65
      50
      53
      49
      78
      48
      58
      59
      56
      60
      52
      62
      77
      62
      75
      77
      68
      63
      53
      64
      51
      70
      67
      69
      57
      62
      66
      64
      58
      69
      76
      68
      61
      59
      78
      89
      66
      59
      72
      74
      83
      69
      82
      67
      83
      93
      91
     103
      93
      74
      89
      72
      90
      79
      80
      93
      76
     121
      93
     108
     112
      96
     117
     123
     101
     118
     106
     135
     129
     127
     139
     122
     147
     129
     138
     181
     149
     170
     173
     198
     181
     209
     202
     217
     228
     242
     243
     236
     265
     287
     326
     322
     302
     340
     335
     316
     354
     344
     350
     323
     304
     326
     313
     283
     262
     275
     286
     241
     238
     243
     254
     218
     213
     197
     185
     200
     146
     146
     141
     124
     116
     112
     108
     120
      98
     107
      92
     107
      70
      84
      70
      74
      56
      75
      63
      76
      80
      74
      73
      61
      42
      42
      63
      53
      57
      47
      46
      58
      46
      43
      42
      53
      47
      43
      44
      42
      55
      42
      47
      38
      39
      38
      42
      48
      39
      43
      39
      47
      50
      48
      49
      51
      38
      30
      49
      37
      35
      50
      36
      42
      42
      33
      43
      46
      33
      22
      30
      37
      37
      36
      34
      42
      29
      48
      35
      47
      31
      39
      33
      30
      39
      46
      33
      40
      51
      42
      43
      42
      38
      36
      49
      54
      38
      47
      49
      46
      48
      65
      54
      55
      49
      66
      58
      56
      68
      96
      85
     112
     107
     124
     139
     149
     163
     183
     201
     180
     181
     166
     165
     170
     130
     147
     131
     110
     118
      88
      77
      77
      51
      63
      56
      50
      49
      45
      48
      40
      44
      47
      45
      42
      49
      45
      45
      49
      31
      41
      31
      34
      33
      39
      45
      35
      38
      41
      39
      41
      47
      46
      39
      46
      45
      48
      37
      44
      41
      41
      38
      40
      42
      45
      44
      38
      46
      41
      47
      41
      52
      32
      54
      50
      54
      48
      46
      49
      48
      43
      52
      47
      52
      35
      49
      57
      50
      48
      45
      54
      52
      41
      49
      63
      53
      46
      59
      36
      37
      57
      39
      37
      35
      43
      43
      47
      55
      48
      52
      51
      48
      47
      56
      54
      53
      57
      51
      56
      60
      60
      54
      48
      71
      56
      75
      66
      56
      65
      55
      66
      54
      54
      54
      62
      54
      58
      58
      69
      68
      65
      50
      59
      60
      67
      49
      69
      76
      74
      73
      76
      59
      65
      61
      70
      70
      64
      67
      76
      63
      76
      76
      83
      76
      94
      81
      98
      87
      80
      97
      82
      84
     106
      98
     101
      83
      99
     106
     101
     107
     102
     113
      83
      99
      83
      77
     114
      99
     102
     104
      93
     110
      98
     114
      99
      90
      98
     106
     112
     110
     101
     104
     117
     108
     123
     123
     121
     119
     144
     138
     120
     130
     147
     120
     139
     130
     126
     118
     119
     116
     142
     132
     164
     123
     147
     145
     124
     128
     131
     130
     149
     144
     141
     159
     140
     144
     135
     174
     167
     154
     143
     138
     151
     136
     135
     140
     146
     106
     123
     111
     114
     114
     116
     105
      96
      82
      94
      87
      84
     100
      96
      79
      93
      81
      72
      64
      76
      85
      79
      95
      86
      96
      86
     107
      94
      98
     102
      90
      98
     116
     102
      89
     106
     107
     115
      98
      91
      81
      79
      94
      76
      84
      82
      84
      82
      67
      81
      76
      73
      77
      69
      78
      82
      56
      68
      65
      73
      76
      63
      80
      65
      66
      58
      55
      78
      71
      80
      78
      77
      68
      73
      67
      77
      85
      79
      77
      61
      89
      62
      67
      80
      88
      70
      51
      88
      65
      62
      84
      69
      90
      88
      61
      79
      78
      69
      78
      81
      72
      85
      67
      84
      77
      80
      70
      89
      93
      83
      74
      82
      77
      82
     101
     100
      98
      81
      88
     102
      95
      90
      84
     112
      98
     106
     101
     103
      93
     107
     101
     107
      98
     110
     104
      81
      96
     102
     105
      91
     102
      79
      81
      91
      82
      87
      99
      88
      87
      95
      91
      88
      79
     103
      94
      98
      77
     104
      93
     107
     100
      96
      86
      90
      87
      96
      93
     108
      97
     101
     109
      94
      95
     101
      99
     115
      99
     107
     107
      92
      82
     104
     110
     122
     103
     109
     111
     110
      99
     113
     103
     108
     110
     103
     100
     118
     100
      86
     112
     133
     110
     109
      91
     127
     104
     115
     114
     130
     133
     128
     127
     163
     141
     148
     136
     171
     185
     185
     208
     208
     218
     240
     233
     240
     222
     218
     247
     240
     226
     229
     210
     212
     199
     222
     185
     187
     177
     165
     175
     170
     139
     188
     181
     173
     193
     171
     213
     244
     249
     256
     259
     291
     309
     298
     313
     320
     352
     377
     391
     377
     411
     362
     419
     415
     441
     464
     485
     475
     506
     545
     553
     594
     701
     761
     820
     833
     985
    1002
    1014
    1009
    1105
    1120
    1054
    1134
    1095
     996
    1018
     993
     993
     870
     890
     763
     749
     664
     671
     642
     572
     547
     534
     507
     560
     522
     548
     506
     538
     501
     544
     563
     544
     528
     542
     465
     512
     531
     473
     457
     488
     434
     431
     384
     413
     424
     424
     459
     482
     536
     612
     654
     772
     782
     850
     911
     969
    1015
    1015
    1105
    1051
    1102
    1111
    1078
    1034
     948
     880
     843
     821
     735
     752
     560
     559
     553
     484
     429
     384
     326
     292
     275
     220
     215
     189
     153
     139
     134
     138
      96
      85
      99
      76
      71
      75
      56
      69
      64
      73
      68
      75
      79
      58
      79
      75
      67
      62
      76
      63
      62
      63
      72
      68
      58
      66
      56
      59
      59
      53
      51
      74
      53
      58
      60
      53
      58
      57
      40
      49
      39
      61
      52
      42
      45
      50
      56
      49
      55
      68
      57
      60
      74
      52
      70
      70
      69
      65
      81
      83
      81
      81
      97
      97
     109
     105
     131
     132
     133
     133
     142
     153
     145
     175
     158
     184
     182
     214
     174
     220
     194
     178
     195
     214
     176
     161
     164
     156
     154
     161
     162
     148
     129
     129
     127
     112
     127
     120
     129
     127
     137
     138
     151
     119
     160
     140
     155
     199
     212
     194
     226
     249
     227
     271
     235
     282
     282
     303
     320
     325
     280
     303
     301
     276
     300
     287
     271
     251
     244
     256
     217
     198
     191
     186
     176
     158
     176
     172
     167
     162
     138
     131
     148
     150
     141
     143
     151
     156
     177
     156
     154
     158
     160
     200
     179
     195
     204
     192
     212
     223
     196
     241
     219
     223
     225
     218
     239
     184
     192
     181
     201
     154
     144
     155
     127
     133
     119
     124
     100
      92
      89
      90
      83
      77
      83
      72
      86
      64
      75
      66
      64
      76
      63
      71
      73
      72
      84
      83
      78
      87
      85
      97
      71
      87
     102
      86
      97
      86
      86
      71
      80
      80
      87
      84
      69
      74
      72
      63
      66
      60
      73
      61
      53
      57
      68
      63
      71
      64
      59
      58
      69
      63
      83
      95
      73
      72
      65
      79
      90
      79
      75
      60
      80
      62
      54
      64
      69
      60
      54
      78
      67
      82
      72
      93
      67
      78
      77
      75
     120
     115
     121
     118
     144
     135
     143
     174
     175
     182
     188
     174
     177
     167
     171
     149
     166
     116
     133
     107
      89
      91
      72
      72
      59
      63
      55
      47
      46
      43
      45
      43
      42
      24
      33
      31
      33
      30
      28
      33
      22
      29
      21
      42
      29
      25
      32
      33
      28
      48
      38
      33
      55
      46
      55
      55
      61
      59
      60
      59
      72
      55
      77
      74
      78
      61
      69
      52
      46
      57
      56
      52
      55
      48
      42
      38
      42
      27
      34
      30
      25
      29
      25
      25
      32
      29
      36
      25
      31
      25
      20
      33
      36
      25
      26
      30
      25
      16
      25
      18
      29
      20
      28
      22
      16
      20
      35
      15
      20
      27
      23
      25
      15
      28
      21
      23
      27
      26
      25
      20
      19
      20
      23
      32
      34
      24
      29
      20
      29
      27
      35
      27
      22
      24
      22
      30
      35
      24
      19
      28
      20
      26
      32
      17
      30
      23
      19
      17
      15
      18
      17
      31
      22
      25
      21
      19
      25
      31
      19
      23
      19
      19
      20
      24
      26
      13
      22
      30
      29
      17
      19
      28
      17
      21
      25
      19
      19
      16
      24
      16
      26
      28
      25
      24
      22
      25
      20
      22
      22
      26
      17
      25
      21
      31
      16
      28
      20
      16
      22
      21
      19
      26
      27
      17
      18
      23
      23
      23
      22
      20
      22
      18
      24
      13
      32
      21
      20
      28
      18
      29
      26
      27
      26
      23
      25
      28
      17
      30
      28
      18
      32
      22
      20
      25
      25
      32
      25
      26
      31
      25
      29
      26
      21
      21
      23
      22
      10
      11
      26
      20
      25
      19
      21
      23
      33
      20
      22
      27
      26
      28
      26
      30
      17
      32
      25
      30
      19
      26
      27
      23
      27
      20
      25
      26
      30
      28
      31
      35
      23
      33
      33
      31
      44
      44
      44
      40
      47
      43
      53
      52
      59
      49
      55
      50
      58
      58
      57
      44
      56
      56
      51
      47
      57
      54
      79
      70
      75
      73
      79
      74
      94
      97
     111
     118
     119
     135
     142
     124
     154
     138
     150
     161
     141
     139
     146
     147
     131
     122
     104
      91
      90
      90
      83
      69
      64
      45
      49
      60
      49
      43
      37
      35
      35
      39
      26
      25
      31
      20
      23
      39
      30
      27
      21
      27
      24
      27
      22
      19
      28
      27
      20
      24
      35
      26
      38
      52
      40
      55
      50
      49
      47
      48
      51
      50
      61
      47
      65
      55
      58
      58
      50
      53
      55
      49
      51
      48
      38
      41
      29
      22
      34
      25
      24
      18
      24
      23
      23
      21
      22
      17
      22
      24
      19
      20
      19
      22
      19
      17
      16
      16
      19
      19
      26
      17
      20
      16
      21
      17
      15
      17
      15
      18
      24
      25
      19
      14
      18
      22
       9
      10
      17
      13
      16
      15
      13
      17
       9
       7
      19
      17
      17
      20
      12
      22
      20
      18
      18
      22
      12
      15
      19
      21
      20
      19
      17
      27
      20
      12
      16
      17
      22
      20
      16
      23
      16
      26
      32
      20
      24
      21
      28
      29
      29
      26
      31
      26
      24
      22
      28
      27
      23
      25
      33
      27
      24
      25
      36
      19
      30
      22
      21
      11
      18
      27
      22
      20
      22
      14
      17
      19
      15
      22
      24
      18
      16
      24
      22
      21
      20
      24
      16
      21
      17
      20
      22
      20
      29
      18
      31
      29
      18
      34
      25
      37
      35
      38
      46
      34
      45
      54
      50
      51
      52
      49
      48
      47
      46
      63
      57
      49
      45
      40
      40
      41
      40
      33
      37
      39
      34
      35
      29
      27
      20
      22
      15
      15
      21
      17
      22
      16
      17
      13
      15
      18
      23
      15
      13
      18
      23
      16
      11
      14
      11
      10
      13
      23
      11
      18
      15
      17
      14
      17
      16
      20
      10
      15
      18
      14
      20
      21
      10
      21
      23
      27
      24
      24
      21
      27
      33
      23
      29
      20
      20
      27
      23
      20
      22
      12
      23
      17
      22
      15
      22
      25
      19
      14
      22
      15
      15
      17
      22
      16
      18
      14
      19
      15
      18
      15
      15
      11
      12
      13
      11
      13
      10
      15
      15
       8
      19
      16
      15
      22
      12
      15
      15
      18
      13
      11
       9
      17
      15
      14
      16
       8
      15
      18
      13
       9
      20
      30
      17
      14
      16
       9
      20
      12
      20
       9
      16
      22
       8
       7
      15
      15
      19
      17
      13
      21
      18
      17
      15
      15
      14
      18
      10
      12
      15
      11
      16
      13
      17
      19
      18
      23
       6
      14
      15
      19
      18
      19
      18
      21
      18
      13
      16
      18
      23
      17
      21
       9
      14
       7
       9
      13
      12
      11
      18
      12
      17
      18
      21
      13
      20
      13
      19
      15
      15
      14
      11
      16
      22
      15
      19
      16
      10
      16
      23
      11
      10
      12
      10
      20
      24
      17
      24
      12
      24
      20
      21
      17
      18
      25
      19
      20
      14
      22
      26
      19
      16
      21
      23
      14
      21
      17
      13
      21
      21
      19
      17
      13
       7
      16
      21
      18
      21
      15
      21
      14
      14
      16
      15
      15
      14
      12
      24
      22
      14
      14
      16
      15
      17
      19
      20
      17
      25
      22
      21
      18
      22
      25
      18
      30
      20
      26
      22
      34
      26
      24
      37
      31
      23
      26
      20
      18
      15
      32
      28
      26
      28
      15
      15
      21
       9
      19
      17
      17
      17
      17
      20
      14
       9
      14
      16
      18
      16
       8
      12
      17
       9
      11
      14
      11
      13
      15
      15
      10
      14
      11
      18
      18
      12
      11
       9
      14
      13
      16
      12
      14
      19
      15
      12
      11
      14
      11
       7
      12
       8
      19
      13
      12
      20
      11
      10
      18
      15
      15
      12
      20
      13
      12
      11
       9
       6
      19
      18
       7
       9
       9
      14
      12
      15
      13
      18
      13
      11
       9
      13
      13
      18
      15
      10
      12
      17
      13
      13
      12
      20
      10
      12
      14
      13
      12
      17
      11
      15
      10
       7
      15
      17
      13
      15
      13
      12
      14
      16
      13
      11
      10
      12
      17
      13
      12
      11
       8
      14
      10
      10
       9
      12
      13
      14
      14
       8
      11
      23
      14
      12
      20
       9
      13
       4
       9
      10
      14
       7
      12
      11
      11
      17
      12
      13
      14
      16
      18
      14
      14
      11
      12
       8
      15
       5
      11
      19
      11
      10
      16
      13
      10
      14
      15
      11
      10
       9
      12
      16
       8
       7
      15
      12
      11
       9
       6
      10
      17
      11
      11
      18
      16
      11
       8
       6
       9
      11
      11
      13
      16
      14
      13
      14
      12
      14
       9
      12
      17
      14
      10
      12
      15
      10
      13
      10
      15
       8
      15
       8
      15
      15
       7
      16
      15
      13
      11
      17
      14
      19
      17
      16
      11
      13
      15
      14
      19
      20
      17
      30
      22
      18
      11
      21
      18
      11
      16
      23
      24
      19
      28
      14
      19
      16
      33
      26
      17
      20
      25
      25
      19
      14
      20
      13
      25
      23
      16
      20
      30
      31
      27
      25
      41
      24
      22
      24
      22
      20
      40
      37
      38
      33
      38
      38
      34
      52
      52
      51
      63
      76
      83
      71
     106
      88
      96
     127
     125
     172
     192
     195
     211
     238
     258
     289
     292
     349
     323
     356
     393
     417
     434
     441
     429
     417
     393
     424
     363
     347
     308
     343
     322
     237
     237
     214
     203
     198
     168
     150
     110
     117
     114
      90
      80
      81
      72
      49
      69
      48
      55
      36
      34
      37
      21
      21
      19
      23
      22
      18
      13
      14
      11
       7
       7
      10
       9
      10
       8
       8
       6
       3
       6
       4
       8
       3
       6
       4
       4
       6
       2
       5
       8
       5
       6
       2
       5
       1
       5
       2
       1
       2
       5
       2
       4
       1
       3
       5
       2
       4
       2
       5
       7
       3
       3
       4
       1
       4
       4
       8
       4
       2
       6
       6
       5
       4
       5
       8
       4
       4
       3
       3
       5
       5
       1
       3
       9
       1
       5
       2
       2
       2
       3
       3
       3
       3
       1
       2
       7
       3
       2
       4
       4
       5
       2
       5
       5
       2
       2
       3
       3
       3
       5
       2
       3
       4
       4
       2
       4
       3
       4
       1
       5
       3
       2
       1
       5
       0
       2
       5
       1
       2
       6
       6
       2
       3
       3
       2
       2
       1
       4
       3
       5
       1
       5
       6
       4
       3
       4
       3
       2
       5
       8
       6
      10
       2
       8
       4
       2
       4
       3
       8
       7
       5
       8
       5
       7
       3
       3
       5
       2
       5
       4
       4
       5
       5
       2
       4
       8
       5
       5
       7
       4
       6
       6
       2
       4
       4
       3
       1
       3
       1
       2
       3
       2
       5
       2
       6
       2
       4
       1
       2
       3
       5
       0
       3
       3
       0
       4
       3
       7
       4
       6
       2
       2
       1
       6
       7
       0
       3
       4
       3
       6
       2
       3
       3
       3
       3
       6
       3
       5
       1
       2
       3
       2
       1
       4
       3
       4
       3
       2
       4
       2
       3
       1
       2
       1
       3
       1
       3
       0
       3
       1
       2
       1
       2
       4
       3
       1
       2
       4
       0
       8
       4
       6
       3
       2
       3
       5
       3
       2
       2
       3
       2
       2
       6
       3
       3
       1
       2
       4
       3
       5
       2
       3
       2
       5
       1
       4
       6
       2
       3
       6
       1
       1
       4
       3
       3
       2
       2
       1
       2
       4
       1
       3
       4
       3
       5
       1
       1
       2
       2
       5
       4
       4
       0
       4
       2
       2
       1
       3
       2
       3
       1
       0
       3
       6
       3
       1
       2
       2
       2
       2
       5
       5
       2
       3
       4
       1
       1
       4
       2
       4
       1
       3
       2
       3
       2
       3
       4
       1
       4
       0
       1
       4
       4
       5
       2
       1
       3
       0
       2
       3
       3
       5
       3
       3
       3
       1
       3
       3
       2
       2
       2
       3
       3
       4
       6
       2
       1
       1
       4
       6
       4
       3
       3
       2
       5
       8
       5
       7
       5
       4
       8
       2
      10
       5
       9
       7
       5
       8
       7
       7
       4
       6
      11
       7
       3
       3
       4
       2
       6
       4
       1
       2
       5
       3
       3
       8
       3
       2
       0
       4
       2
       2
       5
       6
       5
       1
       6
       6
       0
       1
       2
       3
       0
       2
       3
       4
       0
       3
       5
       1
       4
       3
       5
       0
       0
       3
       5
       1
       0
       2
       2
       3
       3
       3
       1
       2
       3
       2
       2
       3
       1
       3
       2
       4
       2
       4
       3
       1
       2
       2
       3
       2
       2
       6
       2
       2
       1
       6
       2
       4
       0
       8
       6
       0
       0
       3
       1
       2
       2
       2
       1
       0
       1
       0
       3
       2
       3
       2
       1
       1
       1
       5
       2
       2
       3
       4
       1
       3
       0
       1
       2
       1
       3
       0
       3
       2
       2
       6
       1
       3
       2
       2
       0
       2
       5
       1
       4
       0
       2
       2
       2
       3
       6
       0
       1
       1
       2
       1
       3
       3
       2
       3
       1
       1
       2
       2
       1
       2
       2
       3
       2
       3
       1
       8
       1
       2
       2
       5
       3
       2
       1
       2
       3
       1
       1
       0
       1
       2
       1
       2
       2
       0
       1
       2
       3
       6
       1
       2
       2
       1
       1
       2
       4
       2
       1
       1
       4
       4
       2
       0
       1
       3
       2
       3
       1
       1
       4
       1
       1
       1
       1
       2
       1
       2
       2
       3
       1
       2
       2
       1
       4
       3
       2
       2
       2
       3
       3
       2
       4
       3
       2
       4
       2
       2
       3
       2
       3
       5
       4
       4
       5
       3
       3
       0
       3
       1
       3
       3
       2
       2
       1
       3
       2
       2
       1
       4
       2
       0
       2
       2
       0
       1
       2
       1
       1
       1
       2
       4
       1
       1
       2
       0
       1
       1
       5
       3
       2
       1
       1
       2
       2
       0
       1
       3
       1
       1
       1
       0
       1
       1
       2
       3
       1
       1
       2
       2
       2
       1
       1
       2
       3
       4
       1
       2
       4
       2
       0
       4
       4
       2
       2
       3
       1
       2
       0
       1
       4
       1
       0
       0
       2
       0
       0
       2
       4
       2
       2
       1
       1
       2
       1
       1
       3
       3
       3
       2
       6
       2
       0
       3
       2
       1
       4
       2
       1
       4
       3
       3
       2
       3
       7
       3
       4
       3
       4
       1
       5
       2
       5
       2
       0
       4
       1
       1
       3
       2
       3
       3
       4
       4
       5
       3
       3
       3
       7
       7
       8
       4
       3
       4
      10
       7
      14
       8
      15
      13
       9
      10
      16
      10
       9
      10
      11
       8
      14
      10
       8
      13
       8
       8
      13
       4
       8
       7
       2
       6
      12
      11
       1
       7
       2
       3
       4
       4
       2
       4
       1
       3
       6
       3
       3
       6
       4
       4
       0
       1
       1
       1
       1
       0
       4
       0
       0
       1
       1
       2
       1
       3
       0
       0
       1
       5
       0
       0
       1
       2
       1
       0
       1
       1
       1
       2
       1
       2
       3
       1
       0
       2
       1
       0
       0
       0
       0
       1
       1
       1
       2
       0
       0
       2
       3
       2
       2
       2
       2
       1
       0
       1
       4
       1
       3
       1
       0
       0
       0
       2
       0
       0
       2
       1
       1
       1
       1
       1
       1
       1
       2
       1
       2
       1
       2
       0
       2
       1
       1
       3
       1
       4
       4
       0
       3
       0
       1
       1
       1
       1
       2
       1
       1
       0
       2
       0
       3
       1
       4
       4
       0
       1
       2
       0
       3
       1
       0
       0
       0
       1
       4
       1
       1
       1
       0
       2
       1
       1
       2
       1
       1
       2
       0
       1
       1
       0
       1
       2
       0
       1
       0
       4
       2
       1
       1
       1
       3
       3
       1
       1
       0
       1
       4
       1
       1
       2
       1
       1
       3
       1
       2
       2
       2
       1
       1
       1
       1
       0
       2
       3
       2
       1
       1
       2
       2
       1
       1
       0
       1
       1
       3
       1
       0
       3
       2
       2
       2
       2
       1
       1
       1
       0
       1
       0
       2
       1
       0
       2
       0
       0
       3
       2
       0
       2
       3
       3
       1
       0
       2
       2
       0
       4
       0
       2
       1
       1
       1
       1
       2
       2
       2
       3
       1
       2
       1
       1
       1
       1
       1
       0
       1
       1
       1
       0
       3
       3
       0
       3
       2
       1
       0
       0
       1
       4
       0
       2
       1
       0
       2
       1
       1
       2
       2
       1
       0
       2
       1
       1
       0
       2
       1
       3
       1
       3
       0
       0
       1
       1
       1
       2
       2
       3
       0
       5
       2
       2
       0
       0
       2
       3
       1
       2
       1
       1
       1
       1
       1
       0
       1
       2
       3
       1
       0
       2
       3
       0
       2
       2
       3
       2
       0
       1
       2
       1
       1
       3
       2
       1
       3
       2
       4
       4
       2
       0
       3
       1
       2
       4
       2
       2
       1
       2
       5
       4
       1
       1
       3
       4
       3
       0
       1
       2
       2
       1
       1
       2
       1
       2
       1
       0
       2
       1
       0
       2
       0
       4
       2
       0
       2
       0
       2
       1
       1
       0
       3
       1
       1
       2
       1
       2
       2
       4
       2
       3
       1
       2
       0
       0
       1
       1
       1
       1
       2
       0
       4
       3
       1
       1
       1
       3
       1
       1
       1
       2
       2
       0
       1
       2
       0
       2
       0
       2
       3
       1
       1
       2
       4
       3
       2
       1
       2
       2
       4
       0
       2
       6
       3
       4
       0
       2
       3
       2
       3
       5
       1
       1
       4
       2
       6
       7
       1
       7
       2
       4
       2
       1
       4
       2
       2
       3
       2
       2
       1
       2
       5
       2
       2
       2
       0
       3
       1
       1
       3
       1
       2
       0
       1
       2
       0
       2
       1
       2
       4
       1
       2
       2
       2
       3
       1
       1
       3
       0
       2
       1
       1
       2
       1
       0
       1
       3
       1
       2
       2
       1
       2
       2
       2
       0
       1
       0
       0
       2
       0
       1
       1
       3
       1
       1
       1
       0
       1
       3
       1
       0
       2
       0
       0
       1
       2
       1
       1
       0
       0
       2
       1
       2
       1
       2
       2
       1
       0
       1
       4
       3
       2
       2
       1
       4
       3
       1
       2
       2
       2
       4
       2
       4
       4
       1
       4
       2
       2
       1
       1
       2
       2
       1
       0
       3
       2
       1
       2
       2
       1
       1
       3
       3
       3
       2
       2
       3
       3
       6
       3
       5
       4
       3
       3
       5
       2
       4
       4
       7
       3
       9
       5
      10
       4
       5
       5
       8
       7
       4
       5
      10
       5
       7
      12
      10
       9
       8
       9
       2
       4
       6
       7
       5
       4
       2
       7
       3
       4
       4
       3
       3
       1
       0
       3
       2
       3
       3
       0
       1
       2
       1
       1
       1
       4
       0
       1
       2
       1
       0
       1
       2
       1
       3
       3
       1
       1
       0
       1
       2
       1
       2
       1
       2
       0
       2
       2
       1
       1
       1
       0
       2
       2
       1
       0
       0
       2
       2
       3
       2
       1
       1
       1
       2
       2
       0
       3
       3
       0
       1
       3
       0
       1
       0
       0
       1
       0
       2
       2
       0
       1
       3
       0
       0
       0
       1
       0
       3
       0
       3
       0
       1
       0
       1
       2
       0
       4
       2
       2
       1
       0
       0
       2
       1
       0
       0
       4
       0
       0
       2
       4
       0
       2
       2
       0
       2
       6
       2
       2
       2
       3
       4
       2
       3
       3
       2
       1
       3
       5
       7
       4
      10
       4
       2
       4
       7
       7
       3
       4
       4
       8
       2
       8
       2
       5
       4
       6
       7
       6
       2
       5
       0
       1
       3
       3
       1
       1
       1
       4
       1
       3
       4
       0
       6
       0
       0
       0
       3
       0
       2
       5
       1
       0
       2
       1
       1
       0
       1
       0
       1
       0
       5
       2
       1
       0
       1
       0
       1
       1
       3
       2
       2
       2
       0
       1
       0
       1
       2
       0
       1
       0
       1
       1
       1
       1
       1
       2
       2
       1
       2
       1
       2
       4
       2
       5
       1
       2
       1
       1
       2
       2
       3
       1
       1
       3
       2
       2
       3
       3
       2
       3
       2
       1
       0
       0
       2
       2
       3
       3
       2
       5
       4
       3
       3
       3
       8
       4
       4
       5
       5
       6
       6
       4
       2
      11
       6
       6
       9
       5
      18
       6
      10
      12
      14
      15
      14
      13
      12
      27
      17
      17
      17
      21
      16
      13
      16
      14
      16
       9
      11
      12
      19
       4
      10
      12
       9
      13
       7
      10
       7
       7
       6
       8
       9
       6
       8
       9
       7
       8
       7
      12
       7
       5
      12
       7
      12
      13
      13
      12
      18
      20
      13
       9
      13
      14
      12
       9
      13
      15
      12
      11
       5
       5
       6
       9
       7
       5
       7
       9
       7
       4
       2
       1
       8
       4
       2
       6
       3
       1
       1
       2
       0
       2
       1
       1
       3
       2
       0
       0
       1
       3
       1
       2
       1
       1
       1
       0
       1
       0
       1
       1
       2
       5
       0
       0
       0
       0
       1
       1
       0
       2
       0
       0
       1
       1
       3
       2
       0
       0
       1
       0
       1
       2
       0
       3
       3
       0
       2
       3
       7
       3
       1
       0
       0
       2
       1
       5
       4
       1
       1
       0
       1
       0
       3
       1
       0
       2
       0
       2
       1
       1
       0
       2
       0
       0
       0
       1
       1
       2
       0
       0
       1
       3
       1
       2
       2
       2
       1
       2
       1
       3
       2
       0
       2
       3
       1
       2
       3
       3
       4
       2
       5
       2
       2
       5
       4
       2
       6
       1
       0
       3
       3
       1
       5
       1
       1
       3
       3
       2
       2
       2
       3
       0
       0
       0
       1
       1
       3
       1
       1
       1
       0
       0
       0
       1
       0
       1
       3
       0
       1
       0
       2
       1
       1
       1
       1
       0
       0
       1
       0
       0
       2
       1
       1
       0
       0
       0
       0
       0
       2
       3
       0
       0
       0
       2
       0
       2
       1
       1
       1
       3
       1
       1
       1
       0
       0
       2
       0
       1
       1
       1
       2
       0
       1
       2
       3
       0
       0
       3
       1
       0
       0
       0
       2
       1
       0
       2
       1
       2
       0
       2
       0
       2
       1
       2
       1
       0
       1
       1
       1
       0
       1
       0
       0
       1
       0
       0
       2
       1
       0
       1
       0
       0
       1
       0
       0
       2
       1
       0
       0
       0
       1
       1
       1
       0
       0
       0
       1
       0
       2
       0
       2
       0
       0
       0
       1
       0
       1
       0
       0
       0
       1
       1
       1
       0
       0
       0
       0
       1
       0
       1
       1
       0
       1
       0
       1
       1
       0
       0
       0
       0
       0
       1
       0
       0
       2
       0
       1
       5
       1
       2
       1
       0
       0
       0
       0
       1
       1
       0
       1
       1
       0
       0
       2
       0
       0
       0
       1
       1
       0
       2
       0
       0
       1
       0
       2
       2
       0
       0
       0
       5
       1
       0
       3
       0
       1
       0
       2
       0
       2
       1
       0
       0
       0
       0
       0
       0
       0
       2
       2
       1
       2
       0
       2
       1
       1
       1
       0
       3
       1
       0
       0
       1
       1
       0
       0
       0
       1
       0
       1
       0
       1
       3
       1
       1
       0
       1
       2
       0
       1
       2
       1
       1
       1
       0
       1
       2
       2
       0
       1
       2
       2
       1
       0
       1
       0
       2
       0
       2
       1
       2
       2
       1
       3
       1
       0
       0
       1
       2
       0
       0
       3
       0
       2
       1
       4
       2
       1
       1
       1
       4
       5
       4
       2
       5
       2
       3
       3
       3
       4
       3
       4
       6
       5
       8
       2
       4
       6
       5
       7
       9
       2
       5
       2
       6
       9
       7
       5
       5
       6
       4
       5
       5
       5
       9
       7
       2
       5
       3
       1
       1
       0
       0
       3
       3
       2
       2
       3
       1
       4
       2
       4
       3
       5
       4
       1
       4
       2
       3
       2
       5
       0
       3
       3
       3
       4
       1
       6
       0
       0
       2
       2
       4
       3
       1
       1
       1
       3
       1
       4
       0
       2
       2
       5
       3
       2
       2
       3
       3
       5
       4
       2
       3
       2
       2
       3
       8
       4
       3
       5
       7
       5
       7
       8
       4
       7
       5
      11
       4
       7
       5
       8
       4
       6
       6
       6
       4
       2
       4
       3
       4
       8
       6
       5
       2
       1
       4
       2
       4
       4
       3
       3
       1
       2
       3
       0
       1
       0
       5
       2
       1
       1
       2
       1
       2
       1
       1
       1
       1
       1
       4
       3
       3
       1
       1
       0
       3
       1
       0
       0
       1
       1
       1
       0
       1
       1
       1
       0
       2
       0
       0
       0
       0
       3
       1
       3
       3
       1
       1
       0
       2
       4
       1
       2
       1
       2
       2
       4
       1
       1
       1
       2
       2
       1
       0
       4
       1
       2
       2
       2
       0
       0
       1
       0
       3
       1
       3
       4
       2
       0
       0
       1
       3
       1
       1
       1
       2
       1
       0
       0
       5
       0
       1
       3
       3
       2
       0
       0
       2
       2
       0
       1
       0
       1
       1
       0
       1
       0
       2
       0
       0
       0
       1
       0
       0
       0
       1
       0
       0
       0
       1
       1
       0
       2
       0
       0
       1
       0
       0
       0
       2
       1
       1
       3
       1
       0
       0
       1
       0
       1
       0
       0
       0
       1
       1
       0
       0
       2
       0
       0
       0
       0
       0
       0
       0
       0
       0
       2
       0
       0
       0
       0
       0
       0
       1
       0
       1
       2
       1
       1
       0
       0
       1
       1
       0
       1
       1
       3
       0
       1
       1
       0
       1
       3
       0
       2
       1
       0
       0
       0
       0
       0
       0
       0
       0
       0
       0
       0
       0
       2
       3
       1
       0
       2
       1
       0
       3
       1
       2
       2
       2
       2
       3
       1
       3
       2
       0
       2
       3
       0
       2
       2
       2
       3
       0
       0
       5
       3
       5
       2
       1
       0
       3
       0
       1
       1
       0
       1
       0
       0
       1
       2
       2
       0
       2
       1
       0
       0
       0
       1
       0
       1
       2
       1
       2
       0
       0
       0
       1
       1
       1
       0
       0
       0
       0
       0
       0
       0
       0
       1
       3
       2
       1
       3
       0
       0
       0
       0
       1
       1
       1
       0
       1
       0
       0
       0
       0
       2
       0
       0
       0
       1
       1
       0
       0
       1
       0
       1
       0
       0
       0
       0
       0
       1
       0
       1
       0
       0
       1
       2
       1
       0
       0
       0
       0
       0
       0
       0
       0
       2
       0
       0
       0
       1
       0
       1
       0
       2
       0
       0
       0
       0
       0
       0
       1
       1
       2
       0
       0
       2
       0
       1
       0
       0
       1
       0
       1
       0
       1
       1
       0
       2
       0
       0
       2
       2
       0
       0
       0
       1
       1
       1
       0
       0
       0
       2
       1
       0
       0
       1
       1
       0
       1
       0
       1
       1
       1
       3
       0
       0
       1
       0
       0
       0
       0
       0
       0
       1
       0
       0
       0
       0
       0
       0
       0
       0
       1
       0
       0
       0
       0
       1
       0
       0
       0
       1
       0
       0
       1
       1
       0
       1
       1
       0
       0
       0
       0
       1
       0
       1
       0
       1
       1
       2
       0
       1
       1
       0
       1
       0
       0
       0
       0
       0
       1
       0
       1
       0
       0
       1
       0
       0
       1
       0
       0
       0
       0
       0
       0
       0
       0
       2
       0
       0
       1
       0
       0
       0
       1
       0
       1
       0
       1
       1
       1
       2
       0
       0
       0
       0
       1
       0
       1
       0
       1
       5
       3
       1
       0
       0
       1
       1
       1
       2
       0
       3
       2
       1
       4
       2
       0
       3
       2
       4
       2
       4
       5
       4
       4
       3
       2
       4
       2
       4
       5
       3
       0
       4
       2
       1
       2
       1
       3
       2
       2
       1
       3
       0
       2
       0
       0
       1
       1
       0
       1
       2
       3
       2
       2
       1
       0
       0
       1
       0
       1
       0
       1
       0
       0
       0
       1
       1
       0
       1
       0
       0
       2
       0
       0
       0
       1
       0
       0
       0
       0
       0
       0
       1
       0
       1
       1
       0
       1
       1
       1
       0
       2
       0
       0
       0
       1
       1
       1
       0
       1
       1
       1
       1
       1
       3
       1
       1
       0
       1
       0
       0
       1
       1
       0
       2
       0
       0
       0
       1
       2
       0
       2
       1
       0
       0
       1
       1
       0
       0
       1
       0
       0
       0
       1
       0
       0
       0
       0
       1
       0
       0
       0
       0
       0
       0
       0
       1
       0
       0
       1
       0
       1
       1
       0
       0
       1
       1
       1
       0
       0
       0
       0
       1
       0
       0
       1
       0
       1
       0
       2
       1
       0
       0
       1
       1
       1
       0
       0
       0
       1
       2
       0
       0
       1
       0
       1
       1
       1
       1
       1
       0
       0
       0
       1
       1
       2
       0
       1
       0
       0
       0
       0
       0
       2
       0
       1
       0
       0
       0
       0
       0
       0
       1
       1
       0
       0
       0
       0
       0
       0
       0
       0
       0
       0
       0
       3
       0
       2
       0
       0
       0
       0
       0
       0
       0
       0
       1
       0
       0
       1
       1
       1
       0
       0
       0
       1
       1
       0
       1
       0
       0
       1
       0
       1
       1
       0
       1
       1
       0
       0
       0
       1
       0
       0
       0
       1
       0
       0
       0
       0
       0
       0
       1
       0
       2
       1
       0
       0
       0
       0
       0
       0
       0
       0
       0
       0
       0
       0
       0
       0
       0
       0
       0
       1
       0
       1
       1
       0
       1
       0
       0
       1
       0
       0
       0
       0
       0
       1
       0
       0
       1
       0
       0
       0
       1
       0
       0
       0
       1
       0
       1
       0
       0
       1
       0
       1
       0
       0
       1
       1
       1
       0
       1
       0
       1
       0
       1
       0
       0
       0
       0
       0
       0
       0
       0
       0
       1
       0
       0
       0
       0
       0
       0
       0
       0
       0
       0
       1
       0
       0
       0
       1
       0
       1
       0
       1
       0
       0
       0
       1
       1
       0
       0
       0
       0
       0
       0
       1
       0
       0
       1
       0
       0
       0
       0
       0
       1
       0
       1
       0
       0
       0
       1
       1
       1
       0
       0
       2
       0
       0
       0
       1
       1
       0
       0
       0
       0
       1
       0
       0
       2
       0
       1
       0
       1
       0
       0
       0
       0
       0
       1
       0
       0
       0
       0
       0
       0
       0
       0
       0
       0
       1
       0
       1
       0
       0
       0
       1
       1
       1
       2
       0
       0
       0
       1
       0
       0
       1
       0
       0
       0
       1
       0
       1
       0
       0
       1
       0
       2
       1
       1
       2
       0
       0
       1
       1
       1
       0
       0
       0
       0
       0
       0
       0
       0
       0
       0
       0
       0
       0
       0
       0
       0
       0
       0
       0
       0
       0
       0
       0
       0
       0
       2
       0
       0
       0
       0
       0
       0
       0
       1
       0
       0
       0
       0
       1
       0
       1
       0
       1
       0
       0
       0
       0
       1
       0
       0
       1
       2
       0
       0
       0
       0
       0
       0
       2
       1
       0
       0
       2
       1
       0
       0
       1
       1
       3
       1
       0
       1
       0
       2
       0
       1
       0
       1
       0
       2
       1
       1
       1
       0
       1
       0
       0
       0
       0
       0
       0
       0
       2
       0
       0
       0
       1
       0
       0
       0
       0
       1
       0
       0
       1
       0
       0
       0
       0
       0
       0
       0
       1
       1
       0
       0
       0
       1
       0
       0
       0
       0
       0
       0
       1
       0
       0
       0
       1
       0
       1
       0
       2
       0
       0
       1
       0
       1
       1
       0
       0
       0
       0
       0
       1
       1
       1
       0
       1
       1
       0
       0
       0
       0
       0
       0
       0
       0
       1
       1
       0
       0
       0
       0
       0
       0
       0
       0
       0
       0
       1
       0
       0
       1
       2
       1
       1
       1
       1
       0
       0
       0
       0
       0
       0
       0
       0
       0
       0
       1
       1
       1
       0
       1
       1
       0
       0
       1
       0
       0
       0
       0
       0
       0
       0
       2
       1
       1
       2
       0
       0
       1
       0
       0
       0
       0
       1
       0
       0
       0
       0
       0
       0
       1
       0
       0
       0
       0
       0
       0
       0
       1
       0
       0
       0
       1
       1
       1
       0
       0
       0
       0
       0
       0
       2
       1
       0
       1
       0
       1
       0
       0
       0
       0
       1
       0
       0
       0
       0
       0
       0
       0
       0
       0
       0
       0
       0
       0
       0
       0
       0
       3
       1
       0
       0
       0
       0
       0
       0
       1
       1
       0
       0
       0
       0
       0
       0
       1
       1
       0
       0
       0
       0
       1
       0
       1
       0
       1
       0
       1
       0
       0
       1
       1
       0
       1
       1
       0
       0
       0
       1
       0
       0
       0
       0
       0
       0
       1
       0
       0
       1
       0
       0
       2
       0
       0
       0
       0
       0
       0
       0
       2
       0
       0
       0
       0
       1
       0
       1
       0
       0
       0
       0
       0
       0
       0
       0
       0
       0
       0
       0
       0
       0
       0
       1
       0
       0
       0
       0
       0
       0
       0
       0
       0
       0
       1
       0
       0
       0
       1
       0
       0
       0
       0
       1
       0
       0
       1
       0
       0
       0
       0
       2
       1
       0
       0
       2
       0
       0
       2
       0
       0
       0
       0
       0
       0
       0
       0
       0
       1
       0
       0
       0
       0
       0
       0
       0
       0
       0
       0
       0
       0
       0
       0
       0
       0
       0
       0
       0
       1
       0
       1
       0
       0
       1
       0
       0
       1
       0
       0
       0
       0
       0
       0
       0
       0
       1
       0
       0
       1
       0
       1
       0
       0
       0
       0
       0
       0
       0
       0
       0
       1
       0
       0
       0
       0
       0
       0
       0
       0
       0
       0
       0
       0
       0
       1
       0
       0
       0
       0
       0
       0
       0
       0
       1
       1
       0
       0
       0
       0
       0
       0
       0
       0
       0
       0
       0
       0
       0
       0
       1
       0
       0
       0
       0
       0
       0
       0
       0
       0
       0
       0
       0
       0
       0
       0
       0
       1
       0
       0
       0
       0
       0
       0
       0
       0
       0
       0
       0
       0
       0
       0
       0
       0
       1
       1
       0
       0
       0
       0
       0
       0
       0
       0
       0
       1
       0
       0
       0
       0
       0
       0
       0
       0
       0
       0
       0
       0
       0
       0
       0
       0
       1
       1
       0
       0
       0
       0
       0
       0
       0
       0
       0
       0
       0
       0
       0
       0
       0
       0
       0
       0
       1
       1
       0
       0
       0
       0
       1
       0
       0
       1
       1
       0
       0
       0
       1
       0
       0
       1
       0
       0
       0
       0
       1
       0
       0
       0
       0
       0
       0
       0
       0
       0
       0
       0
       0
       0
       0
       1
       0
       1
       0
       0
       1
       0
       0
       0
       0
       0
       0
       0
       0
       0
       0
       0
       0
       1
       0
       0
       0
       1
       0
       0
       0
       0
       1
       0
       0
       0
       1
       1
       0
       0
       0
       2
       0
       0
       1
       0
       0
       0
       0
       0
       0
       0
       0
       0
       0
       0
       0
       0
       0
       0
       1
       0
       0
       0
       0
       0
       0
       0
       0
       3
       0
       0
       0
       0
       0
       0
       0
       0
       0
       0
       0
       1
       0
       1
       0
       0
       0
       0
       0
       0
       0
       0
       1
       0
       0
       0
       1
       0
       1
       0
       0
       0
       0
       1
       0
       0
       1
       0
       0
       1
       0
       0
       3
       0
       0
       0
       0
       0
       0
       0
       0
       0
       0
       1
       0
       0
       0
       0
       0
       0
       0
       0
       1
       0
       1
       0
       0
       0
       0
       0
       0
       0
       0
       0
       0
       0
       0
       0
       1
       0
       1
       0
       0
       0
       1
       0
       0
       0
       0
       1
       0
       0
       0
       0
       0
       0
       0
       1
       1
       0
       1
       0
       1
       0
       1
       0
       0
       0
       0
       0
       0
       0
       1
       1
       0
       0
       0
       0
       0
       1
       0
       0
       0
       0
       1
       0
       0
       0
       0
       0
       0
       0
       0
       0
       0
       0
       0
       0
       0
       0
       1
       0
       0
       0
       0
       0
       0
       0
       0
       0
       0
       0
       0
       0
       0
       0
       0
       0
       0
       0
       1
       0
       0
       0
       0
       0
       0
       0
       0
       1
       0
       0
       0
       0
       0
       0
       0
       0
       0
       1
       0
       0
       1
       0
       2
       0
       0
       0
       0
       0
       0
       0
       0
       0
       2
       0
       0
       1
       0
       1
       0
       0
       0
       1
       0
       0
       0
       0
       0
       0
       1
       1
       0
       1
       0
       0
       0
       0
       0
       1
       0
       0
       0
       0
       1
       0
       0
       0
       1
       0
       1
       0
       0
       0
       0
       0
       0
       0
       1
       0
       0
       0
       0
       0
       1
       0
       0
       0
       0
       0
       1
       0
       0
       0
       0
       0
       0
       0
       0
       1
       0
       0
       0
       0
       0
       0
       0
       0
       0
       0
       0
       1
       0
       0
       0
       1
       0
       0
       0
       0
       0
       0
       0
       0
       0
       0
       1
       0
       0
       0
       0
       0
       0
       0
       0
       0
       0
       0
       0
       0
       0
       0
       0
       0
       0
       0
       0
       0
       0
       1
       0
       0
       0
       0
       0
       0
       0
       0
       0
       1
       0
       0
       0
       0
       0
       0
       0
       0
       1
       0
       2
       0
       0
       0
       0
       0
       0
       0
       0
       0
       0
       0
       0
       0
       0
       0
       0
       0
       0
       0
       0
       0
       0
       1
       0
       0
       0
       0
       0
       0
       0
       0
       0
       0
       0
       0
       0
       0
       0
       0
       1
       0
       1
       0
       0
       0
       2
       0
       0
       0
       0
       0
       0
       0
       0
       0
       0
       0
       1
       0
       0
       0
       0
       1
       1
       0
       0
       0
       0
       0
       0
       0
       0
       0
       0
       0
       0
       0
       0
       0
       0
       0
       0
       0
       0
       0
       0
       0
       0
       0
       0
       0
       0
       0
       0
       0
       0
       0
       0
       0
       0
       1
       0
       0
       0
       0
       1
       0
       1
       0
       0
       0
       0
       1
       0
       0
       0
       0
       0
       1
       0
       0
       0
       0
       0
       0
       0
       0
       0
       0
       1
       0
       0
       0
       0
       0
       0
       0
       0
       0
       0
       0
       0
       0
       0
       0
       0
       0
       0
       0
       0
       1
       0
       0
       0
       0
       0
       0
       0
       0
       1
       0
       0
       0
       0
       0
       0
       0
       0
       0
       0
       0
       1
       1
       0
       0
       0
       0
       0
       0
       0
       0
       0
       0
       0
       0
       0
       0
       0
       0
       1
       0
       0
       0
       0
       0
       0
       0
       0
       0
       0
       1
       0
       0
       0
       0
       0
       0
       0
       0
       0
       0
       0
       0
       0
       0
       0
       0
       0
       0
       0
       0
       0
       0
       1
       0
       0
       0
       0
       0
       0
       1
       0
       0
       0
       0
       0
       0
       0
       0
       0
       0
       0
       0
       0
       0
       0
       0
       0
       0
       0
       0
       0
       0
       0
       0
       0
       0
       0
       0
       0
       0
       0
       0
       0
       0
       0
       0
       0
       0
       0
       0
       0
       0
       0
       0
       0
       0
       1
       0
       0
       0
       0
       0
       0
       0
       0
       0
       0
       0
       0
       0
       1
       0
       0
       0
       0
       0
       0
       0
       0
       0
       0
       0
       0
       0
       0
       0
       0
       0
       0
       0
       0
       0
       0
       1
       0
       0
       0
       0
       0
       0
       0
       0
       0
       0
       0
       0
       0
       0
       0
       0
       0
       0
       0
       0
       0
       0
       0
       0
       0
       0
       0
       0
       1
       0
       0
       0
       0
       0
       0
       0
       1
       0
       0
       0
       0
       0
       0
       0
       0
       0
       0
       0
       0
       0
       0
       0
       0
       0
       0
       1
       0
       0
       0
       0
       0
       0
       0
       0
       0
       0
       1
       0
       0
       0
       0
       1
       0
       1
       0
       0
       0
       0
       0
       0
       0
       0
       0
       0
       0
       0
       0
       0
       0
       0
       0
       0
       0
       0
       0
       0
       0
       0
       0
       0
       0
       0
       0
       0
       0
       0
       0
       0
       1
       0
       0
       0
       0
       0
       0
       0
       0
       0
       0
       0
       0
       0
       0
       0
       0
       0
       0
       0
       0
       0
       0
       0
       0
       0
       0
       0
       0
       0
       0
       0
       0
       0
       0
       0
       0
       0
       0
       0
       0
       0
       0
       0
       0
       0
       0
       0
       0
       0
       0
       0
       0
       0
       0
       0
       0
       0
       0
       0
       0
       0
       0
       0
       0
       0
       0
       0
       0
       0
       0
       0
       0
       0
       0
       0
       0
       0
       0
       0
       0
       0
       0
       0
       0
       0
       0
       0
       0
       0
       0
       0
       0
       0
       0
       0
       0
       0
       0
       0
       0
       0
       0
       1
       0
       0
       0
       0
       0
       0
       0
       0
       0
       1
       0
       0
       0
       0
       0
       0
       0
       0
       0
       0
       0
       0
       0
       0
       0
       0
       0
       0
       0
       0
       0
       0
       0
       0
       0
       0
       0
       0
       0
       0
       0
       0
       0
       0
       0
       0
       0
       0
       0
       0
       0
       0
       0
       0
       0
       0
       0
       0
       0
       1
       0
       0
       0
       0
       0
       0
       0
       0
       0
       0
       1
       0
       0
       0
       0
       0
       0
       0
       0
       0
       0
       0
       1
       0
       0
       0
       0
       0
       0
       0
       0
       1
       0
       0
       1
       0
       0
       0
       0
       0
       0
       0
       0
       0
       0
       0
       0
       0
       0
       0
       0
       0
       0
       0
       0
       0
       0
       0
       0
       0
       0
       0
       0
       0
       0
       0
       0
       0
       0
       0
       0
       1
       0
       0
       0
       0
       0
       0
       2
       0
       1
       0
       0
       0
       0
       0
       0
       1
       0
       0
       0
       0
       0
       0
       0
       0
       0
       0
       0
       0
       0
       0
       0
       0
       0
       0
       0
       0
       0
       0
       0
       0
       1
       0
       0
       0
       1
       0
       0
       0
       0
       0
       0
       0
       0
       0
       0
       0
       0
       0
       0
       0
       0
       0
       0
       0
       1
       0
       0
       0
       0
       0
       0
       0
       0
       0
       0
       0
       0
       0
       0
       0
       0
       0
       0
       0
       0
       0
       0
       1
       0
       0
       0
       0
       0
       0
       0
       0
       0
       0
       0
       0
       0
       0
       0
       0
       0
       0
       0
       0
       0
       0
       0
       0
       0
       0
       0
       0
       0
       0
       0
       0
       0
       0
       1
       0
       0
       0
       0
       0
       0
       0
       0
       0
       0
       0
       0
       0
       0
       0
       0
       0
       0
       0
       0
       0
       0
       0
       0
       0
       0
       0
       0
       0
       1
       0
       0
       0
       1
       0
       0
       0
       0
       1
       0
       0
       1
       0
       1
       0
       0
       1
       1
       0
       0
       1
       0
       0
       0
       0
       1
       0
       0
       1
       0
       0
       0
       0
       0
       0
       0
       0
       1
       0
       0
       0
       0
       0
       0
       2
       0
       0
       1
       0
       1
       0
       0
       0
       1
       0
       0
       0
       0
       0
       0
       0
       0
       0
       0
       0
       0
       0
       0
       0
       0
       0
       0
       0
       0
       0
       0
       0
       1
       0
       0
       0
       0
       0
       0
       0
       0
       0
       0
       0
       0
       0
       1
       0
       0
       0
       0
       0
       0
       0
       0
       0
       0
       0
       0
       0
       0
       0
       0
       0
       0
       0
       0
       0
       0
       0
       0
       0
       0
       0
       0
       0
       0
       0
       0
       0
       0
       0
       0
       0
       0
       0
       0
       0
       0
       0
       0
       0
       0
       0
       0
       0
       0
       0
       0
       0
       0
       0
       2
       0
       0
       1
       0
       0
       0
       0
       0
       0
       0
       0
       0
       0
       0
       0
       0
       0
       0
       0
       0
       0
       0
       0
       0
       0
       0
       0
       0
       0
       0
       0
       0
       0
       0
       0
       0
       0
       0
       0
       1
       0
       0
       0
       0
       0
       0
       0
       0
       0
       0
       0
       0
       0
       0
       0
       0
       0
       0
       0
       0
       0
       0
       0
       0
       0
       0
       0
       0
       0
       0
       0
       0
       0
       0
       0
       0
       0
       0
       0
       0
       0
       0
       0
       0
       0
       0
       0
       0
       0
       0
       0
       0
       1
       0
       0
       0
       0
       0
       0
       0
       0
       0
       0
       0
       1
       0
       0
       0
       0
       0
       0
       0
       0
       0
       0
       0
       0
       0
       0
       0
       0
       0
       0
       1
       0
       0
       0
       0
       0
       0
       0
       0
       0
       0
       0
       0
       0
       0
       1
       0
       0
       0
       0
       0
       0
       0
       0
       0
       0
       0
       0
       0
       0
       0
       0
       0
       0
       0
       0
       0
       0
       0
       0
       0
       0
       0
       0
       0
       0
       0
       0
       0
       0
       0
       0
       0
       0
       0
       0
       0
       0
       0
       0
       0
       0
       0
       0
       0
       1
       0
       0
       0
       0
       0
       0
       0
       0
       0
       0
       0
       0
       0
       0
       0
       0
       0
       0
       0
       0
       0
       0
       0
       0
       0
       0
       0
       0
       0
       0
       0
       0
       0
       0
       0
       0
       0
       0
       0
       0
       0
       0
       0
       0
       0
       0
       0
       0
       1
       0
       0
       0
       0
       0
       0
       0
       0
       0
$ENER_FIT:
0.000000 0.075000
$PRESETS:
Live Time (sec)
600
0
$RT:
625.180000
$DT:
25179
$ISO_DECL_PU:
SMPLNAM: IDB-769
SEPDATE: 01/01/1900 00:00:00
PU238: 1.2556 
DPU238: 0.6133
PU239: 62.1193 
DPU239: 0.0121
PU240: 25.6496 
DPU240: 0.0265
PU241: 6.506 
DPU241: 0.0907
PU242: 4.4696 
DPU242: 0.0828
AM241: 3.5363 
DAM241: 1.5016
DATE: 01/01/1900 00:00:00
PU240EFF: 36.3226
DPU240EFF: 0.0592
$ADC:
8192
0
8191