$APPLICATION_ID:
IDB v.1.0
$SPEC_REM:
Material type: Pu
Material form: Pellet
Material compound: PuO2
Pu isotopics:
238Pu 0.042
239Pu 85.103
240Pu 14.155
241Pu 0.467
242Pu 0.232
241Am 1.131
Detector: CdTe (Geometry: Unknown, Size: Unknown)
MCA: Radiant 2000
$DATE_MEA:
08/11/2003 19:44:00
$MEAS_TIM:
600 617
$DATA:
0 8191
       0
       0
       0
       0
       0
       0
       0
       0
       0
       0
       0
       0
       0
       0
       0
       0
       0
       0
       0
       0
       0
       0
       0
       0
       0
       0
       0
       0
       0
       0
       0
       0
       0
       0
       0
       0
       0
       4
     173
    1597
    6010
   10496
   13370
   14944
   15903
   16672
   16830
   16500
   15871
   14477
   13437
   11742
   10242
    8538
    6967
    5683
    4469
    3452
    2550
    1915
    1433
    1033
     700
     549
     408
     341
     270
     242
     212
     202
     169
     161
     174
     155
     129
     147
     153
     143
     130
     137
     111
     112
     103
     101
      93
      97
      80
      91
      94
      81
      83
      75
      66
      63
      48
      58
      59
      37
      48
      44
      49
      42
      37
      51
      37
      34
      37
      37
      33
      42
      30
      41
      33
      27
      26
      29
      37
      30
      26
      27
      28
      31
      29
      29
      25
      28
      31
      26
      17
      32
      18
      30
      18
      29
      27
      29
      28
      23
      29
      35
      24
      24
      29
      22
      20
      30
      10
      27
      32
      19
      28
      24
      36
      23
      23
      24
      23
      26
      24
      22
      15
      18
      24
      23
      18
      28
      23
      28
      14
      20
      26
      20
      24
      20
      18
      22
      18
      26
      19
      26
      20
      22
      24
      25
      23
      23
      16
      21
      25
      22
      22
      25
      20
      22
      17
      19
      15
      16
      14
      17
      15
      16
      20
      21
      22
      17
      20
      15
      18
      23
      12
      22
      20
      19
      14
      16
      12
      21
      22
      18
      20
      15
      20
      20
      22
      19
      24
      22
      20
      18
      24
      18
      19
      19
      15
      25
      17
      18
      18
      18
      23
      23
      17
      26
      23
      19
      14
      20
      18
      17
      23
      29
      22
      14
      25
      27
      27
      22
      20
      33
      17
      21
      29
      13
      20
      20
      30
      16
      28
      25
      20
      25
      21
      17
      20
      14
      25
      21
      24
      20
      17
      27
      21
      13
      31
      17
      17
      20
      25
      25
      25
      29
      28
      28
      29
      23
      38
      48
      39
      50
      52
      71
      73
      77
      96
     117
     111
     161
     145
     151
     173
     156
     165
     174
     134
     124
     116
     115
     108
      81
     101
      84
      60
      51
      38
      40
      29
      35
      28
      25
      23
      21
      26
      25
      24
      24
      27
      38
      34
      29
      41
      33
      46
      44
      44
      52
      66
      71
      66
      81
      77
      83
      66
      69
      50
      52
      61
      58
      52
      46
      49
      55
      37
      35
      26
      37
      21
      31
      23
      35
      27
      16
      19
      20
      20
      33
      34
      16
      20
      25
      22
      28
      24
      15
      28
      15
      25
      22
      19
      21
      17
      23
      24
      14
      19
      14
      15
      23
      17
      20
      18
      14
      21
      13
      19
      16
      18
      20
      18
      20
      23
      16
      19
      11
      17
      21
      13
      18
      24
      25
      27
      25
      19
      22
      15
      24
      19
      19
      29
      19
      32
      23
      22
      30
      27
      18
      24
      19
      24
      19
      22
      21
      27
      22
      20
      24
      17
      20
      28
      19
      31
      11
      14
      13
      16
      19
      20
      16
      19
      18
      18
      11
      17
      15
      20
      16
      19
      18
       9
      20
      17
      20
      15
      16
      17
      18
      18
      19
      31
      27
      27
      30
      26
      32
      28
      30
      31
      40
      25
      37
      28
      20
      24
      27
      23
      20
      23
      18
      13
      16
      19
      21
      11
      19
      10
      16
      13
      14
      10
      12
       5
       6
       9
      21
      11
      12
      13
      14
      13
      14
      12
      14
       8
      14
      15
      12
       5
       9
      14
       8
       6
      18
      12
      13
      18
      17
      12
      11
      16
       7
      11
      19
       7
      16
      13
      17
      15
      11
      11
      12
       9
       7
      15
      11
      10
      15
      15
      15
      15
      13
       7
       8
      12
      16
      15
      17
      15
      13
      10
      23
      17
      15
      10
      15
      16
      12
      12
      11
      10
      13
      19
      17
      14
      14
      15
       8
      16
      20
       7
      12
       9
      12
      13
      17
      24
       8
      12
      12
      12
       9
      22
      19
      11
      13
      18
      13
      13
       7
      13
      10
      23
      12
      10
      15
      11
      22
      22
      12
      12
      14
      13
      14
      12
      15
      22
      10
       9
      23
      28
      19
      22
      19
      21
      28
      21
      20
      30
      26
      33
      29
      22
      36
      25
      26
      35
      35
      18
      28
      35
      28
      32
      35
      30
      29
      22
      19
      21
      30
      26
      23
      30
      24
      29
      26
      16
      30
      22
      19
      21
      26
      22
      12
      20
      13
      17
      13
      24
      23
      23
      14
      17
      17
      29
      13
      14
      10
      17
      14
      14
      14
      15
      18
      14
      16
      10
      19
      18
      10
      10
      16
      11
      12
      18
      12
      18
      15
      11
      18
       8
      20
      15
      18
      11
      11
      13
      17
      10
      11
      13
      15
      26
      18
      20
      13
      16
      23
      13
      15
      21
      19
      20
      11
      14
       8
      19
      17
      15
      15
      14
      22
      21
      16
       8
      17
      16
      17
      23
      16
      14
      15
      15
      21
      30
      24
      21
      25
      24
      20
      24
      31
      19
      31
      25
      17
      25
      18
      26
      25
      33
      38
      35
      31
      36
      51
      37
      60
      64
      74
      93
      99
     142
     162
     192
     214
     219
     297
     280
     310
     315
     351
     346
     351
     311
     319
     317
     292
     248
     232
     176
     158
     130
     101
      89
      90
      63
      46
      41
      32
      25
      31
      12
      14
      16
      18
      10
      16
       8
      11
      13
      15
      23
      13
      15
      13
      11
      13
      21
      18
       8
      11
      22
      16
      17
      16
      15
      12
      12
      12
      10
      11
      11
      15
      13
      11
      11
       9
      11
      13
      14
      11
      10
      10
      17
      16
      14
      11
      13
      15
      21
      23
      18
       8
      16
      14
      10
      16
      19
      23
      17
      11
      16
      20
      14
      13
      12
      17
      15
      15
      19
      10
      13
      20
      17
      21
      19
      13
      15
      17
      21
      19
      25
      12
      23
      22
      19
      23
      19
      13
      25
      22
      21
      20
      22
      15
      22
      23
      22
      14
       7
      21
      22
      20
      23
      15
      19
      16
      16
      19
      26
      19
      20
      16
      11
      21
      22
      18
      18
      20
      30
      16
      32
      23
      22
      27
      32
      26
      26
      26
      25
      24
      26
      24
      39
      28
      31
      25
      31
      25
      24
      29
      28
      30
      30
      35
      41
      36
      35
      35
      33
      24
      32
      32
      32
      38
      32
      42
      32
      32
      41
      27
      31
      33
      34
      34
      35
      36
      31
      42
      43
      39
      33
      42
      38
      36
      42
      39
      45
      55
      43
      36
      41
      55
      47
      53
      44
      47
      45
      50
      41
      58
      50
      51
      48
      54
      43
      50
      60
      56
      41
      60
      55
      51
      50
      63
      46
      58
      58
      56
      55
      55
      58
      53
      49
      49
      52
      45
      41
      36
      41
      44
      42
      37
      35
      41
      25
      39
      38
      24
      29
      37
      22
      23
      22
      25
      35
      30
      30
      39
      23
      38
      27
      21
      24
      35
      33
      33
      35
      36
      29
      43
      37
      32
      50
      38
      39
      37
      44
      32
      39
      32
      35
      30
      36
      38
      29
      33
      40
      26
      29
      25
      37
      22
      37
      21
      30
      28
      26
      27
      19
      39
      27
      26
      24
      20
      30
      32
      26
      27
      31
      25
      32
      27
      32
      19
      27
      45
      38
      31
      30
      34
      23
      32
      22
      32
      40
      24
      35
      21
      33
      36
      36
      25
      24
      32
      37
      34
      24
      32
      39
      34
      22
      35
      35
      31
      27
      39
      25
      30
      34
      27
      33
      29
      31
      32
      41
      29
      26
      32
      26
      35
      40
      41
      44
      59
      43
      33
      46
      37
      48
      40
      35
      50
      47
      33
      42
      35
      39
      40
      52
      41
      29
      36
      37
      38
      35
      38
      35
      42
      37
      38
      42
      32
      32
      34
      47
      35
      38
      28
      32
      34
      46
      36
      25
      40
      39
      33
      40
      46
      38
      46
      44
      35
      38
      35
      34
      34
      46
      38
      41
      38
      54
      37
      41
      51
      40
      40
      45
      44
      30
      33
      42
      46
      36
      49
      48
      43
      40
      41
      42
      46
      52
      43
      52
      41
      52
      54
      58
      60
      69
      54
      67
      75
      53
      86
      89
      70
      84
     109
     105
     122
     132
     110
     124
     116
     116
     129
     126
     110
     118
     124
     112
     120
      85
      92
      82
      76
      64
      88
      59
      68
      63
      78
      76
      67
      78
      95
      92
      88
     105
     103
     114
     121
     128
     127
     112
     133
     133
     159
     134
     150
     168
     204
     184
     183
     204
     190
     211
     259
     256
     319
     306
     350
     335
     430
     381
     377
     451
     441
     434
     477
     464
     436
     423
     397
     407
     364
     307
     297
     293
     258
     253
     241
     225
     203
     170
     160
     178
     156
     135
     142
     148
     143
     159
     164
     167
     160
     154
     166
     166
     172
     158
     176
     160
     143
     151
     146
     122
     132
     105
     161
     141
     163
     192
     186
     204
     207
     241
     234
     276
     306
     316
     339
     366
     425
     391
     413
     388
     398
     356
     372
     386
     370
     337
     346
     329
     286
     277
     256
     265
     243
     232
     222
     187
     183
     157
     141
     142
     134
     107
      98
      77
      68
      63
      49
      48
      41
      32
      45
      19
      26
      34
      31
      25
      29
      34
      25
      20
      21
      28
      26
      18
      27
      23
      20
      25
      21
      24
      22
      22
      18
      17
      19
      18
      14
      20
      19
      18
      23
      23
      11
      29
      14
      28
      21
      18
      23
      21
      25
      19
      16
      25
      19
      34
      19
      27
      25
      20
      25
      14
      22
      32
      40
      41
      42
      45
      38
      38
      52
      68
      66
      56
      76
      69
      60
      77
      76
      77
     105
     107
     108
      98
     126
     103
     106
     112
      80
     108
      87
      86
      83
      78
      78
      62
      55
      58
      61
      49
      41
      43
      50
      32
      50
      48
      38
      47
      40
      42
      58
      56
      52
      53
      70
      68
      58
      79
      63
      70
      73
     101
      90
     102
      95
     118
      92
     127
     103
     107
      98
      80
      94
      85
      93
      83
      68
      76
      76
      81
      93
      74
      64
      87
      79
      58
      83
      56
      75
      78
      76
      80
      75
      76
      85
      67
      79
      83
      72
      83
      89
      74
      86
      79
      72
     108
      90
      73
      85
      92
      70
      87
      66
      67
      71
      55
      60
      36
      46
      52
      53
      34
      30
      29
      36
      26
      24
      31
      25
      26
      21
      25
      22
      27
      20
      21
      18
      25
      28
      17
      16
      15
      26
      19
      30
      32
      34
      22
      34
      35
      32
      36
      37
      33
      24
      25
      39
      27
      21
      35
      39
      17
      22
      18
      22
      34
      27
      29
      18
      22
      19
      20
      14
      20
      22
      21
      21
      15
      18
      18
      23
      20
      19
      12
      20
      19
      22
      19
      25
      15
      30
      21
      23
      13
      17
      17
      23
      25
      27
      27
      18
      23
      17
      33
      32
      33
      39
      38
      37
      34
      40
      38
      50
      42
      49
      56
      42
      37
      43
      43
      37
      35
      27
      33
      34
      27
      25
      27
      23
      21
       9
      18
      16
      16
       9
      16
      14
      13
      12
       5
      14
      13
      19
      11
      12
      20
      19
      16
      16
      18
      23
      24
      32
      37
      35
      32
      46
      44
      44
      52
      69
      73
      64
      83
      87
      85
     103
     100
     112
      80
      91
      79
      85
      68
      61
      64
      48
      48
      55
      41
      40
      27
      23
      38
      23
      19
      23
      10
      15
       7
      17
      11
      12
      10
       4
       5
       7
      10
      10
       7
       8
       5
       5
      14
      10
       5
       3
       6
       8
      12
       9
       2
       7
       9
       5
      12
       6
       7
       7
       9
       3
       5
       5
       7
       5
       4
       6
      11
       4
       5
       7
       2
       8
       8
       5
       5
       5
      11
       4
       9
      12
       3
       7
       5
       4
       4
       4
       6
      10
       9
       8
       4
      11
       8
       7
       6
       8
       8
       7
       5
       9
       3
       7
       9
      12
       6
       6
      10
      10
      13
       3
       4
       4
       6
       7
      12
       5
       5
       6
       9
       6
       9
      11
       5
       3
      11
      12
       2
       5
      11
       8
       7
       9
       4
       3
      10
       8
       4
       9
      11
       9
      11
       6
      10
       9
       6
       3
       5
       7
      12
      10
       7
       6
       8
       8
      11
       3
       5
       6
       8
       5
       9
       3
       7
       9
       2
       3
       5
       4
       5
      10
       6
      10
       7
       6
      11
       9
      11
       5
      13
       9
       8
       6
       9
       8
      10
      10
       5
       6
      10
       7
       9
      10
       7
       9
      10
       9
      14
      14
      11
       5
      11
      12
       7
      14
      14
      13
       6
       6
      11
      12
      10
      14
      17
      14
      11
      12
       8
      12
      12
      10
       9
      11
       7
      12
      11
      13
      12
       7
       7
       7
      13
      15
       8
      14
      16
      11
      14
      10
       8
      16
       9
      14
      15
      10
      16
      17
       7
      17
      12
      11
      16
      17
      19
      13
      24
      19
      16
      29
      25
      26
      24
      37
      40
      29
      28
      36
      32
      40
      31
      35
      29
      22
      28
      25
      23
      17
      16
      15
      16
      14
      13
      18
      14
      10
       9
      15
      16
      12
       8
       9
       9
       8
      11
       6
      12
       6
       6
       9
      12
       8
       9
       9
       5
       7
       7
       8
       9
       4
       3
      11
      14
      10
      11
       5
       8
       7
       6
       8
      12
       2
       6
       8
      15
       5
       7
       4
       7
      11
       6
       7
       8
       9
       8
       8
       8
      11
       6
       5
       9
       5
       3
      11
       4
       3
      15
       3
       8
       7
       6
       3
       6
       4
       7
       5
      10
       8
       4
       2
       3
      10
       4
       2
       8
       7
       4
       6
       6
       4
       4
       9
       6
       9
       4
       7
       3
       4
       5
       3
       4
       0
       3
       5
       9
       9
       5
       4
      13
       3
       6
       6
       4
       7
      13
      10
       2
      11
       9
      10
       6
       1
       2
      11
       9
       6
       7
       6
       8
       9
      10
      11
      11
      13
      12
      10
      10
      12
      15
       7
      16
      10
      10
      12
      12
      15
      11
       7
      11
      10
      11
       9
      12
      13
      14
       9
      16
       5
       9
      11
       8
      11
       6
       6
      14
       9
       5
       6
      13
       9
       7
       6
       4
       8
       8
       9
       4
      10
       5
       4
       3
       7
      10
       8
      12
       3
       8
      11
       7
       8
      11
       3
      14
      11
      10
      12
      12
      13
      11
      11
      15
       6
      13
      18
      15
      16
      11
      23
       9
      10
      10
       8
      14
       5
      18
       8
       5
       8
      12
       8
       8
       8
       7
       4
       7
       6
       3
       3
       8
       7
       5
       4
       4
       4
       6
       7
       7
       4
      10
      10
       5
       9
       4
       6
       3
       6
       6
       3
       6
       5
       7
       6
       5
       9
       4
      10
       5
       7
       9
       5
       8
       7
      11
       9
       9
       6
       8
       9
       3
       9
       6
      14
      10
       7
       7
       5
       9
       1
       9
       6
       9
       5
       6
       8
       4
       6
       5
      11
       2
      10
       3
       6
       9
       7
       7
      11
       3
       1
       6
       9
      11
       6
       9
       8
      10
       6
       2
       8
       4
       9
       7
       5
       9
      11
       6
       4
       2
       6
       7
       6
       4
       7
       7
       4
      10
       6
       7
       5
       5
       4
       8
      10
       4
       9
       9
       5
       9
       4
       6
       2
       7
       5
       5
       7
       1
       4
       8
       3
       7
       2
       4
       6
       9
       9
       5
       4
       7
       7
       3
       4
       9
       5
       9
       2
       6
       4
       2
       3
       5
       4
       6
       1
       7
       6
       8
       6
       6
      10
       5
       5
       7
       3
       0
      10
       5
       3
       2
       1
       3
       6
       2
       3
       2
       3
       8
       6
       4
      13
       4
       4
       2
       9
       8
       6
      11
       2
       8
       6
       6
       8
       4
       3
       5
       5
      10
       5
       7
       4
       8
      10
       8
       5
       9
      10
       8
       6
       8
       7
       2
      11
       3
       6
       5
       5
       2
       0
       9
       4
       3
       4
      10
       4
       6
       7
      10
       4
       4
       9
       7
       6
       3
       1
       4
       2
       7
       6
       5
       7
       3
      11
       5
       6
       4
       6
       3
       7
       6
       5
       4
       4
      13
       5
       2
       8
       4
       9
       5
       5
      12
       9
       5
      12
       7
       7
       4
      11
       3
       3
       9
       9
       7
       5
       7
       9
       6
       8
       6
       7
       8
       5
       5
       2
       8
       4
       5
       5
       6
       4
       5
       7
       5
       4
       5
       5
       3
       4
       4
       7
       5
       6
       6
       7
       8
       5
       5
       8
       3
       6
       6
       5
       5
       3
       5
       6
       9
       4
       1
       7
       6
       5
       5
      10
       6
       6
       8
       6
       9
       6
       5
       4
       9
       5
       7
       4
       4
       5
       3
       3
       4
       5
       6
       7
       6
       2
       2
       2
       4
       5
       8
       2
       2
       5
       5
       2
       5
       5
       4
       2
       6
       7
       7
       5
       4
       2
       4
       4
       3
       2
       3
       3
       2
       2
       3
       3
       4
       2
       2
       1
       6
       7
       3
       5
       3
       4
       4
       5
       4
       8
       3
       6
       4
       0
       4
       4
       3
       4
       6
      10
       5
       6
       8
       5
       7
       4
       1
       5
       3
       2
       6
       7
       6
       5
       8
       5
       6
       4
       6
       4
       2
       4
       6
       6
       0
       7
       4
       4
       5
       3
       4
       3
       4
       3
       1
       5
       8
       3
       2
       5
       3
       7
       2
       3
       5
       5
       3
       1
       8
       5
       7
       3
       2
       4
       6
       1
       4
       3
       4
       4
       3
       8
       2
       4
       1
       6
       3
       6
       1
       3
       2
       4
       3
       9
       6
       2
       4
       3
       6
       6
       9
       4
       4
       3
       0
       3
       3
       6
       4
       5
       4
       5
       2
       7
       6
       8
       5
       5
       8
       9
       8
      11
       8
       9
       9
      14
      15
      14
       9
      16
      11
      14
      16
       7
      12
      14
      12
      11
       6
      11
       7
      12
      10
      11
      14
      12
      10
       9
      13
      11
       6
       7
      10
       4
       9
       6
       8
      10
       6
      12
      16
      10
      13
      16
       8
      11
      12
      17
      18
      12
      18
      14
      18
      23
      27
      43
      45
      37
      36
      48
      64
      70
      69
      69
      90
      75
      73
      68
      89
      98
      66
      85
      78
      65
      73
      56
      75
      40
      60
      60
      55
      53
      34
      40
      32
      40
      18
      22
      21
      19
      18
      22
      15
      13
      15
       6
       5
      11
       6
       1
       5
       2
       6
       1
       7
       5
       2
       4
       2
       1
       2
       2
       4
       3
       1
       1
       3
       0
       2
       3
       0
       4
       0
       0
       2
       3
       1
       1
       1
       0
       1
       2
       1
       1
       3
       1
       2
       1
       2
       3
       2
       1
       1
       2
       2
       0
       1
       1
       3
       1
       0
       3
       3
       2
       0
       0
       0
       0
       1
       3
       0
       2
       0
       1
       2
       1
       2
       1
       3
       7
       2
       3
       1
       0
       3
       0
       1
       4
       1
       1
       0
       1
       1
       1
       4
       1
       0
       2
       0
       2
       2
       0
       1
       2
       1
       2
       2
       3
       3
       0
       0
       0
       3
       1
       0
       0
       0
       1
       5
       0
       2
       0
       2
       3
       2
       1
       2
       3
       2
       0
       1
       4
       0
       1
       0
       0
       0
       1
       0
       2
       1
       1
       0
       1
       1
       2
       2
       3
       3
       3
       4
       2
       1
       3
       2
       3
       0
       0
       3
       1
       1
       3
       1
       3
       1
       3
       0
       2
       2
       3
       3
       1
       3
       2
       2
       3
       1
       0
       2
       1
       4
       1
       0
       1
       0
       1
       3
       2
       3
       2
       1
       1
       1
       0
       3
       1
       0
       1
       1
       1
       2
       2
       1
       2
       4
       3
       2
       0
       0
       2
       4
       1
       4
       3
       2
       2
       1
       0
       1
       3
       2
       4
       2
       2
       1
       2
       1
       0
       1
       1
       1
       2
       0
       1
       1
       3
       0
       0
       3
       1
       2
       2
       3
       0
       1
       0
       2
       1
       0
       0
       0
       1
       5
       3
       1
       0
       1
       1
       0
       2
       2
       2
       2
       0
       0
       0
       0
       0
       0
       4
       0
       1
       3
       1
       0
       0
       4
       1
       1
       1
       0
       0
       3
       0
       2
       2
       2
       1
       1
       3
       1
       1
       1
       2
       1
       0
       3
       1
       2
       0
       0
       1
       2
       0
       3
       0
       2
       1
       3
       1
       0
       1
       3
       4
       1
       0
       2
       4
       0
       2
       4
       2
       0
       2
       1
       1
       4
       1
       2
       0
       0
       2
       1
       0
       1
       2
       1
       0
       4
       2
       0
       4
       1
       0
       1
       0
       3
       4
       5
       0
       2
       1
       1
       1
       4
       0
       0
       0
       1
       1
       2
       0
       1
       1
       0
       1
       1
       1
       2
       0
       3
       5
       1
       2
       1
       0
       3
       4
       0
       2
       2
       1
       3
       0
       2
       5
       0
       1
       3
       0
       0
       0
       0
       1
       0
       0
       1
       2
       2
       1
       1
       2
       0
       0
       1
       1
       0
       1
       2
       3
       2
       0
       0
       3
       0
       2
       0
       1
       3
       0
       2
       4
       0
       3
       1
       1
       1
       0
       0
       1
       0
       1
       3
       2
       3
       2
       3
       0
       2
       1
       0
       3
       0
       1
       1
       0
       1
       1
       1
       1
       1
       1
       1
       1
       3
       1
       4
       1
       1
       2
       2
       1
       1
       0
       1
       0
       0
       2
       1
       2
       1
       4
       1
       1
       0
       1
       1
       0
       2
       0
       1
       1
       0
       0
       0
       0
       0
       1
       3
       1
       0
       1
       1
       1
       2
       0
       2
       1
       2
       1
       1
       1
       1
       0
       0
       1
       4
       0
       2
       0
       1
       2
       1
       0
       0
       0
       0
       0
       0
       1
       0
       2
       0
       0
       1
       1
       0
       1
       0
       1
       2
       0
       1
       2
       2
       0
       1
       0
       0
       1
       0
       3
       0
       3
       1
       0
       1
       1
       3
       1
       0
       0
       3
       1
       1
       2
       3
       0
       2
       1
       2
       0
       1
       0
       1
       0
       0
       3
       2
       2
       0
       0
       2
       1
       3
       0
       0
       2
       0
       1
       2
       1
       0
       0
       0
       1
       1
       0
       1
       1
       0
       0
       3
       4
       2
       1
       2
       0
       1
       1
       1
       1
       2
       0
       1
       0
       2
       2
       2
       2
       1
       0
       2
       0
       0
       1
       2
       1
       2
       1
       1
       2
       2
       0
       6
       0
       2
       2
       4
       4
       2
       1
       0
       0
       2
       0
       0
       1
       2
       0
       0
       2
       0
       0
       0
       0
       2
       0
       1
       2
       1
       0
       0
       0
       3
       1
       0
       1
       1
       0
       0
       0
       2
       1
       0
       2
       1
       2
       0
       2
       0
       0
       0
       1
       2
       3
       1
       0
       0
       0
       3
       0
       0
       0
       0
       1
       0
       0
       0
       0
       2
       0
       1
       0
       1
       0
       1
       1
       0
       0
       0
       1
       1
       1
       1
       0
       1
       0
       1
       0
       0
       0
       0
       0
       0
       0
       0
       2
       0
       0
       0
       2
       2
       1
       3
       2
       0
       2
       0
       1
       0
       1
       0
       0
       3
       2
       0
       2
       0
       0
       1
       4
       1
       0
       0
       1
       2
       1
       3
       0
       0
       2
       0
       1
       1
       1
       2
       1
       1
       2
       0
       1
       2
       0
       0
       0
       2
       0
       0
       4
       2
       0
       1
       1
       2
       0
       1
       0
       5
       3
       7
       1
       1
       3
       3
       2
       1
       3
       2
       4
       4
       1
       0
       1
       1
       3
       2
       0
       0
       4
       1
       1
       1
       1
       0
       0
       1
       2
       0
       1
       0
       1
       0
       0
       0
       1
       0
       1
       1
       0
       1
       0
       0
       0
       0
       0
       0
       0
       0
       1
       0
       0
       0
       1
       0
       1
       0
       1
       1
       0
       0
       2
       0
       2
       0
       0
       0
       0
       0
       0
       0
       0
       0
       1
       1
       2
       0
       1
       0
       0
       1
       0
       1
       0
       0
       1
       0
       1
       2
       1
       0
       1
       0
       1
       3
       1
       0
       0
       0
       0
       0
       0
       1
       0
       2
       1
       0
       1
       0
       2
       0
       1
       0
       0
       0
       0
       1
       0
       0
       0
       1
       0
       0
       0
       0
       0
       0
       0
       0
       0
       0
       0
       0
       1
       1
       1
       0
       0
       0
       2
       0
       0
       0
       0
       1
       0
       0
       0
       0
       0
       2
       0
       2
       0
       0
       0
       0
       2
       1
       0
       1
       1
       1
       0
       0
       0
       0
       0
       1
       0
       0
       0
       0
       1
       0
       0
       0
       0
       1
       2
       0
       1
       0
       1
       0
       0
       0
       0
       0
       1
       1
       1
       0
       0
       0
       0
       2
       0
       0
       0
       0
       1
       1
       0
       1
       0
       1
       0
       0
       0
       0
       0
       2
       0
       1
       0
       0
       0
       0
       0
       2
       1
       0
       0
       2
       0
       0
       0
       1
       0
       3
       0
       0
       0
       0
       0
       1
       0
       1
       1
       0
       1
       1
       0
       0
       2
       1
       0
       1
       1
       1
       1
       1
       3
       0
       1
       0
       0
       2
       3
       2
       1
       1
       0
       1
       0
       0
       0
       0
       0
       0
       2
       0
       0
       2
       0
       0
       2
       2
       1
       1
       0
       1
       0
       0
       1
       0
       0
       0
       0
       1
       1
       1
       0
       1
       0
       1
       2
       0
       0
       0
       0
       0
       0
       1
       0
       2
       0
       1
       0
       0
       0
       1
       1
       0
       0
       0
       0
       0
       2
       1
       1
       1
       2
       0
       0
       0
       1
       0
       1
       0
       0
       0
       0
       0
       0
       0
       0
       0
       0
       1
       1
       0
       0
       0
       0
       0
       1
       0
       1
       2
       1
       0
       0
       0
       0
       0
       1
       0
       0
       0
       2
       0
       1
       0
       1
       0
       0
       1
       0
       1
       0
       1
       0
       0
       0
       0
       0
       0
       3
       0
       1
       0
       0
       0
       1
       0
       0
       1
       0
       0
       0
       0
       2
       1
       1
       1
       0
       0
       1
       1
       1
       1
       1
       0
       0
       3
       0
       0
       1
       2
       1
       0
       1
       0
       0
       1
       0
       1
       1
       1
       0
       0
       1
       0
       1
       0
       0
       0
       0
       0
       1
       1
       0
       0
       0
       1
       1
       1
       1
       2
       1
       1
       0
       0
       1
       2
       0
       0
       0
       1
       1
       0
       0
       0
       3
       0
       0
       0
       0
       1
       2
       0
       0
       0
       0
       0
       2
       0
       0
       0
       1
       0
       0
       0
       0
       0
       0
       0
       0
       0
       1
       1
       1
       1
       0
       0
       1
       0
       0
       0
       1
       1
       1
       1
       0
       1
       0
       1
       0
       0
       1
       1
       0
       0
       0
       1
       0
       1
       1
       0
       0
       1
       0
       1
       0
       2
       0
       0
       0
       0
       0
       0
       0
       0
       0
       0
       1
       1
       1
       1
       0
       0
       1
       1
       0
       1
       0
       0
       1
       0
       2
       3
       1
       0
       1
       1
       1
       0
       1
       2
       0
       0
       1
       0
       0
       0
       0
       0
       0
       0
       1
       2
       0
       0
       1
       0
       0
       1
       3
       0
       0
       3
       1
       0
       0
       3
       0
       0
       1
       1
       2
       1
       0
       1
       1
       0
       2
       1
       0
       0
       0
       2
       2
       1
       1
       1
       2
       3
       0
       1
       1
       2
       1
       5
       4
       4
       2
       0
       1
       3
       1
       1
       1
       1
       1
       1
       1
       0
       1
       1
       0
       2
       0
       3
       1
       0
       1
       0
       0
       0
       2
       0
       2
       0
       0
       0
       0
       1
       0
       0
       0
       0
       1
       0
       1
       0
       0
       0
       0
       0
       1
       1
       0
       2
       0
       0
       0
       0
       0
       3
       1
       1
       0
       0
       1
       0
       1
       0
       2
       0
       0
       0
       0
       0
       1
       0
       0
       0
       1
       0
       1
       0
       0
       0
       1
       0
       0
       0
       1
       0
       0
       1
       0
       0
       4
       2
       1
       2
       0
       0
       3
       0
       1
       0
       1
       0
       1
       0
       1
       4
       0
       1
       0
       1
       1
       1
       2
       0
       0
       3
       0
       0
       0
       3
       1
       0
       1
       0
       0
       1
       0
       1
       0
       0
       2
       4
       0
       1
       0
       1
       1
       0
       4
       2
       1
       5
       1
       2
       1
       2
       0
       2
       2
       1
       1
       2
       1
       1
       0
       2
       2
       2
       3
       0
       0
       0
       0
       2
       0
       0
       0
       5
       1
       0
       0
       0
       0
       1
       0
       1
       1
       1
       0
       1
       2
       0
       0
       0
       0
       1
       0
       0
       0
       0
       0
       0
       2
       0
       1
       0
       0
       0
       0
       0
       0
       0
       2
       0
       0
       0
       1
       4
       0
       0
       0
       1
       0
       0
       1
       0
       1
       1
       0
       0
       0
       2
       1
       0
       0
       1
       1
       1
       3
       0
       0
       1
       0
       0
       0
       0
       0
       1
       0
       3
       1
       0
       1
       0
       1
       1
       0
       1
       1
       2
       1
       1
       0
       2
       0
       1
       3
       0
       0
       1
       1
       1
       3
       3
       1
       2
       1
       3
       4
       4
       2
       1
       3
       2
       2
       6
       4
       6
       6
       4
       4
       3
       5
       8
       7
       5
       5
       6
       8
       3
       7
       5
       2
       4
       6
       2
       4
       1
       6
       2
       4
       3
       3
       4
       3
       6
       2
       2
       2
       1
       5
       5
       7
       3
       0
       3
       3
       2
       2
       4
       1
       4
       3
       7
       0
       3
       3
       1
       2
       4
       2
       1
       1
       5
       3
       1
       0
       3
       3
       0
       0
       4
       1
       1
       0
       1
       2
       2
       0
       0
       2
       0
       0
       0
       1
       2
       0
       0
       0
       0
       0
       1
       0
       0
       0
       1
       2
       0
       0
       0
       1
       0
       0
       0
       0
       0
       1
       1
       1
       0
       0
       1
       1
       1
       0
       0
       1
       0
       1
       0
       1
       1
       1
       1
       1
       0
       0
       0
       1
       1
       2
       0
       0
       2
       3
       1
       0
       0
       1
       1
       0
       1
       0
       1
       1
       2
       0
       0
       0
       2
       1
       1
       2
       1
       0
       1
       3
       0
       1
       1
       0
       1
       0
       1
       3
       1
       2
       2
       0
       3
       2
       2
       2
       3
       3
       2
       3
       3
       5
       6
       2
       2
       1
       3
       1
       3
       5
       3
       3
       2
       2
       1
       2
       2
       3
       2
       0
       1
       4
       0
       1
       2
       0
       1
       1
       0
       0
       1
       1
       0
       2
       0
       1
       1
       1
       3
       0
       0
       0
       3
       0
       0
       0
       0
       0
       0
       1
       0
       1
       0
       1
       0
       0
       1
       0
       0
       1
       0
       0
       1
       0
       1
       3
       3
       0
       1
       0
       0
       1
       0
       1
       1
       1
       1
       1
       0
       0
       0
       1
       1
       0
       0
       0
       0
       0
       1
       0
       0
       0
       2
       3
       0
       2
       0
       1
       0
       2
       0
       1
       0
       0
       0
       0
       1
       1
       1
       0
       0
       0
       0
       1
       0
       1
       1
       1
       1
       0
       0
       0
       1
       0
       1
       0
       0
       1
       0
       1
       1
       1
       0
       0
       0
       0
       0
       0
       0
       0
       0
       2
       1
       0
       1
       0
       1
       1
       1
       0
       0
       1
       0
       0
       1
       1
       1
       1
       1
       0
       0
       0
       1
       0
       1
       0
       0
       1
       2
       1
       0
       0
       1
       1
       0
       0
       1
       1
       0
       0
       1
       0
       2
       2
       1
       0
       0
       0
       1
       0
       0
       0
       1
       0
       1
       1
       0
       0
       0
       1
       2
       3
       0
       0
       1
       1
       0
       0
       1
       0
       0
       0
       2
       1
       0
       0
       2
       2
       1
       1
       0
       1
       1
       0
       1
       0
       0
       1
       0
       1
       0
       0
       0
       0
       0
       0
       0
       0
       0
       1
       0
       0
       1
       0
       0
       1
       0
       1
       1
       1
       2
       0
       2
       0
       0
       1
       1
       1
       1
       2
       0
       1
       1
       0
       1
       1
       1
       0
       1
       0
       0
       0
       0
       0
       1
       1
       0
       0
       0
       1
       0
       1
       0
       1
       0
       0
       0
       1
       1
       0
       0
       3
       2
       1
       0
       1
       1
       0
       0
       1
       2
       0
       1
       1
       0
       0
       2
       3
       1
       1
       0
       1
       0
       2
       2
       1
       1
       1
       1
       2
       3
       0
       0
       3
       4
       6
       1
       0
       1
       2
       1
       0
       1
       2
       3
       1
       5
       1
       0
       0
       0
       1
       2
       2
       2
       0
       2
       0
       0
       2
       0
       0
       2
       0
       2
       2
       0
       4
       1
       1
       1
       0
       2
       1
       0
       1
       1
       1
       4
       2
       1
       2
       2
       0
       4
       2
       1
       0
       2
       2
       0
       2
       1
       0
       2
       1
       3
       2
       1
       2
       5
       1
       2
       3
       3
       4
       3
       4
       2
       1
       5
       4
      11
       9
       3
       8
       7
       8
       5
       7
       3
       6
      10
       5
       7
       5
       4
       5
       8
       6
       4
       6
       7
       7
       4
       6
       2
       7
       0
       1
       3
       2
       2
       1
       4
       2
       0
       0
       2
       0
       1
       1
       0
       3
       1
       1
       1
       1
       1
       1
       1
       0
       1
       1
       0
       1
       0
       2
       0
       0
       2
       2
       0
       0
       0
       0
       2
       0
       1
       1
       1
       2
       0
       1
       1
       1
       1
       0
       3
       2
       0
       1
       0
       2
       1
       1
       1
       0
       2
       2
       3
       0
       1
       4
       1
       1
       2
       2
       0
       0
       0
       0
       2
       0
       1
       2
       0
       2
       0
       1
       2
       0
       1
       1
       0
       2
       3
       0
       1
       0
       0
       0
       3
       2
       0
       0
       3
       1
       1
       2
       0
       1
       0
       1
       1
       1
       0
       0
       1
       0
       0
       0
       0
       0
       0
       0
       0
       2
       1
       0
       0
       0
       0
       0
       0
       1
       0
       0
       0
       0
       0
       0
       0
       0
       0
       1
       0
       0
       0
       0
       0
       0
       1
       1
       0
       0
       2
       1
       0
       0
       0
       0
       1
       0
       0
       0
       0
       1
       0
       0
       0
       0
       1
       0
       0
       0
       0
       1
       2
       0
       0
       0
       0
       1
       0
       1
       1
       0
       0
       0
       0
       0
       1
       0
       0
       0
       0
       1
       0
       0
       0
       0
       0
       1
       1
       0
       1
       1
       3
       0
       0
       1
       1
       1
       1
       1
       1
       1
       2
       1
       0
       1
       1
       1
       2
       3
       0
       0
       2
       0
       2
       7
       3
       2
       1
       1
       6
       2
       3
       1
       4
       1
       1
       2
       1
       0
       4
       1
       2
       0
       0
       0
       0
       0
       1
       0
       1
       0
       0
       0
       0
       0
       0
       1
       0
       0
       0
       1
       0
       0
       0
       0
       0
       1
       0
       0
       0
       0
       0
       0
       0
       0
       0
       0
       0
       0
       0
       0
       0
       0
       0
       0
       0
       0
       0
       0
       0
       0
       0
       0
       0
       0
       0
       1
       0
       0
       0
       0
       0
       0
       0
       0
       0
       0
       0
       1
       0
       0
       0
       0
       0
       1
       0
       1
       0
       1
       0
       0
       0
       1
       0
       0
       0
       0
       0
       0
       0
       0
       0
       0
       0
       0
       0
       0
       0
       0
       2
       0
       0
       0
       0
       0
       0
       0
       0
       0
       0
       0
       0
       0
       0
       0
       0
       0
       0
       0
       0
       0
       0
       1
       0
       0
       1
       0
       1
       1
       0
       0
       1
       0
       0
       0
       0
       0
       0
       0
       0
       0
       0
       0
       1
       0
       0
       0
       0
       0
       0
       0
       0
       0
       0
       0
       0
       0
       0
       0
       0
       0
       0
       0
       1
       0
       0
       0
       0
       0
       0
       0
       0
       0
       2
       1
       0
       1
       0
       0
       0
       0
       0
       0
       0
       0
       0
       1
       0
       0
       0
       0
       1
       0
       0
       1
       0
       0
       0
       0
       0
       0
       1
       1
       0
       1
       0
       0
       1
       0
       0
       0
       1
       0
       0
       0
       0
       0
       0
       1
       1
       1
       2
       1
       1
       1
       1
       0
       2
       1
       0
       0
       2
       0
       1
       0
       0
       0
       0
       1
       0
       1
       1
       0
       1
       1
       0
       2
       2
       1
       1
       1
       4
       1
       1
       2
       3
       6
       2
       5
       5
       3
       4
       5
       7
       5
       5
       4
       4
       7
       8
       6
       5
       4
       6
       4
       5
       8
       6
       1
       4
       2
       6
       0
       3
       3
       1
       1
       1
       0
       2
       0
       0
       1
       0
       1
       0
       1
       0
       1
       0
       0
       1
       0
       1
       1
       1
       0
       1
       1
       0
       0
       0
       0
       0
       0
       0
       0
       0
       0
       0
       0
       0
       0
       0
       0
       0
       1
       0
       0
       1
       1
       0
       0
       0
       0
       0
       0
       0
       0
       0
       0
       0
       0
       0
       1
       0
       0
       0
       0
       0
       0
       0
       2
       0
       0
       0
       0
       0
       0
       0
       0
       0
       0
       1
       0
       0
       0
       0
       0
       0
       1
       0
       2
       0
       0
       0
       0
       0
       0
       0
       1
       0
       1
       1
       0
       0
       2
       0
       2
       0
       1
       2
       0
       0
       0
       0
       0
       0
       0
       0
       0
       0
       0
       0
       0
       0
       1
       0
       0
       0
       0
       1
       0
       0
       0
       1
       0
       0
       0
       0
       0
       0
       0
       0
       0
       0
       0
       0
       1
       0
       0
       0
       0
       0
       1
       0
       1
       1
       0
       0
       0
       1
       1
       0
       0
       0
       0
       0
       0
       0
       0
       0
       1
       0
       0
       1
       1
       1
       0
       0
       0
       0
       1
       0
       0
       0
       0
       0
       0
       0
       0
       0
       0
       0
       0
       0
       1
       0
       0
       0
       0
       0
       0
       0
       0
       1
       0
       0
       0
       0
       0
       0
       0
       0
       0
       0
       0
       0
       0
       0
       0
       0
       0
       0
       0
       0
       0
       0
       0
       0
       0
       0
       0
       0
       0
       0
       0
       0
       0
       0
       0
       0
       0
       1
       0
       1
       0
       0
       0
       0
       0
       0
       0
       0
       0
       0
       0
       0
       1
       0
       0
       0
       0
       0
       0
       0
       0
       0
       0
       0
       0
       0
       0
       0
       0
       0
       0
       0
       0
       0
       0
       0
       0
       0
       0
       0
       0
       1
       0
       0
       0
       0
       0
       0
       0
       0
       0
       0
       0
       0
       0
       0
       0
       0
       0
       0
       0
       0
       0
       0
       0
       0
       0
       0
       0
       0
       0
       0
       0
       0
       0
       0
       0
       0
       0
       0
       0
       0
       0
       1
       0
       0
       0
       0
       0
       0
       0
       1
       0
       0
       0
       0
       0
       0
       0
       0
       0
       0
       0
       0
       0
       0
       0
       0
       0
       0
       0
       0
       0
       0
       0
       0
       0
       0
       0
       0
       0
       0
       0
       1
       0
       0
       0
       0
       0
       0
       0
       0
       0
       0
       0
       0
       1
       0
       0
       0
       0
       0
       0
       1
       0
       0
       0
       0
       0
       0
       0
       1
       0
       0
       0
       0
       0
       0
       0
       0
       0
       0
       0
       0
       0
       0
       0
       0
       1
       0
       0
       0
       0
       0
       0
       0
       0
       0
       1
       0
       0
       0
       0
       0
       0
       0
       0
       0
       0
       1
       1
       0
       0
       0
       0
       0
       0
       0
       0
       0
       0
       0
       0
       0
       0
       0
       0
       0
       0
       0
       0
       0
       0
       0
       0
       0
       0
       0
       0
       0
       0
       0
       0
       0
       0
       0
       0
       0
       1
       0
       0
       0
       0
       1
       0
       0
       0
       0
       1
       2
       0
       0
       0
       1
       1
       0
       0
       0
       1
       1
       0
       0
       2
       1
       0
       0
       1
       1
       0
       0
       1
       0
       0
       0
       0
       0
       0
       1
       0
       0
       0
       0
       0
       0
       0
       0
       0
       0
       0
       0
       0
       0
       0
       0
       0
       0
       0
       0
       0
       0
       0
       0
       0
       0
       0
       0
       1
       0
       0
       0
       0
       0
       0
       0
       0
       0
       1
       0
       0
       0
       0
       0
       0
       0
       0
       0
       1
       0
       0
       0
       0
       0
       0
       0
       0
       0
       0
       0
       0
       0
       0
       0
       1
       0
       0
       0
       0
       0
       0
       0
       0
       0
       0
       0
       0
       0
       0
       1
       0
       0
       0
       0
       0
       0
       0
       0
       0
       0
       0
       0
       0
       0
       0
       0
       0
       0
       0
       0
       0
       0
       0
       0
       0
       0
       0
       0
       0
       0
       0
       0
       0
       0
       0
       1
       0
       0
       0
       0
       1
       0
       0
       0
       0
       0
       0
       0
       0
       0
       0
       0
       0
       0
       0
       0
       0
       0
       0
       0
       0
       0
       0
       0
       0
       0
       0
       0
       0
       0
       0
       0
       0
       1
       0
       0
       0
       0
       0
       0
       0
       0
       0
       0
       0
       0
       0
       0
       0
       0
       0
       0
       0
       0
       0
       0
       0
       0
       1
       0
       0
       0
       0
       0
       0
       0
       0
       0
       0
       0
       0
       0
       0
       0
       0
       0
       0
       0
       1
       0
       0
       0
       0
       0
       0
       0
       0
       0
       0
       0
       0
       0
       0
       0
       0
       0
       0
       0
       0
       0
       0
       0
       0
       0
       0
       0
       0
       0
       0
       0
       0
       0
       0
       0
       0
       0
       0
       0
       0
       0
       0
       0
       0
       0
       0
       0
       0
       0
       0
       0
       0
       0
       0
       0
       0
       0
       0
       0
       0
       0
       1
       0
       0
       0
       0
       0
       0
       0
       0
       0
       0
       0
       0
       0
       0
       0
       0
       0
       0
       0
       0
       0
       0
       0
       0
       0
       0
       0
       0
       0
       0
       0
       0
       0
       0
       0
       0
       0
       0
       0
       0
       0
       0
       0
       0
       0
       0
       0
       0
       0
       0
       0
       0
       0
       0
       0
       0
       0
       0
       0
       0
       0
       0
       0
       0
       0
       0
       1
       0
       1
       0
       1
       0
       0
       0
       0
       0
       0
       0
       0
       0
       0
       0
       0
       0
       0
       0
       0
       0
       0
       0
       0
       0
       0
       0
       0
       0
       0
       0
       0
       0
       0
       0
       0
       0
       0
       0
       0
       0
       0
       0
       0
       0
       0
       0
       0
       0
       0
       0
       0
       0
       0
       1
       0
       0
       0
       0
       0
       0
       0
       0
       0
       0
       0
       0
       0
       0
       0
       0
       0
       0
       0
       0
       0
       0
       1
       0
       1
       0
       0
       0
       0
       0
       0
       0
       0
       0
       0
       0
       0
       0
       0
       0
       0
       0
       0
       0
       0
       0
       0
       0
       0
       0
       0
       0
       0
       0
       0
       0
       0
       0
       0
       0
       0
       0
       0
       0
       0
       0
       1
       0
       0
       0
       0
       0
       0
       0
       0
       0
       0
       0
       0
       0
       0
       0
       0
       0
       0
       0
       0
       0
       0
       0
       0
       0
       0
       0
       0
       0
       0
       0
       0
       0
       0
       0
       0
       0
       0
       0
       0
       0
       0
       0
       0
       0
       0
       0
       0
       0
       0
       0
       0
       1
       0
       0
       0
       0
       0
       0
       0
       0
       0
       0
       0
       0
       0
       0
       0
       0
       0
       0
       0
       0
       0
       0
       0
       0
       0
       0
       0
       0
       0
       0
       0
       0
       0
       0
       0
       0
       0
       0
       0
       0
       0
       0
       0
       0
       0
       0
       0
       0
       0
       0
       0
       0
       0
       1
       0
       0
       0
       0
       0
       0
       0
       0
       0
       0
       0
       0
       0
       0
       0
       0
       0
       0
       0
       0
       0
       0
       0
       0
       0
       0
       0
       0
       0
       0
       0
       0
       0
       0
       0
       0
       0
       0
       0
       0
       0
       0
       0
       0
       0
       0
       0
       0
       0
       0
       0
       0
       0
       0
       0
       0
       0
       0
       0
       0
       0
       0
       1
       0
       0
       0
       0
       0
       0
       0
       0
       0
       0
       0
       0
       0
       0
       1
       0
       0
       0
       0
       0
       0
       0
       0
       0
       0
       0
       0
       0
       0
       0
       0
       1
       0
       0
       0
       0
       0
       0
       0
       0
       0
       0
       0
       0
       0
       0
       0
       0
       0
       0
       0
       0
       0
       0
       0
       0
       0
       0
       0
       0
       0
       0
       0
       0
       0
       0
       0
       0
       0
       0
       0
       0
       0
       0
       0
       0
       0
       0
       0
       0
       0
       0
       0
       0
       0
       0
       0
       0
       0
       0
       0
       0
       0
       0
       0
       0
       0
       0
       0
       0
       0
       0
       0
       0
       0
       0
       0
       0
       0
       0
       0
       0
       0
       0
       0
       0
       0
       0
       0
       0
       0
       0
       0
       0
       0
       0
       0
       0
       0
       0
       0
       0
       1
       0
       0
       0
       0
       0
       0
       0
       0
       0
       0
       0
       0
       0
       1
       0
       0
       0
       0
       0
       0
       0
       0
       0
       0
       0
       1
       0
       1
       0
       0
       0
       0
       0
       0
       0
       0
       0
       0
       0
       0
       0
       0
       0
       0
       0
       0
       0
       0
       0
       0
       0
       0
       0
       0
       0
       0
       0
       0
       0
       0
       0
       0
       0
       0
       0
       0
       0
       0
       0
       0
       0
       0
       0
       0
       0
       0
       0
       1
       0
       0
       0
       0
       0
       0
       0
       0
       0
       0
       0
       1
       0
       1
       0
       0
       0
       0
       0
       0
       0
       0
       0
       0
       0
       0
       0
       0
       0
       0
       0
       0
       0
       0
       0
       0
       0
       0
       0
       0
       0
       0
       0
       0
       0
       0
       0
       0
       0
       0
       0
       0
       0
       0
       0
       0
       0
       0
       0
       1
       0
       0
       0
       0
       0
       0
       0
       0
       0
       1
       0
       0
       0
       0
       0
       0
       0
       0
       1
       0
       0
       0
       0
       0
       0
       0
       0
       0
       0
       0
       0
       0
       0
       0
       0
       0
       0
       0
       0
       0
       0
       0
       0
       0
       0
       0
       0
       0
       0
       0
       0
       0
       0
       0
       0
       0
       0
       0
       0
       0
       0
       0
       0
       0
       0
       0
       0
       0
       0
       0
       0
       0
       0
       0
       0
       1
       0
       0
       0
       0
       0
       0
       0
       0
       0
       0
       0
       0
       0
       0
       0
       0
       0
       0
       0
       0
       0
       0
       0
       0
       0
       0
       0
       0
       0
       0
       0
       0
       0
       0
       0
       0
       0
       0
       1
       0
       0
       0
       0
       0
       0
       0
       0
       0
       0
       0
       0
       0
       0
       0
       0
       0
       0
       0
       0
       0
       0
       0
       0
       0
       0
       0
       0
       0
       0
       0
       0
       0
       0
       0
       0
       0
       0
       0
       1
       0
       0
       0
       0
       0
       0
       0
       0
       0
       0
       0
       0
       0
       0
       0
       0
       0
       0
       0
       0
       0
       0
       0
       0
       0
       1
       0
       0
       0
       0
       0
       0
       0
       0
       0
       0
       0
       0
       0
       0
       0
       0
       0
       0
       0
       0
       0
       0
       0
       0
       0
       0
       0
       0
       0
       0
       0
       0
       0
       0
       0
       0
       0
       0
       0
       0
       0
       0
       0
       0
       0
       0
       0
       0
       0
       0
       0
       0
       0
       0
       0
       0
       0
       0
       0
       0
       0
       0
       0
       0
       0
       0
       0
       0
       0
       0
       0
       0
       0
       0
       0
       0
       0
       0
       0
       0
       0
       0
       0
       0
       0
       0
       0
       0
       0
       0
       0
       0
       0
       0
       0
       0
       0
       0
       0
       0
       0
       0
       0
       0
       0
       0
       0
       0
       0
       0
       0
       0
       0
       0
       0
       0
       0
       0
       0
       1
       0
       0
       0
       0
       0
       0
       0
       0
       0
       0
       0
       0
       0
       0
       0
       0
       0
       0
       0
       0
       0
       0
       0
       0
       0
       0
       0
       0
       0
       0
       0
       0
       0
       0
       0
       0
       0
       0
       0
       0
       0
       0
       0
       0
       0
       0
       0
       0
       0
       0
       0
       0
       0
       0
       0
       0
       0
       0
       0
       0
       0
       0
       0
       0
       0
       0
       0
       0
       0
       0
       0
       0
       0
       0
       0
       0
       0
       0
       0
       0
       0
       0
       0
       0
       0
       0
       0
       0
       0
       0
       0
       0
       0
       0
       0
       0
       0
       0
       0
       0
       0
       0
       0
       0
       0
       0
       0
       0
       0
       0
       0
       0
       0
       0
       0
       0
       0
       0
       0
       0
       0
       0
       0
       0
       0
       0
       0
       0
       0
       0
       0
       0
       0
       0
       0
       0
       0
       0
       0
       0
       0
       0
       0
       0
       0
       0
       0
       0
       0
       0
       0
       0
       0
       0
       0
       0
       0
       0
       0
       0
       0
       0
       0
       0
       0
       0
       0
       0
       0
       0
       0
       0
       0
       0
       0
       0
       0
       0
       0
       0
       0
       0
       0
       0
       0
       0
       0
       0
       0
       0
       0
       0
       0
       0
       0
       0
       0
       0
       0
       0
       0
       0
       0
       0
       0
       0
       0
       0
       0
       0
       0
       0
       0
       0
       0
       0
       0
       0
       0
       0
       0
       0
       0
       0
       0
       0
       0
       0
       0
       0
       0
       0
       0
       0
       0
       0
       0
       0
       0
       0
       0
       0
       0
       0
       0
       0
       0
       0
       0
       0
       0
       0
       0
       0
       0
       0
       0
       0
       0
       0
       0
       0
       0
       0
       0
       0
       0
       0
       0
       0
       1
       0
       0
       0
       0
       0
       0
       0
       0
       0
       0
       0
       0
       0
       0
       0
       0
       0
       0
       0
       0
       0
       0
       0
       0
       0
       0
       0
       0
       0
       0
       0
       0
       0
       0
       0
       0
       0
       0
       0
       0
       0
       0
       0
       0
       0
       0
       0
       0
       0
       0
       0
       0
       0
       0
       0
       0
       0
       0
       0
       0
       0
       0
       0
       0
       0
       0
       0
       0
       0
       0
       0
       0
       0
       0
       0
       0
       0
       0
       0
       0
       0
       0
       0
       0
       0
       0
       0
       0
       0
       0
       0
       0
       0
       0
       0
       0
       0
       0
       0
       0
       0
       0
       0
       0
       0
       0
       0
       0
       0
       0
       0
       0
       0
       0
       0
       0
       0
       0
       0
       0
       0
       0
       0
       0
       0
       0
       0
       0
       0
       0
       0
       0
       0
       0
       0
       0
       0
       0
       0
       0
       0
       0
       1
       0
       0
       0
       0
       0
       0
       0
       0
       0
       0
       0
       0
       0
       0
       0
       0
       0
       0
       0
       0
       0
       0
       0
       0
       0
       0
       0
       0
       0
       0
       0
       0
       0
       0
       0
       0
       0
       0
       0
       0
       0
       0
       0
       0
       0
       0
       0
       0
       0
       0
       0
       0
       0
       0
       0
       0
       0
       0
       0
       0
       0
       0
       0
       0
       0
       0
       0
       0
       0
       0
       0
       0
       0
       0
       0
       0
       0
       0
       0
       0
       0
       0
       0
       0
       0
       0
       0
       0
       0
       0
       0
       0
       0
       0
       0
       0
       0
       0
       0
       0
       0
       0
       0
       0
       0
       0
       0
       0
       0
       0
       0
       0
       0
       0
       0
       0
       0
       0
       0
       0
       0
       0
       0
       0
       0
       0
       0
       0
       0
       0
       0
       0
       0
       0
       0
       0
       0
       1
       0
       0
       0
       0
       0
       0
       0
       0
       0
       0
       0
       0
       0
       0
       0
       0
       0
       0
       0
       0
       0
       0
       0
       0
       1
       0
       0
       0
       0
       0
       0
       0
       0
       0
       0
       0
       0
       0
       0
       0
       0
       0
       0
       0
       0
       0
       0
       0
       0
       0
       0
       0
       0
       0
       0
       0
       0
       0
       0
       0
       0
       0
       0
       0
       0
       0
       0
       0
       0
       0
       0
       0
       0
       0
       0
       0
       0
       0
       0
       0
       0
       0
       0
       0
       0
       0
       0
       0
       0
       0
       0
       0
       0
       0
       0
       0
       0
       0
       0
       0
       0
       0
       0
       0
       0
       0
       0
       0
       0
       0
       0
       0
       0
       0
       0
       0
       0
       0
       0
       0
       0
       0
       0
       0
       0
       0
       0
       0
       0
       0
       0
       0
       0
       0
       0
       0
       0
       0
       0
       0
       0
       0
       0
       0
       0
       0
       0
       0
       0
       0
       0
       0
       0
       0
       0
       0
       0
       0
       0
       0
       0
       0
       0
       0
       0
       0
       0
       0
       0
       0
       0
       0
       0
       0
       0
       1
       0
       0
       0
       0
       0
       0
       0
       0
       0
       0
       0
       0
       0
       0
       0
       0
       0
       0
       0
       0
       0
       0
       0
       0
       0
       0
       0
       0
       0
       0
       0
       0
       0
       0
       0
       0
       0
       0
       0
       0
       0
       0
       0
       0
       0
       0
       0
       0
       0
       0
       0
       0
       0
       0
       0
       0
       0
       0
       0
       0
       0
       0
       0
       0
       0
       0
       0
       0
       0
       0
       0
       0
       0
       0
       0
       0
       0
       0
       0
       0
       0
       0
       0
       0
       0
       0
       0
       0
       0
       0
       0
       0
       0
       0
       0
       0
       0
       0
       0
       0
       0
       0
       0
       0
       0
       0
       0
       0
       0
       0
       0
       0
       0
       0
       0
       0
       0
       0
       0
       0
       0
       0
       0
       0
       0
       0
       0
       0
       0
       0
       0
       0
       0
       0
       0
       0
       0
       0
       0
       0
       0
       0
       0
       0
       0
       0
       0
       0
       0
       0
       0
       0
       0
       0
       0
       0
       0
       0
       0
       0
       0
       0
       0
       0
       0
       0
       0
       0
       0
       0
       0
       0
       0
       0
       0
       0
       0
       0
       0
       0
       0
       0
       0
       0
       0
$ENER_FIT:
0.000000 0.075000
$PRESETS:
Live Time (sec)
600
0
$RT:
616.560000
$DT:
16559
$ISO_DECL_PU:
SMPLNAM: IDB-795
SEPDATE: 01/01/1900 00:00:00
PU238: 0.0472 
DPU238: 0.4237
PU239: 84.5799 
DPU239: 0.0006
PU240: 14.1443 
DPU240: 0.0148
PU241: 0.9953 
DPU241: 0.1808
PU242: 0.2333 
DPU242: 1.5859
AM241: 0.6282 
DAM241: 1.1939
DATE: 01/01/1900 00:00:00
PU240EFF: 14.6552
DPU240EFF: 0.0450
$ADC:
8192
0
8191