$APPLICATION_ID:
IDB v.1.0
$SPEC_REM:
Material type: Pu
Material form: Pellet
Material compound: PuO2
Pu isotopics:
238Pu 0.092
239Pu 78.815
240Pu 19.927
241Pu 0.601
242Pu 0.565
241Am 2.751
Detector: HPGe (Geometry: BEGe, Size: Falcon 5000)
MCA: Integrated MCA
$DATE_MEA:
04/21/2011 23:01:00
$MEAS_TIM:
0 0
$DATA:
0 8191
       0
       0
       0
       0
       0
       0
       0
       0
       0
       0
       0
       0
       0
       0
       0
       0
       0
       0
       0
       0
       0
       0
       0
       0
       0
       1
       1
       0
       0
       0
       1
       0
       0
       2
       0
       1
      37
     358
     882
    1297
    1478
    1680
    1782
    1719
    1819
    1906
    1893
    2026
    1996
    1977
    2016
    2026
    1965
    1875
    1976
    1924
    1866
    1870
    1809
    1833
    1822
    1723
    1769
    1788
    1726
    1659
    1794
    1735
    1659
    1635
    1729
    1637
    1661
    1554
    1564
    1624
    1575
    1619
    1597
    1590
    1577
    1536
    1589
    1555
    1550
    1521
    1537
    1550
    1480
    1509
    1509
    1490
    1543
    1494
    1465
    1488
    1448
    1391
    1498
    1540
    1451
    1419
    1451
    1420
    1503
    1450
    1412
    1426
    1471
    1449
    1451
    1515
    1461
    1435
    1435
    1351
    1419
    1462
    1337
    1457
    1389
    1368
    1465
    1459
    1429
    1401
    1353
    1381
    1322
    1332
    1279
    1392
    1304
    1352
    1306
    1372
    1305
    1338
    1315
    1317
    1301
    1234
    1303
    1270
    1272
    1288
    1272
    1261
    1222
    1295
    1260
    1261
    1303
    1234
    1189
    1150
    1174
    1214
    1217
    1222
    1184
    1175
    1272
    1235
    1191
    1253
    1145
    1189
    1193
    1171
    1191
    1196
    1193
    1247
    1257
    1264
    1274
    1401
    1365
    1314
    1322
    1228
    1185
    1157
    1103
    1109
     978
    1007
     986
     995
     982
     975
     958
     993
     953
    1029
     972
     999
     992
     950
     936
    1006
     933
     957
    1008
     929
     975
     979
     963
    1001
     963
     953
     968
    1035
    1004
    1024
    1052
    1029
    1064
    1008
     930
    1022
    1026
    1001
     980
     970
     927
     939
     935
     925
     950
     937
     893
     901
     931
     863
     931
     898
     864
     940
     890
     922
     923
     924
     891
     932
     900
     922
     945
     902
     876
     945
     884
     859
     896
     906
     916
     885
     952
     887
     915
     866
     878
     959
     878
     928
     871
     914
     894
     892
     883
     921
     874
     900
     921
     955
     933
     932
     963
     979
     955
     872
     971
     912
     941
     976
     996
    1019
    1139
    1197
    1192
    1328
    1473
    1531
    1556
    1778
    1702
    1837
    1838
    1952
    2047
    2307
    2498
    3011
    3620
    4268
    5001
    5527
    6081
    6314
    6153
    5980
    5384
    4766
    4148
    3422
    2595
    2103
    1781
    1463
    1295
    1160
    1043
     988
    1020
     953
    1039
    1044
     974
    1058
    1173
    1103
    1157
    1179
    1283
    1177
    1189
    1277
    1210
    1334
    1333
    1486
    1677
    1953
    2278
    2450
    2937
    3167
    3462
    3436
    3506
    3395
    3035
    2877
    2505
    2291
    2072
    1761
    1569
    1451
    1339
    1153
    1082
    1045
    1006
     957
     871
     899
     890
     907
     822
     925
     847
     807
     846
     834
     880
     860
     837
     815
     820
     822
     815
     824
     810
     769
     782
     772
     779
     803
     776
     805
     816
     809
     825
     774
     748
     797
     790
     717
     742
     725
     759
     741
     767
     718
     703
     745
     709
     741
     743
     723
     740
     733
     718
     696
     688
     694
     698
     668
     702
     740
     775
     748
     713
     689
     674
     698
     717
     709
     669
     699
     690
     733
     669
     706
     670
     691
     678
     739
     667
     689
     670
     684
     673
     669
     723
     704
     699
     662
     653
     707
     653
     633
     704
     681
     666
     706
     649
     661
     592
     650
     630
     664
     614
     677
     648
     679
     669
     640
     740
     683
     642
     665
     659
     627
     652
     617
     677
     633
     693
     644
     710
     687
     644
     694
     712
     658
     729
     687
     667
     688
     689
     689
     716
     692
     632
     654
     705
     700
     701
     748
     658
     690
     654
     722
     683
     666
     689
     743
     701
     670
     695
     729
     736
     720
     717
     700
     703
     734
     689
     708
     768
     740
     723
     743
     719
     704
     744
     783
     729
     752
     727
     737
     698
     772
     763
     767
     741
     731
     875
     737
     817
     764
     792
     813
     801
     753
     756
     837
     790
     796
     805
     810
     843
     815
     816
     873
     841
     772
     787
     807
     870
     858
     899
     805
     885
     864
     844
     866
     865
     895
     867
     930
     928
     869
     920
     948
     971
     928
     989
    1004
     988
    1001
     968
    1023
    1104
     986
    1042
    1055
     995
    1118
    1148
    1102
    1095
    1157
    1156
    1179
    1142
    1176
    1211
    1207
    1294
    1273
    1275
    1288
    1257
    1313
    1325
    1339
    1406
    1400
    1358
    1395
    1343
    1399
    1511
    1443
    1475
    1497
    1470
    1599
    1570
    1611
    1529
    1560
    1719
    1577
    1623
    1713
    1819
    1777
    1825
    1870
    1894
    2003
    1996
    1994
    2137
    2212
    2308
    2295
    2382
    2471
    2585
    2765
    2872
    3078
    3081
    3318
    3432
    3663
    3739
    3831
    3965
    4088
    4212
    4492
    4738
    4938
    5179
    5394
    5656
    5589
    5665
    5870
    5706
    5633
    5473
    5524
    5378
    5138
    5123
    5142
    5021
    4917
    4865
    4926
    4916
    4694
    4647
    4683
    4713
    4570
    4429
    4388
    4376
    4257
    4158
    4066
    3873
    3891
    3655
    3690
    3579
    3551
    3288
    3385
    3227
    3086
    2965
    3037
    2779
    2707
    2700
    2627
    2588
    2467
    2312
    2327
    2153
    2141
    2057
    2071
    1960
    1921
    1932
    1906
    1792
    1766
    1714
    1725
    1704
    1613
    1618
    1645
    1596
    1610
    1640
    1550
    1706
    1664
    1647
    1650
    1654
    1646
    1688
    1633
    1781
    1699
    1757
    1728
    1796
    1842
    1935
    1831
    1944
    1833
    1912
    1962
    1980
    1986
    2068
    2040
    2187
    2228
    2266
    2297
    2385
    2443
    2527
    2546
    2489
    2624
    2711
    2681
    2847
    2994
    2977
    3000
    3174
    3198
    3284
    3415
    3371
    3481
    3523
    3778
    4166
    4288
    4614
    5280
    6845
    8973
   12432
   17993
   26252
   37781
   53314
   73611
   97032
  121683
  145976
  168216
  183841
  190715
  187642
  175266
  155946
  132010
  105348
   80628
   58032
   40612
   26926
   17721
   10878
    6843
    4273
    2617
    1762
    1236
     973
     800
     750
     731
     670
     666
     618
     607
     643
     660
     649
     572
     670
     610
     612
     651
     578
     608
     592
     558
     563
     579
     577
     569
     491
     611
     589
     514
     548
     560
     548
     553
     534
     519
     510
     561
     547
     519
     566
     538
     572
     552
     557
     557
     532
     537
     581
     568
     511
     577
     566
     560
     527
     570
     549
     576
     525
     548
     536
     577
     596
     560
     561
     555
     587
     572
     535
     584
     583
     576
     561
     583
     507
     603
     532
     599
     565
     557
     580
     569
     597
     558
     572
     573
     549
     619
     586
     550
     570
     624
     603
     595
     618
     571
     602
     616
     648
     593
     628
     598
     564
     632
     601
     625
     627
     608
     564
     616
     657
     615
     626
     670
     657
     685
     682
     718
     720
     676
     699
     721
     788
     754
     813
     724
     744
     710
     662
     642
     673
     701
     644
     696
     671
     676
     680
     673
     680
     650
     667
     727
     707
     709
     721
     743
     750
     735
     711
     747
     786
     725
     703
     745
     870
     838
     870
     864
     945
     955
     961
    1019
    1088
    1025
     968
    1036
     950
     941
     948
     949
     884
     903
     816
     908
     840
     868
     882
     896
     932
     889
     914
     895
     986
    1008
    1024
    1143
    1141
    1210
    1323
    1321
    1394
    1441
    1362
    1298
    1277
    1278
    1295
    1203
    1092
    1043
    1008
     966
     973
     964
     984
     943
     966
     868
     941
     952
     957
     907
     929
    1011
    1004
     931
    1024
     972
     962
     997
    1031
     992
     962
     953
     977
    1022
     967
    1001
     965
    1001
     923
     977
     954
     999
     995
    1026
     984
    1003
    1038
     986
     942
     984
    1032
     984
     972
    1003
    1036
     988
     987
     993
     990
     985
    1001
     961
     990
     994
    1004
     955
    1015
     971
     958
    1041
    1019
    1002
    1006
    1047
    1005
    1075
    1026
    1084
    1001
    1062
     993
    1010
    1064
    1076
     997
     986
    1076
    1057
    1064
    1007
    1063
    1019
    1095
    1055
    1061
    1049
    1109
    1097
    1139
    1112
    1132
    1189
    1105
    1097
    1153
    1080
    1074
    1141
    1146
    1097
    1133
    1119
    1147
    1110
    1118
    1166
    1156
    1222
    1195
    1227
    1206
    1151
    1265
    1325
    1284
    1356
    1360
    1329
    1468
    1407
    1436
    1369
    1436
    1403
    1419
    1324
    1293
    1340
    1347
    1353
    1297
    1283
    1277
    1327
    1303
    1251
    1303
    1266
    1327
    1302
    1322
    1416
    1353
    1390
    1358
    1380
    1465
    1430
    1374
    1479
    1365
    1370
    1429
    1446
    1439
    1514
    1436
    1448
    1385
    1455
    1416
    1436
    1396
    1404
    1445
    1426
    1447
    1376
    1400
    1396
    1409
    1402
    1429
    1433
    1399
    1500
    1497
    1500
    1540
    1499
    1512
    1537
    1552
    1562
    1479
    1482
    1587
    1505
    1556
    1537
    1517
    1586
    1471
    1561
    1546
    1555
    1553
    1631
    1568
    1629
    1530
    1581
    1579
    1552
    1637
    1584
    1617
    1571
    1664
    1630
    1693
    1619
    1595
    1716
    1620
    1624
    1661
    1673
    1681
    1690
    1677
    1642
    1698
    1643
    1714
    1674
    1755
    1760
    1693
    1837
    1838
    1832
    1911
    1896
    1812
    1824
    1877
    1873
    1956
    2045
    2033
    2339
    2449
    2772
    3151
    3577
    3927
    4486
    5044
    5565
    5879
    5894
    5954
    5911
    5606
    5209
    4720
    4199
    3715
    3249
    2873
    2640
    2430
    2358
    2130
    2124
    2056
    2042
    2066
    2112
    2100
    2183
    2274
    2439
    2614
    2925
    3272
    3591
    4055
    4523
    5179
    5591
    6052
    6137
    6207
    6136
    5943
    5593
    5203
    4925
    4515
    4251
    4388
    4593
    4961
    5717
    6782
    8152
    9908
   12044
   14261
   17162
   19929
   22844
   26356
   29315
   32176
   34241
   35517
   35573
   34658
   32343
   29201
   25908
   22253
   18768
   15929
   13403
   11207
    9481
    8079
    7040
    6349
    5457
    4917
    4255
    4125
    3885
    4090
    4502
    4920
    5668
    6563
    7591
    8473
    9264
    9723
    9963
   10021
    9462
    8740
    7925
    6954
    5768
    4898
    4195
    3431
    2999
    2844
    2728
    3034
    3707
    4540
    5998
    8066
   10735
   14044
   17920
   22431
   26838
   30320
   33624
   35531
   36443
   35253
   33527
   30084
   27116
   23950
   20604
   18016
   16301
   15127
   14518
   13704
   13046
   12758
   12266
   11645
   11064
   10051
    9131
    8046
    6765
    5750
    4509
    3748
    2903
    2335
    1772
    1420
    1194
    1085
    1015
     897
     852
     878
     830
     882
     797
     856
     807
     837
     859
     869
     898
     878
     978
    1002
    1007
    1012
     943
     964
     915
     932
     897
     839
     822
     838
     763
     820
     807
     801
     830
     796
     771
     795
     807
     754
     759
     741
     807
     806
     764
     781
     791
     814
     792
     788
     800
     827
     815
     788
     828
     884
     819
     828
     882
     844
     915
    1021
    1047
    1096
    1222
    1362
    1639
    1763
    1932
    2180
    2338
    2491
    2687
    2884
    2952
    3017
    3112
    3213
    3289
    3494
    3680
    3881
    4293
    4321
    4511
    4488
    4372
    4137
    3739
    3336
    2920
    2634
    2234
    1911
    1681
    1427
    1302
    1152
    1193
    1073
    1044
    1125
    1103
    1330
    1419
    1540
    1676
    2004
    2138
    2344
    2622
    2724
    2761
    2889
    2958
    3049
    3077
    3181
    3561
    4003
    4384
    4833
    5097
    5340
    5568
    5658
    5631
    5371
    5097
    4720
    4335
    3898
    3375
    3035
    2837
    2687
    2535
    2381
    2443
    2421
    2422
    2405
    2453
    2385
    2310
    2514
    2685
    2818
    3075
    3164
    3176
    3243
    3207
    3282
    3221
    3068
    3001
    2995
    3247
    3410
    3554
    3920
    4202
    4447
    4695
    4707
    4713
    4479
    4208
    3864
    3571
    3076
    2813
    2508
    2198
    1870
    1829
    1727
    1590
    1500
    1504
    1450
    1451
    1401
    1371
    1391
    1308
    1228
    1177
    1174
    1111
    1066
     990
     948
     916
     926
     834
     890
     933
     986
     986
    1084
    1208
    1333
    1462
    1580
    1752
    1748
    1790
    1763
    1837
    1806
    1684
    1523
    1499
    1295
    1295
    1200
    1119
    1055
    1106
     969
     955
     936
     858
     818
     743
     685
     742
     774
     668
     762
     747
     801
    1009
    1102
    1200
    1384
    1519
    1745
    1784
    1773
    1792
    1686
    1502
    1419
    1310
    1096
    1024
     872
     789
     761
     639
     587
     619
     583
     595
     611
     696
     763
     823
    1038
    1269
    1590
    2019
    2406
    3171
    3775
    4506
    5024
    5616
    5850
    5799
    5808
    5421
    4796
    4050
    3456
    2847
    2208
    1745
    1346
    1073
     838
     704
     617
     585
     512
     490
     477
     439
     478
     524
     486
     498
     465
     443
     474
     480
     461
     482
     457
     481
     429
     461
     432
     500
     475
     480
     503
     531
     567
     576
     688
     811
    1002
    1266
    1630
    2018
    2494
    3114
    3607
    4215
    4616
    5071
    5083
    4975
    4960
    4467
    3903
    3323
    2678
    2174
    1687
    1305
    1014
     819
     638
     598
     503
     490
     446
     415
     436
     429
     439
     434
     433
     416
     454
     426
     417
     451
     468
     443
     435
     445
     421
     404
     430
     447
     415
     439
     422
     405
     416
     425
     421
     413
     425
     381
     445
     417
     413
     439
     420
     423
     423
     433
     412
     413
     405
     433
     415
     393
     416
     427
     427
     417
     444
     412
     407
     416
     425
     414
     425
     382
     421
     398
     416
     434
     416
     413
     416
     446
     441
     423
     395
     445
     475
     429
     426
     428
     408
     433
     485
     418
     425
     403
     403
     403
     438
     407
     433
     448
     444
     401
     416
     470
     466
     397
     420
     440
     422
     424
     430
     420
     410
     414
     406
     419
     449
     437
     459
     433
     426
     456
     428
     425
     427
     453
     412
     432
     449
     412
     452
     432
     442
     433
     483
     458
     423
     450
     450
     483
     437
     419
     426
     443
     430
     443
     463
     398
     447
     435
     450
     480
     436
     419
     419
     446
     462
     445
     451
     380
     419
     428
     432
     476
     491
     456
     482
     532
     508
     444
     444
     462
     426
     420
     470
     458
     439
     461
     434
     457
     460
     437
     463
     464
     482
     461
     517
     521
     507
     548
     533
     536
     548
     628
     635
     647
     677
     715
     759
     741
     773
     724
     712
     694
     663
     605
     591
     540
     540
     506
     493
     484
     510
     446
     464
     454
     518
     533
     542
     576
     641
     727
     844
     855
     983
    1085
    1230
    1330
    1304
    1470
    1487
    1439
    1403
    1437
    1285
    1157
    1047
     909
     725
     731
     647
     631
     559
     589
     580
     614
     694
     773
     962
    1083
    1316
    1551
    1885
    2271
    2561
    2807
    3026
    3121
    3072
    3140
    2869
    2629
    2204
    1892
    1621
    1308
    1118
     923
     814
     654
     616
     592
     577
     610
     615
     575
     597
     652
     622
     644
     657
     595
     601
     592
     561
     485
     474
     485
     484
     472
     437
     426
     442
     472
     460
     488
     466
     430
     447
     443
     457
     477
     468
     510
     546
     546
     629
     599
     624
     647
     738
     745
     820
     783
     818
     782
     766
     689
     686
     654
     578
     557
     535
     483
     485
     487
     490
     457
     448
     529
     472
     494
     525
     458
     485
     432
     474
     461
     478
     484
     446
     427
     456
     461
     468
     484
     468
     480
     437
     503
     495
     506
     498
     458
     435
     470
     516
     472
     474
     457
     457
     519
     463
     462
     464
     418
     477
     490
     471
     461
     467
     455
     496
     493
     486
     494
     493
     491
     495
     495
     544
     527
     562
     539
     548
     621
     564
     555
     617
     577
     565
     617
     545
     563
     569
     536
     524
     506
     540
     532
     531
     527
     574
     573
     632
     616
     657
     754
     831
     894
     974
    1045
    1110
    1133
    1070
    1046
    1005
     955
     965
     782
     749
     684
     686
     621
     670
     644
     626
     634
     679
     689
     662
     641
     597
     670
     634
     642
     591
     616
     594
     624
     586
     592
     568
     576
     581
     583
     571
     513
     532
     535
     491
     507
     489
     519
     474
     494
     496
     472
     570
     501
     557
     593
     601
     738
     772
     921
    1020
    1143
    1296
    1309
    1465
    1497
    1448
    1420
    1327
    1210
    1142
    1002
     934
     820
     699
     582
     610
     570
     452
     498
     469
     501
     532
     480
     491
     517
     460
     500
     484
     462
     460
     447
     447
     404
     456
     415
     463
     428
     439
     445
     422
     426
     433
     401
     422
     443
     390
     436
     458
     437
     406
     464
     420
     443
     433
     431
     456
     463
     458
     422
     437
     477
     485
     568
     574
     624
     718
     762
     790
     838
     927
     943
     911
     925
     865
     789
     833
     755
     697
     625
     599
     544
     472
     503
     471
     481
     473
     483
     445
     524
     538
     546
     593
     566
     612
     620
     601
     583
     583
     572
     523
     521
     537
     463
     463
     432
     443
     439
     443
     422
     416
     364
     442
     422
     414
     417
     420
     434
     441
     442
     458
     416
     432
     429
     420
     455
     416
     446
     434
     421
     436
     419
     444
     448
     416
     405
     423
     421
     427
     434
     443
     450
     437
     456
     464
     459
     491
     445
     439
     463
     444
     464
     449
     436
     420
     366
     389
     423
     445
     440
     411
     408
     422
     423
     423
     424
     429
     397
     412
     395
     410
     410
     424
     424
     408
     417
     427
     418
     415
     421
     435
     414
     375
     398
     387
     435
     373
     404
     454
     393
     404
     377
     416
     409
     435
     454
     496
     434
     498
     506
     490
     517
     476
     517
     491
     490
     442
     444
     443
     412
     370
     371
     389
     408
     411
     421
     412
     364
     410
     404
     405
     382
     401
     387
     350
     353
     424
     369
     409
     348
     389
     398
     380
     392
     344
     383
     382
     422
     388
     335
     357
     362
     405
     390
     377
     419
     373
     389
     374
     387
     376
     386
     388
     383
     377
     413
     380
     413
     362
     377
     393
     382
     379
     402
     375
     365
     392
     369
     389
     429
     390
     378
     416
     387
     389
     395
     362
     378
     411
     373
     403
     406
     390
     368
     391
     384
     375
     367
     365
     384
     373
     375
     386
     394
     371
     379
     372
     362
     370
     362
     373
     402
     326
     371
     355
     384
     375
     368
     413
     374
     379
     388
     387
     414
     365
     387
     409
     373
     390
     435
     425
     404
     400
     398
     401
     395
     439
     408
     427
     417
     467
     469
     503
     467
     555
     501
     497
     490
     502
     500
     500
     428
     459
     408
     442
     397
     417
     385
     391
     374
     347
     384
     344
     385
     403
     390
     387
     365
     375
     386
     398
     353
     391
     384
     394
     409
     414
     438
     420
     445
     439
     428
     404
     436
     444
     427
     406
     371
     376
     379
     361
     354
     344
     339
     349
     375
     350
     338
     344
     321
     369
     328
     331
     359
     373
     327
     348
     353
     366
     330
     390
     334
     359
     338
     378
     341
     359
     371
     363
     364
     376
     394
     396
     437
     454
     473
     456
     517
     484
     551
     581
     538
     534
     502
     492
     491
     488
     501
     437
     377
     391
     380
     405
     353
     335
     373
     332
     335
     392
     376
     401
     373
     339
     356
     370
     359
     363
     352
     370
     353
     358
     382
     369
     362
     340
     364
     346
     323
     364
     342
     378
     359
     324
     351
     343
     343
     352
     392
     338
     344
     363
     343
     374
     365
     360
     355
     347
     357
     357
     323
     342
     337
     382
     344
     348
     343
     298
     324
     358
     375
     345
     329
     351
     378
     339
     348
     340
     385
     372
     369
     368
     370
     344
     377
     351
     376
     359
     352
     342
     346
     384
     390
     369
     369
     413
     504
     556
     616
     689
     774
     905
    1026
    1152
    1249
    1315
    1378
    1383
    1319
    1358
    1189
    1130
    1013
     840
     687
     657
     609
     530
     408
     427
     393
     359
     332
     316
     315
     340
     305
     362
     290
     299
     321
     360
     342
     311
     337
     334
     319
     349
     322
     336
     341
     339
     332
     311
     307
     363
     375
     391
     403
     418
     503
     620
     791
    1137
    1445
    2016
    2719
    3825
    4968
    6343
    8174
    9883
   11635
   13415
   14744
   15514
   16068
   15908
   15062
   14036
   12669
   10787
    8888
    7265
    5643
    4354
    3162
    2264
    1637
    1177
     891
     638
     499
     381
     367
     346
     290
     274
     239
     274
     274
     271
     270
     278
     277
     277
     230
     266
     248
     280
     266
     244
     235
     244
     235
     269
     281
     260
     252
     252
     240
     245
     257
     250
     250
     267
     253
     232
     251
     267
     244
     283
     239
     229
     265
     269
     240
     251
     228
     258
     248
     228
     223
     275
     260
     242
     256
     241
     276
     240
     216
     274
     260
     273
     250
     229
     253
     250
     217
     245
     259
     269
     249
     259
     237
     281
     228
     260
     250
     255
     258
     250
     253
     247
     263
     258
     258
     278
     250
     247
     254
     272
     233
     274
     241
     230
     230
     246
     251
     229
     227
     262
     238
     226
     247
     227
     242
     232
     244
     220
     272
     239
     266
     231
     231
     235
     225
     224
     246
     228
     271
     219
     242
     217
     244
     223
     222
     208
     232
     243
     223
     226
     258
     240
     230
     253
     241
     234
     247
     229
     238
     254
     240
     229
     202
     239
     230
     226
     235
     239
     222
     230
     219
     239
     237
     237
     279
     240
     310
     279
     356
     363
     339
     341
     396
     383
     391
     434
     366
     358
     359
     333
     301
     278
     272
     294
     263
     229
     230
     253
     265
     222
     234
     240
     224
     208
     191
     199
     209
     189
     229
     231
     225
     227
     211
     245
     233
     225
     221
     228
     237
     254
     232
     227
     224
     217
     199
     213
     218
     250
     230
     215
     221
     273
     214
     248
     242
     248
     229
     233
     256
     239
     242
     228
     229
     233
     222
     212
     223
     250
     207
     202
     231
     188
     209
     202
     216
     215
     245
     219
     238
     222
     189
     237
     226
     197
     213
     213
     195
     170
     218
     219
     191
     220
     208
     196
     198
     220
     207
     238
     199
     208
     206
     192
     209
     215
     210
     189
     203
     172
     202
     202
     203
     193
     182
     196
     194
     198
     207
     194
     171
     197
     229
     199
     203
     193
     199
     215
     182
     217
     191
     215
     178
     215
     215
     190
     197
     208
     181
     199
     210
     202
     206
     200
     184
     181
     206
     199
     192
     224
     184
     218
     212
     192
     214
     192
     206
     196
     182
     181
     200
     222
     203
     221
     198
     188
     211
     178
     201
     210
     194
     196
     181
     193
     200
     191
     202
     196
     208
     215
     197
     200
     178
     199
     192
     189
     184
     185
     210
     160
     162
     221
     184
     211
     179
     180
     157
     181
     184
     184
     179
     192
     185
     183
     196
     177
     197
     177
     156
     166
     167
     178
     147
     195
     171
     196
     182
     206
     221
     172
     204
     209
     209
     188
     236
     209
     196
     228
     241
     218
     246
     222
     233
     214
     215
     226
     235
     215
     227
     208
     233
     204
     187
     209
     167
     185
     185
     169
     174
     176
     194
     172
     150
     178
     173
     172
     167
     176
     152
     160
     176
     214
     170
     157
     156
     178
     177
     183
     168
     181
     171
     165
     163
     186
     199
     164
     193
     195
     189
     188
     202
     184
     222
     182
     191
     205
     159
     181
     187
     182
     179
     184
     219
     192
     194
     223
     213
     194
     232
     226
     195
     223
     208
     213
     210
     175
     193
     186
     171
     157
     220
     173
     195
     163
     171
     173
     189
     169
     174
     173
     199
     176
     171
     162
     173
     171
     171
     148
     166
     148
     181
     197
     144
     157
     155
     166
     169
     173
     166
     174
     164
     175
     162
     151
     164
     147
     184
     167
     185
     163
     178
     154
     175
     150
     166
     142
     155
     173
     154
     166
     158
     172
     144
     150
     155
     171
     195
     172
     144
     168
     186
     170
     164
     177
     171
     178
     157
     165
     165
     174
     161
     172
     149
     167
     154
     147
     148
     140
     126
     144
     191
     166
     151
     137
     168
     158
     168
     165
     121
     157
     138
     139
     128
     165
     143
     168
     151
     168
     155
     163
     161
     144
     140
     157
     148
     141
     164
     157
     156
     169
     130
     140
     137
     145
     140
     146
     165
     142
     139
     158
     133
     134
     150
     143
     152
     154
     126
     144
     159
     168
     154
     135
     152
     144
     139
     170
     157
     177
     176
     164
     186
     207
     234
     234
     253
     258
     293
     289
     277
     283
     285
     296
     299
     274
     220
     253
     204
     183
     218
     188
     159
     137
     135
     163
     166
     134
     139
     143
     129
     138
     137
     150
     136
     130
     158
     126
     139
     136
     158
     140
     134
     139
     135
     139
     159
     127
     144
     147
     141
     150
     150
     133
     141
     152
     126
     132
     126
     142
     120
     137
     139
     141
     150
     126
     152
     140
     103
     166
     141
     133
     115
     125
     123
     134
     116
     142
     133
     159
     122
     141
     156
     130
     133
     118
     133
     131
     139
     150
     122
     145
     120
     112
     124
     143
     138
     122
     137
     122
     112
     141
     130
     123
     112
     120
     124
     130
     126
     138
     147
     121
     133
     142
     135
     140
     167
     158
     145
     141
     161
     160
     160
     175
     169
     185
     182
     173
     176
     174
     171
     173
     150
     150
     159
     151
     157
     176
     157
     172
     167
     181
     162
     162
     140
     150
     142
     141
     117
     136
     141
     133
     139
     136
     116
     136
     133
     151
     139
     156
     166
     213
     188
     231
     275
     336
     397
     429
     493
     542
     660
     619
     663
     742
     743
     703
     649
     604
     556
     482
     407
     352
     287
     248
     221
     182
     188
     148
     148
     124
     110
     121
     130
     116
     144
     104
     113
      99
      93
     119
     106
     119
     129
     115
     110
     106
     126
     129
     110
     104
     106
     119
     118
      99
     107
     128
     111
     108
     115
     122
     118
     104
     133
     128
     113
     107
     130
     127
     102
     108
     112
     121
     118
     107
      98
     132
     107
     113
     115
     126
     105
     112
     110
     108
      92
      98
     100
     116
      87
      82
     117
     118
     104
     139
     108
     103
      96
     103
      91
      92
     114
     112
     102
      94
     111
     113
     122
      94
     105
     111
      92
     124
     103
     110
     100
     120
     124
     105
     108
     130
     119
     130
     115
     151
     123
     147
     134
     118
     133
     103
     116
     110
     105
      96
     106
      89
     101
     115
     106
     110
     112
     110
      86
     112
     108
      85
      93
      95
     108
     111
     104
     106
     110
     112
      97
     110
     106
     109
     102
      96
     114
      99
     102
     110
     104
      99
     105
     101
     101
     109
     113
     116
     105
      91
      94
     100
     111
      76
      96
      92
      98
      97
     131
     100
     114
      99
      82
     108
      89
     120
      83
     115
     103
      93
     112
     102
     103
      96
     115
      99
     100
      99
     113
     128
     109
      95
     102
     109
      98
     102
      99
     103
      94
     104
     114
      90
      92
      98
     107
     100
      87
      94
      84
     106
     114
      89
      77
      94
      96
      99
     106
      88
      99
      89
     101
      95
      86
      75
     110
      76
      89
      95
      93
      92
     102
     127
      96
     102
      87
      87
      89
      85
      94
      90
      86
      94
     105
      94
      96
      91
      98
      91
      96
      93
      75
      69
      83
      88
      92
      96
      96
      94
     101
      93
      77
     105
      85
      88
      99
      82
     106
      89
      81
     111
      89
      97
     113
     111
      88
      95
      99
      86
      96
     108
      78
      97
      86
      85
     116
      83
      99
      73
      82
      98
      77
      90
      96
      78
      96
      83
      94
      88
      92
      89
      95
     111
     122
      90
      88
      83
      93
      71
      96
     102
      92
     104
      81
      94
     104
      97
     117
      88
     108
      99
     100
     103
     100
      97
      99
     106
     103
     106
     119
     112
      96
     121
     128
     124
     119
     125
     133
     130
     122
     130
     144
     131
     139
     134
      93
     102
      83
     122
      97
      75
      74
      79
      82
      97
      97
      90
      82
      77
      71
     101
      78
      98
      87
     103
      82
      92
      86
      92
      82
      85
      81
      89
      97
      88
      88
      97
      91
      77
      80
      78
     103
      78
      96
      94
      84
      78
      88
      83
     101
     105
     119
     131
     135
     141
     153
     145
     150
     150
     167
     200
     183
     174
     159
     128
     152
     153
     118
     118
     109
      94
      84
      90
     103
     123
      81
      87
      97
      85
      88
      76
      89
      89
      91
      97
     119
     128
     142
     171
     177
     188
     186
     231
     225
     241
     252
     299
     292
     240
     264
     205
     188
     174
     186
     126
     127
     113
     120
     113
     101
      96
      59
      84
      89
      79
      96
      80
      92
      78
      78
      72
      83
      70
      85
      90
      77
      75
      79
      61
      80
      77
      75
      98
      97
      82
     100
      85
      75
      93
      86
      73
      98
      70
      97
      64
      76
      82
      88
      74
      94
      83
      78
      88
      76
      89
      76
      69
      77
      72
      85
     100
      85
      68
      68
      82
      76
      77
      91
      80
      88
      66
      80
      78
      69
      77
      87
      84
      84
      96
      84
      89
      85
      77
      73
      88
      74
      85
      86
     123
      79
      86
      86
      88
      99
      96
      96
      94
      79
     107
     103
      84
      83
     103
      83
      69
      93
      86
      70
      82
      70
      94
      69
      79
      90
      83
      78
      77
      77
      68
      86
      67
      82
      99
      93
      65
      74
      77
      69
      90
      77
      73
      92
      76
      76
      84
      91
      98
     110
     133
     147
     193
     205
     264
     340
     416
     516
     648
     761
     834
     899
    1053
    1100
    1106
    1188
    1126
    1117
     977
     942
     863
     696
     604
     488
     445
     300
     276
     218
     197
     161
     133
      94
     102
      95
      84
      70
      83
      79
      75
      81
      85
      76
      81
      77
      87
      68
      80
      78
      78
      66
      70
      70
      62
      71
      67
      69
      59
      76
      70
      83
      74
      89
      83
      86
      70
      70
      79
      83
      88
      70
      97
      86
     103
      97
      97
      63
      97
      93
      70
      82
      86
      78
      84
      69
      73
      79
      67
      73
      76
      63
      64
      76
      71
      68
      64
      59
      65
      53
      72
      61
      65
      64
      62
      77
      64
      75
      58
      78
      51
      71
      83
      65
      72
      60
      68
      86
      76
      72
      66
      89
      67
      72
      83
      97
      91
     116
     104
     117
      95
     124
     126
     158
     147
     141
     163
     144
     159
     154
     162
     149
     151
     126
     132
     130
     122
     151
     176
     188
     237
     249
     292
     347
     404
     467
     512
     553
     564
     586
     566
     533
     483
     451
     438
     378
     328
     275
     276
     242
     211
     210
     185
     166
     176
     168
     171
     154
     162
     163
     153
     148
     133
     118
     120
     111
     109
      88
      78
      70
      70
      70
      55
      89
      58
      69
      55
      65
      64
      56
      61
      76
      61
      52
      64
      53
      56
      58
      59
      52
      65
      54
      67
      67
      65
      59
      71
      53
      56
      53
      60
      55
      67
      53
      46
      54
      66
      60
      64
      63
      62
      57
      72
      53
      49
      72
      67
      44
      68
      60
      58
      67
      66
      56
      46
      58
      43
      65
      55
      78
      74
      64
      59
      65
      64
      58
      48
      57
      56
      63
      62
      58
      49
      72
      49
      65
      52
      61
      54
      66
      61
      61
      73
      86
      85
      96
     123
     125
     177
     254
     322
     367
     468
     563
     735
     872
    1041
    1242
    1303
    1502
    1608
    1637
    1706
    1784
    1745
    1793
    1718
    1571
    1474
    1276
    1233
    1044
     886
     724
     620
     487
     357
     325
     250
     154
     136
     114
     100
     101
      97
      94
     107
     138
     163
     225
     311
     380
     505
     617
     806
     977
    1177
    1318
    1452
    1680
    1673
    1730
    1782
    1775
    1681
    1533
    1477
    1266
    1091
    1049
     844
     736
     607
     488
     388
     347
     279
     232
     176
     153
     128
      86
     105
      77
      59
      68
      65
      67
      60
      71
      79
      63
      55
      66
      72
      62
      58
      74
      60
      49
      56
      51
      54
      54
      58
      52
      56
      54
      39
      43
      57
      47
      63
      46
      65
      69
      73
      72
      60
      57
      78
      74
     124
     117
     126
     138
     169
     168
     181
     179
     151
     138
     166
     140
     164
     149
     185
     150
     187
     146
     179
     162
     171
     159
     181
     172
     141
     151
     136
     120
     113
      95
      83
      71
      56
      61
      55
      50
      41
      56
      56
      39
      42
      40
      55
      52
      50
      46
      49
      44
      50
      55
      61
      71
      74
      99
     114
     139
     196
     232
     308
     353
     444
     552
     628
     707
     851
     914
     979
     999
     986
     911
     951
     862
     727
     668
     578
     483
     383
     343
     246
     200
     160
     120
     100
      77
     105
      42
      52
      42
      50
      51
      37
      32
      42
      44
      39
      33
      49
      45
      42
      47
      50
      40
      49
      39
      45
      43
      39
      38
      42
      34
      37
      41
      42
      52
      49
      44
      41
      43
      38
      42
      38
      40
      51
      37
      40
      50
      44
      49
      49
      37
      29
      52
      40
      43
      51
      36
      41
      40
      40
      45
      53
      51
      46
      52
      42
      52
      52
      46
      48
      47
      58
      60
      36
      53
      45
      44
      48
      56
      38
      55
      45
      50
      39
      47
      48
      46
      44
      44
      62
      46
      48
      33
      47
      34
      45
      42
      45
      48
      44
      45
      41
      40
      43
      46
      45
      44
      33
      41
      45
      28
      44
      45
      35
      38
      51
      40
      30
      57
      48
      43
      34
      41
      35
      44
      48
      41
      37
      40
      48
      42
      38
      44
      53
      42
      41
      31
      38
      49
      52
      63
      34
      38
      46
      41
      36
      45
      33
      35
      47
      57
      37
      45
      38
      29
      46
      36
      39
      31
      47
      34
      36
      39
      53
      40
      44
      44
      36
      49
      47
      40
      43
      39
      43
      34
      41
      38
      51
      47
      33
      52
      41
      54
      37
      48
      52
      31
      36
      46
      42
      36
      45
      44
      42
      37
      46
      41
      34
      33
      41
      47
      40
      30
      46
      47
      47
      48
      49
      65
      62
      67
      65
      62
      66
      58
      68
      67
      61
      55
      53
      41
      41
      42
      38
      49
      38
      45
      47
      40
      46
      37
      49
      42
      44
      44
      43
      32
      49
      47
      37
      40
      50
      35
      36
      41
      45
      40
      30
      43
      37
      53
      48
      41
      35
      31
      35
      29
      48
      46
      47
      34
      42
      39
      52
      30
      45
      41
      33
      39
      58
      56
      57
      58
      72
      67
     125
     127
     131
     131
     140
     164
     168
     160
     221
     195
     180
     169
     170
     188
     175
     188
     173
     204
     207
     303
     330
     445
     467
     525
     624
     655
     796
     787
     818
     897
     855
     805
     718
     677
     602
     518
     459
     372
     299
     256
     209
     140
     119
     115
      82
      89
      66
      66
      83
      81
      93
     117
     123
     163
     165
     185
     183
     225
     219
     246
     240
     256
     235
     231
     239
     209
     171
     158
     152
     108
      99
      87
      82
      63
      43
      54
      32
      31
      43
      23
      35
      36
      37
      35
      39
      40
      38
      33
      45
      40
      59
      27
      50
      37
      31
      51
      45
      87
      99
     124
     179
     221
     319
     368
     481
     683
     875
    1055
    1278
    1432
    1743
    1873
    2199
    2418
    2462
    2492
    2442
    2319
    2076
    2078
    1880
    1530
    1364
    1180
    1001
     810
     654
     560
     459
     456
     417
     452
     423
     425
     451
     428
     457
     405
     415
     378
     405
     330
     275
     256
     214
     174
     157
     105
      94
      74
      56
      55
      51
      42
      37
      41
      37
      29
      21
      31
      23
      22
      37
      37
      42
      35
      42
      39
      57
      58
      67
      77
     107
     129
     173
     230
     226
     272
     314
     384
     412
     478
     451
     516
     515
     493
     450
     385
     412
     350
     291
     242
     197
     160
     160
     108
      87
      76
      68
      63
      60
      66
      44
      63
      65
      76
      90
     103
     116
     177
     186
     230
     290
     320
     362
     381
     398
     446
     437
     452
     455
     352
     387
     346
     311
     285
     253
     215
     205
     161
     160
     173
     153
     115
     109
     124
      99
      81
      90
      62
      65
      60
      40
      40
      45
      37
      35
      38
      20
      30
      27
      27
      24
      24
      25
      31
      19
      25
      26
      25
      32
      27
      25
      31
      24
      20
      29
      28
      25
      28
      32
      25
      29
      31
      30
      21
      30
      23
      22
      22
      23
      27
      17
      25
      17
      29
      30
      34
      19
      30
      32
      30
      33
      41
      23
      30
      22
      26
      26
      15
      22
      21
      29
      35
      22
      32
      22
      20
      39
      31
      39
      15
      25
      34
      30
      35
      26
      34
      45
      44
      43
      50
      45
      28
      39
      43
      40
      44
      43
      45
      38
      50
      49
      42
      41
      49
      65
      77
      94
     119
     140
     197
     215
     263
     307
     348
     396
     465
     514
     561
     627
     620
     688
     759
     709
     709
     767
     679
     630
     582
     574
     486
     407
     386
     293
     249
     228
     180
     147
      93
      90
      96
      70
      58
      42
      44
      37
      28
      28
      27
      35
      26
      41
      28
      37
      32
      29
      25
      25
      26
      30
      33
      24
      33
      27
      31
      27
      25
      27
      35
      27
      16
      29
      27
      25
      24
      30
      21
      27
      27
      21
      22
      32
      32
      25
      27
      24
      27
      36
      32
      38
      30
      40
      41
      57
      51
      65
      46
      46
      58
      65
      52
      57
      50
      38
      53
      48
      37
      43
      56
      49
      38
      34
      38
      42
      26
      32
      33
      34
      25
      25
      34
      24
      22
      24
      25
      35
      27
      16
      24
      30
      28
      31
      25
      23
      30
      23
      36
      17
      20
      25
      26
      24
      26
      22
      30
      20
      39
      16
      22
      21
      26
      21
      19
      17
      20
      29
      21
      27
      27
      31
      28
      23
      23
      17
      27
      24
      21
      29
      32
      27
      22
      30
      29
      31
      34
      27
      17
      27
      34
      27
      26
      32
      33
      30
      16
      11
      29
      26
      29
      27
      20
      17
      23
      19
      23
      23
      41
      36
      24
      31
      30
      38
      28
      29
      28
      28
      30
      24
      27
      25
      24
      36
      23
      32
      22
      23
      23
      28
      22
      23
      33
      14
      28
      24
      30
      21
      24
      27
      23
      30
      25
      25
      28
      20
      19
      16
      29
      28
      14
      24
      16
      29
      26
      27
      22
      22
      25
      22
      23
      21
      16
      21
      27
      26
      30
      26
      27
      26
      38
      40
      27
      33
      29
      38
      33
      28
      25
      28
      51
      32
      27
      36
      26
      43
      29
      22
      20
      24
      33
      28
      35
      43
      56
      68
      80
     118
     153
     203
     312
     381
     520
     604
     870
     894
    1129
    1307
    1536
    1707
    1917
    2002
    2106
    2089
    2122
    2046
    1873
    1695
    1546
    1397
    1170
     998
     789
     609
     489
     361
     302
     224
     182
     161
      82
      93
      76
      74
      76
      66
      69
      66
      72
      61
      65
      57
      61
      65
      46
      51
      62
      51
      35
      36
      25
      26
      29
      22
      28
      23
      27
      27
      22
      27
      14
      23
      23
      24
      20
      23
      19
      28
      23
      25
      23
      19
      30
      17
      28
      33
      30
      38
      40
      47
      57
      69
      73
      86
      92
      98
      96
      96
      79
      81
      86
      88
      80
      69
      53
      62
      49
      39
      40
      29
      33
      34
      31
      20
      20
      18
      12
      20
      29
      20
      20
      17
      28
      25
      27
      24
      38
      38
      39
      38
      52
      73
      83
      78
     110
     107
     117
     158
     143
     160
     177
     186
     182
     182
     192
     175
     154
     132
     116
     115
      85
      84
      68
      71
      49
      38
      34
      22
      39
      29
      26
      28
      33
      20
      21
      27
      24
      31
      21
      22
      17
      19
      24
      26
      18
      18
      15
      28
      38
      23
      32
      39
      37
      50
      55
      67
      65
      67
      91
      98
      99
     103
     119
     119
     110
      99
      96
     101
      91
      95
      81
      65
      77
      58
      58
      54
      30
      33
      28
      25
      27
      25
      23
      16
      22
      22
      36
      23
      28
      23
      18
      15
      31
      20
      19
      13
      18
      26
      30
      16
      31
      23
      26
      21
      29
      19
      27
      21
      35
      33
      22
      39
      32
      31
      34
      28
      22
      27
      24
      24
      26
      29
      27
      12
      26
      20
      20
      32
      28
      20
      29
      17
      21
      22
      25
      22
      24
      20
      20
      21
      24
      12
      23
      13
      16
      24
      21
      33
      16
      15
      23
      25
      24
      39
      19
      25
      24
      22
      22
      17
      26
      32
      42
      38
      21
      20
      20
      34
      36
      34
      36
      25
      36
      29
      35
      34
      24
      22
      27
      26
      17
      20
      26
      18
      20
      30
      25
      19
      28
      21
      21
      25
      22
      24
      25
      22
      18
      21
      19
      19
      29
      28
      28
      20
      31
      30
      23
      20
      28
      22
      19
      22
      15
      34
      19
      19
      22
      20
      17
      29
      30
      20
      18
      18
      16
      19
      22
      15
      21
      22
      20
      24
      16
      22
      20
      23
      35
      31
      14
      24
      24
      18
      23
      20
      19
      23
      24
      28
      18
      27
      19
      23
      25
      20
      30
      21
      12
      20
      15
      19
      17
      20
      19
      25
      31
      24
      27
      19
      19
      27
      24
      17
      22
      28
      28
      26
      23
      24
      35
      30
      23
      20
      29
      26
      21
      31
      25
      35
      17
      25
      26
      15
      23
      20
      20
      19
      10
      15
      16
      19
      16
      21
      26
      24
      17
      23
      22
      27
      16
      25
      16
      25
      27
      23
      29
      25
      27
      39
      27
      21
      31
      38
      32
      33
      29
      22
      34
      31
      31
      35
      26
      31
      21
      20
      22
      17
      21
      26
      24
      19
      13
      18
      24
      20
      24
      20
      17
      20
      19
      17
      23
      22
      22
      21
      26
      19
      17
      20
      26
      21
      19
      19
      15
      27
      19
      18
      11
      15
      17
      22
      14
      20
      16
      30
      27
      23
      15
      22
      26
      21
      27
      31
      23
      33
      41
      39
      58
      67
      98
     106
     135
     173
     182
     201
     254
     247
     256
     285
     290
     250
     226
     236
     247
     200
     214
     168
     126
     140
     104
      83
      78
      60
      46
      34
      43
      32
      27
      26
      27
      26
      28
      28
      13
      22
      19
      19
      26
      30
      25
      27
      30
      28
      27
      31
      36
      34
      27
      36
      34
      47
      38
      40
      39
      30
      32
      33
      18
      27
      21
      27
      29
      25
      18
      14
      21
      19
      23
      14
      14
      18
      10
      16
      20
      19
      18
      15
      17
      19
      21
      20
      26
      24
      17
      18
      19
      20
      14
      23
      22
      18
      30
      14
      25
      17
      23
      21
      23
      15
      23
      20
      17
      15
      13
      19
      18
      23
      24
      21
      12
      25
      18
      21
      22
      31
      28
      21
      31
      25
      15
      29
      23
      33
      21
      24
      22
      22
      26
      21
      32
      21
      27
      20
      24
      23
      21
      25
      27
      17
      11
      26
      18
      20
      27
      22
      20
      23
      24
      17
      21
      15
      27
      26
      22
      14
      15
      19
      18
      21
      22
      26
      16
      22
      26
      11
      22
      23
      23
      16
      18
      13
      23
      28
      28
      24
      23
      28
      17
      16
      19
      21
      27
      28
      28
      21
      19
      19
      18
      15
      14
      21
      15
      23
      22
      25
      24
      23
      18
      23
      22
      20
      25
      16
      24
      15
      16
      19
      22
      14
      17
      21
      15
      18
      23
      20
      25
      32
      24
      11
      27
      21
      23
      24
      22
      30
      19
      17
      24
      26
      27
      29
      19
      14
      22
      21
      18
      26
      28
      28
      22
      26
      23
      12
      18
      26
      17
      22
      19
      24
      24
      18
      18
      25
      20
      18
      26
      13
      20
      25
      21
      20
      19
      17
      24
      22
      18
      16
      22
      15
      29
      18
      26
      24
      20
      19
      36
      22
      31
      21
      13
      23
      30
      17
      26
      22
      23
      29
      22
      10
      20
      27
      21
      25
      29
      29
      28
      25
      22
      36
      31
      23
      28
      27
      27
      26
      26
      25
      17
      15
      19
      25
      21
      19
      18
      14
      20
      20
      29
      30
      20
      18
      30
      22
      20
      10
      19
      14
      12
      16
      19
      16
      30
      16
      22
      18
      20
      22
      21
      28
      27
      11
      19
      22
      22
      20
      17
      17
      20
      20
      20
      23
      17
      17
      20
      24
      17
      24
      17
      18
      15
      24
       9
      18
      21
      26
      18
      19
      25
      18
      19
      15
      25
      25
      29
      23
      21
      23
      19
      19
      16
      23
      12
      19
       7
      16
      15
      22
      20
      21
      10
      14
      13
      15
       9
      14
      21
      12
      15
      17
      13
      19
      12
      19
      19
      18
      12
      12
      24
      26
      27
      16
      23
      22
      29
      21
      21
      11
      13
      13
      21
      20
      14
      12
      18
      22
      20
      23
      16
      16
      14
      16
      26
      17
      13
      18
      16
      10
      14
      13
      18
      12
      16
      19
      10
      12
      23
      16
      15
      18
      11
      12
      14
       9
      13
      22
      14
      25
      18
       9
       9
      17
      20
      25
      14
      15
      14
      23
      21
      18
       8
      30
      17
      18
      27
      14
      18
      13
      10
      23
      25
      14
      12
      17
      20
      18
      20
      20
      22
      21
      16
      15
      15
      22
      13
      14
      17
       7
      18
      16
      12
       9
      15
      17
      16
      21
      21
      12
      16
      15
      15
      17
      11
      17
      10
      12
      13
      15
      17
      12
      15
      16
      16
      21
       7
      14
      17
      16
       9
      18
      15
      12
      13
      14
      16
      17
      14
      16
      13
      23
      23
      19
      15
      17
      15
      14
       9
      19
      14
      20
      11
      15
      16
      20
      24
      13
      13
      13
       9
      11
      14
      12
      14
      10
      18
      12
      20
      18
      17
      12
       9
      17
       9
      16
      18
      13
      15
      15
       9
      16
      18
      17
      13
       8
      13
      17
       9
      14
      14
       8
      14
      13
      16
      21
      18
      23
       9
      15
      11
      21
      23
      20
      14
      13
      13
      16
      14
       7
      13
      14
      18
      16
      16
      10
      19
      22
      14
      10
      13
      17
      18
       9
      10
       8
      11
      16
      17
       9
      18
       9
      13
      15
      13
      13
      14
      10
      19
      22
      15
       9
      12
      17
       9
       9
      16
      18
       8
      11
      29
      12
      13
       8
      11
      12
      15
      18
       8
      15
      11
      10
      11
      21
      15
       7
      12
       6
      17
      16
      10
      15
       6
      18
       9
      10
       9
      12
      22
      11
      14
      14
       9
      14
       9
      18
      24
       7
       9
      16
      16
      13
      10
      14
      17
      18
      12
      12
      20
      10
       7
      16
       8
      11
      13
      12
      14
      12
      16
      15
      15
       7
      10
      12
      11
      16
      11
      10
      16
       8
      14
       9
      25
      16
      13
      11
      20
       7
       5
      10
      14
      16
      15
      17
      11
       8
      10
      11
      17
      13
      11
       8
      14
      12
      16
      11
      12
      15
      13
      10
       8
       7
      10
      10
      15
      10
       8
       8
      12
      11
      11
      11
      12
      14
      10
      11
      19
      13
      15
      22
      18
      13
      13
      11
      12
      13
      15
       9
      11
      15
      12
      15
      11
      21
      11
      10
      20
      13
      16
      19
      13
      18
      17
      20
      20
      23
      15
      23
      15
      17
      25
      28
      18
      16
      23
      23
      18
      25
      21
      23
      28
      15
      19
      15
      12
      21
      16
      25
      15
      14
      19
      18
      20
      22
      25
      21
      18
      12
      34
      10
      17
      10
      22
      23
      20
      26
      10
      12
      15
      19
      22
      24
      10
      10
      14
      14
      14
      15
      20
      12
      22
      21
      22
      19
      17
      17
      12
      15
      13
      12
      13
      14
      12
      12
      13
      16
       6
      14
      10
       8
      12
      14
      14
      11
      12
      14
      15
      14
      15
      15
      14
      11
      13
      10
      15
      10
      19
      14
      12
      14
       9
       8
      19
      13
      16
      16
       6
      13
      13
      13
      13
      11
      15
      18
      18
      16
       9
      19
      16
      14
      11
      17
      16
      20
      14
      14
      18
      11
       7
       9
      12
      13
      11
      14
      10
      11
      11
      15
      20
      19
      13
       9
       9
       9
      18
       7
      18
      13
      16
      10
      15
      13
       9
      11
       8
       7
       7
      11
      14
      10
       8
       9
       7
      16
      14
      11
      11
      11
      10
      15
      10
      11
      17
      14
      11
      16
       9
      13
      10
       9
      12
      13
      13
       6
      15
      15
      11
       6
       8
       9
      10
      11
      10
      13
       8
      16
       6
      10
      13
       9
       9
      13
      13
       6
       7
       9
      15
      13
      12
       9
      10
      12
      16
      15
      14
      14
      16
      21
       9
      18
       5
      10
      11
       4
       9
      17
      10
      13
       7
      12
      12
      13
      10
       6
      11
      16
       7
       9
      14
      13
      11
       8
       7
      14
      13
      20
      13
       8
      11
      14
      13
      14
      11
      19
       7
      14
      16
      15
      12
      22
      18
      22
      14
      11
       7
      10
       7
      13
      13
      11
      14
      14
      14
      10
       9
      17
       5
      13
      14
      11
      11
      11
      14
       9
       9
      15
      16
       9
      11
      11
       6
      19
       9
      10
       6
       8
       6
       9
      18
      14
      11
      11
      14
      10
      10
       8
      16
      16
       7
      12
       9
       5
       8
       9
      10
       9
       8
       5
      17
      10
      12
      11
      15
       9
      11
      12
       9
      10
       8
       8
      15
       7
      10
      11
      10
      11
       7
       9
      12
       9
       7
       5
      11
      15
       5
       8
      12
      10
      12
      13
      12
      12
      12
      14
       8
       5
       6
      10
       7
      11
      13
       8
       9
       9
       5
       9
       6
       8
       8
      17
       8
       8
       7
       8
      11
       5
      10
       8
       8
       8
      10
       6
       9
      12
      13
       9
       9
       9
       7
       8
      10
       9
       7
      13
      10
       5
       9
       6
      11
      11
       9
       8
      10
      11
      16
       9
       5
       8
       9
       7
       9
      11
       5
       4
      11
      10
      10
       8
       9
      11
       8
       9
       8
       5
       9
       7
       7
       7
      11
      12
       6
       6
      11
       7
       9
       7
      11
      10
       8
      11
       3
       9
      11
       7
      19
      12
       8
      11
       8
      11
      13
       9
       9
       6
      15
       6
       5
       7
       9
       7
       8
       6
       5
      12
       4
       8
      12
       8
       7
       3
       6
      13
       8
       9
      11
       5
       9
       8
      14
       6
      12
       8
      11
      10
       8
       9
       7
       5
       7
       8
       6
       2
      11
       3
      11
       7
      10
       7
       9
       6
       4
       6
       5
      13
       7
       8
      10
      11
      10
       6
       6
       6
       8
      10
       5
       9
       6
      11
       7
       7
       6
       5
       4
       7
       4
       6
      11
      12
       5
       7
       7
       9
       8
      10
       7
      12
      12
       9
       8
       9
       6
       8
       9
       3
      14
       9
      12
       8
      11
      10
       9
       8
       7
       7
       9
       8
      11
      10
       3
       8
       3
       4
       9
      10
      10
       6
       3
       4
       8
       8
       5
       7
       3
       8
       5
       7
       8
      12
       6
       8
       5
       7
       6
       9
      13
      13
       8
       6
       8
       7
       7
      10
       9
       7
       5
       6
       8
       5
       5
       5
       6
       8
       5
      13
       6
       7
      12
      11
       6
       7
       3
      11
       6
       4
       8
       8
       6
       6
      10
       9
      11
       4
      14
       9
       8
       6
       7
       9
      12
       4
       9
       3
       4
      10
       7
       6
       6
       9
       8
       4
      10
       9
       5
       4
       7
       5
      11
      11
       6
       8
       7
       7
       8
       6
       5
       9
       8
       8
       4
       5
       7
      10
       5
       7
       2
      10
       4
       6
       4
       4
       5
       7
       6
       4
       6
       7
       5
       7
       5
       4
       4
       9
       4
       8
      14
       7
       8
       6
       6
       8
      11
       8
       5
       8
       9
       9
       6
       6
      10
       6
       6
      11
       5
       5
       4
       6
       9
      10
       6
       2
       9
      14
       7
       6
       6
       5
       6
       6
       8
      10
       8
       5
       6
       9
       4
       6
      10
       4
      10
       7
       7
       4
       5
       4
       6
       8
       5
       5
       4
       6
       7
      11
       9
       6
       5
       7
       3
       2
       8
       6
       7
       7
       7
      10
      14
       7
       4
       9
       5
       3
       7
       7
       6
      12
       2
       6
       6
       6
       9
       6
       7
       9
       5
      11
      11
       5
       3
       7
       4
       5
       6
       6
       3
       6
       5
       9
       7
       8
      12
       5
       8
       4
       7
       8
       9
       7
      11
       3
       8
      13
       7
       5
       5
       4
       6
       9
       5
       6
       8
       6
       5
       5
       7
       9
       8
       3
       7
       3
      10
       6
       5
       4
      13
       8
       5
       3
       4
       3
       5
       6
       7
      11
      11
       4
       4
       3
       7
       4
       7
       8
       9
       2
       3
       5
       6
       5
       6
       6
       4
       9
       4
       5
       6
       5
       7
       4
       8
       9
      11
       6
       8
       7
      16
       8
       3
      12
       5
      13
       9
       4
       8
       5
       4
       6
       7
      10
      10
       9
       5
       6
       4
       8
       7
       6
       6
       5
       7
       4
       5
       7
       7
       7
       4
       4
       6
       7
       9
       4
       7
       6
       7
       2
       5
       5
       4
       4
       7
       4
       2
      11
       7
       5
       3
       4
       2
       3
       6
       8
       9
       6
       5
       9
       7
       3
      11
       7
       6
       3
       4
       3
       3
       4
      11
       9
       6
       4
       6
       6
       5
       4
       4
       7
       2
       8
       2
       1
       8
       6
       3
       7
       6
       8
       4
       8
       7
       5
       6
       9
       5
       9
       9
       2
       8
       5
       7
       8
       1
       3
      10
       8
      10
       8
       9
      14
      19
      23
      11
      29
      23
      16
      24
      25
      18
      22
      17
      25
      24
      25
      19
      20
      21
      21
      12
      10
      14
      12
      12
       6
       4
       6
       3
       9
       7
       2
       8
       9
       5
       7
       7
       6
       5
       3
       3
      10
      12
       7
       6
       1
       4
       6
       7
       5
       9
      11
       6
      10
       6
      11
       9
       6
       7
      10
       6
       6
      13
       8
       5
      10
       6
       6
       9
       3
       3
       9
       1
       4
       2
       4
       4
       4
       9
       3
       8
       5
       6
       7
       4
       7
       7
       4
      14
       6
       9
       1
       9
      10
       7
       4
      11
       9
       5
      11
       6
      10
      11
       5
      14
       5
      10
      15
      13
      11
      11
      12
      13
       7
       7
       8
       7
       6
       5
       6
       5
       7
       8
       4
       5
       4
       2
       5
       4
       7
       7
       7
       7
       9
       8
       7
       3
      11
       4
       6
       8
       4
       6
       8
       5
       9
       8
       5
       5
       3
       5
       2
       6
       4
       3
       5
       3
      10
      10
       2
       4
       4
       6
       4
       3
       8
       5
      10
       7
       8
       6
       3
       5
       5
       5
       8
       2
       2
       2
       5
       6
       2
       7
       1
       5
       7
      10
       4
       9
       8
       7
      11
      10
      10
      16
      20
      16
      12
      14
      17
      11
      22
      20
      23
      12
      20
      10
      11
      19
      16
      13
       8
      13
      13
       6
       9
       7
       9
       4
       1
       6
       5
       2
       5
       7
       2
       7
       3
       7
       4
       7
       2
      10
      10
       3
       5
       7
      12
       4
       4
       4
       5
       4
       4
       9
       6
       6
       4
       1
       5
       4
       3
       3
       4
       3
       4
       5
       5
       4
       4
       5
       3
       5
       4
       3
       4
       4
       5
       1
       2
       4
      10
       3
       4
       5
       7
       6
       5
       4
       5
       7
       6
       4
       4
       4
       6
       7
       4
       8
      10
       5
       6
       3
       5
       3
       2
       4
       5
       4
       9
       5
       8
       3
       8
       3
       4
       6
       2
       6
       4
       1
       4
       0
       1
       7
       6
       5
       4
       4
       2
       4
       2
       5
       4
       2
       3
       3
       6
       5
       6
       6
       7
       4
       3
       5
       5
       4
       5
       5
       2
       4
       6
       5
       1
       4
       5
      10
       3
       4
       8
       9
       3
       9
       4
       9
       6
      11
       9
       9
      13
      12
      12
      16
      16
      15
       7
       7
      12
       0
       7
       6
       7
       6
      10
       6
       7
       4
       7
       3
      11
       7
       3
       4
       5
       7
       6
       6
       2
       3
       5
       1
       6
       5
       8
       6
       3
       2
       7
       7
       7
       1
       3
       5
       6
       3
       5
       9
       7
       5
       6
       7
$ENER_FIT:
0.000000 0.075000
$PRESETS:
Live Time (sec)
0
0
$RT:
0.020000
$DT:
0
$ISO_DECL_PU:
SMPLNAM: IDB-806
SEPDATE: 01/01/1900 00:00:00
PU238: 0.1084 
DPU238: 0.4613
PU239: 77.72 
DPU239: 0.0014
PU240: 19.7679 
DPU240: 0.0147
PU241: 1.84 
DPU241: 0.1087
PU242: 0.5637 
DPU242: 0.2129
AM241: 1.5754 
DAM241: 0.8315
DATE: 01/01/1900 00:00:00
PU240EFF: 20.9881
DPU240EFF: 0.0176
$ADC:
8192
0
8191