$APPLICATION_ID:
IDB v.1.0
$SPEC_REM:
Material type: Pu
Material form: Pellet
Material compound: PuO2
Pu isotopics:
238Pu 1.103
239Pu 65.268
240Pu 26.789
241Pu 2.199
242Pu 4.641
241Am 8.037
Detector: HPGe (Geometry: BEGe, Size: Falcon 5000)
MCA: Integrated MCA
$DATE_MEA:
04/26/2011 21:14:00
$MEAS_TIM:
0 0
$DATA:
0 8191
       0
       0
       0
       0
       0
       0
       0
       0
       0
       0
       0
       0
       0
       0
       0
       0
       0
       0
       0
       0
       0
       0
       0
       0
       0
       0
       0
       0
       0
       0
       0
       0
       1
       1
       1
       1
       1
      37
     357
     885
    1218
    1474
    1665
    1794
    1740
    1803
    1765
    1828
    1848
    1878
    1867
    1922
    1839
    1787
    1793
    1777
    1732
    1752
    1724
    1718
    1649
    1679
    1603
    1640
    1664
    1562
    1632
    1541
    1586
    1588
    1556
    1617
    1495
    1525
    1403
    1516
    1545
    1540
    1509
    1452
    1370
    1542
    1477
    1398
    1444
    1455
    1461
    1410
    1375
    1438
    1390
    1389
    1400
    1335
    1340
    1303
    1340
    1329
    1267
    1349
    1371
    1309
    1283
    1212
    1282
    1298
    1253
    1248
    1295
    1225
    1200
    1248
    1182
    1194
    1247
    1181
    1228
    1168
    1188
    1147
    1100
    1184
    1192
    1118
    1164
    1161
    1109
    1165
    1150
    1088
    1140
    1114
    1051
    1124
    1141
    1048
    1073
    1101
    1142
    1062
    1135
    1058
    1083
    1062
    1030
    1036
    1100
    1006
    1096
    1101
    1060
    1038
    1032
    1057
    1041
    1037
    1056
    1117
    1042
    1060
    1061
    1054
    1062
    1078
    1044
    1118
    1066
    1014
    1032
    1061
    1037
    1068
    1043
    1048
    1031
    1048
    1055
    1064
    1035
    1079
     979
     955
    1047
     977
    1003
     984
     959
     940
     992
     972
     952
     952
     956
     943
     979
     897
     964
     976
     912
     945
     952
     915
     954
     947
     947
     952
     918
     961
     952
     908
     923
     960
     883
     938
     937
     923
     954
     919
     940
     927
     942
     929
     937
     943
     927
     851
     967
     909
     896
     913
     928
     824
     906
     912
     878
     917
     909
     965
     966
     915
     879
     836
     869
     911
     870
     904
     876
     862
     841
     904
     934
     909
     913
     905
     851
     885
     939
     871
     872
     860
     892
     927
     904
     828
     922
     885
     925
     903
     929
     898
     929
     889
     928
     898
     913
     911
     960
     892
     923
     986
     961
     907
     948
     960
     977
     909
    1065
    1068
    1089
    1088
    1253
    1185
    1319
    1327
    1405
    1463
    1436
    1472
    1345
    1386
    1367
    1341
    1440
    1474
    1601
    1553
    1727
    1849
    2022
    2043
    2060
    1959
    1986
    1724
    1701
    1452
    1262
    1218
    1114
    1128
    1047
    1041
     941
    1012
     995
     998
    1017
     985
    1003
    1078
    1091
    1063
    1019
    1138
    1079
    1071
    1017
    1071
    1055
    1073
    1011
    1095
    1075
    1095
    1034
    1201
    1241
    1348
    1316
    1399
    1416
    1349
    1309
    1271
    1209
    1225
    1118
    1074
     985
     955
     991
     928
     904
     909
     865
     883
     876
     894
     816
     831
     846
     847
     858
     895
     833
     877
     820
     819
     796
     832
     815
     818
     863
     790
     834
     782
     823
     817
     804
     822
     817
     785
     798
     829
     859
     819
     802
     796
     814
     845
     869
     777
     766
     789
     809
     804
     744
     813
     778
     791
     786
     794
     793
     799
     771
     782
     770
     773
     795
     786
     826
     795
     747
     807
     812
     792
     766
     761
     735
     778
     791
     819
     790
     762
     757
     774
     760
     785
     727
     788
     759
     760
     801
     811
     763
     824
     779
     805
     792
     773
     794
     761
     784
     770
     756
     860
     838
     827
     771
     825
     799
     857
     828
     861
     811
     872
     839
     827
     824
     810
     830
     870
     876
     818
     877
     872
     870
     896
     909
     912
     934
     948
     926
     898
     961
     975
     904
     950
     950
     958
     974
    1030
     971
     961
    1021
     989
     974
     979
    1032
     969
     975
     993
    1036
    1088
    1035
     983
    1071
    1085
    1112
    1078
    1091
    1053
    1051
    1079
    1107
    1066
    1133
    1130
    1124
    1176
    1186
    1140
    1168
    1168
    1199
    1176
    1186
    1195
    1235
    1210
    1298
    1272
    1248
    1236
    1279
    1240
    1253
    1347
    1292
    1294
    1363
    1214
    1304
    1298
    1295
    1337
    1277
    1339
    1384
    1440
    1373
    1373
    1383
    1383
    1385
    1327
    1387
    1393
    1437
    1438
    1475
    1466
    1421
    1512
    1537
    1485
    1482
    1606
    1585
    1639
    1611
    1672
    1633
    1697
    1551
    1722
    1858
    1757
    1767
    1825
    1860
    1894
    1911
    1875
    1924
    2010
    2101
    2043
    2122
    2211
    2130
    2304
    2298
    2378
    2345
    2379
    2465
    2488
    2588
    2626
    2629
    2680
    2663
    2755
    2870
    2986
    2918
    2881
    3035
    3122
    3094
    3164
    3279
    3227
    3371
    3436
    3497
    3514
    3585
    3585
    3788
    3733
    3955
    3889
    3898
    4112
    4062
    4140
    4303
    4435
    4303
    4616
    4644
    4798
    4904
    5064
    5166
    5223
    5507
    5713
    6023
    6322
    6305
    6800
    7046
    7524
    7963
    8349
    8532
    9027
    9497
    9870
   10537
   10653
   11374
   11560
   11980
   12263
   12618
   12873
   13088
   13337
   13542
   13712
   13834
   13778
   14035
   13700
   13975
   13643
   13820
   13707
   13395
   13369
   13344
   13009
   12803
   12790
   12310
   12228
   12017
   11298
   11301
   11081
   10807
   10382
    9841
    9723
    9518
    9245
    8942
    8504
    8090
    7777
    7562
    7204
    6976
    6779
    6254
    6245
    5851
    5536
    5364
    5041
    4872
    4525
    4424
    4118
    3864
    3774
    3537
    3313
    3270
    3030
    2930
    2724
    2565
    2349
    2304
    2154
    2189
    2007
    1940
    1792
    1702
    1607
    1574
    1570
    1507
    1412
    1345
    1336
    1273
    1234
    1145
    1112
    1153
    1051
    1044
     992
     976
    1010
     965
     977
     993
     880
     897
     858
     905
     821
     818
     833
     837
     805
     787
     852
     846
     803
     817
     812
     735
     770
     763
     755
     768
     722
     779
     783
     803
     802
     768
     772
     801
     757
     783
     777
     759
     797
     867
     816
     831
     859
     846
    1022
    1244
    1317
    1657
    2157
    2843
    3781
    4582
    5683
    6635
    7814
    8420
    8448
    8426
    8012
    7108
    5975
    4905
    3893
    2974
    2214
    1625
    1275
    1014
     825
     773
     724
     691
     640
     645
     597
     672
     626
     637
     629
     639
     637
     651
     624
     687
     601
     658
     639
     630
     617
     634
     632
     623
     623
     646
     683
     642
     639
     657
     638
     658
     681
     639
     690
     686
     667
     691
     700
     702
     660
     665
     657
     686
     683
     711
     703
     649
     683
     695
     693
     718
     716
     675
     698
     685
     702
     699
     726
     704
     672
     700
     725
     708
     655
     718
     700
     688
     694
     706
     703
     744
     738
     718
     731
     742
     736
     714
     736
     769
     731
     745
     719
     735
     742
     696
     781
     783
     775
     779
     726
     736
     711
     817
     763
     853
     806
     739
     735
     785
     810
     780
     765
     784
     813
     787
     820
     799
     832
     833
     812
     863
     820
     839
     861
     850
     845
     858
     855
     878
     845
     879
     841
     844
     843
     861
     854
     865
     926
     893
     951
     942
     953
     923
     935
     942
     936
     934
     925
     952
     941
     962
     969
    1062
     961
     970
     966
     988
    1029
    1028
    1080
    1061
    1024
    1086
    1087
    1088
    1112
    1187
    1126
    1274
    1306
    1322
    1389
    1415
    1465
    1507
    1479
    1480
    1498
    1510
    1347
    1423
    1336
    1291
    1252
    1283
    1340
    1296
    1277
    1267
    1283
    1234
    1302
    1302
    1364
    1419
    1377
    1558
    1556
    1650
    1781
    1806
    1921
    1885
    1916
    1928
    1880
    1802
    1776
    1659
    1554
    1554
    1521
    1433
    1386
    1312
    1287
    1258
    1304
    1372
    1262
    1279
    1239
    1339
    1246
    1294
    1300
    1311
    1311
    1227
    1336
    1303
    1207
    1246
    1235
    1235
    1324
    1325
    1276
    1274
    1192
    1194
    1178
    1173
    1243
    1220
    1276
    1179
    1160
    1128
    1225
    1234
    1201
    1174
    1146
    1172
    1162
    1142
    1188
    1082
    1145
    1177
    1208
    1156
    1162
    1165
    1155
    1104
    1139
    1177
    1164
    1155
    1138
    1089
    1084
    1067
    1134
    1112
    1179
    1091
    1177
    1120
    1157
    1164
    1111
    1141
    1072
    1089
    1108
    1130
    1084
    1089
    1116
    1099
    1142
    1065
    1082
    1096
    1098
    1102
    1085
    1097
    1045
    1102
    1127
    1127
    1092
    1077
    1117
    1104
    1102
    1096
    1062
    1127
    1151
    1127
    1097
    1117
    1117
    1147
    1118
    1124
    1167
    1137
    1183
    1149
    1221
    1132
    1263
    1234
    1283
    1281
    1366
    1309
    1328
    1412
    1427
    1354
    1315
    1444
    1352
    1241
    1305
    1302
    1222
    1228
    1194
    1204
    1182
    1194
    1262
    1243
    1192
    1216
    1217
    1235
    1313
    1252
    1230
    1231
    1277
    1257
    1260
    1291
    1308
    1280
    1317
    1311
    1322
    1355
    1274
    1309
    1328
    1329
    1364
    1302
    1253
    1270
    1322
    1172
    1248
    1309
    1275
    1319
    1282
    1369
    1263
    1301
    1296
    1270
    1350
    1325
    1340
    1291
    1376
    1345
    1420
    1361
    1388
    1352
    1386
    1338
    1367
    1373
    1315
    1385
    1383
    1432
    1354
    1394
    1361
    1386
    1406
    1334
    1397
    1365
    1469
    1470
    1377
    1442
    1434
    1454
    1439
    1359
    1437
    1399
    1507
    1444
    1501
    1487
    1435
    1440
    1451
    1479
    1626
    1484
    1521
    1560
    1508
    1582
    1530
    1580
    1546
    1545
    1485
    1529
    1591
    1602
    1640
    1510
    1686
    1685
    1655
    1668
    1733
    1765
    1774
    1919
    1999
    2212
    2318
    2677
    2856
    3092
    3357
    3488
    3530
    3678
    3605
    3377
    3332
    2936
    2690
    2527
    2247
    2144
    2019
    1920
    1821
    1801
    1769
    1816
    1829
    1795
    1826
    1885
    1934
    1978
    2081
    2264
    2444
    2705
    3043
    3485
    3806
    4123
    4661
    4929
    5101
    5145
    5122
    4864
    4532
    4179
    3857
    3523
    3322
    3315
    3364
    3548
    4022
    4495
    5238
    6193
    7565
    8958
   10535
   12718
   15067
   17436
   19478
   21482
   22982
   24110
   24623
   23802
   22474
   20777
   18610
   16721
   14526
   12668
   11611
   10684
   10163
    9536
    9005
    8406
    7510
    7014
    6243
    5530
    5135
    4707
    4670
    4962
    5503
    6069
    6826
    7495
    8241
    8744
    8822
    8662
    8395
    7715
    6813
    5905
    5051
    4373
    3634
    3031
    2740
    2597
    2519
    2705
    3144
    3691
    4871
    6651
    8562
   11226
   14363
   17815
   20887
   24156
   26585
   27709
   28237
   27362
   25822
   23319
   20457
   17676
   15206
   13151
   11599
   10474
    9516
    8680
    8200
    7671
    7050
    6457
    5717
    5073
    4349
    3934
    3253
    2892
    2357
    2048
    1619
    1423
    1257
    1134
     989
     919
     956
     957
     858
     917
     861
     950
     910
     976
     944
    1012
    1016
    1099
    1149
    1144
    1212
    1278
    1325
    1284
    1226
    1280
    1148
    1097
    1100
    1015
     985
     922
     882
     899
     875
     824
     852
     873
     828
     852
     887
     864
     859
     890
     882
     894
     850
     891
     879
     878
     883
     855
     890
     845
     875
     938
     898
     958
     914
     912
     869
    1013
    1031
    1047
     989
    1082
    1215
    1255
    1427
    1547
    1615
    1861
    1918
    2142
    2207
    2273
    2284
    2328
    2415
    2424
    2698
    2711
    2965
    3064
    3249
    3480
    3389
    3602
    3335
    3164
    2981
    2728
    2498
    2125
    1923
    1673
    1496
    1327
    1257
    1172
    1191
    1112
    1176
    1208
    1357
    1428
    1555
    1751
    2036
    2201
    2547
    2668
    2852
    2946
    3091
    3101
    3319
    3334
    3334
    3581
    3866
    4238
    4655
    5019
    5396
    5728
    5975
    5915
    5798
    5528
    5095
    4519
    4122
    3608
    3182
    2811
    2483
    2277
    2095
    1921
    2006
    1806
    1866
    1840
    1873
    1859
    1912
    1933
    2083
    2156
    2297
    2352
    2391
    2483
    2529
    2451
    2474
    2463
    2478
    2661
    2875
    3070
    3472
    3742
    4077
    4307
    4627
    4615
    4606
    4439
    4242
    3975
    3792
    3377
    2863
    2666
    2357
    2196
    1949
    1864
    1601
    1671
    1601
    1533
    1482
    1408
    1344
    1282
    1239
    1125
    1072
    1118
    1027
    1040
    1018
     992
     950
     953
     993
     993
    1059
    1095
    1221
    1371
    1456
    1516
    1660
    1769
    1769
    1964
    1964
    1975
    1896
    1795
    1741
    1695
    1537
    1493
    1367
    1316
    1235
    1214
    1144
    1165
    1107
    1092
     988
     972
     917
     956
     901
     901
     852
     924
     986
    1116
    1208
    1362
    1526
    1667
    1858
    1976
    2141
    2095
    2047
    1975
    1820
    1601
    1525
    1362
    1234
    1066
     959
     853
     857
     790
     802
     749
     798
     755
     802
     944
    1094
    1263
    1466
    1752
    2284
    2926
    3566
    4271
    5143
    5764
    6210
    6634
    6672
    6390
    6136
    5378
    4595
    3946
    3170
    2415
    1908
    1608
    1239
     993
     919
     776
     731
     708
     671
     642
     638
     600
     603
     601
     580
     595
     615
     657
     649
     581
     637
     607
     584
     609
     585
     605
     592
     619
     663
     595
     646
     638
     662
     703
     755
     786
     904
    1009
    1144
    1354
    1496
    1682
    1885
    1946
    2100
    2121
    2076
    1979
    1837
    1714
    1489
    1278
    1196
    1021
     941
     814
     719
     669
     610
     601
     615
     579
     605
     573
     582
     571
     613
     595
     583
     566
     588
     622
     620
     607
     554
     576
     589
     642
     591
     623
     597
     561
     616
     581
     600
     569
     561
     610
     611
     610
     624
     621
     556
     633
     584
     595
     624
     619
     588
     666
     609
     620
     602
     627
     588
     579
     605
     591
     587
     608
     582
     570
     653
     583
     605
     605
     595
     614
     574
     570
     609
     602
     585
     586
     567
     577
     610
     569
     603
     578
     585
     644
     636
     592
     604
     594
     600
     627
     620
     625
     610
     588
     607
     584
     613
     637
     604
     615
     686
     611
     624
     597
     559
     619
     650
     595
     591
     618
     578
     585
     661
     630
     630
     590
     573
     619
     564
     631
     586
     644
     612
     640
     626
     622
     583
     607
     636
     638
     602
     640
     649
     636
     601
     628
     601
     622
     624
     600
     623
     628
     593
     617
     597
     599
     687
     652
     636
     643
     644
     628
     608
     638
     620
     623
     616
     626
     626
     689
     652
     616
     668
     668
     602
     640
     641
     646
     594
     633
     643
     621
     650
     644
     620
     648
     638
     642
     624
     615
     681
     613
     659
     599
     628
     670
     685
     633
     705
     673
     685
     715
     754
     703
     730
     733
     745
     746
     748
     689
     733
     701
     749
     716
     656
     675
     665
     649
     666
     674
     717
     628
     677
     671
     712
     681
     789
     836
     944
     964
    1083
    1250
    1323
    1565
    1704
    1834
    2003
    1919
    1974
    1912
    1754
    1669
    1506
    1410
    1238
    1032
     925
     927
     821
     815
     821
     825
     913
    1007
    1183
    1426
    1751
    2149
    2525
    3055
    3622
    4143
    4520
    4958
    5112
    5109
    4952
    4619
    4055
    3492
    2987
    2441
    2022
    1628
    1428
    1084
     991
     882
     824
     808
     824
     832
     850
     881
     829
     840
     852
     830
     863
     799
     718
     708
     715
     687
     699
     648
     636
     638
     671
     660
     640
     607
     604
     677
     726
     672
     658
     684
     756
     795
     873
    1081
    1153
    1374
    1654
    1957
    2091
    2417
    2515
    2578
    2666
    2651
    2513
    2243
    2048
    1761
    1608
    1309
    1117
     926
     810
     784
     762
     657
     611
     646
     653
     662
     636
     632
     584
     613
     647
     623
     596
     642
     657
     601
     617
     632
     568
     662
     648
     626
     614
     667
     652
     612
     626
     617
     602
     624
     656
     666
     591
     596
     640
     579
     606
     597
     638
     638
     606
     657
     617
     578
     578
     610
     617
     640
     655
     628
     622
     594
     639
     602
     619
     651
     658
     643
     649
     635
     659
     656
     638
     630
     619
     637
     606
     658
     668
     658
     608
     644
     629
     603
     657
     693
     685
     718
     734
     749
     812
     887
     944
     996
     974
    1028
    1124
    1063
    1119
    1080
    1076
    1030
    1014
     917
     872
     859
     747
     738
     675
     725
     720
     693
     736
     720
     697
     668
     684
     672
     636
     661
     689
     678
     641
     611
     647
     611
     661
     625
     660
     637
     615
     607
     610
     584
     620
     593
     604
     663
     645
     583
     675
     652
     650
     662
     711
     698
     872
     863
    1049
    1214
    1351
    1649
    1811
    1982
    2155
    2355
    2354
    2317
    2338
    2097
    1897
    1699
    1514
    1266
    1151
    1052
     860
     828
     786
     686
     705
     735
     761
     696
     701
     775
     671
     684
     672
     712
     653
     607
     634
     592
     644
     617
     590
     594
     618
     558
     574
     592
     556
     557
     534
     646
     596
     594
     590
     647
     599
     579
     622
     557
     603
     628
     570
     590
     627
     595
     608
     637
     663
     695
     727
     806
     844
     926
    1063
    1138
    1221
    1240
    1346
    1293
    1268
    1220
    1168
    1138
     997
     958
     807
     773
     686
     668
     668
     612
     638
     610
     574
     616
     613
     600
     653
     629
     594
     613
     634
     602
     678
     635
     664
     644
     639
     636
     585
     606
     615
     642
     587
     561
     581
     579
     557
     570
     573
     578
     580
     561
     503
     558
     564
     515
     594
     593
     553
     603
     581
     562
     600
     574
     564
     583
     564
     547
     599
     548
     581
     578
     589
     573
     623
     584
     628
     629
     662
     629
     631
     640
     598
     665
     630
     629
     622
     598
     587
     533
     564
     581
     597
     493
     532
     577
     513
     522
     576
     585
     553
     568
     568
     563
     576
     567
     550
     509
     543
     555
     557
     581
     530
     538
     579
     533
     522
     566
     522
     569
     534
     575
     555
     524
     551
     584
     575
     550
     551
     585
     540
     617
     594
     579
     605
     622
     536
     615
     544
     614
     562
     555
     587
     586
     543
     575
     552
     522
     583
     542
     553
     566
     556
     521
     520
     552
     565
     554
     569
     538
     524
     544
     561
     539
     476
     542
     551
     549
     513
     509
     532
     539
     572
     515
     512
     514
     536
     539
     486
     527
     556
     539
     551
     509
     518
     522
     554
     553
     514
     546
     570
     539
     558
     525
     521
     519
     555
     530
     542
     521
     565
     516
     531
     507
     500
     562
     537
     552
     535
     555
     479
     526
     528
     541
     528
     532
     495
     546
     531
     517
     552
     523
     556
     539
     540
     499
     536
     509
     529
     503
     546
     536
     494
     510
     517
     522
     563
     523
     517
     534
     511
     491
     567
     530
     534
     501
     554
     557
     540
     503
     581
     522
     486
     505
     535
     524
     533
     526
     522
     548
     540
     530
     492
     569
     567
     550
     541
     547
     540
     567
     538
     554
     583
     546
     550
     526
     510
     529
     545
     544
     538
     532
     523
     525
     540
     501
     556
     498
     518
     537
     519
     500
     508
     518
     544
     501
     533
     547
     555
     563
     567
     590
     611
     603
     573
     610
     626
     640
     633
     545
     507
     584
     551
     590
     518
     511
     520
     462
     503
     502
     505
     515
     469
     514
     504
     493
     489
     497
     499
     544
     532
     499
     470
     453
     466
     475
     481
     537
     469
     464
     494
     494
     487
     501
     494
     495
     544
     516
     532
     544
     530
     491
     558
     571
     591
     593
     562
     543
     541
     545
     542
     570
     526
     524
     534
     532
     480
     530
     477
     492
     505
     507
     476
     495
     491
     484
     516
     496
     518
     478
     550
     460
     496
     504
     534
     512
     477
     500
     533
     504
     470
     548
     510
     440
     507
     494
     517
     484
     480
     455
     499
     454
     468
     505
     429
     473
     454
     502
     474
     510
     495
     457
     497
     508
     493
     468
     468
     474
     504
     495
     485
     485
     477
     510
     469
     501
     486
     502
     522
     507
     531
     520
     507
     483
     478
     498
     472
     510
     488
     466
     439
     476
     479
     525
     481
     446
     456
     528
     507
     480
     557
     563
     604
     659
     656
     696
     752
     860
     943
     867
     908
     942
     962
     918
     920
     856
     788
     687
     615
     582
     588
     567
     504
     450
     499
     448
     469
     431
     472
     417
     419
     440
     453
     439
     470
     394
     459
     446
     445
     420
     447
     455
     452
     465
     453
     448
     426
     454
     455
     437
     445
     546
     529
     641
     788
     996
    1324
    1858
    2576
    3600
    5237
    7124
    9643
   12382
   15377
   18928
   22285
   25688
   28152
   29655
   30792
   30039
   28454
   26274
   23059
   20081
   16618
   12812
   10132
    7286
    5559
    3842
    2690
    1810
    1315
     879
     668
     537
     402
     387
     340
     333
     316
     340
     302
     291
     313
     290
     292
     301
     278
     302
     313
     308
     278
     276
     268
     294
     297
     281
     253
     291
     324
     284
     279
     298
     325
     287
     282
     306
     303
     286
     285
     313
     285
     297
     279
     275
     291
     293
     262
     298
     311
     296
     264
     270
     285
     288
     268
     268
     304
     302
     255
     290
     308
     275
     299
     279
     268
     294
     299
     276
     302
     274
     275
     277
     289
     283
     300
     262
     264
     290
     268
     287
     268
     282
     280
     250
     296
     281
     259
     298
     273
     263
     280
     283
     248
     284
     278
     286
     271
     273
     256
     264
     271
     283
     278
     244
     271
     278
     272
     302
     264
     292
     241
     272
     255
     275
     250
     271
     265
     283
     267
     271
     262
     288
     264
     297
     282
     280
     273
     268
     257
     249
     275
     285
     267
     264
     250
     263
     275
     229
     282
     256
     280
     258
     247
     256
     282
     251
     259
     239
     265
     264
     250
     261
     244
     275
     296
     281
     288
     333
     319
     363
     411
     426
     439
     476
     463
     531
     508
     533
     545
     468
     489
     420
     425
     372
     323
     344
     314
     277
     272
     268
     290
     256
     278
     247
     257
     266
     253
     245
     240
     271
     234
     257
     253
     223
     263
     217
     265
     228
     231
     226
     239
     214
     245
     234
     253
     233
     266
     246
     241
     240
     252
     237
     244
     252
     263
     226
     230
     263
     252
     228
     261
     264
     242
     225
     207
     234
     254
     253
     218
     257
     220
     218
     204
     241
     234
     222
     256
     249
     223
     219
     217
     234
     226
     220
     226
     269
     247
     241
     244
     243
     253
     183
     224
     256
     234
     251
     237
     224
     251
     251
     255
     240
     258
     234
     228
     201
     230
     215
     211
     225
     238
     235
     201
     255
     218
     265
     220
     238
     206
     244
     231
     255
     222
     249
     210
     200
     237
     220
     209
     216
     233
     228
     231
     227
     252
     230
     242
     237
     226
     223
     226
     241
     211
     243
     228
     233
     209
     201
     215
     224
     226
     208
     233
     236
     243
     263
     239
     246
     247
     244
     245
     264
     238
     214
     246
     236
     219
     215
     223
     203
     249
     238
     208
     213
     248
     241
     241
     219
     248
     254
     237
     254
     252
     210
     244
     222
     214
     232
     233
     211
     236
     218
     227
     242
     211
     212
     251
     244
     198
     183
     237
     224
     207
     204
     209
     240
     189
     218
     215
     191
     230
     219
     233
     208
     226
     207
     236
     191
     256
     237
     232
     211
     266
     259
     278
     300
     385
     380
     423
     486
     526
     557
     620
     684
     692
     700
     717
     672
     598
     611
     496
     516
     416
     373
     297
     299
     258
     235
     226
     198
     212
     205
     213
     209
     199
     191
     206
     210
     172
     258
     218
     230
     258
     236
     239
     240
     267
     267
     252
     246
     241
     234
     239
     227
     214
     214
     222
     203
     207
     211
     241
     242
     187
     189
     197
     176
     212
     214
     196
     213
     225
     239
     210
     210
     216
     206
     210
     211
     225
     213
     231
     222
     232
     231
     219
     225
     192
     214
     199
     183
     198
     196
     193
     189
     206
     202
     210
     170
     183
     228
     179
     207
     194
     210
     213
     201
     174
     193
     199
     173
     167
     223
     192
     212
     190
     209
     181
     187
     222
     231
     186
     195
     219
     254
     198
     232
     206
     204
     208
     216
     194
     176
     189
     207
     196
     171
     202
     188
     217
     199
     191
     185
     193
     179
     175
     228
     203
     208
     174
     211
     212
     220
     196
     182
     200
     212
     190
     195
     182
     206
     206
     178
     204
     182
     189
     189
     185
     199
     189
     189
     193
     177
     199
     221
     193
     192
     186
     206
     205
     185
     191
     210
     192
     207
     172
     192
     177
     205
     207
     188
     157
     187
     197
     179
     183
     203
     191
     194
     181
     183
     182
     176
     187
     197
     179
     164
     176
     207
     191
     161
     192
     182
     174
     212
     158
     174
     169
     197
     168
     166
     196
     168
     174
     156
     185
     175
     173
     176
     203
     175
     178
     217
     208
     232
     201
     229
     242
     252
     245
     241
     252
     271
     234
     221
     218
     207
     207
     187
     191
     194
     201
     209
     190
     178
     163
     163
     174
     190
     179
     193
     170
     162
     174
     183
     176
     157
     179
     180
     172
     186
     194
     178
     160
     188
     176
     177
     211
     167
     168
     176
     183
     179
     172
     176
     191
     183
     185
     166
     175
     150
     195
     174
     170
     150
     184
     161
     162
     177
     138
     164
     159
     195
     169
     177
     174
     171
     179
     194
     181
     193
     172
     166
     177
     172
     163
     178
     155
     177
     166
     164
     164
     156
     166
     156
     165
     150
     171
     154
     148
     133
     161
     159
     170
     164
     163
     161
     156
     167
     149
     144
     173
     176
     147
     153
     140
     182
     168
     174
     172
     192
     185
     182
     186
     185
     195
     189
     174
     213
     208
     233
     203
     221
     202
     208
     202
     230
     214
     197
     213
     210
     191
     184
     197
     178
     178
     172
     161
     180
     175
     185
     145
     160
     162
     151
     165
     188
     180
     197
     216
     258
     296
     317
     425
     524
     609
     690
     833
     958
    1027
    1134
    1234
    1242
    1259
    1273
    1177
    1037
     981
     826
     691
     578
     464
     400
     330
     288
     233
     179
     170
     167
     140
     136
     143
     166
     153
     139
     150
     163
     129
     156
     155
     142
     133
     142
     154
     154
     142
     146
     140
     150
     126
     139
     126
     155
     132
     157
     146
     148
     140
     165
     126
     128
     135
     161
     143
     175
     149
     149
     130
     169
     151
     138
     142
     150
     147
     141
     134
     163
     145
     151
     114
     145
     122
     163
     149
     151
     135
     142
     131
     133
     142
     113
     119
     132
     142
     119
     114
     144
     134
     126
     137
     131
     124
     133
     145
     138
     137
     155
     133
     156
     124
     141
     130
     154
     143
     172
     175
     147
     164
     169
     198
     157
     151
     177
     173
     154
     175
     170
     147
     133
     140
     153
     149
     137
     160
     136
     147
     160
     159
     138
     175
     148
     151
     129
     170
     158
     142
     167
     161
     148
     133
     150
     154
     137
     131
     141
     154
     172
     143
     141
     133
     146
     137
     117
     153
     142
     136
     107
     110
     121
     129
     111
     129
     130
     139
     138
     138
     148
     142
     120
     131
     120
     124
     116
     140
     120
     128
     138
     122
     130
     122
     134
     130
     130
     137
     131
     119
     128
     134
     127
     163
     138
     129
     130
     130
     128
     108
     145
     162
     135
     105
     119
     132
     122
     137
     121
     126
     128
     128
     120
     138
     111
     123
     127
     136
     127
     159
     112
     131
     127
     121
     145
     126
     114
     137
     122
     133
     124
     121
     142
     104
     127
     122
     122
     117
     130
     121
     131
     125
     110
     131
     113
     138
     112
     144
     113
     124
     127
     134
     124
     147
     125
     128
     123
     125
     123
     106
     147
     120
     149
     124
     125
     133
     125
     143
     137
     128
     132
     130
      99
     112
     125
     126
     136
     129
     123
     131
     113
     113
     120
     132
     139
     125
     135
     108
     132
     124
     125
     133
     117
     135
     140
     109
     101
      93
     104
     104
     118
     115
     135
     108
     116
     116
     132
     107
     116
     126
      96
     126
     125
     111
     124
     131
     138
     121
     137
     126
     113
     135
     132
     148
     139
     158
     134
     133
     144
     122
     139
     139
     120
     134
     163
     146
     178
     152
     197
     181
     200
     182
     204
     211
     178
     203
     221
     205
     175
     180
     167
     154
     146
     146
     133
     122
     109
     113
     123
     127
     118
     123
     121
     118
     118
     128
      98
     120
     124
     112
     128
     129
     122
     138
     127
     118
     113
     111
     125
     112
     122
     118
     105
     115
     109
     115
     120
     116
     123
     102
     104
     116
     140
     111
     117
     123
     117
     102
     131
     124
     154
     142
     157
     166
     138
     149
     145
     152
     145
     167
     164
     148
     132
     129
     110
     139
     114
     115
     136
     142
     115
     131
     113
     108
     117
     113
     129
     126
     131
     164
     171
     174
     200
     215
     252
     233
     324
     359
     345
     420
     438
     439
     401
     412
     423
     416
     356
     318
     305
     255
     222
     178
     170
     156
     121
     112
     114
     129
     122
     125
     105
     116
     105
      95
     111
     107
      94
     110
     118
     125
     124
     121
     103
     109
     105
     113
     104
     128
     115
     105
     129
      99
     108
     119
     111
     113
     136
     115
     122
     114
     127
     124
     112
      99
     106
     129
     127
     105
     121
     113
     124
     117
     116
     106
     111
      96
     106
      97
     114
     103
     107
     120
     128
     103
     101
      97
     112
      93
     134
     100
     105
     127
     119
     124
     106
     126
     137
     110
     101
     135
     157
     116
     119
     112
     134
     119
     112
     116
     135
     111
     106
     121
      97
     106
     100
     110
     114
     109
     125
     112
     118
     118
     106
     127
     109
     112
     107
      98
     136
     101
     110
     101
     123
      96
     119
      98
      99
      84
     116
     111
     114
     117
     126
     109
     131
     106
     115
     117
     100
     131
     118
     105
     151
     177
     170
     203
     249
     317
     366
     519
     686
     755
     889
    1090
    1255
    1424
    1535
    1674
    1690
    1760
    1705
    1607
    1506
    1385
    1208
    1057
     899
     704
     626
     487
     388
     341
     292
     228
     157
     130
     109
     128
     105
     112
     112
     107
      96
      96
     100
      84
      99
      99
      90
      89
     112
     115
      91
      82
      83
      85
      99
      92
      91
     104
      88
     106
      89
      89
      95
      96
      95
      89
      81
      82
      91
     108
      80
     121
     100
     112
     120
      96
     122
      96
     115
     114
      99
     112
      92
      97
      82
      99
     112
     105
      89
      84
      95
      84
     100
      81
      83
      91
     101
     103
      72
      93
     110
     106
      69
     110
      96
     102
     102
     117
      81
      92
      87
      97
      84
     117
     104
     104
     118
     109
      92
     113
      88
     105
     112
     107
      97
     107
      96
      87
     122
     103
     113
     100
     135
     130
     124
     169
     138
     162
     162
     124
     133
     134
     110
     157
     159
     162
     200
     213
     246
     296
     362
     480
     522
     642
     745
     817
     897
     909
     947
    1032
     947
     986
     851
     797
     730
     628
     547
     452
     387
     312
     268
     228
     205
     186
     163
     165
     173
     155
     146
     146
     115
     133
     132
     134
     103
     119
     106
     114
     105
     113
      80
      79
     101
      78
      89
      92
      93
      98
      87
      69
     104
      91
      87
     108
      87
      87
      83
      88
      88
      84
      94
      87
      85
      89
      82
      81
      77
      93
      93
      84
      96
      78
      85
      80
      97
      96
      79
      78
      98
      95
      82
      85
      96
      79
      86
      73
      75
      78
      88
      97
      93
      70
      76
      82
      88
      82
      95
      83
      81
     101
      77
      69
      93
      80
      94
      86
      89
      82
      88
      85
      90
      82
      84
      73
      84
      78
     100
      82
      85
      89
      84
      95
     126
     107
     130
     168
     216
     255
     306
     442
     567
     713
     905
    1143
    1369
    1625
    1845
    2062
    2304
    2505
    2550
    2614
    2659
    2504
    2384
    2196
    1971
    1796
    1574
    1378
    1091
     928
     760
     553
     477
     365
     298
     233
     181
     149
     125
     108
      90
     100
     114
     131
     192
     236
     315
     439
     517
     705
     920
    1204
    1394
    1751
    1996
    2348
    2518
    2959
    3002
    3156
    3074
    3065
    2749
    2546
    2366
    2014
    1678
    1458
    1204
     942
     759
     572
     469
     308
     265
     187
     160
     149
     124
     106
     106
      95
      89
     101
      82
      92
     100
     113
     102
     103
     112
      95
     107
      99
     123
      84
      83
      83
      91
      63
      83
      76
      75
      72
      73
      78
      68
      75
      74
      81
      77
      57
      72
      78
      69
      76
      88
     120
     114
     151
     170
     188
     221
     199
     217
     252
     205
     233
     244
     271
     274
     202
     211
     176
     159
     152
     143
     158
     147
     131
     112
     140
     128
     112
     124
     104
      86
     120
      94
      85
      66
      82
      75
      76
      78
      64
      55
      63
      78
      51
      69
      78
      70
      57
      57
      59
      62
      76
      59
      58
      71
      74
      85
      97
      97
     115
     136
     172
     194
     219
     286
     335
     343
     442
     416
     479
     464
     534
     533
     504
     491
     409
     396
     377
     328
     258
     244
     171
     143
     131
     110
      88
      99
      91
      82
      64
      81
      74
      59
      59
      62
      69
      67
      67
      65
      55
      51
      58
      72
      64
      58
      71
      61
      62
      63
      43
      64
      60
      54
      64
      50
      71
      53
      72
      66
      59
      56
      66
      51
      53
      69
      65
      61
      38
      57
      59
      44
      66
      59
      69
      66
      77
      65
      68
      60
      69
      56
      66
      70
      63
      80
      65
      75
      63
      73
      59
      69
      74
      79
      78
      59
      71
      72
      69
      46
      75
      57
      83
      65
      57
      76
      79
      66
      59
      80
      62
      57
      68
      69
      65
      66
      62
      49
      57
      53
      62
      67
      56
      66
      46
      53
      54
      45
      60
      67
      53
      62
      68
      58
      61
      53
      54
      51
      68
      65
      61
      44
      58
      52
      49
      67
      58
      64
      68
      64
      59
      62
      53
      62
      54
      63
      59
      62
      47
      62
      70
      47
      60
      62
      57
      69
      60
      59
      53
      66
      71
      56
      53
      57
      70
      48
      57
      65
      71
      66
      63
      52
      60
      69
      50
      65
      75
      58
      56
      73
      60
      67
      55
      78
      61
      60
      71
      65
      53
      54
      75
      48
      61
      55
      54
      55
      61
      52
      50
      49
      65
      69
      45
      58
      63
      54
      61
      53
      66
      70
      55
      64
      67
      57
      56
      46
      56
      67
      62
      57
      55
      51
      57
      61
      75
      65
      65
      61
      61
      56
      64
      52
      55
      62
      63
      51
      60
      59
      65
      61
      64
      75
      66
      54
      47
      61
      65
      49
      60
      48
      50
      60
      47
      52
      55
      65
      56
      65
      59
      53
      46
      52
      59
      51
      61
      51
      63
      55
      51
      51
      64
      60
      65
      63
      50
      59
      53
      48
      65
      69
      51
      51
      70
      65
      63
      87
      74
      74
      82
     107
     109
     101
     112
     114
     107
     123
     122
     152
     123
     122
     136
     137
     166
     190
     179
     242
     263
     325
     392
     458
     567
     718
     875
     988
    1076
    1177
    1213
    1301
    1394
    1351
    1215
    1150
    1102
     906
     827
     711
     600
     492
     393
     332
     241
     183
     149
     126
     112
     113
     115
     121
     137
     144
     191
     219
     240
     282
     300
     349
     396
     453
     447
     473
     450
     406
     463
     361
     334
     273
     280
     226
     174
     177
     168
     114
     105
      83
      71
      64
      58
      61
      44
      61
      58
      59
      57
      57
      56
      57
      55
      68
      53
      44
      52
      60
      60
      61
      63
      66
      66
      90
      92
     108
     132
     155
     219
     294
     392
     452
     611
     647
     814
     945
    1060
    1169
    1242
    1205
    1217
    1278
    1217
    1209
    1093
     988
     861
     722
     654
     560
     539
     549
     502
     516
     521
     570
     634
     693
     741
     787
     806
     801
     740
     719
     707
     639
     581
     494
     431
     333
     286
     226
     180
     158
     109
     105
      81
      73
      69
      65
      51
      46
      51
      41
      48
      40
      45
      37
      50
      39
      60
      59
      66
      69
      65
      76
      78
      92
     133
     118
     146
     143
     184
     209
     226
     244
     265
     253
     300
     293
     274
     260
     233
     210
     212
     174
     158
     140
     113
      83
      87
      75
      82
      54
      54
      57
      46
      48
      79
      56
      78
      71
      88
      86
     105
     145
     146
     153
     191
     214
     236
     238
     257
     247
     262
     281
     273
     264
     244
     260
     247
     254
     227
     213
     216
     214
     234
     228
     202
     182
     185
     174
     158
     132
     110
     116
      86
      86
      72
      78
      70
      48
      49
      35
      40
      41
      46
      43
      50
      38
      54
      41
      48
      36
      51
      38
      43
      43
      51
      62
      43
      39
      42
      49
      41
      51
      46
      37
      29
      35
      30
      43
      38
      51
      43
      51
      55
      43
      37
      56
      34
      41
      46
      34
      44
      43
      38
      35
      36
      46
      47
      39
      36
      34
      46
      45
      44
      36
      47
      35
      54
      47
      52
      51
      46
      43
      39
      45
      49
      58
      53
      71
      72
      58
      74
      72
      61
      76
      60
      76
      78
      62
      54
      71
      50
      65
      59
      52
      57
      56
      62
      77
      68
      85
      94
     102
     125
     134
     182
     200
     232
     233
     265
     303
     337
     332
     339
     377
     367
     375
     376
     417
     358
     332
     330
     288
     258
     259
     253
     211
     168
     104
     120
      94
      80
      73
      63
      50
      59
      43
      43
      35
      42
      39
      49
      36
      38
      41
      29
      48
      39
      44
      36
      37
      45
      48
      36
      44
      49
      44
      41
      45
      53
      42
      45
      50
      31
      41
      38
      39
      46
      42
      40
      46
      41
      40
      44
      39
      51
      45
      48
      57
      61
      52
      44
      62
      72
      73
      68
      81
      89
      95
      95
      87
     106
      70
      78
      92
      75
      95
      73
      52
      58
      71
      71
      56
      54
      50
      42
      46
      49
      39
      43
      51
      34
      48
      37
      33
      35
      56
      36
      46
      46
      31
      38
      47
      41
      36
      33
      48
      38
      41
      38
      45
      46
      42
      38
      35
      42
      51
      34
      29
      43
      44
      47
      42
      37
      37
      56
      35
      51
      26
      43
      32
      36
      40
      28
      32
      42
      33
      45
      46
      43
      24
      43
      41
      45
      41
      41
      46
      46
      39
      37
      45
      38
      32
      38
      41
      58
      53
      40
      40
      41
      37
      42
      35
      39
      42
      45
      42
      52
      37
      42
      51
      30
      45
      54
      45
      43
      50
      44
      61
      42
      53
      43
      45
      56
      47
      51
      50
      45
      50
      51
      35
      34
      43
      38
      44
      44
      39
      35
      42
      40
      38
      44
      32
      35
      50
      45
      44
      41
      25
      41
      34
      42
      30
      48
      42
      45
      49
      39
      37
      38
      31
      38
      55
      38
      39
      44
      37
      44
      43
      36
      42
      28
      28
      52
      40
      36
      33
      35
      46
      51
      38
      40
      47
      53
      46
      59
      45
      37
      39
      34
      32
      39
      52
      62
      41
      41
      71
      60
      87
     132
     162
     188
     224
     289
     388
     423
     589
     656
     775
     917
     916
    1025
    1103
    1090
    1104
    1086
     995
     956
     925
     841
     652
     554
     476
     413
     329
     245
     217
     190
     167
     116
     111
      89
      90
      90
     117
     122
      77
     102
      99
     105
     108
      96
     104
      88
      92
      92
      83
      84
      73
      52
      72
      59
      44
      50
      50
      50
      49
      32
      38
      38
      46
      36
      47
      41
      52
      34
      40
      30
      39
      35
      43
      37
      46
      43
      52
      57
      44
      68
      82
      95
     104
     107
     109
     127
     148
     153
     157
     171
     177
     184
     159
     150
     129
     153
     134
     115
     105
      86
      83
      67
      72
      42
      46
      40
      43
      33
      50
      46
      41
      43
      34
      36
      38
      46
      46
      36
      42
      43
      49
      59
      52
      53
      47
      67
      63
      86
      78
      97
     112
     132
     110
     123
     143
     140
     124
     131
     124
     112
     100
      75
      65
      80
      62
      52
      46
      51
      48
      50
      48
      31
      38
      33
      42
      42
      30
      41
      34
      42
      34
      33
      43
      43
      47
      40
      39
      38
      36
      44
      40
      52
      39
      68
      63
      84
      66
     105
      84
      99
     119
     129
     146
     151
     158
     180
     153
     175
     184
     136
     164
     125
     123
      97
      99
      86
      61
      61
      52
      52
      65
      39
      41
      46
      35
      29
      43
      41
      48
      40
      42
      43
      34
      40
      43
      37
      35
      43
      45
      40
      53
      40
      46
      41
      31
      45
      37
      46
      53
      34
      62
      48
      40
      37
      46
      44
      48
      39
      42
      49
      35
      45
      47
      43
      48
      43
      43
      40
      47
      37
      42
      32
      39
      37
      32
      46
      39
      40
      36
      29
      25
      29
      35
      46
      42
      41
      36
      28
      31
      52
      33
      33
      37
      42
      39
      49
      34
      39
      39
      36
      30
      31
      30
      37
      42
      41
      41
      35
      26
      35
      32
      38
      55
      30
      44
      38
      38
      33
      37
      41
      41
      32
      37
      54
      44
      36
      38
      32
      34
      46
      44
      51
      40
      35
      20
      31
      35
      35
      20
      39
      36
      40
      32
      47
      31
      36
      32
      39
      39
      33
      48
      35
      36
      34
      44
      35
      52
      37
      42
      46
      33
      47
      38
      29
      42
      35
      45
      39
      46
      39
      34
      41
      38
      44
      36
      31
      34
      32
      33
      36
      33
      31
      28
      39
      31
      45
      31
      39
      45
      42
      36
      50
      41
      39
      40
      26
      34
      44
      46
      44
      40
      28
      34
      44
      30
      44
      41
      36
      41
      42
      43
      43
      34
      39
      40
      35
      39
      47
      33
      46
      52
      52
      49
      51
      53
      39
      51
      52
      51
      43
      51
      41
      43
      47
      42
      52
      40
      37
      37
      33
      44
      35
      37
      46
      30
      33
      37
      37
      37
      46
      33
      32
      35
      38
      50
      37
      48
      43
      46
      54
      39
      59
      42
      31
      48
      47
      45
      39
      51
      41
      41
      30
      45
      39
      45
      44
      42
      39
      30
      31
      38
      36
      28
      34
      37
      42
      29
      40
      29
      29
      34
      42
      37
      45
      40
      42
      37
      42
      32
      31
      41
      42
      31
      35
      50
      34
      27
      32
      42
      28
      33
      35
      47
      39
      38
      30
      38
      36
      35
      42
      40
      34
      43
      44
      34
      42
      47
      55
      54
      59
      67
      78
      88
      92
     119
      95
     140
     156
     152
     146
     153
     157
     176
     164
     170
     157
     115
     125
     127
     105
      98
      96
      64
      79
      69
      52
      62
      57
      54
      47
      39
      47
      33
      51
      50
      35
      42
      52
      42
      41
      34
      58
      44
      53
      45
      39
      74
      54
      55
      72
      77
      73
      71
      65
      73
      75
      88
      81
      61
      65
      65
      46
      52
      50
      54
      48
      42
      25
      41
      42
      28
      31
      37
      40
      31
      43
      31
      34
      35
      33
      36
      41
      38
      40
      37
      51
      39
      35
      35
      41
      47
      40
      31
      31
      37
      40
      45
      31
      40
      45
      29
      35
      38
      38
      46
      52
      43
      51
      42
      36
      34
      38
      47
      52
      51
      41
      41
      57
      44
      51
      47
      64
      54
      47
      53
      51
      49
      49
      45
      39
      46
      44
      42
      30
      31
      42
      26
      35
      38
      40
      40
      43
      38
      35
      39
      43
      30
      37
      43
      46
      42
      26
      37
      37
      37
      28
      39
      34
      29
      35
      31
      32
      30
      46
      48
      46
      50
      40
      26
      34
      44
      46
      29
      43
      33
      24
      39
      28
      41
      34
      51
      30
      30
      31
      30
      25
      34
      37
      42
      33
      23
      49
      38
      47
      51
      43
      29
      43
      36
      24
      34
      38
      35
      28
      33
      23
      44
      35
      48
      30
      36
      33
      28
      37
      31
      42
      38
      34
      38
      45
      43
      43
      48
      44
      47
      41
      44
      49
      46
      44
      36
      42
      49
      40
      44
      53
      36
      45
      50
      35
      46
      38
      48
      31
      37
      35
      40
      32
      40
      29
      37
      37
      31
      31
      45
      40
      46
      42
      37
      41
      35
      33
      32
      31
      36
      45
      41
      40
      31
      38
      37
      33
      29
      38
      30
      53
      44
      37
      34
      31
      28
      39
      29
      31
      42
      34
      36
      29
      41
      40
      35
      35
      22
      45
      41
      33
      33
      38
      40
      28
      30
      34
      37
      33
      36
      31
      35
      39
      32
      36
      35
      35
      38
      35
      37
      28
      27
      35
      33
      44
      35
      30
      31
      34
      51
      25
      25
      41
      32
      40
      34
      29
      34
      47
      33
      38
      26
      42
      33
      30
      42
      45
      33
      18
      35
      22
      39
      25
      25
      45
      24
      38
      38
      47
      28
      30
      33
      31
      38
      36
      40
      32
      30
      39
      35
      20
      30
      30
      33
      34
      25
      30
      37
      35
      32
      37
      25
      23
      30
      32
      26
      28
      27
      28
      33
      40
      27
      25
      37
      28
      29
      27
      22
      36
      36
      27
      29
      31
      25
      32
      37
      33
      39
      21
      32
      29
      28
      23
      20
      38
      38
      37
      43
      32
      19
      46
      27
      25
      36
      29
      28
      42
      34
      29
      30
      32
      32
      38
      29
      27
      32
      28
      27
      33
      30
      35
      27
      27
      30
      25
      32
      32
      27
      34
      34
      29
      21
      21
      36
      28
      26
      21
      38
      26
      29
      24
      29
      28
      28
      26
      34
      15
      26
      39
      27
      35
      23
      25
      32
      33
      29
      32
      35
      32
      36
      34
      33
      33
      37
      29
      40
      29
      33
      25
      30
      31
      22
      31
      37
      36
      36
      35
      20
      29
      25
      30
      36
      35
      30
      27
      42
      23
      29
      23
      20
      29
      30
      26
      27
      19
      20
      34
      28
      27
      19
      25
      27
      32
      29
      24
      20
      30
      20
      24
      23
      23
      30
      35
      27
      25
      21
      28
      25
      29
      21
      20
      28
      28
      19
      24
      21
      32
      28
      28
      24
      29
      19
      27
      20
      23
      22
      30
      20
      36
      30
      29
      17
      31
      23
      40
      29
      20
      32
      30
      31
      28
      31
      31
      20
      23
      32
      30
      25
      26
      30
      24
      28
      24
      21
      18
      35
      25
      32
      38
      23
      18
      24
      30
      26
      24
      30
      35
      25
      31
      22
      24
      13
      19
      22
      23
      39
      30
      29
      20
      24
      30
      15
      29
      16
      23
      26
      27
      36
      26
      31
      28
      25
      21
      22
      28
      25
      29
      23
      23
      16
      25
      22
      25
      24
      26
      15
      30
      22
      26
      24
      24
      22
      25
      25
      31
      39
      28
      11
      27
      25
      20
      18
      23
      23
      30
      27
      18
      25
      25
      25
      24
      24
      31
      27
      25
      32
      28
      29
      27
      28
      32
      18
      27
      21
      27
      19
      19
      32
      26
      22
      31
      20
      20
      21
      34
      36
      39
      24
      15
      21
      25
      24
      26
      22
      20
      28
      19
      30
      21
      31
      22
      32
      15
      22
      20
      24
      23
      19
      23
      27
      28
      30
      24
      23
      26
      22
      24
      19
      21
      26
      23
      21
      30
      28
      22
      24
      18
      27
      30
      25
      12
      24
      21
      28
      19
      25
      24
      27
      20
      27
      24
      26
      14
      24
      25
      29
      23
      33
      23
      19
      25
      16
      25
      21
      22
      19
      29
      15
      17
      26
      31
      36
      19
      27
      23
      29
      29
      31
      16
      19
      28
      18
      29
      26
      26
      30
      25
      22
      26
      22
      27
      28
      31
      38
      25
      29
      29
      25
      24
      33
      30
      37
      40
      37
      27
      49
      47
      56
      51
      58
      73
      52
      94
      76
      76
      86
     109
      91
      83
      92
      84
     102
      85
      81
      76
      76
      47
      57
      60
      52
      52
      49
      35
      51
      42
      56
      40
      33
      36
      44
      39
      41
      44
      38
      37
      35
      35
      40
      32
      33
      23
      30
      30
      39
      30
      25
      27
      36
      34
      37
      25
      33
      37
      27
      23
      31
      38
      29
      39
      32
      28
      33
      31
      37
      28
      29
      33
      21
      26
      24
      28
      15
      25
      35
      21
      19
      22
      30
      33
      24
      19
      25
      21
      29
      24
      23
      27
      21
      26
      30
      34
      12
      23
      23
      21
      28
      19
      21
      26
      24
      23
      16
      14
      27
      26
      30
      28
      21
      17
      27
      16
      21
      26
      18
      25
      24
      29
      25
      27
      24
      23
      26
      25
      29
      27
      26
      25
      27
      18
      23
      32
      20
      27
      24
      20
      29
      23
      34
      31
      19
      19
      29
      19
      26
      30
      24
      24
      22
      28
      26
      26
      18
      27
      28
      20
      25
      24
      26
      27
      28
      34
      34
      15
      32
      30
      33
      24
      21
      19
      21
      25
      18
      34
      22
      25
      16
      28
      15
      26
      16
      26
      31
      18
      35
      26
      21
      17
      20
      19
      18
      24
      23
      24
      26
      21
      25
      18
      18
      21
      16
      22
      19
      23
      28
      21
      19
      26
      20
      20
      30
      16
      25
      20
      26
      18
      30
      29
      25
      24
      20
      22
      21
      27
      29
      33
      25
      22
      20
      22
      28
      14
      22
      20
      17
      21
      21
      19
      19
      28
      21
      28
      27
      25
      25
      23
      22
      31
      19
      18
      19
      36
      20
      21
      30
      27
       8
      26
      28
      20
      18
      22
      29
      20
      11
      24
      22
      19
      23
      19
      26
      17
      22
      20
      21
      20
      25
      15
      21
      20
      26
      25
      20
      14
      29
      28
      22
      19
      22
      20
      24
      14
      18
      20
      21
      27
      20
      27
      23
      23
      20
      24
      23
      15
      17
      18
      25
      24
      17
      15
      19
      18
      20
      17
      25
      21
      22
      19
      25
      13
      23
      19
       8
      16
      17
      25
      26
      21
      21
      13
      23
      15
      18
      27
      14
      26
      20
      18
      14
      13
      15
      21
      18
      19
      17
      16
      17
      17
      19
      23
      19
      16
      20
      15
      21
      21
      14
      19
      24
      25
      24
      20
      15
      14
      15
      20
      19
      17
      13
      22
      23
      20
      18
      10
      18
      20
      17
      20
      17
      16
      27
      16
      18
      19
      13
      23
      17
      10
      18
      18
      12
      17
      14
      21
       8
      13
      17
      14
      20
      17
      29
      18
      16
      17
      19
      15
      14
      20
      16
      16
      18
      17
      20
      10
      17
      20
      26
      20
      13
      14
      16
      13
      13
      20
      12
      20
      18
      16
      17
      20
      13
      15
      13
      17
      20
      22
      12
      16
      19
      19
      16
      22
      19
      18
      16
      26
      15
      15
       8
      22
      25
      17
      21
      17
      11
      17
      19
      11
      21
      16
      14
      16
      22
      12
      17
      15
      19
      16
      17
      16
      13
      17
      15
      19
      17
      15
      21
      21
      22
      17
      16
      19
      18
      21
      16
      11
      14
      19
      15
       9
      17
      10
      14
      19
      16
      10
      10
      25
      14
       9
      12
      17
      19
      18
      20
      20
      20
       5
      10
      14
      11
      19
      17
      19
      21
      14
      16
      19
      12
      14
      24
      17
      10
      18
      12
      21
      16
      14
      14
      20
      14
      22
      14
      16
      17
      11
      12
      19
      20
      17
      11
      16
      23
      13
      15
      14
      19
      20
      14
      10
       9
      15
      23
      18
      18
      14
      13
      16
      15
      20
      10
       9
      12
      10
      20
      10
      17
      23
      15
      14
      14
      17
      19
      20
      16
       7
      18
       8
      20
      14
      17
      18
       9
      15
      20
      19
       9
      12
      12
      10
      14
      14
      16
      12
      13
      10
       9
       9
      21
      15
      16
      21
      11
      12
      11
      16
      10
      14
      21
       6
      12
      13
      13
      13
      13
      15
       9
      13
      20
      13
      16
      17
      11
       7
      16
      17
      11
       9
       8
      12
      10
      13
      16
      12
      14
      17
      16
      15
      15
       9
      14
      12
      13
      10
      11
      16
      16
      15
      17
      11
      18
      12
      13
      12
      10
      10
      16
      10
      13
      14
      15
      15
      14
      17
      20
      14
      14
      14
      10
      18
      16
      14
      13
      16
       9
      11
      12
      10
      14
      10
      10
      10
       5
      15
      17
       8
      12
      16
      12
      10
       9
      10
      18
       5
      12
      10
      13
      10
      12
      12
      15
      11
      11
       8
      15
      16
      11
      16
      14
      16
      18
      13
      15
      13
      19
       7
      11
      11
      13
      19
      21
      13
      17
      19
      11
      14
      13
      24
      14
      11
      10
      14
      22
      14
      16
      16
      16
      14
      14
      13
      16
       9
      15
      12
      18
      18
      11
      12
       9
       8
      18
      19
      17
      16
      13
      17
      14
      14
      13
      11
      15
       8
      10
      14
      16
      14
      16
      14
      12
       9
      16
      14
      11
      12
      10
      13
      11
      14
      14
      12
      10
      13
      15
      10
      11
      13
      13
       7
       9
      13
      10
      11
       9
       8
      17
      14
       8
      12
      15
       4
      11
      10
      11
      10
      11
      11
      11
      15
      16
       8
       8
      14
      10
      13
      11
      15
      17
      14
      12
      14
      14
      16
       9
      16
      10
      14
      11
      12
       8
       8
      14
      11
      16
       7
      15
      16
      13
      16
       9
      11
      15
      14
      15
      17
      16
      11
      12
      15
      11
      15
      11
      20
      14
      15
      15
      19
      19
      11
      18
      13
      17
      14
      11
      27
      14
      10
      12
       7
      16
      15
      13
      12
      18
      15
      11
      13
       6
      16
      10
      17
       5
      10
      12
      16
       9
       7
      12
      11
      13
      14
       9
       8
      10
      15
      12
       9
      14
      10
      10
      13
       6
      14
      12
      12
       7
      13
      13
      12
      12
      13
       8
      10
      10
       9
      12
      10
       7
      10
      13
       4
       9
       8
       3
       9
      15
      12
      12
      10
      11
      18
      11
       8
       9
      12
       6
       8
      10
      14
      19
       9
       9
       8
       8
      12
      17
      12
       9
      11
       7
      14
       8
      10
       7
      11
      16
      12
      14
       9
      11
      27
      21
      28
      34
      44
      44
      46
      87
      86
      79
     101
     116
     132
     145
     128
     166
     179
     180
     220
     203
     209
     173
     193
     169
     187
     147
     102
     116
      93
      77
      85
      44
      34
      26
      28
      33
      19
      13
      13
      16
       7
      13
      18
       5
      10
      15
      11
       7
      11
      10
       9
      11
      12
      13
      21
      11
      14
      23
      15
      15
      13
      18
      16
      13
      11
      22
      16
      23
      11
      15
      17
      15
      11
      21
      10
      17
       7
       9
      11
      13
      12
       8
       8
      13
      14
      11
      14
      12
      14
       9
       7
       8
      10
      12
       9
       7
       6
      11
      14
       6
       8
      14
      12
       9
      15
      18
      24
      17
      18
      23
      13
      18
      20
      15
      24
      24
      15
      13
      16
      16
      13
      10
      14
      15
      12
      11
       8
      13
       8
      14
       7
      10
       9
       5
      12
       8
       8
      10
       8
       7
       5
       9
       4
      19
      10
      11
       7
      12
      16
      12
      13
       9
       5
      12
       9
       9
       8
      11
      10
       9
      10
       7
      11
       6
       7
       9
      11
       9
       6
      13
      16
       6
       9
       3
      12
       7
       6
       9
       8
      12
      13
       9
       5
       8
      14
       7
      11
       7
      14
       9
       8
       7
      13
      14
      12
      19
      21
       8
      16
       7
      14
      23
      31
      40
      43
      29
      32
      28
      33
      35
      32
      38
      36
      24
      28
      28
      22
      23
      16
      22
      16
      10
      11
      16
      12
      11
      12
       7
       8
       9
       7
       7
      10
      13
       7
      10
       4
      15
      12
       8
       7
       6
      15
       8
       9
       5
       8
       6
       7
       8
      14
      12
       9
       7
      10
       5
      13
       9
       7
      10
       9
      10
      10
       8
      18
       6
       3
       7
       7
      10
      13
       8
      10
      10
      10
       7
      10
      11
      11
      10
      12
       7
      10
      11
      10
      10
       8
       8
       9
       6
       7
       8
       2
       9
      11
       5
       9
      18
      10
       6
       7
       9
      12
       6
       5
       6
      10
      10
      13
      13
       6
       7
      10
      13
       9
       7
      12
       9
      14
       7
       8
      10
       3
       9
       5
      14
      14
       5
      11
       4
       5
       8
      14
      10
       8
       7
       4
       9
      10
       7
       9
       5
       9
       5
      16
      11
       6
       9
       6
       7
       6
       9
      12
      11
      10
       7
      10
       7
      10
       9
      14
      10
      19
      18
      15
       9
      18
      15
      16
      17
      11
      13
      10
      14
      12
      13
       8
      10
      10
      11
      12
      12
       9
       9
      12
      15
       4
       8
      11
       7
       3
       8
      10
       5
       8
       8
       7
       2
      14
       8
      12
       6
       8
       4
      10
       6
      10
       6
       7
       7
       5
      10
      11
      12
       4
       7
       9
      12
       7
$ENER_FIT:
0.000000 0.075000
$PRESETS:
Live Time (sec)
0
0
$RT:
0.020000
$DT:
0
$ISO_DECL_PU:
SMPLNAM: IDB-821
SEPDATE: 01/01/1900 00:00:00
PU238: 1.2556 
DPU238: 0.6133
PU239: 62.1193 
DPU239: 0.0121
PU240: 25.6496 
DPU240: 0.0265
PU241: 6.506 
DPU241: 0.0907
PU242: 4.4696 
DPU242: 0.0828
AM241: 3.5363 
DAM241: 1.5016
DATE: 01/01/1900 00:00:00
PU240EFF: 36.3226
DPU240EFF: 0.0592
$ADC:
8192
0
8191