$APPLICATION_ID:
IDB v.1.0
$SPEC_REM:
Material type: U
Material form: powder
Material compound: U3O8
U isotopics:
234U 0.00836
235U 1.513
236U 0.0163
238U 98.462
Detector: HPGe (Geometry: BEGe, Size: Falcon 5000)
MCA: Integrated MCA
$DATE_MEA:
03/01/2011 18:12:00
$MEAS_TIM:
3600 3620
$DATA:
0 8191
       0
       0
       0
       0
       0
       0
       0
       0
       0
       0
       0
       0
       0
       0
       0
       0
       0
       0
       0
       0
       0
       0
       0
       0
       0
       0
       0
       0
       0
       0
       0
       0
       0
       0
       0
       0
       0
       0
       0
       1
       0
       1
       2
       7
      65
     101
     135
     155
     161
     188
     189
     190
     209
     211
     230
     241
     270
     215
     235
     215
     204
     203
     221
     200
     224
     211
     224
     206
     199
     208
     192
     209
     171
     194
     195
     177
     171
     188
     190
     176
     161
     163
     174
     167
     158
     178
     150
     171
     155
     173
     148
     160
     181
     140
     158
     149
     200
     162
     160
     167
     184
     150
     142
     137
     158
     163
     158
     138
     147
     148
     138
     143
     137
     150
     142
     129
     146
     144
     152
     146
     156
     121
     133
     110
     160
     129
     104
     143
     152
     123
     127
     130
     157
     123
     133
     140
     136
     137
     138
     136
     156
     150
     131
     143
     129
     160
     130
     138
     121
     149
     113
     131
     132
     149
     121
     130
     116
     129
     149
     138
     153
     124
     123
     143
     139
     135
     148
     147
     131
     144
     121
     143
     151
     133
     125
     139
     117
     136
     130
     135
     131
     125
     134
     152
     111
     108
     127
     122
     127
     159
     141
     132
     104
     143
     136
     113
     118
     124
     118
     110
     123
     149
     122
     141
     131
     114
     113
     127
     141
     132
     112
     131
     139
     124
     127
     126
     149
     144
     122
     119
     149
     129
     117
     147
     127
     138
     137
     140
     135
     142
     102
     123
     132
     126
     152
     105
     116
     131
     137
     135
     124
     123
     112
     124
     134
     128
     142
     111
     124
     134
     121
     140
     124
     135
     142
     131
     117
     144
     121
     123
     127
     105
     138
     120
     145
     121
     129
     107
     136
     134
     142
     131
     135
     144
     140
     124
     117
     162
     130
     135
     139
     119
     136
     131
     129
     138
     128
     116
     127
     129
     168
     190
     175
     182
     189
     195
     188
     183
     194
     172
     160
     154
     178
     145
     105
     138
     125
     127
     133
     138
     135
     111
     110
     135
     134
     131
     135
     126
     121
     127
     101
     111
     147
     141
     115
     139
     126
     113
     135
     107
     151
     139
     142
     157
     162
     131
     133
     130
     159
     123
     134
     134
     125
     171
     147
     130
     121
     133
     111
     115
     125
     125
     122
     104
     121
     121
     104
     121
     117
     129
     106
     111
     122
     112
     111
     111
     129
     116
     106
     116
     115
     122
     135
     132
     122
     117
     138
     132
     113
     121
     104
     144
     125
     109
     115
     113
     117
     121
     149
     103
     121
     124
     126
     122
     124
     135
     129
     134
     127
     119
     133
     131
     120
     127
     126
     132
     123
     124
     137
     121
     118
     128
     128
     135
     138
     146
     143
     137
     172
     197
     216
     256
     273
     330
     362
     392
     398
     436
     497
     526
     473
     456
     361
     342
     361
     290
     260
     202
     173
     133
     140
     131
     109
     110
     118
     117
      91
     102
     107
     102
     111
     130
     133
     104
     119
     114
     126
     113
     111
     119
     115
     122
     126
     125
      99
     101
     126
     118
     109
     119
     101
     112
     108
     109
     123
     125
     127
     130
     131
     175
     156
     150
     207
     219
     234
     225
     186
     227
     221
     192
     175
     167
     145
     146
     133
     144
     131
     142
     131
     111
     124
     125
     130
     102
     129
     101
     103
     102
     101
      87
     131
     109
      93
     114
     112
     111
      97
     107
     130
      99
     104
      96
     111
      97
     111
      98
      94
     111
     108
      96
     114
     100
     105
      90
      99
     117
     103
     102
      98
     118
      87
     103
     108
     110
      95
     107
     109
      97
     114
     104
     103
     124
     116
     100
     110
     107
     104
     104
     106
     121
     122
     101
     124
     107
     113
     103
     114
      92
     102
     106
     100
     108
     120
     115
     118
     118
     113
      92
     110
     114
     112
     103
     101
     121
      98
     120
      95
     119
     108
     111
     111
     114
     109
     109
     111
     124
     115
     124
     111
     108
     118
     109
     117
     108
      91
     108
     100
     120
     113
     106
     114
     120
     117
     125
     124
     108
     108
      97
      94
     103
     129
     126
     102
     129
     113
     115
     110
     107
     126
     127
     117
     122
     132
     135
     129
     127
     111
     128
     117
     127
     132
     119
     126
     106
     128
     123
     109
     130
     127
     127
     121
     126
     126
     120
     122
     150
     134
     137
     129
     138
     155
     124
     136
     122
     144
     131
     117
     123
     124
     124
     133
     122
     125
     119
     137
     124
     141
     140
     149
     138
     126
     153
     132
     167
     135
     129
     139
     118
     144
     136
     119
     151
     137
     144
     142
     141
     137
     140
     150
     122
     152
     152
     143
     142
     152
     138
     177
     180
     171
     191
     169
     165
     155
     182
     169
     166
     180
     170
     162
     161
     163
     178
     144
     159
     144
     155
     190
     145
     157
     143
     154
     130
     137
     155
     157
     150
     128
     148
     152
     137
     152
     145
     155
     147
     151
     165
     152
     121
     159
     156
     182
     175
     141
     151
     176
     154
     170
     141
     163
     176
     140
     150
     151
     137
     155
     151
     152
     173
     171
     145
     172
     154
     156
     136
     151
     189
     169
     152
     167
     172
     181
     194
     179
     181
     195
     198
     172
     174
     194
     178
     178
     182
     169
     176
     174
     181
     157
     183
     183
     156
     152
     178
     168
     183
     163
     172
     157
     196
     190
     173
     213
     181
     186
     159
     172
     169
     158
     193
     203
     184
     195
     196
     176
     163
     185
     172
     171
     194
     195
     200
     194
     207
     190
     223
     279
     343
     387
     468
     657
     742
     917
    1065
    1188
    1381
    1427
    1537
    1442
    1311
    1186
    1055
     861
     684
     581
     392
     349
     299
     254
     223
     211
     179
     203
     190
     198
     166
     183
     177
     176
     192
     207
     167
     172
     163
     172
     199
     180
     190
     156
     186
     190
     175
     187
     216
     195
     193
     176
     194
     202
     184
     171
     184
     192
     198
     174
     200
     186
     191
     200
     194
     216
     192
     203
     196
     201
     186
     182
     172
     214
     182
     194
     208
     214
     205
     154
     213
     205
     202
     218
     220
     223
     213
     199
     194
     214
     232
     207
     219
     229
     226
     211
     212
     222
     212
     223
     248
     222
     237
     206
     228
     224
     206
     228
     229
     255
     243
     227
     221
     220
     243
     229
     251
     231
     255
     219
     270
     241
     223
     247
     239
     221
     244
     248
     233
     228
     270
     248
     240
     243
     264
     290
     291
     285
     288
     289
     291
     247
     257
     264
     263
     271
     258
     277
     274
     275
     292
     248
     282
     215
     258
     246
     263
     281
     279
     284
     292
     290
     280
     281
     268
     299
     331
     309
     324
     298
     294
     274
     260
     276
     286
     245
     244
     247
     265
     242
     263
     259
     250
     266
     245
     264
     273
     257
     245
     244
     240
     260
     244
     271
     240
     248
     256
     260
     279
     254
     254
     282
     247
     243
     238
     265
     268
     271
     260
     255
     274
     267
     280
     264
     266
     247
     261
     249
     287
     233
     244
     246
     251
     259
     253
     267
     266
     254
     261
     273
     257
     243
     216
     256
     261
     269
     258
     234
     259
     271
     267
     240
     249
     251
     299
     286
     260
     291
     301
     327
     321
     299
     293
     334
     359
     298
     251
     270
     266
     320
     286
     297
     291
     304
     273
     298
     319
     267
     286
     293
     278
     265
     307
     305
     294
     292
     303
     288
     318
     280
     318
     333
     389
     402
     434
     469
     549
     533
     647
     641
     706
     678
     684
     609
     645
     565
     477
     457
     446
     366
     335
     316
     300
     312
     269
     244
     287
     257
     270
     279
     250
     238
     261
     279
     257
     289
     267
     255
     241
     257
     249
     245
     294
     270
     257
     259
     303
     269
     292
     250
     283
     249
     277
     262
     270
     283
     292
     257
     275
     270
     278
     263
     282
     248
     253
     298
     275
     256
     292
     286
     240
     283
     285
     265
     293
     271
     309
     289
     327
     346
     333
     413
     390
     444
     445
     512
     549
     505
     544
     511
     522
     475
     480
     383
     353
     339
     345
     342
     290
     292
     301
     282
     306
     248
     289
     274
     304
     312
     357
     429
     527
     651
     871
    1060
    1386
    1616
    1864
    2299
    2581
    2864
    3175
    3214
    3322
    3216
    3183
    3146
    2881
    2691
    2348
    2127
    1698
    1612
    1266
    1078
     919
     819
     757
     636
     569
     598
     593
     647
     718
     838
    1028
    1194
    1326
    1531
    1667
    1738
    1729
    1717
    1624
    1554
    1315
    1171
     994
     841
     687
     595
     508
     449
     410
     391
     387
     343
     314
     328
     312
     297
     329
     266
     274
     273
     274
     252
     248
     259
     222
     248
     253
     247
     228
     236
     261
     295
     309
     348
     378
     429
     557
     717
     886
    1065
    1279
    1682
    1944
    2313
    2589
    2776
    2815
    2816
    2674
    2537
    2290
    1997
    1737
    1428
    1152
     875
     692
     602
     449
     380
     344
     271
     262
     264
     230
     230
     223
     216
     217
     194
     172
     216
     185
     189
     195
     193
     218
     199
     184
     206
     209
     190
     210
     179
     196
     223
     212
     208
     197
     207
     196
     179
     206
     205
     219
     242
     252
     219
     247
     235
     228
     236
     226
     193
     215
     166
     188
     193
     176
     190
     190
     183
     185
     208
     213
     195
     186
     193
     180
     191
     204
     171
     204
     188
     235
     204
     223
     203
     220
     229
     226
     237
     238
     223
     223
     243
     287
     284
     266
     247
     260
     283
     279
     264
     269
     265
     258
     255
     246
     202
     213
     218
     196
     206
     214
     190
     177
     198
     183
     203
     183
     220
     187
     194
     243
     201
     200
     206
     212
     182
     189
     231
     203
     231
     212
     238
     216
     268
     256
     283
     249
     257
     285
     298
     295
     340
     345
     339
     351
     374
     375
     384
     333
     326
     334
     322
     340
     316
     353
     350
     372
     468
     429
     493
     602
     570
     644
     620
     655
     700
     686
     677
     736
     754
     779
     850
     903
     950
     905
     943
     863
     837
     757
     679
     611
     504
     457
     392
     368
     341
     328
     322
     301
     363
     376
     392
     396
     420
     448
     410
     421
     372
     348
     315
     293
     279
     252
     239
     241
     236
     221
     253
     246
     296
     323
     349
     395
     386
     423
     416
     481
     480
     481
     442
     439
     369
     379
     341
     356
     282
     291
     272
     242
     244
     271
     187
     205
     186
     185
     153
     162
     147
     129
     122
     133
     117
     117
     126
     116
     136
     128
     107
     117
     137
     119
     137
     137
     157
     130
     132
     122
     128
     122
     100
     105
     114
     130
     118
     126
     122
     129
     104
     133
     104
     121
     128
     118
     130
     123
     133
     132
     131
     111
     107
     137
     107
     119
     134
     116
     117
     148
     119
     129
     127
     109
     127
     135
     142
     130
     120
     123
     146
     145
     128
     145
     147
     142
     144
     122
     144
     138
     136
     137
     134
     144
     133
     137
     135
     136
     117
     121
     131
     123
     130
     116
     114
     133
     115
     128
     108
     134
     144
     100
     123
     122
      99
     133
     125
     118
     105
     138
     120
     120
     129
     105
     113
     114
     118
     129
     123
     122
     111
     131
     119
     119
     118
     119
     121
      95
     126
     126
     124
     116
     118
     125
     133
     114
     128
     130
     119
     137
     113
     119
     111
     111
     102
     116
     137
     137
     117
     108
     123
     121
     126
     114
     139
     115
     135
     104
     116
     135
     135
     122
     118
     115
     118
     106
     139
     113
     106
     111
     115
     113
     107
      94
     119
     105
     125
     107
     110
     121
     116
     118
     112
     101
     126
     107
     109
     114
     130
     108
     123
     114
     111
     111
     115
     122
     117
     102
     114
      95
     101
     137
     110
     120
     106
     116
     118
     128
     118
     123
     132
     115
     128
     111
     127
     119
     113
     121
     126
     127
     110
     123
     122
     114
      92
     118
     111
     113
      94
     109
     122
      97
     108
     119
     116
     103
     128
     107
     115
     109
     108
     101
     113
     102
     123
     109
     118
     115
     119
     106
     110
     106
      98
      95
     119
     116
     109
     116
     120
     111
     115
     107
     116
     108
     128
     124
     113
     114
      94
     102
     105
     112
     109
     111
     102
     109
     134
      91
     137
     123
     100
     105
      99
      97
     119
     105
     119
     132
     128
     115
     110
     115
     119
     105
     105
     116
      95
     100
      95
     115
     110
     115
     114
     108
      94
     100
     117
     106
     126
     113
      93
      83
     117
     107
     118
     111
     109
     110
     120
     108
     110
     130
     112
     131
     115
     109
      96
     108
     121
     101
     106
     124
     125
     107
     114
     111
     119
     137
     140
     111
     125
     118
     131
     112
     109
     112
     125
     107
      98
      96
     103
     107
     102
     123
     114
      97
     128
     110
      94
     102
     112
     102
     122
     107
      87
     115
     129
     126
     168
     132
     148
     199
     247
     292
     379
     429
     496
     536
     624
     697
     643
     647
     677
     587
     535
     515
     405
     366
     293
     227
     207
     171
     160
     143
     100
      98
      99
     100
     110
     102
     115
      99
      94
      77
     103
     117
     108
     101
     113
      95
      85
      98
      89
     101
      89
     101
      90
     102
      90
     101
     101
      95
     104
     109
     128
      84
     100
      91
     132
      95
      90
      85
      97
     107
     108
      94
     116
     106
      86
     103
     114
      93
     112
      79
      94
     100
     103
      90
      83
     104
     109
      95
      98
     110
      99
      95
     102
     101
      93
      91
      96
      94
     102
      83
      96
     104
      96
     100
      85
      98
     108
     101
      97
     108
      85
      92
     113
      95
      90
      96
     122
     100
     108
      95
      99
      88
      89
      90
     106
      99
      82
     116
     108
      94
     102
     101
     108
     100
     100
     112
      89
      93
     107
     109
     112
     109
      94
      94
     105
      89
     101
     101
     118
      91
     114
      89
      95
     102
      93
     107
      96
      95
      98
     108
      79
      90
     120
      95
      83
     100
      89
     103
      93
      88
      96
     110
      98
     113
      96
      97
     119
      92
     109
      79
     105
      71
     103
      98
      82
      98
      76
      87
      99
      86
     118
      94
      92
      87
      86
     107
      92
     100
      96
     106
     101
      90
      92
     116
     104
      84
     102
      85
      81
      84
     102
     104
      83
      86
      85
     108
      88
      98
     108
      99
      96
      74
      86
      74
      78
      96
      79
      79
      91
     113
     106
      93
      87
      80
      88
      81
     102
      88
      92
      77
     101
      76
      99
      93
      99
      89
     118
      88
      91
      90
     100
      82
      95
     108
      84
     100
      98
     101
     114
     103
     103
      89
      97
      85
     109
     121
     131
     136
     135
     141
     173
     188
     263
     266
     300
     329
     389
     384
     398
     360
     337
     329
     299
     269
     265
     225
     183
     166
     135
     112
     110
     116
     114
     113
      96
      87
      84
      87
      77
      96
      94
      83
      68
      76
      83
      79
      88
      92
      94
      97
      96
      99
     114
      84
      91
      87
      85
      85
      83
      87
      93
      84
      85
      95
      87
      96
      89
      67
      71
      92
      92
     100
      96
      93
     110
      96
      65
      85
      88
      77
      89
      97
      95
      73
      88
      96
     102
      75
      91
     100
      78
      71
      80
      81
      85
      90
      81
      94
      67
      82
      73
      79
      90
     107
      78
      93
      89
      90
      92
     102
      90
      76
      94
      99
      86
      75
      83
      80
      67
      81
      71
      94
      92
      89
      71
      78
      82
      85
      79
      87
     105
     104
      82
      87
      86
      77
      97
      89
     103
      94
     110
      85
     103
      94
      85
      96
      95
      97
      82
      94
      65
      85
      93
      76
      84
      58
      87
      96
      97
      80
     105
      99
      84
      90
      95
      68
      93
      73
      94
      91
      87
      88
      76
      91
      64
      92
      77
      85
      89
      91
      89
     104
      98
      78
      91
      89
      70
      79
     111
      85
      74
      84
      88
     108
      76
      91
      73
      94
      81
      97
      78
      90
      87
      85
      71
      95
      80
      88
      88
      95
      77
      97
      92
     100
      81
      81
      98
      85
      91
      81
      99
      98
      74
      78
      90
      79
      81
      78
      93
      73
      85
      73
      86
     101
      90
     110
      89
      74
      93
      77
      71
      88
      74
      76
      92
      81
      67
      65
      74
      66
      73
      82
      65
      68
      80
      84
      93
      67
      82
      90
      86
      80
      82
      70
      83
     101
      78
      90
      92
      90
      92
     101
     109
      89
     102
      99
     107
     119
     103
      91
     111
     110
      98
      90
     101
     104
      98
      79
      82
      83
      94
      75
      81
      92
      88
      91
      74
      90
      80
     100
     111
     160
     177
     256
     314
     409
     593
     767
    1056
    1467
    1710
    2097
    2505
    2888
    3285
    3526
    3647
    3562
    3408
    3246
    2851
    2448
    2051
    1672
    1299
    1036
     746
     524
     383
     264
     202
     140
     107
      91
      81
      83
      78
      72
      56
      71
      62
      61
      53
      84
      76
      69
      50
      61
      70
      61
      64
      84
      58
      62
      69
      82
      66
      77
      69
      63
      62
      65
      65
      74
      63
      71
      59
      62
      78
      42
      52
      71
      66
      83
      67
      53
      68
      75
      51
      61
      58
      65
      54
      76
      57
      73
      85
      65
      64
      74
      60
      65
      71
      61
      67
      68
      59
      63
      56
      62
      64
      57
      61
      62
      73
      63
      59
      82
      68
      72
      54
      68
      62
      60
      71
      69
      64
      60
      54
      54
      62
      69
      68
      67
      71
      65
      72
      69
      76
      61
      66
      98
      79
      82
      88
      94
      97
     103
      94
     101
     101
     104
     107
      83
      95
      93
      78
      77
      69
      82
      71
      53
      73
      77
      65
      60
      60
      63
      78
      68
      69
      60
      59
      71
      67
      60
      68
      58
      60
      56
      65
      66
      65
      51
      76
      56
      52
      63
      62
      61
      52
      65
      71
      60
      69
      79
      62
      62
      64
      71
      62
      63
      75
      66
      69
      64
      68
      73
      63
      54
      75
      54
      63
      61
      59
      70
      66
      57
      72
      49
      68
      48
      51
      69
      58
      65
      58
      57
      58
      45
      62
      60
      58
      72
      74
      64
      53
      95
      88
     105
      98
     119
     116
     120
     119
     132
     132
     103
     120
     118
     102
      82
      71
      98
      70
      84
      50
      62
      70
      59
      69
      52
      51
      46
      59
      61
      50
      61
      62
      57
      56
      60
      60
      63
      82
      79
      86
      86
     103
     145
     164
     199
     213
     263
     302
     334
     338
     380
     368
     363
     358
     299
     282
     221
     223
     177
     138
     137
     127
     113
      78
      81
      71
      54
      68
      67
      69
      57
      56
      66
      67
      51
      59
      78
      58
      58
      53
      56
      47
      54
      63
      61
      67
      61
      50
      64
      67
      57
      56
      50
      60
      55
      71
      44
      54
      60
      50
      61
      52
      60
      62
      72
      60
      57
      66
      59
      66
      59
      58
      61
      48
      61
      53
      43
      66
      52
      55
      44
      46
      59
      52
      68
      81
      49
      55
      49
      59
      69
      65
      54
      40
      60
      43
      58
      52
      42
      51
      48
      53
      57
      49
      58
      44
      56
      55
      48
      62
      62
      51
      50
      47
      61
      51
      59
      59
      60
      50
      58
      59
      56
      64
      57
      46
      66
      46
      52
      57
      49
      51
      53
      61
      59
      57
      53
      46
      48
      51
      60
      56
      57
      70
      43
      57
      67
      60
      52
      58
      48
      55
      61
      58
      51
      49
      60
      47
      46
      51
      56
      66
      49
      62
      56
      62
      63
      44
      49
      48
      46
      53
      51
      54
      46
      49
      60
      40
      43
      36
      55
      57
      60
      57
      56
      36
      47
      44
      58
      55
      49
      49
      45
      43
      52
      46
      60
      62
      47
      50
      57
      51
      44
      51
      53
      36
      43
      45
      67
      48
      53
      55
      64
      45
      44
      55
      61
      48
      54
      56
      47
      46
      61
      55
      77
      67
      54
      54
      54
      65
      56
      51
      59
      57
      66
      53
      52
      48
      46
      47
      49
      56
      38
      50
      55
      62
      41
      48
      50
      49
      41
      53
      50
      49
      50
      53
      46
      54
      51
      51
      42
      47
      56
      52
      54
      53
      46
      55
      48
      51
      43
      52
      43
      49
      66
      50
      56
      40
      42
      48
      51
      52
      57
      46
      46
      48
      51
      47
      46
      65
      46
      46
      46
      41
      56
      55
      61
      46
      56
      47
      54
      61
      47
      53
      60
      43
      67
      48
      53
      49
      52
      53
      46
      39
      53
      47
      38
      38
      47
      55
      50
      55
      50
      40
      55
      43
      38
      42
      59
      51
      52
      41
      48
      39
      54
      48
      42
      44
      47
      47
      41
      39
      50
      60
      48
      51
      54
      52
      42
      59
      35
      46
      60
      68
      48
      44
      48
      54
      34
      36
      48
      51
      46
      45
      40
      41
      32
      45
      37
      42
      44
      49
      53
      50
      36
      42
      37
      44
      43
      51
      40
      51
      58
      42
      49
      62
      36
      60
      43
      59
      44
      38
      50
      42
      48
      38
      41
      43
      46
      53
      52
      48
      46
      48
      48
      34
      32
      52
      44
      47
      48
      39
      45
      48
      44
      48
      50
      37
      58
      41
      49
      46
      38
      44
      41
      43
      47
      46
      39
      47
      40
      46
      44
      37
      47
      46
      46
      41
      40
      51
      49
      56
      52
      55
      50
      53
      38
      45
      54
      48
      56
      50
      68
      59
      65
      68
      63
      64
      58
      42
      48
      65
      51
      58
      49
      45
      41
      52
      41
      40
      52
      52
      39
      45
      45
      47
      46
      40
      35
      44
      51
      40
      54
      51
      50
      51
      53
      60
      65
      64
      58
      38
      42
      45
      57
      54
      43
      46
      42
      46
      51
      58
      44
      47
      45
      55
      45
      61
      38
      46
      37
      37
      48
      49
      34
      48
      36
      41
      43
      59
      48
      31
      46
      46
      46
      35
      51
      36
      50
      28
      46
      33
      48
      43
      49
      51
      37
      41
      52
      53
      32
      36
      57
      43
      35
      44
      44
      34
      51
      39
      45
      43
      49
      34
      44
      44
      38
      45
      44
      35
      35
      47
      35
      40
      55
      52
      44
      46
      32
      50
      36
      47
      48
      39
      43
      41
      43
      43
      37
      40
      39
      51
      47
      31
      47
      44
      43
      46
      52
      45
      39
      39
      49
      42
      32
      33
      41
      29
      40
      43
      35
      47
      35
      42
      38
      42
      40
      46
      46
      36
      37
      50
      43
      37
      44
      30
      40
      35
      43
      41
      34
      34
      43
      53
      51
      52
      48
      47
      53
      47
      36
      41
      38
      34
      40
      41
      30
      36
      40
      27
      32
      34
      40
      46
      33
      47
      40
      40
      33
      42
      30
      46
      46
      44
      42
      30
      41
      37
      33
      32
      50
      39
      41
      35
      33
      39
      36
      43
      30
      44
      38
      42
      45
      55
      37
      36
      42
      38
      37
      35
      35
      42
      29
      41
      38
      35
      46
      43
      45
      37
      33
      42
      30
      32
      41
      29
      39
      43
      33
      38
      37
      39
      46
      47
      32
      40
      42
      47
      45
      48
      50
      65
      49
      69
      90
      77
      73
      64
      77
      79
      74
      70
      69
      69
      56
      53
      48
      54
      52
      36
      50
      32
      33
      40
      28
      27
      45
      37
      44
      44
      38
      32
      31
      49
      27
      29
      37
      31
      44
      35
      33
      39
      43
      47
      36
      42
      26
      40
      34
      43
      43
      36
      39
      37
      41
      34
      46
      36
      24
      38
      38
      42
      38
      31
      42
      33
      38
      32
      30
      27
      36
      36
      40
      36
      37
      37
      36
      37
      41
      30
      48
      33
      27
      31
      47
      31
      36
      30
      31
      37
      23
      44
      40
      28
      35
      38
      32
      35
      46
      36
      37
      36
      33
      31
      25
      45
      41
      42
      43
      41
      34
      35
      42
      38
      46
      42
      29
      48
      33
      42
      35
      34
      32
      41
      36
      36
      43
      38
      31
      36
      44
      36
      24
      34
      33
      37
      40
      31
      37
      44
      41
      25
      34
      36
      28
      35
      30
      26
      28
      35
      36
      34
      39
      30
      37
      27
      37
      54
      43
      31
      39
      28
      35
      47
      38
      40
      41
      32
      35
      34
      31
      48
      36
      32
      34
      30
      35
      32
      53
      32
      53
      22
      31
      43
      45
      41
      34
      24
      42
      36
      38
      40
      27
      29
      26
      40
      28
      32
      32
      32
      38
      38
      25
      24
      26
      28
      31
      30
      34
      32
      39
      25
      33
      35
      40
      36
      33
      31
      37
      41
      40
      42
      37
      39
      27
      32
      34
      31
      31
      32
      30
      43
      32
      37
      44
      45
      23
      38
      31
      46
      32
      48
      33
      25
      33
      33
      46
      32
      37
      33
      24
      40
      32
      37
      29
      29
      23
      34
      46
      32
      36
      28
      36
      26
      26
      26
      31
      27
      30
      32
      24
      29
      35
      29
      36
      40
      36
      30
      31
      36
      27
      33
      32
      31
      40
      32
      19
      31
      32
      35
      38
      30
      24
      41
      31
      31
      34
      29
      42
      44
      29
      32
      34
      38
      30
      37
      33
      35
      23
      26
      43
      33
      29
      27
      26
      30
      35
      41
      32
      16
      35
      24
      26
      36
      30
      32
      33
      26
      37
      30
      23
      43
      40
      32
      26
      33
      27
      26
      25
      25
      26
      30
      25
      36
      34
      35
      29
      34
      36
      32
      28
      33
      37
      25
      34
      36
      30
      26
      20
      27
      24
      45
      31
      34
      35
      36
      24
      22
      27
      25
      33
      30
      29
      28
      29
      27
      32
      27
      34
      31
      31
      25
      27
      33
      25
      22
      27
      38
      22
      21
      28
      29
      34
      28
      28
      34
      30
      29
      23
      27
      22
      23
      23
      35
      31
      39
      15
      30
      21
      24
      35
      36
      24
      22
      36
      26
      27
      24
      40
      38
      34
      20
      24
      32
      46
      30
      31
      33
      21
      29
      30
      32
      32
      22
      32
      36
      27
      22
      28
      32
      19
      41
      35
      34
      38
      19
      25
      29
      29
      29
      41
      27
      36
      31
      24
      34
      33
      28
      23
      34
      27
      33
      27
      39
      22
      20
      24
      23
      27
      27
      35
      27
      28
      27
      39
      27
      30
      30
      22
      29
      26
      26
      20
      39
      27
      23
      32
      38
      36
      25
      35
      31
      36
      23
      38
      30
      34
      31
      38
      34
      39
      41
      37
      44
      40
      35
      26
      27
      46
      27
      23
      29
      24
      30
      30
      31
      32
      36
      37
      29
      28
      22
      26
      34
      30
      22
      33
      25
      32
      29
      22
      30
      26
      28
      43
      21
      22
      30
      25
      25
      27
      36
      28
      33
      27
      25
      33
      26
      30
      34
      24
      32
      28
      23
      30
      29
      25
      33
      24
      30
      24
      26
      21
      25
      34
      20
      31
      36
      32
      31
      30
      35
      31
      29
      27
      32
      29
      44
      30
      34
      31
      27
      36
      28
      30
      37
      28
      24
      31
      30
      28
      32
      25
      33
      26
      34
      25
      34
      24
      21
      26
      16
      28
      30
      28
      24
      21
      24
      22
      25
      27
      29
      24
      20
      28
      19
      29
      28
      20
      22
      23
      28
      27
      21
      35
      23
      21
      38
      28
      25
      22
      33
      18
      22
      31
      22
      26
      25
      23
      22
      27
      36
      38
      35
      21
      21
      31
      25
      20
      27
      24
      25
      21
      30
      22
      25
      23
      28
      28
      16
      27
      20
      31
      24
      27
      21
      27
      19
      30
      28
      19
      29
      19
      35
      21
      29
      20
      23
      23
      25
      29
      33
      25
      24
      23
      23
      31
      21
      20
      27
      29
      28
      19
      31
      27
      27
      27
      27
      26
      26
      20
      32
      22
      24
      18
      21
      30
      25
      17
      18
      25
      13
      29
      18
      26
      27
      24
      38
      29
      32
      18
      22
      24
      33
      22
      37
      23
      24
      22
      19
      23
      18
      35
      16
      31
      28
      22
      32
      17
      19
      29
      16
      20
      26
      24
      24
      28
      31
      20
      28
      25
      22
      30
      20
      15
      28
      29
      22
      18
      18
      25
      29
      25
      29
      29
      25
      22
      29
      30
      14
      19
      31
      22
      25
      26
      23
      20
      26
      26
      24
      25
      28
      22
      31
      22
      16
      28
      25
      17
      23
      22
      28
      31
      24
      26
      20
      31
      16
      21
      22
      25
      26
      22
      28
      29
      17
      17
      32
      25
      23
      26
      20
      25
      22
      21
      20
      14
      22
      19
      17
      26
      25
      21
      31
      22
      23
      17
      26
      17
      19
      16
      25
      23
      24
      21
      22
      25
      24
      30
      37
      25
      33
      19
      26
      16
      21
      14
      21
      29
      16
      22
      28
      26
      28
      25
      20
      31
      14
      23
      34
      27
      31
      24
      25
      29
      25
      23
      27
      24
      22
      33
      25
      32
      13
      23
      20
      25
      25
      19
      28
      26
      36
      28
      22
      32
      28
      29
      23
      22
      21
      23
      19
      19
      18
      20
      30
      19
      27
      23
      15
      20
      24
      24
      24
      20
      31
      14
      20
      22
      17
      15
      23
      21
      28
      17
      20
      21
      20
      20
      18
      28
      20
      32
      21
      17
      28
      27
      23
      21
      14
      35
      18
      25
      26
      21
      22
      28
      31
      21
      20
      22
      32
      26
      36
      27
      19
      30
      28
      21
      28
      19
      26
      19
      31
      22
      31
      16
      18
      14
      21
      30
      23
      19
      27
      22
      15
      23
      25
      20
      30
      18
      29
      15
      18
      17
      31
      30
      28
      20
      22
      10
      21
      16
      16
      20
      25
      19
      26
      30
      19
      29
      20
      13
      22
      16
      26
      28
      23
      23
      20
      26
      18
      32
      22
      24
      23
      19
      29
      22
      27
      29
      17
      24
      27
      25
      13
      10
      26
      25
      17
      16
      30
      15
      22
      12
      26
      22
      31
      23
      23
      20
      26
      17
      21
      15
      27
      35
      24
      19
      25
      23
      19
      18
      23
      17
      19
      20
      15
      18
      18
      24
      16
      22
      16
      27
      20
      19
      20
      29
      17
      25
      16
      22
      20
      21
      16
      22
      21
      30
      23
      17
      20
      13
      27
      32
      23
      26
      21
      29
      32
      12
      30
      29
      18
      35
      24
      17
      17
      15
      27
      20
      19
      25
      13
      20
      21
      17
      30
      29
      26
      23
      33
      17
      16
      28
      16
      18
      13
      18
      13
      18
      19
      24
      25
      19
      17
      18
      20
      24
      14
      13
      23
      15
      19
      22
      21
      21
      15
      23
      19
      30
      23
      17
      20
      19
      19
      21
      28
      13
      15
      19
      15
      19
      23
      30
      23
      18
      22
      25
      20
      20
      18
      26
      15
      21
      15
      19
      20
      16
      23
      17
      18
      27
      25
      20
      25
      17
      16
      22
      19
      15
      21
      21
      21
      25
      22
      17
      23
      16
      17
      22
      19
      19
      21
      24
      14
      23
      29
      15
      19
      16
      32
      18
      24
      20
      12
      21
      16
      28
      24
      35
      19
      19
      22
      19
      17
      23
      22
      16
      17
      24
      23
      18
      16
      15
      26
      20
      17
      21
      20
      20
      22
      30
      20
      22
      22
      16
      15
      19
      21
      26
      13
      19
      30
      21
      19
      16
      16
      23
      26
      25
      18
      24
      14
      22
      22
      21
      32
      20
      25
      24
      38
      21
      41
      40
      33
      34
      24
      30
      42
      45
      33
      25
      37
      31
      28
      23
      21
      27
      21
      28
      24
      14
      20
      17
      15
      16
      22
      17
      21
      19
      18
      16
      20
      17
      17
      13
      20
      23
      18
      22
      18
      14
      12
      12
      14
      26
      18
      20
      21
      15
      18
      28
      16
      16
      13
      21
      20
      15
      22
      19
      12
      16
      24
      14
      20
      18
      26
      19
      13
      14
      18
      18
      23
      15
      16
      16
      18
      27
      24
      20
      14
      12
      15
       8
      24
      17
      14
      19
      11
      19
      21
      24
      24
      15
      11
      19
      16
      15
      13
      20
      16
      20
      19
      17
      16
      26
      20
      16
      20
      14
      22
      24
      13
      17
      21
      20
      16
      24
      15
      20
      16
      13
      20
      14
      24
      21
      23
      18
      17
      18
      22
      17
      20
      13
      23
      15
      23
      10
      29
      15
      19
      15
      12
      15
      24
      13
      15
      21
      12
      21
      18
      25
      16
      24
      17
      26
      21
      18
       8
      19
      19
      14
      19
      19
      23
      19
      17
      18
      16
      14
      27
      18
      17
      19
      23
      15
      17
      14
      22
      17
      12
      10
      18
      18
      18
      11
      20
      20
      25
      20
      16
      15
      20
      18
      18
      19
      22
      22
      18
      23
      17
      13
      13
      15
      19
      20
      13
      20
      33
      13
      14
      22
      20
      14
      18
      13
      13
      24
      17
      12
      22
      20
      15
      16
      21
      22
      19
      25
      15
      19
      21
      16
      17
      23
      23
      15
      15
      29
      28
      27
      10
      10
      20
      21
      20
      25
      20
      17
      24
      21
      24
      17
      21
      16
      20
      10
      18
      12
      16
      19
      20
      12
      24
      21
      15
      19
      15
      15
       8
      21
      15
      14
      20
      12
      18
      15
      14
      13
      15
      11
      15
      22
      16
      19
      20
      14
      14
      22
      14
      17
      17
      14
      15
      14
      13
      14
      21
      21
      12
      17
      26
      22
       7
      15
      23
      19
      18
      21
      13
      10
      23
      12
      16
      21
      13
      22
      22
      13
      13
      16
      16
      13
      12
      13
      12
      19
      16
      25
      15
      12
      14
      16
      20
      19
      17
      11
      13
      21
      17
      25
      24
      15
      17
      16
      14
      10
      18
      20
      14
      19
      19
      17
      10
      12
      16
       9
      16
      15
      21
      17
      19
      21
      16
      14
      20
      14
      10
      28
      19
      18
      16
      14
      19
       9
      13
      18
      17
      16
      10
      20
      17
      17
      21
      21
      23
      18
       6
      18
      16
      16
      14
      13
      17
      12
      14
      13
      18
      16
      22
      13
      16
      20
      14
      17
      16
      17
      21
      18
      18
      11
      17
      17
      14
      14
      13
      20
      21
      10
      15
      17
      16
      15
      16
      15
      11
      10
      13
      15
      16
      19
      20
      15
      19
      13
      10
      19
      17
      18
      12
      12
      14
      19
      14
      18
      19
      23
      16
      13
      18
      13
      13
      16
      14
      15
      14
      18
      19
      20
      20
      13
      17
      12
      16
      16
      17
      16
      24
      10
       9
      17
      15
      18
      12
      16
      11
      13
      19
      15
      21
      18
      14
      12
      17
      11
      21
      18
      14
      13
       9
      15
      12
      21
      16
      11
      11
      19
      19
      11
      21
      12
      25
      16
      15
      22
      18
      10
      18
      19
      16
      17
      11
      19
      16
      15
      11
      17
       9
      14
      13
      18
      20
      16
      14
      13
      22
      16
      16
      14
      15
      14
      19
      12
      10
      20
      17
      10
      18
      17
      18
      13
      10
      14
      18
      11
      19
      17
      15
      24
      14
      16
      13
      14
      11
      12
       9
      21
       8
      19
      12
      22
      16
       7
      19
      17
      18
      13
      10
       8
      16
      23
      17
      13
      16
      16
      15
      17
      10
      17
      13
      14
      22
       8
      17
      10
      19
      26
      13
      16
      15
      11
      17
       8
      10
      22
      14
       8
      15
      15
      12
      18
      20
      22
      16
      10
      14
      20
      13
      15
      13
      18
      16
      12
      17
      12
      11
      16
      14
      24
      13
      17
      13
      13
      16
      14
      16
      18
      21
      19
      19
      12
      20
       7
      19
      10
      15
      13
      14
      17
      13
      11
      20
      14
      15
      15
      18
      15
      15
      20
      12
      15
      18
      12
      15
       9
      15
      12
      15
      15
      16
      15
      13
       8
      13
      24
      11
      13
      19
      14
      11
      15
      14
      20
      12
      11
      20
      11
      16
      21
      14
      14
      16
      20
      10
       7
      14
      15
      17
      22
      11
       5
      11
      13
      19
      13
      17
      12
      15
      18
      13
      13
      15
      11
      16
      12
      13
      10
      18
      15
      17
      16
      13
      18
      12
      14
      16
      19
      12
      19
       7
      14
      14
      13
      14
      14
      15
      20
      17
      11
      13
      18
      13
      14
       8
      13
      23
      13
      16
      22
      21
      13
      21
      11
      12
      12
      18
      14
      13
      11
      14
      15
      11
       8
      17
      15
      11
      17
      17
       9
      11
      16
      14
      16
      10
      14
      16
      13
       8
      10
      12
      10
      24
      17
      16
      19
      12
      18
      13
      13
      13
      12
      10
      16
      14
      18
      10
      12
      13
      20
      11
      11
      10
      12
      14
      12
      12
      16
      12
      21
      12
      12
      11
      18
      10
       9
      13
      10
      17
      19
      12
      11
      14
      13
      11
      17
      11
      14
      17
      12
      19
      15
      11
       9
      14
      14
       9
      11
      17
      17
      10
      12
      11
      15
      14
      11
      16
      12
      20
      15
      14
       9
      14
      13
       8
       9
      20
      12
      14
      11
      15
      14
       6
      15
      15
      20
      14
      13
      17
      14
      16
      16
      15
      15
       8
      18
      16
      10
      16
       7
      12
      13
      16
      12
      10
      10
       9
      15
      21
      18
      22
      10
      11
       8
      18
      13
      10
      22
      15
      15
      16
      14
      14
       8
      17
      13
      10
      14
      17
      17
      14
      10
      17
      19
      18
      17
      17
      10
      12
      11
       7
      14
       8
      17
      13
      17
      11
      15
      15
      11
      16
      12
      16
      19
      14
      12
       9
      15
      18
      11
      13
      15
       5
       8
      17
      13
      14
      16
      16
      11
      15
      13
       8
       8
      12
      14
       9
      11
      16
      21
      15
      11
       9
      18
      20
       9
       9
      10
      14
      11
      13
      14
      13
      20
       9
      16
      11
      11
      14
      21
       9
      11
      10
      18
      11
      15
      13
      12
      21
      17
      13
      15
       9
       9
      18
      14
      16
      13
      11
      10
      15
       8
      13
      11
      11
       8
      23
      15
      10
      11
       7
      10
       7
       8
      11
      11
      15
      14
      17
      15
      15
      14
       8
      14
      11
      17
      13
      11
      17
      12
      10
      12
      17
      20
      20
      10
      22
       9
      13
       7
      18
      14
       9
       9
      12
      10
       8
      22
      16
      13
      12
       9
      13
      11
      19
      16
      10
      14
      14
      14
      11
       9
      15
      15
      14
      14
      13
      14
      11
      11
       8
       9
      13
       9
      14
      16
       8
      14
      16
       8
      13
      15
      15
      10
       5
      18
       9
      12
      10
       8
      18
      17
       8
      16
      11
      13
      11
      12
      14
      16
      13
      15
      10
      14
       9
       9
      17
       7
      16
      11
       8
      14
      11
      12
      11
      12
      20
      14
       7
      13
      14
      12
      10
      13
      12
      21
       9
      16
      13
      17
      14
      11
      13
      13
      10
       8
       9
       9
      11
      16
      12
      12
      14
      11
       8
       9
      19
      19
       8
      15
      12
      17
       9
      21
      12
       8
       9
       8
      19
      15
       8
       6
       7
      14
      10
       9
      13
      14
       6
      13
       5
      14
      12
      14
      13
       7
      11
      11
      12
       7
      12
       7
      19
       8
      11
      14
      11
      18
      13
      15
      10
      16
      13
      19
       8
      15
      14
       8
       7
      17
      14
      11
      17
       8
      12
      14
      14
      14
      13
      15
      15
       9
      14
      10
      10
      14
      15
      12
      12
      10
      14
      12
      15
       9
      13
      13
       7
      17
      11
       8
       7
      13
      17
      20
      12
       8
      18
       9
       8
       9
      11
      12
      12
      13
      13
      12
      13
      10
      10
      17
      11
      11
      15
      17
       8
       8
       9
      11
       8
       9
      19
      17
      10
      10
       9
      11
      14
      15
      16
      15
      13
      11
      13
       8
      11
       8
      13
      16
      20
       8
      11
       7
      17
      16
      10
      15
      13
      12
       9
      15
      12
      15
       9
      14
      15
      18
       9
       9
      11
       9
      13
      11
      13
      10
       9
      12
      10
      13
      12
       6
       6
       4
      14
      10
      23
       8
      16
      14
      10
      13
      12
      15
      15
       8
       8
      11
       5
      12
      10
      11
       7
      14
       7
      12
      12
       9
      10
       8
      20
      12
       7
      16
       9
      14
      10
       9
       6
      12
      18
       6
      11
       8
      11
       8
      15
      14
      11
      11
      13
      13
      15
       7
      10
      10
       7
       8
       6
      18
      10
       6
      13
       9
      10
       7
      11
      11
      15
      19
      11
       9
      15
      13
      12
       7
      19
      15
       7
      14
       9
       8
      13
       9
      16
      12
      25
      13
      17
      19
       8
       7
      11
       9
      13
      15
       7
      10
      12
       9
      12
       4
      16
      13
      12
      12
      26
      11
       9
      13
      10
      10
      14
      13
       7
      13
      16
      14
      11
      16
      18
      16
       8
      17
       9
      11
      11
       6
      12
       4
      13
      13
      15
       9
      17
      11
      17
      13
      12
      11
      12
       6
      14
      20
      16
      10
      12
       9
      12
      10
       9
      14
      12
      11
       7
      13
       7
       9
      13
      14
       8
      11
       5
      10
      15
      13
      15
       8
      14
      13
      15
      15
      13
       5
      10
      13
      15
      12
       8
       4
       9
       8
       9
       9
      14
      15
       8
      14
      15
      10
      11
       7
      14
      16
      20
       6
      13
       8
      14
       9
      17
      15
      11
       7
      13
      11
      14
       9
       9
       9
      13
      13
      14
       7
      16
      13
      12
      17
      11
      12
      10
       5
      13
       9
       5
       8
      13
      14
      19
       8
       8
      13
       9
       8
       9
       9
       7
       7
       9
       8
      14
       5
       6
       7
       5
      15
      13
      15
      13
       7
      11
      15
      12
       9
      14
      13
      12
       9
      13
      16
      12
      17
      10
      12
      10
      11
      11
       6
      14
       7
      10
      10
      11
      10
      11
      11
      14
      11
       6
       4
      11
       8
      17
       9
      12
      12
      10
      16
       8
       9
      17
      13
      10
      11
      11
      13
      10
      12
      14
       8
      10
      10
      13
       9
      11
      15
       7
      11
      10
      10
      13
      13
      15
       9
       9
      14
      12
      18
      12
      19
       7
       8
      11
       8
       7
       7
      11
      12
      15
      15
       9
      11
      10
       8
      13
       9
      12
       9
      17
      12
      16
      14
      10
      12
       9
      10
      14
       5
      16
      11
      10
      10
       7
      11
       6
      18
       7
       9
      10
      10
      10
      12
       7
      11
       6
      11
       6
       9
       8
      10
      15
      11
      12
      21
      14
       8
      10
      11
      15
       8
      11
      17
      11
      10
      10
       8
       9
       8
      15
      12
       9
      16
      11
       8
       8
       8
       9
      12
       7
      15
      10
       8
       9
       6
       8
       7
      13
      13
      13
       8
      15
       4
       6
      14
       6
      10
      13
      14
      10
      10
      11
       7
      14
       9
      10
      14
       9
       9
       8
      18
      16
      10
      12
       8
      10
       9
       6
      10
      11
       9
      16
       6
      11
      10
       7
       9
      12
      14
      11
       8
       9
      14
      10
       7
       8
      11
       7
      13
      14
      11
       7
       8
      10
      18
      13
      11
       7
       8
      11
      11
      12
      11
       8
      18
      19
       9
      12
      12
       6
       9
      11
       8
      13
      13
       7
       7
       7
      16
       8
       9
      12
      15
      11
      12
       3
       7
       6
       8
       8
       9
       3
      16
      12
      12
       7
       8
       9
      10
       9
      10
       6
       4
      10
      15
      12
      10
      10
      10
      14
       9
      11
      12
       8
       7
       6
       9
      10
       6
       8
      11
       9
      21
       8
      13
       7
      15
       7
      10
      11
      15
      13
       6
       9
       8
      16
       6
      16
       9
      11
      13
      12
      11
       8
       8
      11
       6
       6
      13
      12
      13
       6
       9
       9
       8
      11
      14
       7
       5
      14
       8
      10
      10
       9
      11
       8
      11
       9
      18
      10
       7
      11
      13
      11
       8
      16
      11
       4
       8
      15
      12
      15
      10
      13
      13
      13
      10
       7
       8
      13
       8
       7
       8
       9
      13
       3
       7
      15
       8
      12
       9
       6
       9
       8
      12
       7
      10
       6
      13
       7
      11
      13
       8
       8
       9
      11
       4
       9
      10
       9
      14
      14
      10
       9
       7
      12
      11
      12
       7
      13
      16
      12
       8
      10
      16
       9
       9
      10
       9
       7
      12
       9
       8
       7
      13
       7
      10
       4
      12
       3
       8
       9
       9
       6
      10
      12
      15
       6
       9
       7
      14
       5
       7
       9
      11
       8
       6
      12
      10
      14
       7
       7
      10
       9
      12
       5
       5
      16
       8
      12
       9
       7
       6
      10
       6
      10
       5
      15
       9
      13
       9
      15
      11
      10
       7
      11
      12
      10
       8
      16
       7
      12
      11
      12
      16
       4
       9
       5
       6
       6
      16
       5
      10
       9
       8
      18
      16
      11
       7
       9
       7
       8
       7
      11
      14
       7
      11
       9
       8
       6
       2
       6
      15
       4
      13
      10
       8
       9
      11
       3
       5
      11
       7
      16
      16
      14
       8
       6
       8
       4
       8
       9
       7
      13
      12
       7
       8
       6
      13
       8
       8
      17
       8
      12
      14
       7
      14
      11
       9
       8
       6
      12
      12
      12
      12
      13
      12
      13
       7
      12
      11
      13
      10
      10
      11
      14
      10
       9
      19
      12
      12
      12
       7
      13
      12
      12
      15
      16
      14
      12
       9
       6
       6
      14
      16
       9
      10
      15
      12
      11
      14
      14
      14
      15
      12
      20
      30
      17
      16
       5
      11
      12
      12
      17
      14
      18
      21
      20
      28
      12
      12
      12
      16
      19
      15
      16
      17
      18
      16
       6
      16
      15
       9
      14
      14
      11
      10
      10
      13
      17
       8
      16
       5
      10
      17
      12
      12
       9
       9
      11
      12
       8
      10
       7
      14
      15
      10
      12
      11
       9
      12
       5
      10
       7
       8
      11
       7
      10
       7
      11
       6
      16
       5
       7
      17
      12
       9
      19
      13
      11
       8
       7
       4
       8
       7
       8
      10
      11
       9
       5
       9
       8
      13
       7
       5
      10
       9
       6
      11
       9
       5
       8
       9
       8
      11
       4
      14
       6
       6
      12
      10
       8
       6
      12
       9
      13
      11
      13
      12
      10
       6
       9
      11
       7
      11
      12
      11
      10
      10
      10
       5
       8
       6
      14
      10
       6
      12
      10
       7
       2
       8
      11
      10
       6
       7
       7
      10
       8
      14
       8
      11
       9
      19
       7
       5
      13
      12
       9
       8
       8
       8
       8
       9
       4
       8
       7
      12
       7
      10
       8
      12
      10
       8
       8
       9
       8
       7
      11
       8
       7
      12
       7
       6
      11
       7
       7
      10
      12
      10
      15
      11
       6
       8
      16
      15
       8
       8
       9
       8
      13
       5
      10
      13
       9
       8
      21
      10
       7
      11
      12
       7
      11
       5
       9
       7
       5
       9
       7
       1
      11
       6
       6
       8
      14
       6
       7
      14
      12
       7
      10
       6
       9
       6
       7
      12
      11
      11
       7
      10
       9
       6
      10
       8
      11
      13
       4
       9
      11
      10
      11
       7
       6
      12
       4
       8
       6
       7
       9
       7
      14
      10
      13
       7
      10
      10
       7
      11
      12
      16
      11
      11
       8
      13
       4
       8
      14
      15
       6
       9
       6
       6
       8
       6
      11
       4
      13
       9
      11
       8
       9
       7
      16
       8
      10
       9
      11
       7
       9
       3
      15
      10
      13
      17
      10
      12
      11
       6
      11
      10
      12
       9
      11
      12
      10
      15
       6
       5
       8
      16
       9
      12
       7
       5
      10
      10
       6
      11
       9
      12
       8
       9
       9
      10
       7
      10
       8
       5
       7
      16
      12
       7
       5
       5
       6
       9
       6
      12
       7
      10
       9
      12
      13
       4
      11
       9
      12
      11
       6
       9
       8
       8
       5
       9
      11
       9
       8
       5
       7
       8
       8
      10
      11
       6
       4
       6
      12
      16
       9
       6
      10
      10
      14
       9
       8
      10
       6
       9
       8
      11
      10
      11
       6
      12
       8
       6
      13
      13
       5
       6
       7
      11
       9
       7
      10
       7
       6
       6
       9
      10
       9
      11
       6
       8
       7
       8
       8
      12
       9
      11
       6
       8
       4
       7
       7
       3
      10
      11
       9
       9
      13
       7
       7
       6
       4
      11
       8
       8
       5
       5
       8
      11
       8
       9
       7
       6
       9
       8
       8
       7
       4
      21
      11
       5
      13
       7
      13
      12
       8
      10
      12
      10
      13
      10
      11
      13
      10
       7
      11
      12
       7
      11
       9
       9
       7
       7
       9
      10
      10
       7
      10
      11
      16
      13
       8
      11
       5
       9
       5
       9
       9
      11
      10
       4
       4
       4
      15
       7
       4
      13
       9
       4
       7
      12
       8
      16
       8
       9
      11
       7
      13
       9
      13
       1
      11
       5
       7
       7
       6
       7
       7
      11
      10
      11
      10
       7
       9
      10
      12
       7
      14
       7
       5
       9
      14
       7
       4
       9
      13
       6
       8
       5
      10
       6
       9
       9
       9
      12
      10
       7
       6
       4
       6
       3
       7
       7
       7
       5
       8
      11
       9
       8
      11
      10
       9
       8
      10
      12
       8
      11
       7
       6
       9
      10
       6
       9
       9
       8
      11
       4
       7
       9
       3
       6
       8
       9
       5
       5
       9
      12
       4
      11
       9
       6
       7
       9
      13
      12
      13
      12
      10
       7
       9
      10
      12
       6
       8
       9
       4
       5
       9
       5
       9
       5
       9
       6
       8
      10
      12
      11
       7
       8
       7
       7
       5
       9
       8
      12
       6
       8
       7
      11
       5
      12
       4
       8
      10
       6
       7
       7
       8
      10
       6
       6
       6
       4
      11
       8
      10
      10
      13
       8
      13
       7
       8
       7
      11
      12
      11
       6
       6
       9
       6
      10
       8
       8
      12
      11
       8
       8
       7
      10
       9
       7
      11
       4
       8
       9
       9
       7
      13
      10
      12
      10
       6
      10
      10
       6
       7
      10
       6
       8
       8
       7
       7
       4
       7
       3
      11
      10
      15
      11
       9
       9
       8
       9
       8
       7
      12
       9
      11
       7
      10
      12
       8
       9
       9
      12
      10
       7
      15
       8
      11
       3
      13
      12
      12
       6
       8
       7
       5
      12
      13
       5
       6
       7
       8
      10
       7
       8
      10
      12
       7
      12
       6
      10
      10
      11
      12
       6
       8
       4
       9
       8
       9
       9
       3
       7
       4
       8
       4
       5
       7
      12
       4
       7
       6
       9
      10
      19
       7
       7
      10
       8
      10
       4
       8
       5
       5
       9
       5
       3
       7
       8
       8
      11
       4
      10
      11
       9
      12
       9
      14
       5
      13
      10
      13
      10
      12
      13
      15
       7
      12
      11
      10
       9
      14
       7
      10
      16
      12
       7
      13
       7
       8
       7
       6
       7
      17
       3
       5
       5
      11
      10
       9
      11
       5
      10
      11
      13
       6
       8
       5
       8
       7
      12
      12
       4
       6
      10
       6
      12
      10
      10
       9
      14
      10
      10
       9
       3
       7
      10
       4
       8
      10
      16
       7
      10
       4
      11
       9
       7
       5
       5
       9
      12
       8
       6
       8
       7
       7
       5
      12
      10
       5
       3
       6
      11
       3
       7
       9
       8
       7
       7
       9
      11
       4
       9
       9
       8
       4
       9
      10
      10
       7
      12
       4
       6
       7
      11
       7
       6
       7
       7
      10
      12
       7
      13
      10
       8
       6
      10
      11
       7
       7
       6
       4
       9
       7
       5
       5
       6
       5
      11
      11
       4
       9
       5
       4
       8
      10
       3
       5
       4
       9
       4
       5
       7
       7
       3
       8
      12
       7
       8
       7
      11
       7
      14
      12
       8
       5
       4
       8
       6
      10
       8
       8
       7
       6
      14
       4
      10
       3
       8
       7
       7
       4
       7
       7
       7
      11
      11
       8
      12
      12
      18
      15
      15
      14
      24
      24
      19
      18
      20
      19
      19
      19
      23
      20
      14
      21
      19
       6
      13
      13
      12
      12
       8
      11
       4
       8
      10
      10
       6
       2
       9
       9
       6
       8
       8
      12
       4
       5
       4
       8
       6
       8
       7
       8
       4
       5
       5
       7
       7
      10
      12
       5
      10
       4
       8
       8
       7
      10
       4
       4
       7
       9
       8
       8
      12
       4
       6
       3
      10
       8
       5
       8
       8
       7
       5
       4
       7
       6
       9
       5
       7
       8
      10
       8
       9
       8
       6
       7
       5
      11
       8
       3
       4
       9
       8
       8
       9
       4
       7
      10
       7
       4
       6
       6
       7
       6
       7
       9
       4
       7
       6
       6
       6
       9
       6
      10
       6
       9
       4
       8
       7
       9
       6
       8
       9
       8
       4
       6
       5
       2
       5
       6
       7
       4
       8
      11
       6
       7
       6
       6
       7
       7
       6
       8
       7
       6
       2
       7
       1
      11
       4
       3
       6
      10
       7
       4
      11
       5
       9
       9
       5
      16
      14
       8
      12
       9
       8
       6
      10
       5
       9
       8
      12
       3
       8
       8
      11
       2
       8
       9
       7
       7
       7
       5
       4
      12
       6
       5
       8
       7
       5
       6
      10
       5
       6
       7
       7
       8
       7
       8
       7
      12
       6
       6
       6
       6
       4
       2
       6
       5
       4
       3
       8
       5
       4
       8
       4
      11
      11
       6
       9
       4
      12
       5
      10
       4
       8
       5
       4
      10
       4
      10
      13
      11
      10
       8
      10
      10
       3
      11
       6
       8
       5
       8
       6
       7
       2
       3
       4
      12
       7
       6
      15
       5
       8
      13
       6
      10
       3
       7
       8
       3
      12
       5
      10
      11
       7
       4
       8
       7
       3
       6
       8
      10
       7
       6
       4
       8
      10
       9
       6
       7
       9
       2
       2
       9
      11
      11
       4
       8
       4
       8
      10
      10
       9
       8
       6
      11
       2
       7
       2
       6
       7
       7
       6
       6
       7
       6
       8
      10
       6
       4
       6
      10
       8
      14
       2
       8
       6
       6
       8
       5
       5
       4
       7
       9
       6
       4
       6
       3
       7
       8
       8
       4
       9
      11
       6
       8
       7
       5
       4
       7
       6
       8
       8
      13
      13
      15
      14
      12
      16
      13
      21
      23
      21
      26
      25
      17
      27
      24
      20
      22
      21
      21
      26
      22
      16
      12
      15
      12
      10
       7
      10
       6
       6
       7
       6
       7
      10
       9
       7
       6
       4
       7
       3
       5
      10
       6
       3
       4
       5
       7
       9
       8
       5
      10
       8
       8
       7
       4
       4
       8
       7
       8
       4
       6
      13
       7
       7
       4
      11
       3
       5
$ENER_FIT:
0.000000 0.075000
$PRESETS:
Live Time (sec)
3600
0
$RT:
3620.020000
$DT:
20019
$ISO_DECL_U:
SMPLNAM: IDB-993
SEPDATE: 01/01/1900 00:00:00
U234: 0.00836 
DU234: Unknown
U235: 1.5132 
DU235: Unknown
U236: 0.0163 
DU236: Unknown
U238: 98.462 
DU238: Unknown
$ADC:
8192
0
8191